2.662375817914104578e-08,2.720403391250786339e-08,2.773738319470853410e-08,2.823486160917582182e-08,2.870874765748293620e-08,2.916943961782103307e-08,2.962399550541302493e-08,3.007575553569538182e-08,3.052461108098559642e-08,3.096760977612459740e-08,3.139969370240082214e-08,3.181444819034527044e-08,3.220479341871829639e-08,3.256358482933836880e-08,3.288410772401110246e-08,3.316046184723444036e-08,3.338783745472201303e-08,3.356268800463780381e-08,3.368280760679674073e-08,3.374732421530713455e-08,3.375662215706385139e-08,3.371220958867391056e-08,3.361654749294164356e-08,3.347285664656504929e-08,3.328491762615286699e-08,3.305687659478935756e-08,3.279306668676843313e-08,3.249785168406801000e-08,3.217549571051710132e-08,3.183006011684433751e-08,3.146532673467031661e-08,3.108474527702212361e-08,3.069140181456430705e-08,3.028800486971023039e-08,2.987688563448729060e-08,2.946000902315801973e-08,2.903899262215328030e-08,2.861513102318287540e-08,2.818942346701162308e-08,2.776260315094722461e-08,2.733516694367931677e-08,2.690740459942914340e-08,2.647945232369369065e-08,2.605141165441751092e-08,2.562337674813512532e-08,2.519543455707928995e-08,2.476766502938971021e-08,2.434014132954914666e-08,2.391293007621980445e-08,2.348609159472249050e-08,2.305968018149098014e-08,2.263374437794156862e-08,2.220832725132050650e-08,2.178346668022673263e-08,2.135919564265216773e-08,2.093554250453400300e-08,2.051253130697062217e-08,2.009018205041361929e-08,1.966851097431002202e-08,1.924753083083081544e-08,1.882725115148143111e-08,1.840767850554678554e-08,1.798881674947619628e-08,1.757066726646114527e-08,1.715322919560049275e-08,1.673649965018352465e-08,1.632047392474974395e-08,1.590514569070634551e-08,1.549050718039884824e-08,1.507654935963876946e-08,1.466326208879345749e-08,1.425063427263907945e-08,1.383865399926846422e-08,1.342730866843245272e-08,1.301658510977837180e-08,1.260646969153413700e-08,1.219694842027482553e-08,1.178800703250357743e-08,1.137963107888698069e-08,1.097180600211311885e-08,1.056451720949983078e-08,1.015775014168594278e-08,9.751490339011391021e-09,9.345723507564848918e-09,8.940435587397182931e-09,8.535612826137062867e-09,8.131241862311248665e-09,7.727309824238826965e-09,7.323804452710809474e-09,6.920714259234609089e-09,6.518028737169109444e-09,6.115738651894062658e-09,5.713836450532983793e-09,5.312316855854087003e-09,4.911177750703771570e-09,4.510421534237026114e-09,4.110057271404114078e-09,3.710104232525822329e-09,3.310597992284838354e-09,2.911601531040896525e-09,2.513226857512184088e-09,2.115680902599406964e-09,1.719374550301683969e-09,1.325225081551420445e-09,9.357100927671847316e-10,5.601974691169384661e-10,2.657991087282631282e-10,3.817187409694185816e-10,7.339764623683295887e-10,8.724214905984737466e-10,7.335184894671198690e-10,3.809248569528911017e-10,2.600642571112717672e-10,6.332902670422201487e-10,8.562304825025547247e-10,8.083574436206692774e-10,5.103277294783216461e-10,1.989761634527752566e-10,5.133331624032383761e-10,8.094560813589489991e-10,8.547304980978088031e-10,6.296216734373243628e-10,2.561114886704350961e-10,3.829049397122510835e-10,7.342120296278438290e-10,8.705290805401995304e-10,7.297472571047971146e-10,3.762084583268815258e-10,2.603211392446823555e-10,6.340917279438198512e-10,8.550548603666546283e-10,8.051327417543311666e-10,5.057879245191379153e-10,2.958972710468712220e-10,3.783945013429350250e-10,6.498423402292702533e-10,9.614237524255559079e-10,1.283977428050816791e-09,1.610661117404570823e-09,1.939131528244945349e-09,2.268361214873773424e-09,2.597814969543734370e-09,2.927174880841814843e-09,3.256231098022334791e-09,3.584832627119306549e-09,3.912862970088433740e-09,4.240227143745593782e-09,4.566844346362986585e-09,4.892643614973416738e-09,5.217561153500133571e-09,5.541538637120468912e-09,5.864522109035081015e-09,6.186461248437447284e-09,6.507308877434348282e-09,6.827020625235521541e-09,7.145554697660151151e-09,7.462871718012298747e-09,7.778934616571142846e-09,8.093708553065270080e-09,8.407160861128032255e-09,8.719261006793319056e-09,9.029980555150502997e-09,9.339293140682546680e-09,9.647174437782246701e-09,9.953602128620467273e-09,1.025855586602014186e-08,1.056201722933311764e-08,1.086396967156590878e-08,1.116439845618460812e-08,1.146329058216933588e-08,1.176063469599958044e-08,1.205642098934464226e-08,1.235064108131681458e-08,1.264328788422447317e-08,1.293435545184454844e-08,1.322383880932126644e-08,1.351173376389556474e-08,1.379803669577908328e-08,1.408274432861099848e-08,1.436585347907704611e-08,1.464736078542941660e-08,1.492726241482512090e-08,1.520555374959971721e-08,1.548222905281316879e-08,1.575728111364529250e-08,1.603070087347877178e-08,1.630247703378747840e-08,1.657259564724450576e-08,1.684103969377644144e-08,1.710778864361424147e-08,1.737281800972417085e-08,1.763609889233951342e-08,1.789759751865165385e-08,1.815727478105155200e-08,1.841508577763481369e-08,1.867097935898898307e-08,1.892489768556448190e-08,1.917677580018402942e-08,1.942654122046344434e-08,1.967411355609238074e-08,1.991940415605149803e-08,2.016231579091620715e-08,2.040273123448813540e-08,2.064046343436649606e-08,2.087523088211470655e-08,2.110664259283441252e-08,2.133418292202761926e-08,2.155719693410041550e-08,2.177487732137556831e-08,2.198625420200967246e-08,2.219018949648918876e-08,2.238537798088945076e-08,2.257035751036496623e-08,2.274353124723840658e-08,2.290320493909366829e-08,2.304764227307595178e-08,2.317514096277221310e-08,2.328413137613077445e-08,2.337329807514595326e-08,2.344172254686057740e-08,2.348904268333714947e-08,2.351562136045511081e-08,2.352271305975564931e-08,2.351261429803866012e-08,2.348878119028823042e-08,2.345589629343747999e-08,2.341986738091729534e-08,2.338774319617805656e-08,2.336753547540391720e-08,2.336794230200176485e-08,2.339797467306669057e-08,2.346649553978559144e-08,2.358168831590237248e-08,2.375048034981703196e-08,2.397795765893566020e-08,2.426682353639984777e-08,2.461698083258368178e-08,2.502536344605644453e-08,2.548621613958912727e-08,2.599213250413050286e-08
2.777701788803486413e-08,2.836063914466286684e-08,2.891384550204876632e-08,2.944515070257267069e-08,2.996506584396781446e-08,3.048263337806426335e-08,3.100376071675808930e-08,3.153072414266160118e-08,3.206236825235824421e-08,3.259466879986526420e-08,3.312144445011095750e-08,3.363508990757026131e-08,3.412726113320683546e-08,3.458947891469418366e-08,3.501363681241653199e-08,3.539240949216826724e-08,3.571956216911897303e-08,3.599016428745622069e-08,3.620071234812290004e-08,3.634916874677363840e-08,3.643492573839712134e-08,3.645870596701064885e-08,3.642241298325616650e-08,3.632894641997929374e-08,3.618199673715984157e-08,3.598583360951593407e-08,3.574510023635234689e-08,3.546462337546692416e-08,3.514924608510853211e-08,3.480368733933582601e-08,3.443243013865512279e-08,3.403963765124072481e-08,3.362909537337189493e-08,3.320417629012276106e-08,3.276782548890167302e-08,3.232256053654772948e-08,3.187048407255144468e-08,3.141330539965764601e-08,3.095236828700263819e-08,3.048868267755993234e-08,3.002295846765377572e-08,2.955563997506763266e-08,2.908697339737974241e-08,2.861716085624990531e-08,2.814639550599716339e-08,2.767486130560431586e-08,2.720273285021724460e-08,2.673017526002289346e-08,2.625734412399335335e-08,2.578438549564150919e-08,2.531143593764583584e-08,2.483862261196880425e-08,2.436606341191284174e-08,2.389386713242915706e-08,2.342213367491381645e-08,2.295095428269209123e-08,2.248041180339964519e-08,2.201058097451720218e-08,2.154152872839744353e-08,2.107331451323710880e-08,2.060599062658846646e-08,2.013960255816878099e-08,1.967418933891084118e-08,1.920978389339716665e-08,1.874641339303310835e-08,1.828409960753493259e-08,1.782285925253623748e-08,1.736270433134628202e-08,1.690364246912482244e-08,1.644567723796777226e-08,1.598880847162464965e-08,1.553303256879096650e-08,1.507834278413594426e-08,1.462472950643720065e-08,1.417218052340037613e-08,1.372068127294333267e-08,1.327021508092390792e-08,1.282076338548958626e-08,1.237230594843245862e-08,1.192482105414860122e-08,1.147828569703848035e-08,1.103267575845719910e-08,1.058796617465059292e-08,1.014413109752511546e-08,9.701144050640106180e-09,9.258978083546696046e-09,8.817605928631164544e-09,8.377000166112065890e-09,7.937133405046906559e-09,7.497978491545006590e-09,7.059508760561089445e-09,6.621698355867486857e-09,6.184522656208848778e-09,5.747958868140352609e-09,5.311986885043349285e-09,4.876590581921703630e-09,4.441759847049949399e-09,4.007493910386451367e-09,3.573807068338750908e-09,3.140739109299069502e-09,2.708375667575309514e-09,2.276891601304707923e-09,1.846654695978858400e-09,1.418516165870736176e-09,9.948402300671939909e-10,5.849034765809460381e-10,2.625612792885917780e-10,4.121109421745701869e-10,8.028490577872586955e-10,9.530401532394895994e-10,7.969340817713364909e-10,4.030476409100869105e-10,2.721423719435563511e-10,6.919914549774120492e-10,9.362059925011542280e-10,8.806763980944518294e-10,5.484221474439139041e-10,1.961589315109378397e-10,5.590140516786143309e-10,8.854464578484823678e-10,9.329247514872043443e-10,6.817468332524526524e-10,2.612602675189554516e-10,4.128251790700428108e-10,8.029762216004668584e-10,9.513529485235733247e-10,7.935158989489510215e-10,3.984067903132060378e-10,2.718014553686102934e-10,6.925699539726758253e-10,9.351517612744559927e-10,8.777908363718395716e-10,5.441474191057063079e-10,2.970521455399039024e-10,3.829408133703307721e-10,6.862454925812199477e-10,1.029884930986054509e-09,1.383951029531219997e-09,1.741931249728975086e-09,2.101672844080704553e-09,2.462259873549327551e-09,2.823232017185052556e-09,3.184328280502449453e-09,3.545386225820989923e-09,3.906296889674048699e-09,4.266982562950283907e-09,4.627384982256705519e-09,4.987458663477549070e-09,5.347166946291356519e-09,5.706479545987958742e-09,6.065370980734084264e-09,6.423819525714364867e-09,6.781806493430181155e-09,7.139315720146662093e-09,7.496333184280689866e-09,7.852846709419269428e-09,8.208845720937992416e-09,8.564321035316014233e-09,8.919264667701255968e-09,9.273669647494310053e-09,9.627529834532529976e-09,9.980839730376679724e-09,1.033359428054593106e-08,1.068578866451244229e-08,1.103741807098221371e-08,1.138847745653949963e-08,1.173896128617324031e-08,1.208886325457477218e-08,1.243817598742236984e-08,1.278689072216836814e-08,1.313499696813162666e-08,1.348248214598070316e-08,1.382933120697767443e-08,1.417552623264253240e-08,1.452104601579730962e-08,1.486586562425672479e-08,1.520995594875016010e-08,1.555328323698611847e-08,1.589580861610369517e-08,1.623748760609365594e-08,1.657826962711082922e-08,1.691809750393678679e-08,1.725690697118150763e-08,1.759462618313179184e-08,1.793117523245532120e-08,1.826646568224885043e-08,1.860040011616936393e-08,1.893287171160362544e-08,1.926376384100718816e-08,1.959294970667360814e-08,1.992029201427204142e-08,2.024564269051157831e-08,2.056884265024865783e-08,2.088972161824616275e-08,2.120809801061472757e-08,2.152377888071778997e-08,2.183655993399896540e-08,2.214622561579432330e-08,2.245254927572321141e-08,2.275529341171266753e-08,2.305420999610432668e-08,2.334904088562518348e-08,2.363949633977364816e-08,2.392515891171137881e-08,2.420543978972966125e-08,2.447955603997386929e-08,2.474650935118523214e-08,2.500506766513499692e-08,2.525375150250486259e-08,2.549082724808407280e-08,2.571431011200250559e-08,2.592197988763628093e-08,2.611141291295339589e-08,2.628003371993118179e-08,2.642518961795482301e-08,2.654425078556813340e-08,2.663473723397533744e-08,2.669447218346034397e-08,2.672175895387392942e-08,2.671557550166533740e-08,2.667577744490106628e-08,2.660329713023303495e-08,2.650032343207465576e-08,2.637044499315479932e-08,2.621873893579720637e-08,2.605178798929467073e-08,2.587761159673641228e-08,2.570550077935538348e-08,2.554575205899134122e-08,2.540930216734019937e-08,2.530727218383891939e-08,2.525043681750771249e-08,2.524864171388172510e-08,2.531019939436333027e-08,2.544130420085297905e-08,2.564552158862471795e-08,2.592343285297744299e-08,2.627256126256242473e-08,2.668778041168788335e-08,2.716252219102468636e-08
2.884300603492626292e-08,2.942768482466443738e-08,2.998719518503685045e-08,3.053024576333895657e-08,3.106789208148904555e-08,3.160969473747908714e-08,3.216186687762748353e-08,3.272671875921013799e-08,3.330287113234310682e-08,3.388586560512722277e-08,3.446893180091348259e-08,3.504376963090616629e-08,3.560127161225336011e-08,3.613215109070745539e-08,3.662746497023772427e-08,3.707903079937831810e-08,3.747974288249555580e-08,3.782379385145557620e-08,3.810680883808712463e-08,3.832590002682400788e-08,3.847965029526305145e-08,3.856803584388580914e-08,3.859229895386720924e-08,3.855478300484771890e-08,3.845874236966458479e-08,3.830813960759950629e-08,3.810744145343207920e-08,3.786142352450761291e-08,3.757499161992728514e-08,3.725302519784744863e-08,3.690024632792430422e-08,3.652111533046329373e-08,3.611975257567291503e-08,3.569988460063729468e-08,3.526481182044543778e-08,3.481739462760378805e-08,3.436005452478363194e-08,3.389478704159591699e-08,3.342318346833007818e-08,3.294645882949899774e-08,3.246548396232775502e-08,3.198082001961446651e-08,3.149279502359940365e-08,3.100168949625127757e-08,3.050777874287411272e-08,3.001133202354906754e-08,2.951261178725673306e-08,2.901187297207854278e-08,2.850936237404217614e-08,2.800531808635616745e-08,2.749996900998387623e-08,2.699353443574725258e-08,2.648622369743585581e-08,2.597823589473281182e-08,2.546975968416410389e-08,2.496097313573430570e-08,2.445204365243434725e-08,2.394312794939624912e-08,2.343437208912719832e-08,2.292591156897908712e-08,2.241787145679875513e-08,2.191036657055566573e-08,2.140350169765407204e-08,2.089737184960217115e-08,2.039206254772675628e-08,1.988765013568380907e-08,1.938420211461830964e-08,1.888177749696599761e-08,1.838042717506015083e-08,1.788019430090430630e-08,1.738111467369154751e-08,1.688321713188998753e-08,1.638652394696775048e-08,1.589105121609688469e-08,1.539680925145151510e-08,1.490380296400000361e-08,1.441203223998281777e-08,1.392149230856824200e-08,1.343217409948898603e-08,1.294406458978813014e-08,1.245714713914991664e-08,1.197140181367042437e-08,1.148680569835231726e-08,1.100333319911178470e-08,1.052095633570365767e-08,1.003964502776189882e-08,9.559367377209360369e-09,9.080089951758024126e-09,8.601778076332007134e-09,8.124396142381296188e-09,7.647907949854766605e-09,7.172277104166346076e-09,6.697467502768415170e-09,6.223443966508350974e-09,5.750173106555090333e-09,5.277624581719653023e-09,4.805773021168307676e-09,4.334601124438256115e-09,3.864104945480367283e-09,3.394303474662728298e-09,2.925257327061771524e-09,2.457108626655173085e-09,1.990176704573246305e-09,1.525227941590305227e-09,1.064443863033503462e-09,6.166448433492331086e-10,2.596459955458442058e-10,4.406595571372027191e-10,8.719912479388022847e-10,1.036511886500469227e-09,8.649624584008877993e-10,4.296636561253420932e-10,2.822479531270254048e-10,7.501369373782662204e-10,1.018241310960975459e-09,9.571786633296631728e-10,5.913827520397397371e-10,1.924082436759948844e-10,6.034120312582002695e-10,9.626550415992231168e-10,1.014731577029684249e-09,7.387302189535649707e-10,2.693040641750984808e-10,4.409185693219896263e-10,8.721056386630563236e-10,1.035105025594263532e-09,8.619142185488565326e-10,4.250454923507547239e-10,2.812083506922716372e-10,7.505908943884033823e-10,1.017407642086226575e-09,9.546803823533603715e-10,5.873500604715392732e-10,3.006902778402015688e-10,3.839051345552703875e-10,7.180385962445992976e-10,1.093035732328986143e-09,1.478032733771210788e-09,1.866795925230699173e-09,2.257340466575537826e-09,2.648851177167205730e-09,3.040937032398350061e-09,3.433390679518879082e-09,3.826094828931575241e-09,4.218980631106711781e-09,4.612007225766559466e-09,5.005150873515105437e-09,5.398398795596026230e-09,5.791745483027708629e-09,6.185190370658118558e-09,6.578736297932505103e-09,6.972388438057143230e-09,7.366153512562522371e-09,7.760039182008430181e-09,8.154053545384493768e-09,8.548204705318785153e-09,8.942500371100872631e-09,9.336947480830436028e-09,9.731551829983992037e-09,1.012631769764901159e-08,1.052124746437171953e-08,1.091634121746421251e-08,1.131159634100340517e-08,1.170700708880841587e-08,1.210256413951957377e-08,1.249825413359603198e-08,1.289405919264901649e-08,1.328995642206662562e-08,1.368591739838452725e-08,1.408190764332854961e-08,1.447788608690822975e-08,1.487380452237866532e-08,1.526960705631341472e-08,1.566522955744256206e-08,1.606059910830498296e-08,1.645563346413876498e-08,1.685024052378383903e-08,1.724431781769043281e-08,1.763775201841017429e-08,1.803041847918704991e-08,1.842218080645615049e-08,1.881289047219298793e-08,1.920238647212849794e-08,1.959049503584870182e-08,1.997702939472835174e-08,2.036178961349935902e-08,2.074456249102458674e-08,2.112512153553231043e-08,2.150322701916534825e-08,2.187862611621142826e-08,2.225105312880889144e-08,2.262022980326809847e-08,2.298586573941723740e-08,2.334765889457900616e-08,2.370529618291861245e-08,2.405845416998359613e-08,2.440679986129205893e-08,2.474999158283097360e-08,2.508767995031218369e-08,2.541950892301569763e-08,2.574511693704205355e-08,2.606413811181313872e-08,2.637617155970347213e-08,2.668064441036093840e-08,2.697675566072635837e-08,2.726345243775197652e-08,2.753940993388139988e-08,2.780301679814914329e-08,2.805236821859788576e-08,2.828526936992459107e-08,2.849925227671338211e-08,2.869160939291008706e-08,2.885944724155548684e-08,2.899976320249773694e-08,2.910954788452011265e-08,2.918591438894514133e-08,2.922625411323400278e-08,2.922841655879501607e-08,2.919090797574813341e-08,2.911310076548225570e-08,2.899544262300994916e-08,2.883965175560999135e-08,2.864888251006766610e-08,2.842784470212120540e-08,2.818286011647118933e-08,2.792184116742795598e-08,2.765417958542563183e-08,2.739053711835655714e-08,2.714253542753949724e-08,2.692234839446779590e-08,2.674220669996612221e-08,2.661383157057219130e-08,2.654782189905067627e-08,2.655302682216597033e-08,2.663594554327211600e-08,2.680021087103956418e-08,2.704623867823268703e-08,2.737117193864984629e-08,2.776932814422089265e-08,2.823348715903834550e-08
2.982085458081644028e-08,3.040444592566081054e-08,3.095817145890905373e-08,3.149333089761031898e-08,3.202354854867712341e-08,3.256054066285196095e-08,3.311208607036646792e-08,3.368145656295002345e-08,3.426771414085282526e-08,3.486644805917651413e-08,3.547067288919210815e-08,3.607172315232460311e-08,3.666005914701642591e-08,3.722594822490082178e-08,3.776001383195182620e-08,3.825365851293700382e-08,3.869937267307222637e-08,3.909094228498425874e-08,3.942356839942664893e-08,3.969391055678894431e-08,3.990006554631668069e-08,4.004149255293883212e-08,4.011889550571294099e-08,4.013407326339736291e-08,4.008974799903455720e-08,3.998938165842919048e-08,3.983698959218566906e-08,3.963695937668902112e-08,3.939388148090906406e-08,3.911239688548044798e-08,3.879706513102520137e-08,3.845225468609314104e-08,3.808205609159688672e-08,3.769021714109247670e-08,3.728009844239191972e-08,3.685464708813963272e-08,3.641638582388987660e-08,3.596741500400677388e-08,3.550942471950165504e-08,3.504371471629987129e-08,3.457122004964192394e-08,3.409254080007098416e-08,3.360802196586659648e-08,3.311796365366127839e-08,3.262266940889900510e-08,3.212244498328259474e-08,3.161759710778263259e-08,3.110843228184082479e-08,3.059525558890037347e-08,3.007836954776902200e-08,2.955807300858224948e-08,2.903466010130241980e-08,2.850841924378455996e-08,2.797963221547858905e-08,2.744857330184222167e-08,2.691550851352589337e-08,2.638069488338009536e-08,2.584437984334239630e-08,2.530680068230187247e-08,2.476818408512557333e-08,2.422874575217724421e-08,2.368869009787123419e-08,2.314821002609228811e-08,2.260748677967989619e-08,2.206668986062703374e-08,2.152597701717890642e-08,2.098549429363779595e-08,2.044537613838305768e-08,1.990574556539802715e-08,1.936671436445398999e-08,1.882838335503079389e-08,1.829084267904876508e-08,1.775417212754192641e-08,1.721844149651257594e-08,1.668371096736671193e-08,1.615003150753400814e-08,1.561744528712046847e-08,1.508598610772431258e-08,1.455567983986362733e-08,1.402654486581892772e-08,1.349859252508767142e-08,1.297182756008815486e-08,1.244624856024917152e-08,1.192184840319954996e-08,1.139861469246119630e-08,1.087653019190039585e-08,1.035557325828654054e-08,9.835718274771880436e-09,9.316936090147623243e-09,8.799194471689415018e-09,8.282458583849583012e-09,7.766691511967249006e-09,7.251854861293765975e-09,6.737909480161962077e-09,6.224816388124443921e-09,5.712538047340594894e-09,5.201040223271135993e-09,4.690294893286555675e-09,4.180285106126729034e-09,3.671013690805628236e-09,3.162520141328199523e-09,2.654916582691545454e-09,2.148474162162961960e-09,1.643867638869923077e-09,1.143060662942157593e-09,6.541917996164766203e-10,2.565969820565113257e-10,4.688860924765741792e-10,9.433348200971464222e-10,1.124182379246652902e-09,9.378432261228647330e-10,4.600144833076802004e-10,2.912420179844916389e-10,8.096782553750908617e-10,1.103939115159578342e-09,1.038462861655355984e-09,6.386331964744070087e-10,1.873913347642848164e-10,6.483891314630505035e-10,1.042891405645662090e-09,1.101104489571684221e-09,8.003125176133122630e-10,2.794834026901685225e-10,4.687779692709587449e-10,9.435517262422807774e-10,1.123074102500991536e-09,9.350557165945503945e-10,4.551963530174065657e-10,2.894630432412533586e-10,8.101628338150018749e-10,1.103411460994600012e-09,1.036310186128003463e-09,6.346693693255163362e-10,3.058351596384532596e-10,3.818282986911466777e-10,7.479213077696887156e-10,1.155105355793344421e-09,1.571794431488921477e-09,1.992094037976688614e-09,2.414199806385202917e-09,2.837399791701210914e-09,3.261371697691728515e-09,3.685959848170672613e-09,4.111089167340976988e-09,4.536727106495980265e-09,4.962864944310435325e-09,5.389507802626254661e-09,5.816668922354367866e-09,6.244366162586236715e-09,6.672619721725247765e-09,7.101450558136643870e-09,7.530879223539499836e-09,7.960924944861758529e-09,8.391604856970070909e-09,8.822933326517879399e-09,9.254921329429339735e-09,9.687575858114036396e-09,1.012089934306564429e-08,1.055488907907681905e-08,1.098953665006906942e-08,1.142482734917481136e-08,1.186073959263108551e-08,1.229724432750251061e-08,1.273430443440234688e-08,1.317187412732357226e-08,1.360989835348877548e-08,1.404831219681777470e-08,1.448704028921809005e-08,1.492599623444015075e-08,1.536508204971213730e-08,1.580418763078141621e-08,1.624319024633881641e-08,1.668195406808596942e-08,1.712032974291835342e-08,1.755815401383470849e-08,1.799524939623810840e-08,1.843142391626237336e-08,1.886647091763266953e-08,1.930016894334763239e-08,1.973228169814784309e-08,2.016255809731097782e-08,2.059073240678561695e-08,2.101652447904533579e-08,2.143964008831465589e-08,2.185977136799416372e-08,2.227659735219864086e-08,2.268978462233093262e-08,2.309898805855303189e-08,2.350385169489952554e-08,2.390400967562032213e-08,2.429908730915613278e-08,2.468870221495766345e-08,2.507246555717856762e-08,2.544998335811967445e-08,2.582085788319923659e-08,2.618468908819029711e-08,2.654107611852054612e-08,2.688961884959131951e-08,2.722991945635798939e-08,2.756158399983931386e-08,2.788422401780176920e-08,2.819745810660852764e-08,2.850087372482199216e-08,2.879386006652617083e-08,2.907554753480036331e-08,2.934478945123141280e-08,2.960014934742732683e-08,2.983989562336935545e-08,3.006200574046637532e-08,3.026418244161303873e-08,3.044388470808321471e-08,3.059837621545004432e-08,3.072479387309542547e-08,3.082023855913690119e-08,3.088188933857119801e-08,3.090714124143372711e-08,3.089376507706608148e-08,3.084008581123304102e-08,3.074517382613735970e-08,3.060904106027450337e-08,3.043283176713686990e-08,3.021899564474499129e-08,2.997142958090352521e-08,2.969557342426984282e-08,2.939844519039959547e-08,2.908860207134571300e-08,2.877601563271587738e-08,2.847185272451209073e-08,2.818815794469398767e-08,2.793743896541770107e-08,2.773216254456480247e-08,2.758417634197258257e-08,2.750407942037329121e-08,2.750057250350823868e-08,2.757982872334969350e-08,2.774494004063197727e-08,2.799552079154467968e-08,2.832759958946408013e-08,2.873402002953436879e-08,2.920571671429044600e-08
3.072018042479976586e-08,3.130075163139059474e-08,3.183818232114402735e-08,3.234844333411700836e-08,3.284954230101630489e-08,3.335684639510816257e-08,3.388085628078406130e-08,3.442664562953356463e-08,3.499429526969332531e-08,3.557982342426280706e-08,3.617628210290215796e-08,3.677482381189922819e-08,3.736563775548927779e-08,3.793871627733657505e-08,3.848444825319567712e-08,3.899405422983034216e-08,3.945988505221131307e-08,3.987560664701800102e-08,4.023629187198995304e-08,4.053843775210121926e-08,4.077992386194739468e-08,4.095992537955907356e-08,4.107879247359998330e-08,4.113790614279365201e-08,4.113951932835212215e-08,4.108659099073431443e-08,4.098261981040456727e-08,4.083148317853981675e-08,4.063728614593232900e-08,4.040422397869254967e-08,4.013646093561011136e-08,3.983802686401220324e-08,3.951273225204639126e-08,3.916410152188401942e-08,3.879532364004510540e-08,3.840921858408040972e-08,3.800821784910339849e-08,3.759435699748790905e-08,3.716927823251175778e-08,3.673424108612009362e-08,3.629013952328929580e-08,3.583752405206424346e-08,3.537667987049391361e-08,3.490785244412703825e-08,3.443130044068659454e-08,3.394729469896106692e-08,3.345611710877315819e-08,3.295805941305393457e-08,3.245342194396051364e-08,3.194251230568319926e-08,3.142564401708487819e-08,3.090313512759483513e-08,3.037530681984164509e-08,2.984248201235957217e-08,2.930498397535040972e-08,2.876313497194044963e-08,2.821725493665906716e-08,2.766766020200113275e-08,2.711466228294354717e-08,2.655856672819113482e-08,2.599967204575522680e-08,2.543826870924486881e-08,2.487463825000169479e-08,2.430905243895926352e-08,2.374177256087906741e-08,2.317304878242887800e-08,2.260311961444302915e-08,2.203221146765397030e-08,2.146053830022268311e-08,2.088830135453150461e-08,2.031568897994453773e-08,1.974287653759059975e-08,1.917002638268473155e-08,1.859728791947570463e-08,1.802479772358570286e-08,1.745267972629265672e-08,1.688104545518883733e-08,1.630999432562872714e-08,1.573961397744861800e-08,1.516998065159747185e-08,1.460115960156140012e-08,1.403320553479364846e-08,1.346616307978563679e-08,1.290006727494436803e-08,1.233494407610291554e-08,1.177081088032398804e-08,1.120767706472979439e-08,1.064554454051436364e-08,1.008440832424749664e-08,9.524257131360803288e-09,8.965074000820015546e-09,8.406836966304435205e-09,7.849519799279687751e-09,7.293092865998183591e-09,6.737524169076456858e-09,6.182780695539521440e-09,5.628830289208335358e-09,5.075644454504340301e-09,4.523202894339531463e-09,3.971501471867048716e-09,3.420567451713179475e-09,2.870491756891910272e-09,2.321506299041641611e-09,1.774203271651180946e-09,1.230333680759036114e-09,6.972924908665826433e-10,2.541894229009732584e-10,4.985030247579871336e-10,1.018704400210295745e-09,1.217373898193569589e-09,1.015997621283490613e-09,4.937782207524151237e-10,3.006255912032007118e-10,8.725076165766174597e-10,1.194818108458956597e-09,1.125186552807249431e-09,6.898782908950014951e-10,1.816994083831752863e-10,6.958746389983645017e-10,1.127869094341854113e-09,1.192967553539479693e-09,8.663790885586740131e-10,2.914755325233685380e-10,4.983067093798843405e-10,1.019209834597210220e-09,1.216472476194712470e-09,1.013090064185636596e-09,4.881639262080627578e-10,2.982361790497068794e-10,8.733328624302189451e-10,1.194673159020616278e-09,1.123152775335030326e-09,6.854887831639011384e-10,3.120173344554738708e-10,3.789220045811981546e-10,7.801011360699879159e-10,1.221686950497110533e-09,1.672111658848676960e-09,2.125939420478957534e-09,2.581568738857025798e-09,3.038393021644009577e-09,3.496154609539522439e-09,3.954742712918557288e-09,4.414116028310891347e-09,4.874268542959012068e-09,5.335212669617145996e-09,5.796970138491908599e-09,6.259566666505743398e-09,6.723028592243271864e-09,7.187380589443891429e-09,7.652643997823350099e-09,8.118835519288204420e-09,8.585966136243384111e-09,9.054040167850933097e-09,9.523054413721696621e-09,9.992997354401144015e-09,1.046384839021218679e-08,1.093557710778574518e-08,1.140814256873843535e-08,1.188149261846771261e-08,1.235556321552510277e-08,1.283027778385307606e-08,1.330554659154666865e-08,1.378126616085818393e-08,1.425731871498316305e-08,1.473357166779744077e-08,1.520987716318718953e-08,1.568607167094308101e-08,1.616197564638461431e-08,1.663739326094454164e-08,1.711211221087738270e-08,1.758590361105925770e-08,1.805852198051797712e-08,1.852970532587207033e-08,1.899917532826577223e-08,1.946663763866606324e-08,1.993178228554193953e-08,2.039428419798085058e-08,2.085380384622229973e-08,2.130998800041363966e-08,2.176247060713274306e-08,2.221087378189228745e-08,2.265480891445837629e-08,2.309387788240400952e-08,2.352767436689624785e-08,2.395578526330989335e-08,2.437779217789404307e-08,2.479327300041695203e-08,2.520180354150414608e-08,2.560295922229024898e-08,2.599631680304948575e-08,2.638145613667559150e-08,2.675796193226854057e-08,2.712542551366939257e-08,2.748344655757863661e-08,2.783163479590782176e-08,2.816961166725215158e-08,2.849701190283505484e-08,2.881348503295875053e-08,2.911869680088982814e-08,2.941233047219974677e-08,2.969408802885141059e-08,2.996364686184553765e-08,3.022047648137131355e-08,3.046378103943817863e-08,3.069249049873477133e-08,3.090525838804189403e-08,3.110046761426057132e-08,3.127624608406580378e-08,3.143049408705975644e-08,3.156092547073360373e-08,3.166512455661919040e-08,3.174062046857940474e-08,3.178498003555120031e-08,3.179591967039151815e-08,3.177143560814465222e-08,3.170995062567859610e-08,3.161047389687456126e-08,3.147276902083424024e-08,3.129752356913046037e-08,3.108651181761436009e-08,3.084274075132995377e-08,3.057056805667376766e-08,3.027577975396321524e-08,2.996561451085864110e-08,2.964872168677788050e-08,2.933504101457057553e-08,2.903559379359887834e-08,2.876217880891654426e-08,2.852697106560236292e-08,2.834202776561434897e-08,2.821871335978283006e-08,2.816706334570342492e-08,2.819511436637878285e-08,2.830823700122281502e-08,2.850852123187874369e-08,2.879429145936368194e-08,2.915988276267017284e-08,2.959591276276869107e-08,3.009045495398493140e-08
3.155473850563497074e-08,3.213057534432319953e-08,3.264272277965291950e-08,3.311361340823815685e-08,3.356728941856432351e-08,3.402417139983701152e-08,3.449858004859727974e-08,3.499818595324232533e-08,3.552461783253557716e-08,3.607463996931396318e-08,3.664150610310604454e-08,3.721625470239082394e-08,3.778882336056059920e-08,3.834893612169375385e-08,3.888676439061060710e-08,3.939338660850592628e-08,3.986108114926295291e-08,4.028348727936877445e-08,4.065566522573311509e-08,4.097408126730439715e-08,4.123653873476846988e-08,4.144207142186117364e-08,4.159081230351719484e-08,4.168384757040219617e-08,4.172306372625058128e-08,4.171099374539122680e-08,4.165066694549991156e-08,4.154546619136868678e-08,4.139899521454522739e-08,4.121495813243101585e-08,4.099705262267349042e-08,4.074887762333704528e-08,4.047385587823764674e-08,4.017517113891698240e-08,3.985571938835097713e-08,3.951807308689265355e-08,3.916445717456872183e-08,3.879673540497283608e-08,3.841640553585516265e-08,3.802460195415394158e-08,3.762210445746191892e-08,3.720935213553366140e-08,3.678651625803219765e-08,3.635373170881847125e-08,3.591115276213898929e-08,3.545895283584170774e-08,3.499732409627139874e-08,3.452647691582867914e-08,3.404663918617229090e-08,3.355805549202570555e-08,3.306098615247584630e-08,3.255570613848169058e-08,3.204250387700372730e-08,3.152167995368658750e-08,3.099354572734393935e-08,3.045842187058096515e-08,2.991663685172489991e-08,2.936852537380437524e-08,2.881442678661652824e-08,2.825468348794671843e-08,2.768963932976674711e-08,2.711963804474527088e-08,2.654502170767893842e-08,2.596612924551746331e-08,2.538329500853872188e-08,2.479684741396215158e-08,2.420710767190360866e-08,2.361438860210644887e-08,2.301899354836650982e-08,2.242121539603645018e-08,2.182133569647905291e-08,2.121962390086851150e-08,2.061633670434040584e-08,2.001171750018626295e-08,1.940599594259719978e-08,1.879938761539774502e-08,1.819209380328663855e-08,1.758430136132467477e-08,1.697618267778555142e-08,1.636789572501705811e-08,1.575958419264977562e-08,1.515137769733981439e-08,1.454339206324740670e-08,1.393572966764167353e-08,1.332847984640330312e-08,1.272171935480140666e-08,1.211551287980510268e-08,1.150991360144609940e-08,1.090496380253299652e-08,1.030069552859293678e-08,9.697131303729708985e-09,9.094284913916385774e-09,8.492162278469601705e-09,7.890762445622469736e-09,7.290078774055408688e-09,6.690100408528297887e-09,6.090814244248968156e-09,5.492207744860276565e-09,4.894273334691061652e-09,4.297015883733814666e-09,3.700466752777486320e-09,3.104713163795333509e-09,2.509968196757301466e-09,1.916769033334553450e-09,1.326701091119225698e-09,7.465153721836988890e-10,2.542486316278261225e-10,5.306887550052153642e-10,1.099039808690776518e-09,1.316674042801481618e-09,1.099547933658958450e-09,5.308736796881150682e-10,3.118670477888405710e-10,9.397092675617425691e-10,1.291556835198878723e-09,1.217464228439051740e-09,7.447643236585739744e-10,1.764747816525107500e-10,7.471628552332151291e-10,1.218448406722193028e-09,1.290532456030260655e-09,9.364878092425586790e-10,3.050212128572868838e-10,5.310487566873980718e-10,1.100197691764032381e-09,1.315716517009089946e-09,1.095628154269557975e-09,5.230889853177434691e-10,3.092865327503164184e-10,9.415233025515108629e-10,1.291910256810129402e-09,1.215005180865505089e-09,7.388246818474398639e-10,3.184863180528690526e-10,3.780186710258398482e-10,8.188451482579139186e-10,1.298009446084332719e-09,1.785146305126437621e-09,2.275404448950422773e-09,2.767398043025014527e-09,3.260618063535530306e-09,3.754858033599264791e-09,4.250036321760065481e-09,4.746128318527855900e-09,5.243136372436849592e-09,5.741074804897459081e-09,6.239961657472972307e-09,6.739813717197896042e-09,7.240643253303163519e-09,7.742455701039470348e-09,8.245247897115315137e-09,8.749006652277660770e-09,9.253707540511083560e-09,9.759313835539309457e-09,1.026577555447730151e-08,1.077302858577039815e-08,1.128099388919170733e-08,1.178957676243509542e-08,1.229866617327565651e-08,1.280813415924405455e-08,1.331783529878243082e-08,1.382760625921832494e-08,1.433726542779008873e-08,1.484661263249297410e-08,1.535542895975753279e-08,1.586347667596350709e-08,1.637049925956045575e-08,1.687622155012881719e-08,1.738035002008610241e-08,1.788257317393350899e-08,1.838256207896016244e-08,1.887997103018726990e-08,1.937443835105775414e-08,1.986558732997414993e-08,2.035302729127861205e-08,2.083635479767590310e-08,2.131515497944767435e-08,2.178900298412225662e-08,2.225746553857793017e-08,2.272010261390046305e-08,2.317646918172064110e-08,2.362611704925691489e-08,2.406859675891533113e-08,2.450345953708466780e-08,2.493025927573903136e-08,2.534855452964878637e-08,2.575791051142790815e-08,2.615790106632813246e-08,2.654811060864252142e-08,2.692813600180960813e-08,2.729758836481635751e-08,2.765609478827785817e-08,2.800329994461401346e-08,2.833886757802965345e-08,2.866248186151252547e-08,2.897384860976352705e-08,2.927269633883403297e-08,2.955877716522740357e-08,2.983186753928818181e-08,3.009176880981100543e-08,3.033830761891076712e-08,3.057133612826556143e-08,3.079068651024454112e-08,3.099598587996627011e-08,3.118660726745532872e-08,3.136167153406399182e-08,3.152005585587244546e-08,3.166040981210643202e-08,3.178118031736511649e-08,3.188064674580598431e-08,3.195696759268266350e-08,3.200823988463369723e-08,3.203257226941235717e-08,3.202817227877913236e-08,3.199344766321278284e-08,3.192712095046456113e-08,3.182835549567867417e-08,3.169689028722968690e-08,3.153317966831628385e-08,3.133853294474592354e-08,3.111524758417441083e-08,3.086672838041462014e-08,3.059758357951799560e-08,3.031368759866744744e-08,3.002219873764519274e-08,2.973151940712158846e-08,2.945118621363612528e-08,2.919167817295024198e-08,2.896413379495225616e-08,2.877997204692160978e-08,2.865041812767567763e-08,2.858594192871430940e-08,2.859562402143689778e-08,2.868647032146143487e-08,2.886270323232923900e-08,2.912506868622611746e-08,2.947022581073468779e-08,2.989034777531644083e-08,3.037318400265193690e-08,3.090304006123965658e-08
3.233858678394513559e-08,3.290818781770628697e-08,3.338743911018189765e-08,3.380677226203072718e-08,3.419778197370224375e-08,3.458727279419496381e-08,3.499443839212090251e-08,3.543030651284739907e-08,3.589854778752163056e-08,3.639694285808351741e-08,3.691904377154006221e-08,3.745575105942311804e-08,3.799665647558398154e-08,3.853109218822821635e-08,3.904888820018087650e-08,3.954087421432091783e-08,3.999917573114337434e-08,4.041735437981718118e-08,4.079043605718408430e-08,4.111486190588299641e-08,4.138838890796883930e-08,4.160995986887198801e-08,4.177955701451793491e-08,4.189804919435273026e-08,4.196703955290420769e-08,4.198871827826113187e-08,4.196572345720385514e-08,4.190101198978936489e-08,4.179774179234012410e-08,4.165916602437105297e-08,4.148853971734083138e-08,4.128903889545504040e-08,4.106369202258227298e-08,4.081532336909029112e-08,4.054650766916140572e-08,4.025953524387546154e-08,3.995638661279523808e-08,3.963871552087898703e-08,3.930783927863214508e-08,3.896473535720145362e-08,3.861004329782134709e-08,3.824407118421203815e-08,3.786686140576695403e-08,3.747841968314449064e-08,3.707877169111050738e-08,3.666796372346470310e-08,3.624606322849281133e-08,3.581315920391879356e-08,3.536936244170387923e-08,3.491480561465954913e-08,3.444964319868386915e-08,3.397405122646606734e-08,3.348822687069503208e-08,3.299238785710985620e-08,3.248677171009775771e-08,3.197163483592467841e-08,3.144725145102406138e-08,3.091391236501601721e-08,3.037192363023198005e-08,2.982160507142971647e-08,2.926328871105754175e-08,2.869731710682762386e-08,2.812404161945662897e-08,2.754382062920654047e-08,2.695701772029668137e-08,2.636399985235746589e-08,2.576513553786194388e-08,2.516079304391878038e-08,2.455133863596245602e-08,2.393713487976277107e-08,2.331853901683262305e-08,2.269590142678108593e-08,2.206956418848157463e-08,2.143985975014784980e-08,2.080710971658040776e-08,2.017162376000602195e-08,1.953369865912856223e-08,1.889361746927770718e-08,1.825164882492166887e-08,1.760804637433202590e-08,1.696304834488256686e-08,1.631687723635508459e-08,1.566973963873737803e-08,1.502182617035726605e-08,1.437331153182918115e-08,1.372435467123564280e-08,1.307509905628103610e-08,1.242567304992865971e-08,1.177619038741061235e-08,1.112675075472725458e-08,1.047744047224518034e-08,9.828333292484469322e-09,9.179491329950003177e-09,8.530966155283841541e-09,7.882800110616771494e-09,7.235027946732563534e-09,6.587678964120351304e-09,5.940779999937417410e-09,5.294359936586659931e-09,4.648457155209715655e-09,4.003133183031699777e-09,3.358500746583192924e-09,2.714789944207052209e-09,2.072534748961799763e-09,1.433253896074981455e-09,8.033441314165479698e-10,2.602575010917932276e-10,5.659255570565864612e-10,1.184021196553799493e-09,1.421480796047967383e-09,1.187938713212049001e-09,5.713204777381730659e-10,3.262585427245568809e-10,1.011235665122009697e-09,1.393547692196506626e-09,1.314425780848393244e-09,8.025716852776154725e-10,1.733982055445225618e-10,8.026268781311937588e-10,1.314223332537866203e-09,1.392835590167288098e-09,1.009467520945667561e-09,3.196038228362775923e-10,5.678852931767100062e-10,1.186485670961636804e-09,1.419974504805914805e-09,1.181295552636460227e-09,5.585514692550734343e-10,3.240048391519343902e-10,1.015199327508531667e-09,1.394628230797155141e-09,1.310534252492856565e-09,7.928882025307018887e-10,3.233118439346263112e-10,3.815010671381462480e-10,8.674129339700463493e-10,1.387828846452700256e-09,1.915138424829238468e-09,2.445190144252696533e-09,2.976813401817605349e-09,3.509577379668453711e-09,4.043302783411915158e-09,4.577911597917896708e-09,5.113369629088047333e-09,5.649660785109372914e-09,6.186774015830737413e-09,6.724695916685078837e-09,7.263406111313320124e-09,7.802874107663947515e-09,8.343056992914728845e-09,8.883897640522017278e-09,9.425323253800386695e-09,9.967244148867179546e-09,1.050955272253193253e-08,1.105212257501154835e-08,1.159480777167025239e-08,1.213744223665942889e-08,1.267983927668070166e-08,1.322179123639224663e-08,1.376306928894829740e-08,1.430342336622879315e-08,1.484258223373423869e-08,1.538025371504660978e-08,1.591612507029181845e-08,1.644986353225052426e-08,1.698111700270140899e-08,1.750951491028404391e-08,1.803466922967198051e-08,1.855617566018336570e-08,1.907361496016051567e-08,1.958655443155636352e-08,2.009454954721203088e-08,2.059714571133532663e-08,2.109388014173642019e-08,2.158428386048661388e-08,2.206788377788221165e-08,2.254420485296093587e-08,2.301277231237340192e-08,2.347311390819620784e-08,2.392476219431945407e-08,2.436725680038010427e-08,2.480014668186610242e-08,2.522299232500135812e-08,2.563536788534628773e-08,2.603686323971343045e-08,2.642708593199428226e-08,2.680566299480536901e-08,2.717224263046421952e-08,2.752649573666754539e-08,2.786811726432568323e-08,2.819682739726596843e-08,2.851237254590528684e-08,2.881452614945778371e-08,2.910308928373648396e-08,2.937789107407666264e-08,2.963878891530443493e-08,2.988566850295189223e-08,3.011844368203823250e-08,3.033705612166067258e-08,3.054147482534003067e-08,3.073169548852354469e-08,3.090773971584638432e-08,3.106961035178374252e-08,3.121711692392588828e-08,3.134983819053645576e-08,3.146713420761689041e-08,3.156816420331914947e-08,3.165191090444803886e-08,3.171721210310811643e-08,3.176280030569927985e-08,3.178735126441018341e-08,3.178954204915220527e-08,3.176811907555920202e-08,3.172197616671369641e-08,3.165024230096220792e-08,3.155237819566329887e-08,3.142828030513692752e-08,3.127839017153473572e-08,3.110380634840832461e-08,3.090639529088789175e-08,3.068889663130123023e-08,3.045501708776056009e-08,3.020950585626669981e-08,2.995820273804826942e-08,2.970804857568211687e-08,2.946704607769907989e-08,2.924415822143003066e-08,2.904913166442289060e-08,2.889223445245616165e-08,2.878390098615641089e-08,2.873428234202470595e-08,2.875270562990530378e-08,2.884705078177384264e-08,2.902305627069310104e-08,2.928356806718862270e-08,2.962775424864755731e-08,3.005033471827814406e-08,3.054094680337830312e-08,3.108391551451925659e-08,3.165894784073515020e-08
3.308397329704904979e-08,3.364603841754444916e-08,3.408597748960639891e-08,3.444354868145214963e-08,3.475930446563905621e-08,3.506769608809738465e-08,3.539378943137183872e-08,3.575268501949988109e-08,3.615055315354368435e-08,3.658642287975454770e-08,3.705418814062862109e-08,3.754451431398996546e-08,3.804646226573114681e-08,3.854874754424150413e-08,3.904063060325804278e-08,3.951248385556388771e-08,3.995610300740412045e-08,4.036483140072759501e-08,4.073355661702980943e-08,4.105862561192505628e-08,4.133771218847436335e-08,4.156966031453248166e-08,4.175431893786991194e-08,4.189237826808142487e-08,4.198521353153992227e-08,4.203473953888220062e-08,4.204327768046487800e-08,4.201343590588229844e-08,4.194800163423527178e-08,4.184984721893916548e-08,4.172184743371176139e-08,4.156680837071262093e-08,4.138740709439253041e-08,4.118614134759442666e-08,4.096528855118594709e-08,4.072687327936904910e-08,4.047264234152285670e-08,4.020404657248108292e-08,3.992222844057382290e-08,3.962801463834537069e-08,3.932191293337348857e-08,3.900411273187689143e-08,3.867454322991572191e-08,3.833309407390913704e-08,3.797967099099170299e-08,3.761419707664502208e-08,3.723661402304257897e-08,3.684688327230096700e-08,3.644498707864931758e-08,3.603092946361667503e-08,3.560473704871920338e-08,3.516645975082013189e-08,3.471617132634770229e-08,3.425396975188846624e-08,3.377997743031915207e-08,3.329434121358231537e-08,3.279723223542144584e-08,3.228884554983363583e-08,3.176939957362780765e-08,3.123913533424030547e-08,3.069831552679782056e-08,3.014722338726782455e-08,2.958616139133175221e-08,2.901544979128998654e-08,2.843542500579667593e-08,2.784643787946556452e-08,2.724885183133224545e-08,2.664304091275802403e-08,2.602938779658049049e-08,2.540828172013098909e-08,2.478011640513791484e-08,2.414528797751605103e-08,2.350419290961795672e-08,2.285722600671822201e-08,2.220477845834787266e-08,2.154723597363887563e-08,2.088497701812846121e-08,2.021837116756672331e-08,1.954777759223078152e-08,1.887354368313824342e-08,1.819600382943777726e-08,1.751547835420020589e-08,1.683227261390599035e-08,1.614667626519083690e-08,1.545896270093885927e-08,1.476938865668122259e-08,1.407819398755895646e-08,1.338560161596556879e-08,1.269181765057562444e-08,1.199703167906509268e-08,1.130141723988716073e-08,1.060513248374959239e-08,9.908321044297669032e-09,9.211113152412059722e-09,8.513627054174443461e-09,7.815970838217196099e-09,7.118244863110792768e-09,6.420545141840870584e-09,5.722968386825022937e-09,5.025620193675435273e-09,4.328629731425401777e-09,3.632179438505318290e-09,2.936574237009668250e-09,2.242435149470075909e-09,1.551403035149496160e-09,8.701505818088926646e-10,2.789091142858504218e-10,6.055254961809049295e-10,1.273253077650985310e-09,1.530754401939694147e-09,1.280162366518024843e-09,6.151213840962194731e-10,3.461253555391186462e-10,1.087072308455549574e-09,1.499856679315068940e-09,1.414759440497998060e-09,8.622607224542333799e-10,1.751487416353820897e-10,8.626486359599006387e-10,1.414523455059187644e-09,1.498525786297491040e-09,1.083768497568079909e-09,3.342625727893692072e-10,6.095080720437031271e-10,1.277753865939836831e-09,1.528058953539757998e-09,1.268365359895254992e-09,5.926727524509082681e-10,3.431417490638639383e-10,1.094409788309315458e-09,1.501946456482942721e-09,1.408076995601239035e-09,8.455364076555413162e-10,3.227607666078748388e-10,3.896264155211850309e-10,9.269213661458373863e-10,1.492531438841387160e-09,2.063636686014534269e-09,2.636940332722736348e-09,3.211493871198324678e-09,3.786923784307842762e-09,4.363049332897157348e-09,4.939764888410539757e-09,5.516994522350820278e-09,6.094671297006692692e-09,6.672726444633516965e-09,7.251083017427124558e-09,7.829651776146504478e-09,8.408328309421890269e-09,8.986990894819685544e-09,9.565498851047279465e-09,1.014369124756315873e-08,1.072138589842943989e-08,1.129837860008504532e-08,1.187444259114987530e-08,1.244932822293200743e-08,1.302276283535950193e-08,1.359445083639210282e-08,1.416407398458317391e-08,1.473129187493391291e-08,1.529574262785560239e-08,1.585704378014902688e-08,1.641479337556929545e-08,1.696857125087528721e-08,1.751794051134835650e-08,1.806244918767685262e-08,1.860163206390620584e-08,1.913501266391146450e-08,1.966210538162102434e-08,2.018241773806725294e-08,2.069545274632051428e-08,2.120071136353391446e-08,2.169769500774077820e-08,2.218590811575306227e-08,2.266486071754925383e-08,2.313407100194882432e-08,2.359306784817295078e-08,2.404139329810311734e-08,2.447860494467555022e-08,2.490427821288444170e-08,2.531800851129227584e-08,2.571941323373496275e-08,2.610813359302447936e-08,2.648383627084581736e-08,2.684621487066594043e-08,2.719499116326030673e-08,2.752991611735583122e-08,2.785077071082417488e-08,2.815736652077333543e-08,2.844954609371782055e-08,2.872718309970344604e-08,2.899018227677171662e-08,2.923847917442818191e-08,2.947203970679635601e-08,2.969085952786731202e-08,2.989496324267975901e-08,3.008440346937886015e-08,3.025925976790648405e-08,3.041963745157928118e-08,3.056566629803135816e-08,3.069749917595650707e-08,3.081531060380699428e-08,3.091925551420332723e-08,3.100931399960218314e-08,3.108526661583483662e-08,3.114671504609837127e-08,3.119310744940398209e-08,3.122376884243394319e-08,3.123793696516458681e-08,3.123480409923430226e-08,3.121356524705656911e-08,3.117347294545724484e-08,3.111389878975451186e-08,3.103440149482509102e-08,3.093480103151896764e-08,3.081525805956870822e-08,3.067635753361691391e-08,3.051919497472745131e-08,3.034546344342228731e-08,3.015753866683345349e-08,2.995855898786182481e-08,2.975249573971943112e-08,2.954420825127489122e-08,2.933947597365965603e-08,2.914499832760348857e-08,2.896835111424707711e-08,2.881788718856734234e-08,2.870256911685306610e-08,2.863172313032293973e-08,2.861470677493518102e-08,2.866048644028149164e-08,2.877712399247427110e-08,2.897117262833216740e-08,2.924698042803652335e-08,2.960589751637813241e-08,3.004538511838302772e-08,3.055804956836268149e-08,3.113070881758724530e-08,3.174378510144215851e-08,3.237161991208458256e-08
3.380036703609644084e-08,3.435377056684952673e-08,3.474899846235975191e-08,3.503629937064390568e-08,3.526648931018398142e-08,3.548285690420923415e-08,3.571726412390970320e-08,3.598953178922871841e-08,3.630874277785601946e-08,3.667537577115308847e-08,3.708367284775490825e-08,3.752391169324663181e-08,3.798436594126349494e-08,3.845283154945884060e-08,3.891769528055534818e-08,3.936859585691300420e-08,3.979676488686498906e-08,4.019513960165067044e-08,4.055832670743589200e-08,4.088247792724229371e-08,4.116511980055961762e-08,4.140496573585754155e-08,4.160172760502971150e-08,4.175593678876058071e-08,4.186877973898445332e-08,4.194195009266348858e-08,4.197751757763187041e-08,4.197781297577613855e-08,4.194532795258553883e-08,4.188262841666304313e-08,4.179228009546004193e-08,4.167678511000190986e-08,4.153852844355715472e-08,4.137973329590303396e-08,4.120242438451248919e-08,4.100839829851878281e-08,4.079920004083887744e-08,4.057610492262441631e-08,4.034010501768387043e-08,4.009189945737409131e-08,3.983188796170712901e-08,3.956016717110507101e-08,3.927658166959821628e-08,3.898093285884078666e-08,3.867303228347596246e-08,3.835270314567040421e-08,3.801978183402981227e-08,3.767411945373519320e-08,3.731558334346822467e-08,3.694405856353358251e-08,3.655944933857678808e-08,3.616168043747603359e-08,3.575069847239837774e-08,3.532647309869123326e-08,3.488899809726670739e-08,3.443829232145962532e-08,3.397440049102389322e-08,3.349739381699481139e-08,3.300737044259268578e-08,3.250445568717275715e-08,3.198880208242353121e-08,3.146058919255223883e-08,3.092002321303403286e-08,3.036733634558959910e-08,2.980278595033335314e-08,2.922665347943143407e-08,2.863924320004857270e-08,2.804088071776444095e-08,2.743191131492073046e-08,2.681269812143847801e-08,2.618362013844404390e-08,2.554507013749212235e-08,2.489745246021507904e-08,2.424118074481286522e-08,2.357667560689336831e-08,2.290436230276219678e-08,2.222466840334296674e-08,2.153802150649959410e-08,2.084484701466452251e-08,2.014556600339848594e-08,1.944059320488259358e-08,1.873033512844775927e-08,1.801518833817076055e-08,1.729553790541126478e-08,1.657175605204802997e-08,1.584420099822748828e-08,1.511321602682623201e-08,1.437912877575140444e-08,1.364225076893345155e-08,1.290287719779875860e-08,1.216128696775934622e-08,1.141774302983026291e-08,1.067249302762503778e-08,9.925770307833776183e-09,9.177795373800186167e-09,8.428777918708353092e-09,7.678919681465261132e-09,6.928418577819063692e-09,6.177474995776420457e-09,5.426302120739828790e-09,4.675144535451267232e-09,3.924315794771557461e-09,3.174285779610907087e-09,2.425924194417148696e-09,1.681380969978314858e-09,9.490460721754397371e-10,3.222210362746681692e-10,6.580990138647319238e-10,1.372524274300650277e-09,1.647899088188900194e-09,1.377162944399399064e-09,6.621188301508675528e-10,3.794788344735449290e-10,1.173101977399764302e-09,1.614970400541796664e-09,1.520840241900482537e-09,9.239575122587502052e-10,1.864148726156338760e-10,9.321176679520017655e-10,1.524114550245363716e-09,1.611153939083648220e-09,1.160823738712287245e-09,3.480457744708456346e-10,6.587977276028355065e-10,1.378113426804448149e-09,1.644031700889446098e-09,1.359582708113127661e-09,6.256399080525293253e-10,3.666818043675832460e-10,1.181786208300306570e-09,1.617596426304465662e-09,1.511141984303752428e-09,8.986333303542227001e-10,3.136138909566464500e-10,3.975525798171669795e-10,9.941206782779110932e-10,1.609446141548309050e-09,2.228250330351292082e-09,2.848368160901205658e-09,3.469124836255436253e-09,4.090204202741636678e-09,4.711406699201015235e-09,5.332574460368820331e-09,5.953561916772313680e-09,6.574221974850805443e-09,7.194398491983505890e-09,7.813921661308045716e-09,8.432604917015631212e-09,9.050242736092040380e-09,9.666609036040635729e-09,1.028145601602747734e-08,1.089451336083963332e-08,1.150548776374948242e-08,1.211406274367217366e-08,1.271989874219801830e-08,1.332263349125555798e-08,1.392188264441675619e-08,1.451724066532888099e-08,1.510828196609315127e-08,1.569456228699795197e-08,1.627562030710458747e-08,1.685097947295416345e-08,1.742015003024957610e-08,1.798263124087953506e-08,1.853791376518951603e-08,1.908548218705707851e-08,1.962481765717705672e-08,2.015540062808038575e-08,2.067671365286491954e-08,2.118824421846447052e-08,2.168948758356925467e-08,2.217994959107161553e-08,2.265914942516511982e-08,2.312662228397943020e-08,2.358192193988005709e-08,2.402462316127824026e-08,2.445432397194583454e-08,2.487064772636521076e-08,2.527324498250532136e-08,2.566179515653491393e-08,2.603600794728928022e-08,2.639562452171994110e-08,2.674041845600076366e-08,2.707019643036224004e-08,2.738479867900713583e-08,2.768409919956039665e-08,2.796800572936686343e-08,2.823645949852607805e-08,2.848943477180698563e-08,2.872693819349216967e-08,2.894900795074723037e-08,2.915571277229232567e-08,2.934715077997716660e-08,2.952344821134155576e-08,2.968475803140537746e-08,2.983125845180163717e-08,2.996315137497780002e-08,3.008066078057915669e-08,3.018403107033110515e-08,3.027352538679156796e-08,3.034942392028696562e-08,3.041202221720900799e-08,3.046159514164520869e-08,3.049826605797165451e-08,3.052199470638275415e-08,3.053260463063466296e-08,3.052981409812380685e-08,3.051327066086453203e-08,3.048258957410967424e-08,3.043739628276373527e-08,3.037737311436727305e-08,3.030231019389365866e-08,3.021216043464156734e-08,3.010709827662677046e-08,2.998758165262494194e-08,2.985441646975658202e-08,2.970882269677310186e-08,2.955250092140378280e-08,2.938769794223462727e-08,2.921726951474988206e-08,2.904473769227463645e-08,2.887433920180539773e-08,2.871105992204535168e-08,2.856064882690109209e-08,2.842960291144419063e-08,2.832511300068194769e-08,2.825495946720174861e-08,2.822734722787899103e-08,2.825067105711878039e-08,2.833320460010167575e-08,2.848270800677013970e-08,2.870594810467686339e-08,2.900812070186565741e-08,2.939215761769988835e-08,2.985789224762488122e-08,3.040105004519761001e-08,3.101204728384826974e-08,3.167468611399433915e-08,3.236508080465091721e-08,3.305150208955718775e-08
3.449421260153031323e-08,3.503795137266493013e-08,3.538392137867603736e-08,3.559390305556482514e-08,3.573018723697400370e-08,3.584601241355204357e-08,3.598085479234589572e-08,3.615980028002842067e-08,3.639520002362793134e-08,3.668916327161014820e-08,3.703626873897444713e-08,3.742621747273192024e-08,3.784618495854161137e-08,3.828268350866185432e-08,3.872286614989247801e-08,3.915531758342730826e-08,3.957044080170240175e-08,3.996056103510120281e-08,4.031985256159756672e-08,4.064416757702784808e-08,4.093082086286787076e-08,4.117836378253665559e-08,4.138636679139914335e-08,4.155522020896852836e-08,4.168595717215095937e-08,4.178009931247178702e-08,4.183952390702794639e-08,4.186635043564535500e-08,4.186284423178417914e-08,4.183133498149228717e-08,4.177414803904955054e-08,4.169354679003902203e-08,4.159168454546192569e-08,4.147056466595189582e-08,4.133200778408027546e-08,4.117762511853116627e-08,4.100879696742930508e-08,4.082665554413108485e-08,4.063207139361468422e-08,4.042564271741172614e-08,4.020768705509792614e-08,3.997823493482691055e-08,3.973707478576800461e-08,3.948394871907950970e-08,3.921860284783029727e-08,3.894078872895342734e-08,3.865026487130674442e-08,3.834679830248367870e-08,3.803016618547298835e-08,3.770015747467821706e-08,3.735657459920259953e-08,3.699923515971357266e-08,3.662797362365798790e-08,3.624264300214635274e-08,3.584311649050344163e-08,3.542928905334185547e-08,3.500107893410222529e-08,3.455842906836667475e-08,3.410130837993917721e-08,3.362971293873958803e-08,3.314366696001626493e-08,3.264322362527516041e-08,3.212846570667166108e-08,3.159950597842376772e-08,3.105648740107796538e-08,3.049958306717277450e-08,2.992899589996613179e-08,2.934495810037248664e-08,2.874773034103134348e-08,2.813760071042263487e-08,2.751488341407092565e-08,2.687991724404172614e-08,2.623306383202949331e-08,2.557470570526501406e-08,2.490524416812945769e-08,2.422509703566035974e-08,2.353469624798705790e-08,2.283448539707231374e-08,2.212491719891083938e-08,2.140645094551585776e-08,2.067954997160493705e-08,1.994467917089675318e-08,1.920230259639968911e-08,1.845288117809175260e-08,1.769687059007509131e-08,1.693471929779744364e-08,1.616686681448475871e-08,1.539374219482388021e-08,1.461576279360153675e-08,1.383333331808602870e-08,1.304684520644059493e-08,1.225667637204757815e-08,1.146319136818806097e-08,1.066674205428958014e-08,9.867668893815221603e-09,9.066303104384549177e-09,8.262970053523784932e-09,7.457994637675843129e-09,6.651710106110771969e-09,5.844473420206954919e-09,5.036694221604534023e-09,4.228895300842222786e-09,3.421856132771435076e-09,2.617017232132912498e-09,1.817943354820167817e-09,1.038424474157198906e-09,4.102561309174255673e-10,7.567652579722748225e-10,1.512560255763495145e-09,1.796031511697972623e-09,1.489765035369504500e-09,7.117290768062323061e-10,4.506836090458474651e-10,1.298322564887097571e-09,1.766598079386946678e-09,1.652135244591637949e-09,9.943093295680154362e-10,2.151292613041923529e-10,1.033197749365736948e-09,1.670584282946617390e-09,1.756100752147592270e-09,1.256601530866351725e-09,3.625933620420920683e-10,7.271822652923931716e-10,1.510175057322586929e-09,1.794834229191810957e-09,1.478279833448443859e-09,6.697567093747915574e-10,3.937032600770034738e-10,1.291158745285152534e-09,1.765305684533650550e-09,1.646331603796164200e-09,9.738569816846401450e-10,3.105604464378104362e-10,3.910474062841698068e-10,1.056557920182400520e-09,1.727714505570660874e-09,2.399365857283690988e-09,3.070770647615048803e-09,3.741625464787169732e-09,4.411715461545094991e-09,5.080842257558187792e-09,5.748802294101778457e-09,6.415378524449981320e-09,7.080336522086591822e-09,7.743422327907604003e-09,8.404361111526074923e-09,9.062856300329565640e-09,9.718589042787452980e-09,1.037121795641329161e-08,1.102037914474950052e-08,1.166568648091457690e-08,1.230673215927850191e-08,1.294308751665534476e-08,1.357430412223367417e-08,1.419991513233991562e-08,1.481943690255774720e-08,1.543237084598098624e-08,1.603820552262156540e-08,1.663641894134309291e-08,1.722648105223655759e-08,1.780785640418160009e-08,1.838000693951970555e-08,1.894239489537687131e-08,1.949448577927484589e-08,2.003575138531616940e-08,2.056567281645933768e-08,2.108374347824391378e-08,2.158947200979136722e-08,2.208238511898882512e-08,2.256203029043743001e-08,2.302797833697138756e-08,2.347982576827406320e-08,2.391719695326219265e-08,2.433974605639829582e-08,2.474715873183532881e-08,2.513915356320356890e-08,2.551548324082197106e-08,2.587593547206229958e-08,2.622033362442667955e-08,2.654853710453703078e-08,2.686044147960929687e-08,2.715597835103772851e-08,2.743511499240043108e-08,2.769785376648479620e-08,2.794423133780299894e-08,2.817431769851776684e-08,2.838821502673417783e-08,2.858605639675135084e-08,2.876800436113448018e-08,2.893424942439566357e-08,2.908500842769940152e-08,2.922052286337714336e-08,2.934105713718651439e-08,2.944689679523030695e-08,2.953834673129631151e-08,2.961572938913360795e-08,2.967938297287888872e-08,2.972965967751998174e-08,2.976692394996150885e-08,2.979155078996354840e-08,2.980392409897711907e-08,2.980440675914666529e-08,2.979323639229511046e-08,2.977052486260730847e-08,2.973629077359498114e-08,2.969049436805453813e-08,2.963307485217818122e-08,2.956399020601391019e-08,2.948325951690797377e-08,2.939100779437939784e-08,2.928751310982656413e-08,2.917325576927646533e-08,2.904896908795881388e-08,2.891569120379996498e-08,2.877481724652460402e-08,2.862815105935378086e-08,2.847795552074188077e-08,2.832700027960413938e-08,2.817860532148274605e-08,2.803667813555225232e-08,2.790574127804316277e-08,2.779094581069654027e-08,2.769806453674931187e-08,2.763345743947665234e-08,2.760400070486460495e-08,2.761697069071605633e-08,2.767987543372972251e-08,2.780022825148359963e-08,2.798525905878369806e-08,2.824155680034871954e-08,2.857462947639572504e-08,2.898835809785524432e-08,2.948431034256363638e-08,3.006086529741050652e-08,3.071207467965795417e-08,3.142618097822273769e-08,3.218385297885749680e-08,3.295655635363401149e-08,3.370585095272023522e-08
3.516911229075793404e-08,3.570222542091638681e-08,3.599510130721255163e-08,3.612199764435458583e-08,3.615779214893128695e-08,3.616670586039588871e-08,3.619650480490722990e-08,3.627793686517389997e-08,3.642690639890648955e-08,3.664733007285948102e-08,3.693411804032553424e-08,3.727618795188137128e-08,3.765926431017044021e-08,3.806816189833113745e-08,3.848839745740411557e-08,3.890715390355633401e-08,3.931372965650068789e-08,3.969963362247118237e-08,4.005846632222286412e-08,4.038569082047269617e-08,4.067836143833151791e-08,4.093485052332422607e-08,4.115459454397789607e-08,4.133786883646613870e-08,4.148559339314967842e-08,4.159916839598687193e-08,4.168033649337604657e-08,4.173106825404875893e-08,4.175346727617895376e-08,4.174969176444162734e-08,4.172188982733998279e-08,4.167214619001990161e-08,4.160243841302534015e-08,4.151460103459145580e-08,4.141029631087735728e-08,4.129099042329387510e-08,4.115793416879977885e-08,4.101214726442706389e-08,4.085440549887630323e-08,4.068523006908107289e-08,4.050487856478345585e-08,4.031333722526052098e-08,4.011036095003923640e-08,3.989565614934524761e-08,3.966892785061678595e-08,3.942988090341742701e-08,3.917822127689461002e-08,3.891365744817257049e-08,3.863590187876173692e-08,3.834467257463875667e-08,3.803969472410870383e-08,3.772070240591654682e-08,3.738744035834408826e-08,3.703966579823442813e-08,3.667715027705376966e-08,3.629968155926565473e-08,3.590706550649256500e-08,3.549912794921999783e-08,3.507571652620815215e-08,3.463670247037019907e-08,3.418198231871096503e-08,3.371147952305408175e-08,3.322514593777686865e-08,3.272296316067522102e-08,3.220494370344559084e-08,3.167113196913847556e-08,3.112160501533836593e-08,3.055647308377727035e-08,2.997587987959323887e-08,2.938000258648711452e-08,2.876905160757630370e-08,2.814327002573907735e-08,2.750293278161685380e-08,2.684834557210362592e-08,2.617984347699768699e-08,2.549778932640251832e-08,2.480257182631765080e-08,2.409460346452548860e-08,2.337431822323165892e-08,2.264216912883513680e-08,2.189862567258754011e-08,2.114417113866743510e-08,2.037929987829648606e-08,1.960451456995158558e-08,1.882032350652935149e-08,1.802723795062253825e-08,1.722576959910731417e-08,1.641642819842102842e-08,1.559971935290241441e-08,1.477614257148688268e-08,1.394618960479149382e-08,1.311034313847818037e-08,1.226907593565020716e-08,1.142285057185302350e-08,1.057212000204325904e-08,9.717329381747241732e-09,8.858919922745922725e-09,7.997336291831154774e-09,7.133040617541551681e-09,6.266539714438785484e-09,5.398440884387365156e-09,4.529575594792240673e-09,3.661305278677583987e-09,2.796405251666605152e-09,1.942302419113660081e-09,1.128672425305144797e-09,5.787903462705133458e-10,9.839625136191974508e-10,1.785673268982505793e-09,2.050176445412775772e-09,1.656267464615584031e-09,7.624299784121371028e-10,6.119086530374825791e-10,1.547425717669234640e-09,2.042408457748887879e-09,1.874380275422767026e-09,1.099059420052671582e-09,2.733901650797307862e-10,1.228845682441050250e-09,1.939594675146182005e-09,2.016620587434139871e-09,1.427720793801365075e-09,3.899468424368792735e-10,8.460465459667068577e-10,1.743248393743331847e-09,2.067210246419480493e-09,1.703592056169272178e-09,7.741414472700225548e-10,4.220351305492840033e-10,1.464661652521960255e-09,2.020714642097881133e-09,1.901703747212504438e-09,1.148265275212919753e-09,4.014786563671658726e-10,3.465984055889386899e-10,1.084613645864314864e-09,1.820560154466729414e-09,2.553583114178373601e-09,3.283728854827642608e-09,4.011021565060451510e-09,4.735415336017764031e-09,5.456796352488203216e-09,6.174990888873221630e-09,6.889773001159480991e-09,7.600870975229727429e-09,8.307972580685002038e-09,9.010729371917582350e-09,9.708760286072150369e-09,1.040165475196163506e-08,1.108897548217156255e-08,1.177026108245303523e-08,1.244502858015362343e-08,1.311277594663504771e-08,1.377298466655827441e-08,1.442512238872657656e-08,1.506864567813781694e-08,1.570300287643564034e-08,1.632763706763411420e-08,1.694198913750441722e-08,1.754550090812520835e-08,1.813761832364537052e-08,1.871779465916486751e-08,1.928549372171153945e-08,1.984019301049762305e-08,2.038138680290284796e-08,2.090858913287268879e-08,2.142133662955581359e-08,2.191919118593952175e-08,2.240174242987196515e-08,2.286860997307296414e-08,2.331944541741042302e-08,2.375393410173355152e-08,2.417179657678140847e-08,2.457278980000367954e-08,2.495670804642330096e-08,2.532338353583038305e-08,2.567268678052862209e-08,2.600452666147838409e-08,2.631885024392936619e-08,2.661564234646215105e-08,2.689492487972962592e-08,2.715675597309127326e-08,2.740122890876428646e-08,2.762847088408827154e-08,2.783864162303963389e-08,2.803193185827031531e-08,2.820856170472468253e-08,2.836877894535294130e-08,2.851285724863812680e-08,2.864109433663468794e-08,2.875381012102897061e-08,2.885134482342025135e-08,2.893405709462852027e-08,2.900232214639989807e-08,2.905652990743590447e-08,2.909708321424788079e-08,2.912439604595621635e-08,2.913889181083468528e-08,2.914100169115866172e-08,2.913116305176162781e-08,2.910981791664601436e-08,2.907741151703469289e-08,2.903436875822015502e-08,2.898101659480149269e-08,2.891759390678726428e-08,2.884428769790281670e-08,2.876127078524588933e-08,2.866874092476955149e-08,2.856696133639431530e-08,2.845630255269124519e-08,2.833728543180083214e-08,2.821062506517424523e-08,2.807727519024989533e-08,2.793847260143730262e-08,2.779578094832580137e-08,2.765113321629133542e-08,2.750687208460671474e-08,2.736578721340356847e-08,2.723114826377588832e-08,2.710673202819549316e-08,2.699684136504175172e-08,2.690631265199441924e-08,2.684050725239202223e-08,2.680528124150505889e-08,2.680692678486640934e-08,2.685207866409985661e-08,2.694758095291997611e-08,2.710031152555622099e-08,2.731696430871177280e-08,2.760378772364985509e-08,2.796626922632225379e-08,2.840874060539684049e-08,2.893386398045714917e-08,2.954195102771033383e-08,3.023005153323809720e-08,3.099068373892702976e-08,3.181001870594600847e-08,3.266553860615841721e-08,3.352376716621786589e-08,3.433898625436094621e-08
3.582623438747503756e-08,3.634769889729615893e-08,3.658424256214482684e-08,3.662345072114773877e-08,3.655378745592288139e-08,3.645141858939636285e-08,3.637288937285995794e-08,3.635480379585368500e-08,3.641682331229538406e-08,3.656486943559270652e-08,3.679421206579485900e-08,3.709277593643434109e-08,3.744444597097943118e-08,3.783188075845779777e-08,3.823852411488592046e-08,3.864979417334570212e-08,3.905361169620309257e-08,3.944048097275241809e-08,3.980331088966450131e-08,4.013711179698882757e-08,4.043865396867787757e-08,4.070613580644923702e-08,4.093888504845829823e-08,4.113710134078573547e-08,4.130164041172306110e-08,4.143383618191167399e-08,4.153535566405884713e-08,4.160808132219610020e-08,4.165401599726005564e-08,4.167520618207523817e-08,4.167368014218177631e-08,4.165139803112397553e-08,4.161021170014595074e-08,4.155183234483031550e-08,4.147780447357593516e-08,4.138948494127015665e-08,4.128802598552837646e-08,4.117436135255269642e-08,4.104919472455780128e-08,4.091298977938277854e-08,4.076596134293963228e-08,4.060806725345488972e-08,4.043904466676043036e-08,4.025858102325115249e-08,4.006635805598843895e-08,3.986205269507749958e-08,3.964533807150432162e-08,3.941588462325118673e-08,3.917336130562589405e-08,3.891743690671699673e-08,3.864778146772045901e-08,3.836406780657016034e-08,3.806597314184672430e-08,3.775318081233856222e-08,3.742538208589478747e-08,3.708227804935288097e-08,3.672358156936233270e-08,3.634901931188332761e-08,3.595833380604571815e-08,3.555128553594661106e-08,3.512765504188724285e-08,3.468724501055430203e-08,3.422988233179319307e-08,3.375542009796363031e-08,3.326373952047851766e-08,3.275475173707145548e-08,3.222839948268453800e-08,3.168465859667999070e-08,3.112353933941193517e-08,3.054508749209626905e-08,2.994938521541841773e-08,2.933655164443742555e-08,2.870674320007452345e-08,2.806015360078947156e-08,2.739701356189447399e-08,2.671759017425808291e-08,2.602218595880606742e-08,2.531113759810751497e-08,2.458481435129498863e-08,2.384361616344653309e-08,2.308797148518274399e-08,2.231833482243750829e-08,2.153518403999288860e-08,2.073901744531214353e-08,1.993035068141193948e-08,1.910971345905321639e-08,1.827764615966287790e-08,1.743469634171889167e-08,1.658141518600157754e-08,1.571835392129130224e-08,1.484606028572823972e-08,1.396507510739618293e-08,1.307592914426469244e-08,1.217914043418969362e-08,1.127521262082591965e-08,1.036463514405656916e-08,9.447887032939966509e-09,8.525447805836102381e-09,7.597822835851729312e-09,6.665599485774706652e-09,5.729572824125294311e-09,4.791042556693079005e-09,3.852583727984011766e-09,2.920365569141230013e-09,2.012915829643133137e-09,1.207568639381686151e-09,8.967417279630605042e-10,1.470347595250392258e-09,2.372178640117996190e-09,2.570796168658595894e-09,1.965653549786740042e-09,8.110422879442845268e-10,9.391384372907837345e-10,2.081209300973164628e-09,2.623573780048474598e-09,2.331913129103707775e-09,1.300710673321158527e-09,3.789836928050575167e-10,1.637665597862221019e-09,2.505493275152761657e-09,2.569352990848091641e-09,1.800346725692034482e-09,4.663475116279822491e-10,1.075478191984417967e-09,2.218900099751351876e-09,2.642641688343388189e-09,2.204010493128588603e-09,1.047285158150426794e-09,4.478172484214841673e-10,1.790687122169612172e-09,2.543225143640871838e-09,2.462293575054457111e-09,1.580305542276206948e-09,7.351995647943937437e-10,2.905708421337947768e-10,1.023602515006355432e-09,1.835139654437023095e-09,2.644680631738103879e-09,3.447612439863783165e-09,4.243426820560787506e-09,5.032212380613552317e-09,5.814099727102678153e-09,6.589140812468406567e-09,7.357286499333186192e-09,8.118390749337027927e-09,8.872221938182683112e-09,9.618475282034364819e-09,1.035678449174149377e-08,1.108673216835398480e-08,1.180785894073763959e-08,1.251967150405098978e-08,1.322164975127303847e-08,1.391325317681147207e-08,1.459392670256461524e-08,1.526310604528046872e-08,1.592022271464785272e-08,1.656470870603051183e-08,1.719600093050346552e-08,1.781354540769676066e-08,1.841680123351080209e-08,1.900524432460087145e-08,1.957837093420408621e-08,2.013570092899809492e-08,2.067678081386819258e-08,2.120118649038129629e-08,2.170852573511279334e-08,2.219844038546054322e-08,2.267060822294785217e-08,2.312474454702351703e-08,2.356060343579366449e-08,2.397797869377060161e-08,2.437670449042597397e-08,2.475665569694046971e-08,2.511774793192683671e-08,2.545993732996890501e-08,2.578322004949276109e-08,2.608763153871741121e-08,2.637324558019288182e-08,2.664017313571557394e-08,2.688856101422279073e-08,2.711859038563394862e-08,2.733047516356040751e-08,2.752446027939173635e-08,2.770081986953400318e-08,2.785985539657635525e-08,2.800189372394978949e-08,2.812728516226762292e-08,2.823640150405067314e-08,2.832963406198548597e-08,2.840739172428198778e-08,2.847009903912211054e-08,2.851819433865238819e-08,2.855212791149462016e-08,2.857236023134926347e-08,2.857936024795753940e-08,2.857360374548284961e-08,2.855557177227244949e-08,2.852574914497256704e-08,2.848462302909120651e-08,2.843268159733333346e-08,2.837041276636795910e-08,2.829830301212239506e-08,2.821682006808942772e-08,2.812636064358770567e-08,2.802726937809518199e-08,2.791987773307430751e-08,2.780454365780390060e-08,2.768169193152963551e-08,2.755185508707874660e-08,2.741571477085946649e-08,2.727414330680571875e-08,2.712824512310264182e-08,2.697939758476816114e-08,2.682929066297579605e-08,2.667996476684816281e-08,2.653384595722909625e-08,2.639377763028996756e-08,2.626304755782518758e-08,2.614540883861188256e-08,2.604509278202410707e-08,2.596681096263151313e-08,2.591574267564580525e-08,2.589750295569667797e-08,2.591808558485436768e-08,2.598377573964566751e-08,2.610102882085168387e-08,2.627631585716286342e-08,2.651594058648108774e-08,2.682583538995686131e-08,2.721133690013526831e-08,2.767692292570370168e-08,2.822586545752876141e-08,2.885973969444395993e-08,2.957774066035410041e-08,3.037575013343959838e-08,3.124495701274675635e-08,3.216964571816644542e-08,3.312410377115061634e-08,3.406963677260599169e-08,3.495276685261042122e-08
3.646481671117315412e-08,3.697342928257150547e-08,3.715092417175896724e-08,3.709893063881480298e-08,3.692037116347001829e-08,3.670427293346773250e-08,3.651620935142567617e-08,3.639857080536347488e-08,3.637489960651087846e-08,3.645337602150391295e-08,3.662971843510700170e-08,3.689065292355143293e-08,3.721779738764206831e-08,3.759114983368160375e-08,3.799161611256660599e-08,3.840248240176031010e-08,3.881003479411009613e-08,3.920361326095748108e-08,3.957535099678781753e-08,3.991977577934289214e-08,4.023338062434372615e-08,4.051422043974825070e-08,4.076155932637211087e-08,4.097557494197094006e-08,4.115711710347293946e-08,4.130751387179058407e-08,4.142841731892841479e-08,4.152168154927409912e-08,4.158926650589310265e-08,4.163316220028465773e-08,4.165532904929918408e-08,4.165765089948508115e-08,4.164189804568690295e-08,4.160969811725990905e-08,4.156251313507390221e-08,4.150162136288005006e-08,4.142810281462404879e-08,4.134282745985280018e-08,4.124644531493370923e-08,4.113937773860128155e-08,4.102180938492802523e-08,4.089368042280585865e-08,4.075472022093830055e-08,4.060460793295563434e-08,4.044301370311391775e-08,4.026959926480649136e-08,4.008401863280965522e-08,3.988591889503703501e-08,3.967494110912976679e-08,3.945072130863602287e-08,3.921289162282133771e-08,3.896108151329488863e-08,3.869491912962439078e-08,3.841403278493890015e-08,3.811805255117752169e-08,3.780661197212818670e-08,3.747934989071550478e-08,3.713591238514073362e-08,3.677595480645687595e-08,3.639914390799141020e-08,3.600516005472459034e-08,3.559369949831748432e-08,3.516447670099404065e-08,3.471722668895439614e-08,3.425170741347999727e-08,3.376770209544057486e-08,3.326502152658876688e-08,3.274350629889633431e-08,3.220302893131497831e-08,3.164349586180184994e-08,3.106484927129860011e-08,3.046706870564909219e-08,2.985017246122558090e-08,2.921421870033193895e-08,2.855930626326541642e-08,2.788557514521941727e-08,2.719320660793869426e-08,2.648242289810020036e-08,2.575348654665354270e-08,2.500669922564212610e-08,2.424240014113473542e-08,2.346096394259404190e-08,2.266279813005540507e-08,2.184833994067055065e-08,2.101805269534926164e-08,2.017242158444624068e-08,1.931194886906851710e-08,1.843714847263671076e-08,1.754853993800678963e-08,1.664664173308288681e-08,1.573196391075481200e-08,1.480500018305311830e-08,1.386621958512126285e-08,1.291605814158426857e-08,1.195491142594957074e-08,1.098312987222909824e-08,1.000102069983406558e-08,9.008864594988889876e-09,8.006964913687440870e-09,6.995770261024807758e-09,5.976171675018658474e-09,4.950252080212211639e-09,3.923361850684213358e-09,2.910830354008537179e-09,1.965167153262824751e-09,1.306693263577073704e-09,1.484185635702518822e-09,2.367663139839374759e-09,3.502305719835876651e-09,3.583980291873796643e-09,2.558934979006332981e-09,8.526338923287100252e-10,1.523403184544767513e-09,3.099441006354059539e-09,3.752816510251786992e-09,3.231027485293424148e-09,1.699986240226429567e-09,5.591787686267455877e-10,2.408605659272733831e-09,3.599422171351684169e-09,3.655773443534718225e-09,2.552340370453442309e-09,6.534087547876857499e-10,1.494436416622703488e-09,3.127828764808685245e-09,3.766164902954352548e-09,3.204192575175629748e-09,1.624397577235647250e-09,4.660939739531419466e-10,2.396716788930156796e-09,3.554252238466691958e-09,3.575011793330012378e-09,2.462805593029350985e-09,1.423318505154650165e-09,5.528091014194647813e-10,8.008642485747356206e-10,1.684049270678231488e-09,2.595989534974339972e-09,3.497617115373024372e-09,4.384495592830355534e-09,5.256547260970592022e-09,6.114452965898632048e-09,6.958909566732430881e-09,7.790450706690900537e-09,8.609415479938368385e-09,9.415960850520934861e-09,1.021008632123634798e-08,1.099166034219461308e-08,1.176044492220137573e-08,1.251611742664826739e-08,1.325828948493153365e-08,1.398652326420399890e-08,1.470034545839888692e-08,1.539925933731441792e-08,1.608275516090246516e-08,1.675031921471247619e-08,1.740144167462385404e-08,1.803562346679781155e-08,1.865238225343129816e-08,1.925125764631105079e-08,1.983181572769965588e-08,2.039365294090516395e-08,2.093639940013205898e-08,2.145972166007882820e-08,2.196332497950780857e-08,2.244695510902879849e-08,2.291039963105723361e-08,2.335348887886272897e-08,2.377609646142165275e-08,2.417813942110637156e-08,2.455957805182440132e-08,2.492041540586075087e-08,2.526069651822387867e-08,2.558050737764267227e-08,2.587997367343875806e-08,2.615925934726731816e-08,2.641856497817041925e-08,2.665812602852835423e-08,2.687821097735284564e-08,2.707911936597830178e-08,2.726117977961742545e-08,2.742474778650274645e-08,2.757020385448462687e-08,2.769795126304528291e-08,2.780841402675932214e-08,2.790203484432367091e-08,2.797927308542434767e-08,2.804060282593181627e-08,2.808651094024081469e-08,2.811749525801042644e-08,2.813406279112469862e-08,2.813672803539040477e-08,2.812601135031783853e-08,2.810243741929170104e-08,2.806653379152966663e-08,2.801882950644021107e-08,2.795985380032210738e-08,2.789013489478992210e-08,2.781019886585330710e-08,2.772056859221655668e-08,2.762176278109011976e-08,2.751429506961127077e-08,2.739866254854394391e-08,2.727531681378482540e-08,2.714469079155373809e-08,2.700723963279138684e-08,2.686348184687165849e-08,2.671404055901933491e-08,2.655968476715673393e-08,2.640137041679209557e-08,2.624028102185753858e-08,2.607786744869612703e-08,2.591588636048596143e-08,2.575643669577308165e-08,2.560199342414779207e-08,2.545543766810470722e-08,2.532008206960972090e-08,2.519968996176872897e-08,2.509848641716156284e-08,2.502115852947146791e-08,2.497284133852014549e-08,2.495908474725397054e-08,2.498579593949302597e-08,2.505915183589266215e-08,2.518547795979699104e-08,2.537109463005971671e-08,2.562213863847120472e-08,2.594437599795840045e-08,2.634302237613052906e-08,2.682257261100666453e-08,2.738660375393592147e-08,2.803747239327481969e-08,2.877582122492032636e-08,2.959987202441989957e-08,3.050450344968001566e-08,3.147982771238649464e-08,3.250851476380463539e-08,3.356167598477400274e-08,3.459509263376312982e-08,3.554714552996917612e-08
3.708268415160312201e-08,3.757694388863797274e-08,3.769315975841845787e-08,3.754749543382450819e-08,3.725807660266797820e-08,3.692770094695522227e-08,3.663090566202698057e-08,3.641547552261306972e-08,3.630890125149412330e-08,3.632198036471850320e-08,3.645104881481092923e-08,3.668142387046922580e-08,3.699197585897358389e-08,3.735948683061541714e-08,3.776183735573294185e-08,3.817982335006414044e-08,3.859786988771078524e-08,3.900403408847282359e-08,3.938963229325867414e-08,3.974871910080265196e-08,4.007755005749877899e-08,4.037409299704805175e-08,4.063761266407556283e-08,4.086833159391316059e-08,4.106716012591888342e-08,4.123548481786485859e-08,4.137500421686391273e-08,4.148760209346034437e-08,4.157524988022626596e-08,4.163993169505072763e-08,4.168358676809134098e-08,4.170806526820849234e-08,4.171509444560476703e-08,4.170625270646832328e-08,4.168294975493171678e-08,4.164641131877857642e-08,4.159766725455790775e-08,4.153754203615107903e-08,4.146664679451506123e-08,4.138537221758595167e-08,4.129388175781162925e-08,4.119210474868774612e-08,4.107976840722625666e-08,4.095654971043313424e-08,4.082211417752062557e-08,4.067611618424139577e-08,4.051819935798034980e-08,4.034799706106999098e-08,4.016513296973691772e-08,3.996922175592423692e-08,3.975986987895620417e-08,3.953667649360600938e-08,3.929923448058088661e-08,3.904713160473969307e-08,3.877995180549175965e-08,3.849727662278045088e-08,3.819868676081594770e-08,3.788376379027770729e-08,3.755209198804581797e-08,3.720326031163164927e-08,3.683686450335475908e-08,3.645250931694900982e-08,3.604981085667695422e-08,3.562839901618964308e-08,3.518792000130108709e-08,3.472803891756526552e-08,3.424844240007345241e-08,3.374884125925691190e-08,3.322897311271880420e-08,3.268860496926613634e-08,3.212753572740586429e-08,3.154559854664398296e-08,3.094266304601051502e-08,3.031863728034284045e-08,2.967346944098693616e-08,2.900714922369093667e-08,2.831970880249494345e-08,2.761122334425192766e-08,2.688181099387693257e-08,2.613163225528612226e-08,2.536088868696144698e-08,2.456982082380905069e-08,2.375870522807884428e-08,2.292785056118543708e-08,2.207759255500929252e-08,2.120828774559069915e-08,2.032030581452207632e-08,1.941402036532959570e-08,1.848979794732289587e-08,1.754798513535806317e-08,1.658889349588877139e-08,1.561278234755074287e-08,1.461983941773081295e-08,1.361015992480410466e-08,1.258372552701067688e-08,1.154038650731849558e-08,1.047985471640992519e-08,9.401724072751080927e-09,8.305557319027388693e-09,7.191133498760875213e-09,6.059107553443726827e-09,4.912836994198149434e-09,3.764048660712416200e-09,2.654075396662086120e-09,1.751994105401466166e-09,1.627784277891618131e-09,2.516409083618812232e-09,3.855685446194653765e-09,5.411677370267683235e-09,5.321450560884148206e-09,3.592639051856509919e-09,8.843640216628110341e-10,2.476169280710810196e-09,4.801493115028738789e-09,5.668633508197512874e-09,4.776937333664420603e-09,2.404177241909499268e-09,8.551139536626873806e-10,3.693520818948449348e-09,5.451364911528710666e-09,5.515066602959845599e-09,3.859346060756625561e-09,1.012916451479183767e-09,2.181539484420510327e-09,4.658390246564026314e-09,5.677448938760125235e-09,4.919911418795346206e-09,2.627842723536656632e-09,4.760935542899624031e-10,3.417772137422144040e-09,5.278953146122167802e-09,5.485174949593915032e-09,3.984357088830666202e-09,2.606164556985558705e-09,1.353148440437778623e-09,5.109253112036932786e-10,1.243749185819697688e-09,2.300415752368683479e-09,3.346269097502914599e-09,4.362856337544149357e-09,5.349983741138803413e-09,6.309841633774475822e-09,7.244721873463412707e-09,8.156557415292864919e-09,9.046852835288427493e-09,9.916716410285338423e-09,1.076691730276718699e-08,1.159794466932083518e-08,1.241006151511567322e-08,1.320335148662989302e-08,1.397775867744797311e-08,1.473312114856942923e-08,1.546919901467142623e-08,1.618569791669093457e-08,1.688228860730708977e-08,1.755862326799634169e-08,1.821434907386921617e-08,1.884911943254978268e-08,1.946260324755884813e-08,2.005449249432866636e-08,2.062450834653966428e-08,2.117240605011613996e-08,2.169797871018750180e-08,2.220106013102434429e-08,2.268152682901765694e-08,2.313929932302224704e-08,2.357434279387094895e-08,2.398666719480226316e-08,2.437632688630700700e-08,2.474341986199878181e-08,2.508808662617289508e-08,2.541050877845756056e-08,2.571090735617557543e-08,2.598954098058334370e-08,2.624670384894472179e-08,2.648272361037508245e-08,2.669795915952994912e-08,2.689279837850454042e-08,2.706765585376181053e-08,2.722297059152897458e-08,2.735920375191202627e-08,2.747683641898970371e-08,2.757636742137572301e-08,2.765831121519032675e-08,2.772319583906504608e-08,2.777156094871805895e-08,2.780395593677892118e-08,2.782093814190402343e-08,2.782307114979730675e-08,2.781092318752319677e-08,2.778506561145602934e-08,2.774607148833838165e-08,2.769451426820419951e-08,2.763096654734707906e-08,2.755599891906431616e-08,2.747017890957069435e-08,2.737406999623888250e-08,2.726823070517449331e-08,2.715321378506274968e-08,2.702956545422072460e-08,2.689782471784574914e-08,2.675852275256044907e-08,2.661217672051858112e-08,2.645928178956045067e-08,2.630034475617869553e-08,2.613592649993912742e-08,2.596668430305724346e-08,2.579341391994303605e-08,2.561709126609619406e-08,2.543891353496454489e-08,2.526033945808276133e-08,2.508312830828300934e-08,2.490937711396047378e-08,2.474155540309077825e-08,2.458253661694066260e-08,2.443562509844392025e-08,2.430457722481316098e-08,2.419361475817577731e-08,2.410742776818409862e-08,2.405116350066642197e-08,2.403039638063482314e-08,2.405107319345201671e-08,2.411942695987898701e-08,2.424185412360371237e-08,2.442475378828064697e-08,2.467433607068413615e-08,2.499641871022113045e-08,2.539624219486906716e-08,2.587833236924491389e-08,2.644640935556680773e-08,2.710327546056394397e-08,2.785054510954240646e-08,2.868809748555131017e-08,2.961330097910253438e-08,3.062015901525793531e-08,3.169798909077835745e-08,3.282822393616794102e-08,3.397883502582214324e-08,3.509967600761482546e-08,3.612071502366737254e-08
3.767673249826347285e-08,3.815474279795190471e-08,3.820794351091928761e-08,3.796714791634610561e-08,3.756634339463014261e-08,3.712303727911881269e-08,3.672025263133144932e-08,3.641041550433130121e-08,3.622503639628490702e-08,3.617804935760397668e-08,3.626665966293006842e-08,3.647453227452172095e-08,3.677723138496195243e-08,3.714771107525724951e-08,3.756032767727593946e-08,3.799305516212576800e-08,3.842827922638590487e-08,3.885270984878864185e-08,3.925685620676594291e-08,3.963435189706740063e-08,3.998128813302446465e-08,4.029562643877895404e-08,4.057671305352334802e-08,4.082489249476569746e-08,4.104120734669517766e-08,4.122716856311039827e-08,4.138458137993687841e-08,4.151541412444932097e-08,4.162169968585493919e-08,4.170546168299826716e-08,4.176865925520232721e-08,4.181314589034237894e-08,4.184063883414340966e-08,4.185269646144006435e-08,4.185070159923260752e-08,4.183584923046575326e-08,4.180913732416447335e-08,4.177135977004764063e-08,4.172310057443050203e-08,4.166472862378525330e-08,4.159639246358664760e-08,4.151801469172071417e-08,4.142932306341657623e-08,4.132999533087247190e-08,4.121969600267243218e-08,4.109807640413275946e-08,4.096477480180668577e-08,4.081941660031193995e-08,4.066161461991085606e-08,4.049096946346141099e-08,4.030706998145509443e-08,4.010949384385205433e-08,3.989780822729916984e-08,3.967157062605753752e-08,3.943032979455358372e-08,3.917362682888464149e-08,3.890099639383319407e-08,3.861196810095103934e-08,3.830606804204115109e-08,3.798282048086206553e-08,3.764174970407817425e-08,3.728238203034808400e-08,3.690424797394775843e-08,3.650688455643095143e-08,3.608983775650070784e-08,3.565266508446430978e-08,3.519493826333461420e-08,3.471624599378370161e-08,3.421619677471272802e-08,3.369442174513423753e-08,3.315057750632516511e-08,3.258434887574937676e-08,3.199545151600435629e-08,3.138363437293551814e-08,3.074868184697411864e-08,3.009041561054387960e-08,2.940869597184852371e-08,2.870342267123022129e-08,2.797453498023015972e-08,2.722201095503344021e-08,2.644586567457559727e-08,2.564614826852988658e-08,2.482293751086530679e-08,2.397633571974970332e-08,2.310646066334145450e-08,2.221343512269956301e-08,2.129737370739443259e-08,2.035836645738624102e-08,1.939645869989725366e-08,1.841162657111978610e-08,1.740374757900114382e-08,1.637256561574267404e-08,1.531765001203647005e-08,1.423834873906216033e-08,1.313373709934427830e-08,1.200256608910726450e-08,1.084322118609672767e-08,9.653718086086709031e-09,8.431802274313607266e-09,7.175332765888655525e-09,5.883493106020148196e-09,4.560756913017562695e-09,3.232277235316489349e-09,2.023830834227218638e-09,1.572350794534962967e-09,2.563445319237438024e-09,4.215290528367279797e-09,6.163316413611401180e-09,8.362582973985579613e-09,8.018272475350107322e-09,5.218845011683713240e-09,9.214159994547123819e-10,3.926535499623652861e-09,7.393393396720715350e-09,8.599555147760455364e-09,7.154026680191578807e-09,3.500259834916364861e-09,1.323546109856328535e-09,5.657508276705051790e-09,8.294337694289406245e-09,8.382194194637238449e-09,5.890629679480395928e-09,1.600683885624712995e-09,3.210783569055147911e-09,6.989018367491443583e-09,8.603754260636777433e-09,7.556583682921262191e-09,4.176980960830168720e-09,4.959839251783726975e-10,4.990818040163914827e-09,7.945725330694899649e-09,8.449778799287427106e-09,6.360277130126379670e-09,4.480826614901507233e-09,2.775081008599028647e-09,1.221924860220222562e-09,3.755171514008533560e-10,1.641383664127750309e-09,2.908010750261995399e-09,4.112381389115044139e-09,5.260183800751464943e-09,6.358368643969864728e-09,7.412860818470650492e-09,8.428429445767157832e-09,9.408827227382879053e-09,1.035696054720958184e-08,1.127504539954960971e-08,1.216474099366997578e-08,1.302726158811411816e-08,1.386346919946161839e-08,1.467395010479815235e-08,1.545907781023422064e-08,1.621906478457654447e-08,1.695400488531650590e-08,1.766390807302724896e-08,1.834872872882140340e-08,1.900838865558245950e-08,1.964279565158251014e-08,2.025185838845773298e-08,2.083549819829750111e-08,2.139365827148891546e-08,2.192631068340401932e-08,2.243346160022553378e-08,2.291515495904779019e-08,2.337147487230640219e-08,2.380254696951589236e-08,2.420853885857118727e-08,2.458965986317828956e-08,2.494616017128285533e-08,2.527832951085218670e-08,2.558649545340833308e-08,2.587102143182779311e-08,2.613230454675051921e-08,2.637077322520169405e-08,2.658688478551666779e-08,2.678112295421395124e-08,2.695399537296403136e-08,2.710603112715679907e-08,2.723777832170199584e-08,2.734980172453828115e-08,2.744268049382053932e-08,2.751700600084715811e-08,2.757337975742902415e-08,2.761241145354020629e-08,2.763471710868048276e-08,2.764091733837458044e-08,2.763163573558973723e-08,2.760749736552951119e-08,2.756912737121787122e-08,2.751714968648828651e-08,2.745218585240270864e-08,2.737485393271609176e-08,2.728576752374483221e-08,2.718553485386905212e-08,2.707475796787761372e-08,2.695403199143195862e-08,2.682394447106641632e-08,2.668507478534298266e-08,2.653799362302849690e-08,2.638326252445172496e-08,2.622143348251933891e-08,2.605304860021861130e-08,2.587863860657759491e-08,2.569873336118928297e-08,2.551390133945996225e-08,2.532479338432659543e-08,2.513218608566044796e-08,2.493702468793708599e-08,2.474046540914819536e-08,2.454391699274631552e-08,2.434908121963352683e-08,2.415799198483873337e-08,2.397305239337162886e-08,2.379706914220221401e-08,2.363328320750045843e-08,2.348539550822061047e-08,2.335758571028943371e-08,2.325452159809576255e-08,2.318135540600140550e-08,2.314370215956803669e-08,2.314759355445376064e-08,2.319939961961595607e-08,2.330571026853351581e-08,2.347317136547375870e-08,2.370827715742899952e-08,2.401713450931762128e-08,2.440523330374525122e-08,2.487727379055178384e-08,2.543709673543489291e-08,2.608770883378356654e-08,2.683128297918272079e-08,2.766890064824601652e-08,2.859986238520645756e-08,2.962075612109618044e-08,3.072475163169078388e-08,3.190065237746556586e-08,3.312916588019714063e-08,3.437519300230798652e-08,3.558207562979515637e-08,3.667119767244078691e-08
3.824335276827569157e-08,3.870276258622640350e-08,3.869175066676676646e-08,3.835532522266092996e-08,3.784401668697091435e-08,3.729101808108644285e-08,3.678681596229030300e-08,3.638737054595229260e-08,3.612839236164252028e-08,3.602768393377140898e-08,3.608362588877590578e-08,3.627790133451344167e-08,3.658210089546723918e-08,3.696468229753357582e-08,3.739598644958687222e-08,3.785088438053906281e-08,3.830961188938117539e-08,3.875753440753491312e-08,3.918442038940971616e-08,3.958357833069766700e-08,3.995103945998098465e-08,4.028486039641686030e-08,4.058456205883361989e-08,4.085069416826180594e-08,4.108450490867248874e-08,4.128769403883366866e-08,4.146223012031208155e-08,4.161021603863260634e-08,4.173379047850914234e-08,4.183505600778985270e-08,4.191602681272098386e-08,4.197859094718298285e-08,4.202448330407937338e-08,4.205526649076570203e-08,4.207231748489511433e-08,4.207681843865559447e-08,4.206975034803406417e-08,4.205188855542167426e-08,4.202379924362734696e-08,4.198583623439775681e-08,4.193813754688063051e-08,4.188062132023391940e-08,4.181301666100346565e-08,4.173500301788289753e-08,4.164624530571889673e-08,4.154639374107184181e-08,4.143508372396507208e-08,4.131193577393289423e-08,4.117655552900264731e-08,4.102853381672287547e-08,4.086744680676052208e-08,4.069285625492237365e-08,4.050430984869149648e-08,4.030134166448921183e-08,4.008347274685587654e-08,3.985021181956497961e-08,3.960105613831620842e-08,3.933549249406237283e-08,3.905299837517538191e-08,3.875304329550421901e-08,3.843509029387349049e-08,3.809859760865927738e-08,3.774302052869120040e-08,3.736781341879475872e-08,3.697243191471858596e-08,3.655633527789348820e-08,3.611898889533479280e-08,3.565986690390628628e-08,3.517845491097603838e-08,3.467425277505765689e-08,3.414677740017142473e-08,3.359556548617817990e-08,3.302017616400236413e-08,3.242019342919901959e-08,3.179522826940423636e-08,3.114492036044724701e-08,3.046893918180711554e-08,2.976698437406673582e-08,2.903878512829902549e-08,2.828409835897494383e-08,2.750270536683689018e-08,2.669440664477879174e-08,2.585901441632551593e-08,2.499634242063883217e-08,2.410619236751892953e-08,2.318833637765815634e-08,2.224249459421839836e-08,2.126830699852096882e-08,2.026529828303248807e-08,1.923283442935474840e-08,1.817006941454381928e-08,1.707588024766208903e-08,1.594878837564521679e-08,1.478686552689549188e-08,1.358762260275693287e-08,1.234788207427187510e-08,1.106363957472646247e-08,9.729934921264089678e-09,8.340795481918287789e-09,6.889454957086658917e-09,5.369600524095758320e-09,3.781248362111366603e-09,2.168366698820487401e-09,1.093810219108615818e-09,2.319231524518588466e-09,4.414461385191440966e-09,6.832970097272057872e-09,9.565973946862937607e-09,1.266748473342622052e-08,1.194663099707274434e-08,7.608721788861451727e-09,1.028628763208813975e-09,5.993649945511539183e-09,1.107982223512701568e-08,1.276931113926054286e-08,1.053382146896561070e-08,5.053572233200273861e-09,2.034805823658985793e-09,8.486576815708216995e-09,1.238065697134762826e-08,1.250720219517669399e-08,8.825990258977849567e-09,2.480129160532395546e-09,4.654036595178216082e-09,1.029601973780506204e-08,1.276922355748194395e-08,1.131368186410300255e-08,6.379764009832431176e-09,5.670338946400057614e-10,7.279230038894277970e-09,1.181894248722835419e-08,1.276820946342647344e-08,9.847213019593785008e-09,7.280539057376851580e-09,5.003705411463261728e-09,2.968659864836399476e-09,1.162909840809677243e-09,7.372290703702938533e-10,2.208292586177877346e-09,3.641513667570768426e-09,4.989732585630516490e-09,6.260469174568793785e-09,7.463145732538044915e-09,8.605960960870046003e-09,9.695627438147978300e-09,1.073752421307699141e-08,1.173591087666184982e-08,1.269413035216961243e-08,1.361478490810715987e-08,1.449988430621310775e-08,1.535096882394355638e-08,1.616921068376572689e-08,1.695549728704800596e-08,1.771049925089435654e-08,1.843472580422814817e-08,1.912856968920133800e-08,1.979234335700947449e-08,2.042630794538814230e-08,2.103069627352899517e-08,2.160573088198943616e-08,2.215163797343325086e-08,2.266865796844137172e-08,2.315705327375280043e-08,2.361711376358727008e-08,2.404916039440711159e-08,2.445354730653246177e-08,2.483066270994766327e-08,2.518092880443389596e-08,2.550480094423495909e-08,2.580276622353640301e-08,2.607534163009961018e-08,2.632307188963324147e-08,2.654652710226098162e-08,2.674630025423724659e-08,2.692300467245054997e-08,2.707727147589245009e-08,2.720974706686791641e-08,2.732109069503672878e-08,2.741197211919243343e-08,2.748306938482115067e-08,2.753506672977176994e-08,2.756865262566714839e-08,2.758451795885917670e-08,2.758335435166263554e-08,2.756585262218577429e-08,2.753270137921576020e-08,2.748458574722794281e-08,2.742218621559595653e-08,2.734617760541660615e-08,2.725722814697312074e-08,2.715599866069130827e-08,2.704314183445231891e-08,2.691930159027717141e-08,2.678511253365978479e-08,2.664119947917165425e-08,2.648817704637137343e-08,2.632664932050797507e-08,2.615720957299546588e-08,2.598044003714539873e-08,2.579691173516734812e-08,2.560718435297750342e-08,2.541180615988954948e-08,2.521131662819119696e-08,2.500627295364745212e-08,2.479729458870801012e-08,2.458510814932227307e-08,2.437059182646336322e-08,2.415481923288763460e-08,2.393910260052953433e-08,2.372503518592949267e-08,2.351453264671546419e-08,2.330987302220550555e-08,2.311373477799815298e-08,2.292923213809644757e-08,2.275994659223472570e-08,2.260995297388150436e-08,2.248383777845741033e-08,2.238670634255023480e-08,2.232417406152077171e-08,2.230233499634133486e-08,2.232769923123430673e-08,2.240708882567719028e-08,2.254748247532121527e-08,2.275580328001905914e-08,2.303865528024274442e-08,2.340203511078386065e-08,2.385107368805354819e-08,2.438988732651174826e-08,2.502160852571866645e-08,2.574857987094419695e-08,2.657250971004705152e-08,2.749420337901804086e-08,2.851259787936630502e-08,2.962351568954398103e-08,3.081919292821273832e-08,3.208814516819850120e-08,3.341103349910654200e-08,3.474984671633334881e-08,3.604056376450428514e-08,3.719585830761063455e-08
3.877878433871562783e-08,3.921678951482644199e-08,3.914097004569185885e-08,3.870930567494891380e-08,3.808976690606345798e-08,3.743217864367127966e-08,3.683277529681404357e-08,3.634967474276328398e-08,3.602322392377497201e-08,3.587606435375157471e-08,3.590804149125805551e-08,3.609836792671325511e-08,3.641385718640216171e-08,3.681775970997802532e-08,3.727594880043262138e-08,3.775999209012994306e-08,3.824795311894429160e-08,3.872393232015664431e-08,3.917708291228481229e-08,3.960052541905380362e-08,3.999036175886482656e-08,4.034486002132433568e-08,4.066381581376758440e-08,4.094806852569467907e-08,4.119914288200917712e-08,4.141898716865751554e-08,4.160978392187130619e-08,4.177381396867917104e-08,4.191335933630582055e-08,4.203063433170969931e-08,4.212773700547115519e-08,4.220661537268027760e-08,4.226904432099645659e-08,4.231661023889936523e-08,4.235070116808617808e-08,4.237250081949133786e-08,4.238298516548910335e-08,4.238292058550201954e-08,4.237286273823705832e-08,4.235315549081347480e-08,4.232392937627334620e-08,4.228509919579112933e-08,4.223639511618603236e-08,4.217749800169605875e-08,4.210807325856725183e-08,4.202777047016675067e-08,4.193622306025975762e-08,4.183304799195149644e-08,4.171784551052690442e-08,4.159019893912677727e-08,4.144967453686828137e-08,4.129582142962954401e-08,4.112817162425565982e-08,4.094624011738318762e-08,4.074952511039673726e-08,4.053750834219266575e-08,4.030965555139810086e-08,4.006541707943326651e-08,3.980422862526386973e-08,3.952551216180925579e-08,3.922867702267922745e-08,3.891312116612699828e-08,3.857823262073027884e-08,3.822339111422870576e-08,3.784796988302155329e-08,3.745133765490392529e-08,3.703286079150807129e-08,3.659190556940231523e-08,3.612784056963464618e-08,3.564003913439820426e-08,3.512788183610557413e-08,3.459075888809492488e-08,3.402807240699309272e-08,3.343923841389061481e-08,3.282368843430191267e-08,3.218087052462840494e-08,3.151024951459541733e-08,3.081130620978040365e-08,3.008353524452439671e-08,2.932644121153518489e-08,2.853953261825986580e-08,2.772231312901850561e-08,2.687426944269403676e-08,2.599485502438443637e-08,2.508346875072062987e-08,2.413942733610337401e-08,2.316193017281117889e-08,2.215001493155448821e-08,2.110250191764237493e-08,2.001792474499187401e-08,1.889444435459386219e-08,1.772974273839437195e-08,1.652089189808964271e-08,1.526419252377512333e-08,1.395497555655836886e-08,1.258735811748264801e-08,1.115394313121169525e-08,9.645449215470207034e-09,8.050253969862881261e-09,6.353830149609000632e-09,4.538055023983503810e-09,2.580431464641099735e-09,4.563564560692261615e-10,1.884450363103117602e-09,4.468081596347142534e-09,7.358084458184723096e-09,1.062442630848981448e-08,1.435657150964734280e-08,1.866945656404318992e-08,1.741444999603147277e-08,1.096715993094147784e-08,1.327008671782836251e-09,8.753297611299109754e-09,1.603038739871011740e-08,1.837386268334572474e-08,1.506801129947518860e-08,7.117945153846896411e-09,3.058820988209582924e-09,1.235712297065021134e-08,1.794655303409801104e-08,1.812153404743451218e-08,1.282957555562163121e-08,3.714352897633828138e-09,6.593922368924766869e-09,1.475052654730903554e-08,1.838004636925716554e-08,1.636162878185849847e-08,9.305086367433789124e-09,6.958836451848787791e-10,1.048167075557904463e-08,1.719781613180781977e-08,1.876883341766003875e-08,1.471967551575412088e-08,1.124397035082647679e-08,8.239506660206646494e-09,5.638710694352098952e-09,3.433740495666926784e-09,1.864013884859704270e-09,1.941385250927472735e-09,3.240515340358190109e-09,4.703243532748845452e-09,6.124424206618608254e-09,7.472951037853197071e-09,8.747421664562743069e-09,9.952781042282147174e-09,1.109499861074236529e-08,1.217962599452201337e-08,1.321142816087219063e-08,1.419435467178005196e-08,1.513162136093894116e-08,1.602582189542663272e-08,1.687903945002891688e-08,1.769294776220832630e-08,1.846889841869281825e-08,1.920799430746249147e-08,1.991115037542076523e-08,2.057914322784427039e-08,2.121265114878016989e-08,2.181228601681153825e-08,2.237861843183656600e-08,2.291219719866206873e-08,2.341356415131482636e-08,2.388326515559454062e-08,2.432185799864235052e-08,2.472991776276996451e-08,2.510804018500827302e-08,2.545684342196247306e-08,2.577696856976700494e-08,2.606907922952395754e-08,2.633386035809111059e-08,2.657201660117181381e-08,2.678427026925242803e-08,2.697135908610454768e-08,2.713403381353106430e-08,2.727305583411640264e-08,2.738919475537003634e-08,2.748322608333576126e-08,2.755592900105148147e-08,2.760808427681476621e-08,2.764047231871638214e-08,2.765387138506323840e-08,2.764905595487777034e-08,2.762679525841522757e-08,2.758785196439484540e-08,2.753298101823003137e-08,2.746292862382414123e-08,2.737843136034729136e-08,2.728021542472025879e-08,2.716899599021301605e-08,2.704547667154018570e-08,2.691034908703890487e-08,2.676429250889251211e-08,2.660797359287041842e-08,2.644204617965316446e-08,2.626715116047506515e-08,2.608391640051678306e-08,2.589295671420221805e-08,2.569487388728227738e-08,2.549025674131199984e-08,2.527968123684136684e-08,2.506371061233878423e-08,2.484289555654858556e-08,2.461778034741361908e-08,2.438894300843135197e-08,2.415704417319953680e-08,2.392287307750199044e-08,2.368739302763891187e-08,2.345178631954841551e-08,2.321749857557784529e-08,2.298628241526960407e-08,2.276024028571300147e-08,2.254186614061923631e-08,2.233408545883297037e-08,2.214029280028823184e-08,2.196438565738732706e-08,2.181079269441168787e-08,2.168449347449260960e-08,2.159102533909903525e-08,2.153647114313710303e-08,2.152741909071285719e-08,2.157088328075102002e-08,2.167417164521527832e-08,2.184468858489828406e-08,2.208966591238109281e-08,2.241583197245652977e-08,2.282905876085802288e-08,2.333406877924511641e-08,2.393432037499448295e-08,2.463217837286004770e-08,2.542934609742923688e-08,2.632724485430853655e-08,2.732671988866730020e-08,2.842661927707888788e-08,2.962196955014359347e-08,3.090377986016716158e-08,3.226036317532388776e-08,3.367319256696988241e-08,3.510170152000275723e-08,3.647332987891043740e-08,3.769183750779971473e-08
3.927939462950543378e-08,3.969281668974285083e-08,3.955225204933212860e-08,3.902652817410182320e-08,3.830242976861440098e-08,3.754714610423757405e-08,3.686012011225697116e-08,3.630017065230584514e-08,3.591314130231308725e-08,3.572769445905187723e-08,3.574529585338102065e-08,3.594195854740922832e-08,3.627876905574571248e-08,3.671305100277423040e-08,3.720583995077966756e-08,3.772531262858736102e-08,3.824744324010804300e-08,3.875522851814995100e-08,3.923738817406034777e-08,3.968702665197522724e-08,4.010046600059979667e-08,4.047630988413829142e-08,4.081472915616722775e-08,4.111693347992037641e-08,4.138478869024699148e-08,4.162054369130834452e-08,4.182663755869945257e-08,4.200556441143735273e-08,4.215977949185917546e-08,4.229163449906131221e-08,4.240333366285347739e-08,4.249690453195473910e-08,4.257417920501286553e-08,4.263678295001021339e-08,4.268612799147431260e-08,4.272341081292683788e-08,4.274961171024022396e-08,4.276549560194857806e-08,4.277161329932207413e-08,4.276830259415114160e-08,4.275568865975823978e-08,4.273368340028293451e-08,4.270201718794194966e-08,4.266037140343755296e-08,4.260841131823170973e-08,4.254578554800420136e-08,4.247212551691648877e-08,4.238704493919029911e-08,4.229013932540231616e-08,4.218098552179013366e-08,4.205914129174651096e-08,4.192414494952919306e-08,4.177551505701158795e-08,4.161275019501883075e-08,4.143532882140346946e-08,4.124270922847802266e-08,4.103432961269399430e-08,4.080960826948596765e-08,4.056794392592193128e-08,4.030871622314122403e-08,4.003128635942849319e-08,3.973499790305732153e-08,3.941917778160905942e-08,3.908313745117490578e-08,3.872617424449706743e-08,3.834757289147280502e-08,3.794660719827317389e-08,3.752254186230219231e-08,3.707463438897478958e-08,3.660213706238972691e-08,3.610429890490651235e-08,3.558036753980361475e-08,3.502959084589383188e-08,3.445121826237066424e-08,3.384450156527690632e-08,3.320869489266376837e-08,3.254305374236743780e-08,3.184683260273014283e-08,3.111928080057533300e-08,3.035963605996688697e-08,2.956711515693815487e-08,2.874090092613449575e-08,2.788012472123827637e-08,2.698384324759153373e-08,2.605100846751667082e-08,2.508042902116724881e-08,2.407072130363377774e-08,2.302024799028691766e-08,2.192704141141282767e-08,2.078870876433973579e-08,1.960231577307315730e-08,1.836424520240021371e-08,1.707002694472285353e-08,1.571413805586183142e-08,1.428977625517487985e-08,1.278862488886516538e-08,1.120066889073465650e-08,9.514250565168807952e-09,7.717018061134966593e-09,5.800497585284191003e-09,3.784267088706008555e-09,1.926704915226353891e-09,2.203320243958278466e-09,4.701350518524606687e-09,7.859040585462915298e-09,1.153542583927774706e-08,1.580019186351801550e-08,2.078270425896254238e-08,2.666299340710493864e-08,2.468988741541882718e-08,1.547911992214570553e-08,1.996252742132369682e-09,1.228844002246371434e-08,2.240967782461341428e-08,2.561232310525757328e-08,2.093665320589545794e-08,9.818809908662628182e-09,4.407583788967110656e-09,1.732679260023251746e-08,2.508537429333987374e-08,2.531021947132794315e-08,1.793807913378389781e-08,5.306958997851895635e-09,9.221902214986797178e-09,2.057891437073729240e-08,2.566575229615471042e-08,2.287803551274368797e-08,1.302972579733973602e-08,9.389002648467486367e-10,1.477602601187250127e-08,2.434487254132124966e-08,2.673612353058863280e-08,2.121163924928206341e-08,1.656886891406625651e-08,1.264728748126795539e-08,9.340543509784159429e-09,6.608802255190883076e-09,4.539714347323924693e-09,3.482069920120527460e-09,3.758875906333996663e-09,4.874752874694084653e-09,6.245855194021541678e-09,7.644124611570768346e-09,8.999285901129722115e-09,1.029107666828031741e-08,1.151569984990495178e-08,1.267497186305326026e-08,1.377245802803131586e-08,1.481201200055552895e-08,1.579722801118180336e-08,1.673126351586640844e-08,1.761681630868045406e-08,1.845616422527801684e-08,1.925122669837943996e-08,2.000362986843082841e-08,2.071476726580364952e-08,2.138585295776843926e-08,2.201796637862651149e-08,2.261208914707602776e-08,2.316913464521124426e-08,2.368997129605765868e-08,2.417544048693299102e-08,2.462637002444618193e-08,2.504358391528108698e-08,2.542790916658236180e-08,2.578018020159704863e-08,2.610124139534679550e-08,2.639194815358187886e-08,2.665316688657124795e-08,2.688577416707277952e-08,2.709065530838105534e-08,2.726870255279825722e-08,2.742081302231775093e-08,2.754788655088948946e-08,2.765082349055442349e-08,2.773052256126947009e-08,2.778787879575130407e-08,2.782378161557399914e-08,2.783911306256031654e-08,2.783474619976705859e-08,2.781154368869777431e-08,2.777035654344467655e-08,2.771202305797783788e-08,2.763736789951120018e-08,2.754720135856837248e-08,2.744231874486132575e-08,2.732349991722654059e-08,2.719150893550288986e-08,2.704709382227266258e-08,2.689098642272855222e-08,2.672390235149832792e-08,2.654654101599178221e-08,2.635958570668023891e-08,2.616370374563571825e-08,2.595954668561274995e-08,2.574775055292442334e-08,2.552893612832812454e-08,2.530370926107982649e-08,2.507266121223180107e-08,2.483636902412995367e-08,2.459539591391312663e-08,2.435029168962761669e-08,2.410160184958455614e-08,2.384991911730814965e-08,2.359593599453572538e-08,2.334049180324214813e-08,2.308461925149639270e-08,2.282959055613648665e-08,2.257696316048710658e-08,2.232862504775802759e-08,2.208683956843866532e-08,2.185428956089915062e-08,2.163412032197158532e-08,2.142998063180269681e-08,2.124606048158911840e-08,2.108712328935726934e-08,2.095852908271265945e-08,2.086624322958240513e-08,2.081682269607481801e-08,2.081736854372782153e-08,2.087542986039573349e-08,2.099884171635177166e-08,2.119548050433173461e-08,2.147292843198534725e-08,2.183806102388001904e-08,2.229661301446217449e-08,2.285283786893381514e-08,2.350943241499799332e-08,2.426788840056182453e-08,2.512925021169707823e-08,2.609482301098477281e-08,2.716587114789627554e-08,2.834152910758471720e-08,2.961599765552304066e-08,3.097854236150095168e-08,3.241709647389693705e-08,3.391494535096689264e-08,3.542968010456951036e-08,3.687871579733971530e-08,3.815641212217852707e-08
3.974188989275079666e-08,4.012734074698761783e-08,3.992276170845573604e-08,3.930482997267968581e-08,3.848126837727107371e-08,3.763682496471927310e-08,3.687073584849006691e-08,3.624128552428425270e-08,3.580124457294564125e-08,3.558658514123593099e-08,3.560025949572570249e-08,3.581404291972806014e-08,3.618221875601979574e-08,3.665551217195697001e-08,3.718988348405122168e-08,3.775017314609010450e-08,3.831046378151919945e-08,3.885288862638034297e-08,3.936596319810186346e-08,3.984297228529089991e-08,4.028061667251585585e-08,4.067795936164761769e-08,4.103564121563307410e-08,4.135531416794266132e-08,4.163923995304812024e-08,4.189001021620663856e-08,4.211035353897078457e-08,4.230300375184180570e-08,4.247061106073252901e-08,4.261568294077226418e-08,4.274054569856332076e-08,4.284732039263284096e-08,4.293790872911166156e-08,4.301398585954077416e-08,4.307699788726233197e-08,4.312816247581613863e-08,4.316847134571710730e-08,4.319869371419562885e-08,4.321937992420075544e-08,4.323086465809345522e-08,4.323326926268055773e-08,4.322650284496559191e-08,4.321029493519223125e-08,4.318432631558486481e-08,4.314826121729270786e-08,4.310174660634839254e-08,4.304441146410884033e-08,4.297586606746020941e-08,4.289570127509301092e-08,4.280348782720896426e-08,4.269877566709265786e-08,4.258109329405043484e-08,4.244994715826430043e-08,4.230482110909824047e-08,4.214517590929718518e-08,4.197044882828852684e-08,4.178005332838316054e-08,4.157337885801395434e-08,4.134979076616922202e-08,4.110863035178503409e-08,4.084921506094461257e-08,4.057083884316059826e-08,4.027277267562927198e-08,3.995426526094934773e-08,3.961454389916441480e-08,3.925281552883739543e-08,3.886826792386963866e-08,3.846007102254307490e-08,3.802737835232305832e-08,3.756932849776256671e-08,3.708504653874269886e-08,3.657364536150659757e-08,3.603422671459734369e-08,3.546588184485388207e-08,3.486769150384032583e-08,3.423872506109408577e-08,3.357803839579128219e-08,3.288467016107392303e-08,3.215763592343242259e-08,3.139591957119504937e-08,3.059846125946485142e-08,2.976414101239606545e-08,2.889175693739075588e-08,2.797999682215894642e-08,2.702740169249457514e-08,2.603231972439883577e-08,2.499284876749473244e-08,2.390676572605793632e-08,2.277144131749903161e-08,2.158373960656812471e-08,2.033990386227012137e-08,1.903543512980426983e-08,1.766498064671136908e-08,1.622227342416893279e-08,1.470022112322936601e-08,1.309138450898524250e-08,1.138947363370705810e-08,9.593673945397096445e-09,7.721770816555843925e-09,5.855013793961342887e-09,4.307786163585898189e-09,4.013909668704682543e-09,5.677691209019380980e-09,8.640058442060119497e-09,1.243841180319207925e-08,1.700895093425046167e-08,2.244520692495461460e-08,2.892793037479360678e-08,3.672055261167337270e-08,3.380493546009514122e-08,2.113882035819349499e-08,3.550208160224896718e-09,1.702412798703994117e-08,3.065095468034639189e-08,3.494497923260691668e-08,2.861535616219636654e-08,1.366692109397368042e-08,5.905817626062521200e-09,2.307166376185163628e-08,3.346009297595826322e-08,3.372346511341595432e-08,2.379646684447366346e-08,7.076643464057377757e-09,1.315784640606087157e-08,2.833543734592115741e-08,3.513644959782059298e-08,3.131047263804436130e-08,1.794109904991455650e-08,2.047206762012470922e-09,2.014705596234199348e-08,3.329771519369429630e-08,3.674740066543605142e-08,2.940538997631556534e-08,2.333578991983475762e-08,1.829951005534791977e-08,1.413251069944139444e-08,1.074364090250618170e-08,8.131875708027638663e-09,6.414227206755013333e-09,5.761177243510209443e-09,6.105355023266915338e-09,7.066292827141742327e-09,8.291005160281767744e-09,9.590957114893040384e-09,1.088298763216824166e-08,1.213263312566859962e-08,1.332664183520722302e-08,1.446102182170711178e-08,1.553580111975494121e-08,1.655266596076226955e-08,1.751387845209237221e-08,1.842178577878369972e-08,1.927861085071603994e-08,2.008637839173424902e-08,2.084690528137216979e-08,2.156181962573051523e-08,2.223259068285335805e-08,2.286056075646132958e-08,2.344697483878363028e-08,2.399300622566454624e-08,2.449977759649837532e-08,2.496837769173048874e-08,2.539987402041619925e-08,2.579532214621178708e-08,2.615577211838519214e-08,2.648227258289715017e-08,2.677587305401763385e-08,2.703762476408108131e-08,2.726858044584629299e-08,2.746979334264887562e-08,2.764231568804395129e-08,2.778719684961854068e-08,2.790548129110203499e-08,2.799820647244850138e-08,2.806640077866393823e-08,2.811108154419276006e-08,2.813325322004662537e-08,2.813390571496914051e-08,2.811401292924164724e-08,2.807453148976150197e-08,2.801639968733235185e-08,2.794053661131669737e-08,2.784784147258376337e-08,2.773919310275658745e-08,2.761544961587640556e-08,2.747744821755246728e-08,2.732600514627623484e-08,2.716191573170224612e-08,2.698595455521128962e-08,2.679887569887299524e-08,2.660141306993061039e-08,2.639428078907337240e-08,2.617817363198612499e-08,2.595376751492949733e-08,2.572172001637352114e-08,2.548267092795740100e-08,2.523724282926160771e-08,2.498604168204213184e-08,2.472965744068475971e-08,2.446866467668643350e-08,2.420362321596215577e-08,2.393507878871387912e-08,2.366357456013571392e-08,2.338971192321692706e-08,2.311420614994645801e-08,2.283793445351936784e-08,2.256198367997956919e-08,2.228769773540555240e-08,2.201672487905271097e-08,2.175106499489465273e-08,2.149311688726725366e-08,2.124572551147607284e-08,2.101222880952482590e-08,2.079650341123623092e-08,2.060300778503966613e-08,2.043682034346012919e-08,2.030366834894072941e-08,2.020994102870472371e-08,2.016267693622351738e-08,2.016951131787714255e-08,2.023856454905793006e-08,2.037824904538407382e-08,2.059697257031515823e-08,2.090272617743550621e-08,2.130257344480854773e-08,2.180211291167930076e-08,2.240506860343431144e-08,2.311324811867226353e-08,2.392711065874077731e-08,2.484695157851206969e-08,2.587408929087331359e-08,2.701063570661360759e-08,2.825653041179581262e-08,2.960520331326346031e-08,3.104345252842830747e-08,3.255824978073853331e-08,3.413571372446892744e-08,3.573283962549900861e-08,3.725536047670150764e-08,3.858719344333134566e-08
4.016346659247503893e-08,4.051759207567800140e-08,4.025033478276102725e-08,3.954261597996567445e-08,3.862615747872205607e-08,3.770247638234230984e-08,3.686640613498787987e-08,3.617507141910972927e-08,3.569024050596234717e-08,3.545639978949155214e-08,3.547739697860921339e-08,3.571939002416430382e-08,3.612871595959044128e-08,3.664895261113941062e-08,3.723092983606973185e-08,3.783636761574040681e-08,3.843776786146350181e-08,3.901670791782429540e-08,3.956176198313161420e-08,4.006660323155337021e-08,4.052846846690435426e-08,4.094699554438320249e-08,4.132337865597652016e-08,4.165977154700777633e-08,4.195887438157427893e-08,4.222365221873955153e-08,4.245714574132634316e-08,4.266234569583152701e-08,4.284211091855961488e-08,4.299911602599610027e-08,4.313581925547932649e-08,4.325444399218949661e-08,4.335696958510724103e-08,4.344512843155026087e-08,4.352040721554689207e-08,4.358405077654551676e-08,4.363706747175871941e-08,4.368023515350442947e-08,4.371410706382910865e-08,4.373901708780067673e-08,4.375508392910379630e-08,4.376221389599344688e-08,4.376013468693025286e-08,4.374852542472077017e-08,4.372704840724818726e-08,4.369534823691655821e-08,4.365305092944420052e-08,4.359976300595243193e-08,4.353507057344311339e-08,4.345853839996848509e-08,4.336970899206089299e-08,4.326810168328813430e-08,4.315321174411215142e-08,4.302450952452468485e-08,4.288143964217677457e-08,4.272342022986336061e-08,4.254984225721522916e-08,4.236006894221679104e-08,4.215343526862840281e-08,4.192924762544208772e-08,4.168678358402010654e-08,4.142529182740459204e-08,4.114399224426917960e-08,4.084207619689154510e-08,4.051870696810557288e-08,4.017302038613221614e-08,3.980412561812484801e-08,3.941110611276085946e-08,3.899302065875299160e-08,3.854890450913741518e-08,3.807777049991710314e-08,3.757861006528778745e-08,3.705039401932429313e-08,3.649207293462612310e-08,3.590257690088937772e-08,3.528081438952485981e-08,3.462566988316573715e-08,3.393599985032630726e-08,3.321062655526334822e-08,3.244832909207045256e-08,3.164783092318157182e-08,3.080778309271489693e-08,2.992674218857021793e-08,2.900314207094533625e-08,2.803525841940013381e-08,2.702116536901847691e-08,2.595868408144814668e-08,2.484532435270195416e-08,2.367822291556657158e-08,2.245408716284332657e-08,2.116916305022923725e-08,1.981926608469145851e-08,1.839995587829810284e-08,1.690702389833335659e-08,1.533766474343920003e-08,1.369317961358285153e-08,1.198527149030930613e-08,1.025120230278892570e-08,8.591341152431306522e-09,7.256053812439919139e-09,6.758835115838218152e-09,7.669722630281875640e-09,1.003653638429009839e-08,1.356984502857025287e-08,1.810889271163439865e-08,2.367136834494540844e-08,3.039735532146710367e-08,3.852673992211380642e-08,4.840972964702622487e-08,4.422241495817661711e-08,2.746835222749410511e-08,7.139774802724555017e-09,2.442532191624509638e-08,4.207165504157325751e-08,4.766848429794374905e-08,3.942918090168343992e-08,2.009278061283510302e-08,7.134217560500353371e-09,2.843799612957843686e-08,4.182952984701914667e-08,4.210444849282114767e-08,2.921630115200482862e-08,8.612407915090779305e-09,1.990523148109267406e-08,3.941357536442527637e-08,4.811254683533464434e-08,4.293531456620573925e-08,2.536099058337392270e-08,5.260429404754454679e-09,2.609600941594324182e-08,4.354870235572523000e-08,4.840629188120201176e-08,3.905882175094763248e-08,3.139568809657951572e-08,2.510092865125600973e-08,1.994960429076569766e-08,1.579440993552312812e-08,1.256338956732726894e-08,1.025794246554151995e-08,8.918195149179634715e-09,8.517163174062314428e-09,8.866655060958107569e-09,9.688879545180907383e-09,1.075199182632536872e-08,1.191227893377360140e-08,1.309201293295136655e-08,1.425153577743034565e-08,1.537134444194297355e-08,1.644235274340890415e-08,1.746082487363565491e-08,1.842575198221053402e-08,1.933748718762139384e-08,2.019703407220643173e-08,2.100567893428093034e-08,2.176480562844171291e-08,2.247580755963404976e-08,2.314005082484371827e-08,2.375886347819813198e-08,2.433353728176612139e-08,2.486533457992793843e-08,2.535549642884616079e-08,2.580525006365837609e-08,2.621581486908496852e-08,2.658840660875773188e-08,2.692423997630878012e-08,2.722452967829945387e-08,2.749049031555571949e-08,2.772333533626281273e-08,2.792427531508525562e-08,2.809451578144804181e-08,2.823525478485154982e-08,2.834768035009156887e-08,2.843296794282294700e-08,2.849227803711772878e-08,2.852675385188095220e-08,2.853751930215527646e-08,2.852567719420376658e-08,2.849230767944019603e-08,2.843846697137306199e-08,2.836518632133729368e-08,2.827347124252610218e-08,2.816430096735331197e-08,2.803862812016466755e-08,2.789737858550010274e-08,2.774145155125206117e-08,2.757171970596513223e-08,2.738902957000710013e-08,2.719420194126696049e-08,2.698803243728189074e-08,2.677129211716225809e-08,2.654472816829227438e-08,2.630906464446750087e-08,2.606500324383922234e-08,2.581322411672884237e-08,2.555438669502416210e-08,2.528913053645192978e-08,2.501807617852393347e-08,2.474182599836879479e-08,2.446096507598648054e-08,2.417606205969865793e-08,2.388767003372141983e-08,2.359632738886582814e-08,2.330257128636270100e-08,2.300700572767781962e-08,2.271035974982032403e-08,2.241353646264126863e-08,2.211766186061403966e-08,2.182413360270943372e-08,2.153467000412692116e-08,2.125135949334745944e-08,2.097671074628302366e-08,2.071370358939262381e-08,2.046584051578542499e-08,2.023719820076261567e-08,2.003247761164698131e-08,1.985705000500794643e-08,1.971699406314921314e-08,1.961911637891300152e-08,1.957094322915182219e-08,1.958066606592747059e-08,1.965701693821951196e-08,1.980904484885343582e-08,2.004576370099656942e-08,2.037565414357718545e-08,2.080603633663462279e-08,2.134240123008276453e-08,2.198789923011772788e-08,2.274330917266360630e-08,2.360784256167482449e-08,2.458085886263867031e-08,2.566372807761843656e-08,2.685984654927727264e-08,2.817064754319219825e-08,2.958904361967346695e-08,3.109851940803999876e-08,3.268397045376642271e-08,3.433516671667386468e-08,3.601042673666878243e-08,3.760226570779363797e-08,3.898227210813497091e-08
4.054191559832548822e-08,4.086169107310568949e-08,4.053354532063779216e-08,3.973897487404183786e-08,3.873768710019877187e-08,3.774569944162268893e-08,3.684876501875718312e-08,3.610324568072446462e-08,3.558256090476408624e-08,3.534056682579325124e-08,3.538081363688359088e-08,3.566214703464954619e-08,3.612184547538165526e-08,3.669599542676226573e-08,3.733046134809159316e-08,3.798422265361754887e-08,3.862860996473735940e-08,3.924500047696572667e-08,3.982230589139278942e-08,4.035479359138887786e-08,4.084038239670864493e-08,4.127938554140799712e-08,4.167361812064095430e-08,4.202578022839995064e-08,4.233903939088426001e-08,4.261675277756592641e-08,4.286228539567418148e-08,4.307889322017277506e-08,4.326964981102675486e-08,4.343740187209007366e-08,4.358474400971139219e-08,4.371400620945022305e-08,4.382724971677176305e-08,4.392626842329380831e-08,4.401259377135945825e-08,4.408750177044506250e-08,4.415202108896572397e-08,4.420694142540059695e-08,4.425282152744847352e-08,4.428999635332556670e-08,4.431858298019348855e-08,4.433848497945932741e-08,4.434942744655263584e-08,4.435108701020185259e-08,4.434312334210106129e-08,4.432517813905473744e-08,4.429687407053591669e-08,4.425781369426174899e-08,4.420757834366649804e-08,4.414572699253427083e-08,4.407179510353413748e-08,4.398529346896742502e-08,4.388570705367208647e-08,4.377249385170638351e-08,4.364508377012029237e-08,4.350287755477404215e-08,4.334524577472378672e-08,4.317152788309769356e-08,4.298103137354589675e-08,4.277303105216541266e-08,4.254676844515055793e-08,4.230145136215520752e-08,4.203625363429418834e-08,4.175031504364765190e-08,4.144274145780967064e-08,4.111260517814166513e-08,4.075894550359959428e-08,4.038076950288860111e-08,3.997705297578255537e-08,3.954674156918369767e-08,3.908875199427970247e-08,3.860197326731846152e-08,3.808526786737731113e-08,3.753747266939972779e-08,3.695739946918911496e-08,3.634383486879369789e-08,3.569553923623117539e-08,3.501124439442265874e-08,3.428964963427297018e-08,3.352941559347454632e-08,3.272915550961349611e-08,3.188742336827643127e-08,3.100269856782308077e-08,3.007336698908659115e-08,2.909769892551520179e-08,2.807382543634849430e-08,2.699971676111103585e-08,2.587317025940490954e-08,2.469182236891556834e-08,2.345321207495373678e-08,2.215494777485820140e-08,2.079507611977299951e-08,1.937284308870335860e-08,1.789022243364900072e-08,1.635496850019618880e-08,1.478674560241688473e-08,1.322947376518344792e-08,1.177556810746850820e-08,1.060780456107376745e-08,1.004184484831159784e-08,1.047588532683616483e-08,1.217348266215654577e-08,1.514225597306725046e-08,1.929407559974471373e-08,2.460572260152909268e-08,3.115625233988677211e-08,3.912021647592075923e-08,4.876763382115235432e-08,6.048721669502844485e-08,5.447237516600226156e-08,3.325497240641737320e-08,1.429295430250202415e-08,3.722944158211116430e-08,5.929200151891903472e-08,6.631685271610465914e-08,5.586709293607773197e-08,3.147974130844019353e-08,8.354039287987685642e-09,3.096717998284198422e-08,4.758765226705382869e-08,4.783163917889665576e-08,3.171317104160823606e-08,1.009354999178787470e-08,3.174934783087483099e-08,5.625148063009507028e-08,6.702971460832062007e-08,6.019575664369797017e-08,3.777672810685662160e-08,1.176862434101457811e-08,3.134839290605190982e-08,5.370197507729361795e-08,6.056308646800315226e-08,4.942797452330767105e-08,4.025680705922631958e-08,3.271522032585060633e-08,2.655185599596998487e-08,2.158328150035169487e-08,1.768712378191852457e-08,1.479356827601963669e-08,1.286198684004956605e-08,1.183249486380836031e-08,1.157557349485527599e-08,1.189515455558408830e-08,1.258721931579391289e-08,1.349015491248927426e-08,1.449579966788976538e-08,1.553806080860765081e-08,1.657832895375745413e-08,1.759457020171832052e-08,1.857443462636325958e-08,1.951117485528977581e-08,2.040128490910606244e-08,2.124314275868781052e-08,2.203622965733402568e-08,2.278068022213214169e-08,2.347702263211763612e-08,2.412602838124400674e-08,2.472862518027115898e-08,2.528584613291481804e-08,2.579879957397254092e-08,2.626865050580875800e-08,2.669660840293116910e-08,2.708391840698680088e-08,2.743185425812909539e-08,2.774171208229718717e-08,2.801480460028928191e-08,2.825245557587137656e-08,2.845599445569752333e-08,2.862675122117546198e-08,2.876605150036124550e-08,2.887521199387255066e-08,2.895553626310477090e-08,2.900831091791366051e-08,2.903480222799859275e-08,2.903625316950448527e-08,2.901388090691718308e-08,2.896887470063894834e-08,2.890239422283637181e-08,2.881556825820188647e-08,2.870949376200455153e-08,2.858523524502284822e-08,2.844382445343338610e-08,2.828626031126082118e-08,2.811350909337441250e-08,2.792650479806834153e-08,2.772614968982552890e-08,2.751331498480258524e-08,2.728884165377099765e-08,2.705354131960890168e-08,2.680819722887934769e-08,2.655356527949065507e-08,2.629037508886019785e-08,2.601933108935655216e-08,2.574111364004705451e-08,2.545638014590825285e-08,2.516576617765341804e-08,2.486988658718871661e-08,2.456933661542717776e-08,2.426469299077275789e-08,2.395651501804336842e-08,2.364534565894509423e-08,2.333171260645433592e-08,2.301614321421095473e-08,2.269923800188690162e-08,2.238173086564598488e-08,2.206453901671837699e-08,2.174881285932153386e-08,2.143598610219999078e-08,2.112782648122885813e-08,2.082648751711857116e-08,2.053456172732856430e-08,2.025513562082537565e-08,1.999184656638507267e-08,1.974894113826543447e-08,1.953133365241917835e-08,1.934466209058181948e-08,1.919533617541933098e-08,1.909056866205687641e-08,1.903837562933120787e-08,1.904752458800318474e-08,1.912740110424150123e-08,1.928775728612183247e-08,1.953830343217458960e-08,1.988811614528352429e-08,2.034487646745778482e-08,2.091403807677926187e-08,2.159816953245402304e-08,2.239689009851180780e-08,2.330790247866518197e-08,2.432932812394675900e-08,2.546247873375374218e-08,2.671240869026409162e-08,2.808289317511610077e-08,2.956690026054331833e-08,3.114379745178745783e-08,3.279469312038131004e-08,3.451330819196635081e-08,3.626190137070761121e-08,3.791879794364498432e-08,3.934031490244963551e-08
4.087569132578115910e-08,4.115872396054372585e-08,4.077170309119676579e-08,3.989375384246287075e-08,3.881718211579228369e-08,3.776833331630251869e-08,3.681923665270058970e-08,3.602725563012111797e-08,3.548048308828483707e-08,3.524235234450564916e-08,3.531424017573817878e-08,3.564576383837672143e-08,3.616418650896551982e-08,3.679803758057780759e-08,3.748861784802396197e-08,3.819269413096431513e-08,3.888090767838528875e-08,3.953481514378501432e-08,4.014394192506728331e-08,4.070334044186788557e-08,4.121173808999407550e-08,4.167020419520174115e-08,4.208122401846923910e-08,4.244807243877729463e-08,4.277439950642398029e-08,4.306396160149733788e-08,4.332045059380400180e-08,4.354738794240477454e-08,4.374806133220856388e-08,4.392548894615132790e-08,4.408240159341475516e-08,4.422123632759390840e-08,4.434413741603089000e-08,4.445296194709349051e-08,4.454928825878149909e-08,4.463442592828819684e-08,4.470942640574115338e-08,4.477509359126008142e-08,4.483199379846660769e-08,4.488046465613049253e-08,4.492062259712027774e-08,4.495236868777102256e-08,4.497542496144678309e-08,4.498946504336905905e-08,4.499414559482981596e-08,4.498910515649949191e-08,4.497396294428568100e-08,4.494831759906225698e-08,4.491174589301460083e-08,4.486380139693042884e-08,4.480401311450833560e-08,4.473188409165430770e-08,4.464689001077819055e-08,4.454847778227301626e-08,4.443606414763220022e-08,4.430903431100087938e-08,4.416674061832005977e-08,4.400850130555013910e-08,4.383359933968026455e-08,4.364128137825438175e-08,4.343075687486658414e-08,4.320119735937100349e-08,4.295173592226256026e-08,4.268146693263809366e-08,4.238944601813328116e-08,4.207469033301299342e-08,4.173617913689465066e-08,4.137285470110430031e-08,4.098362355206754111e-08,4.056735805107848574e-08,4.012289829693237128e-08,3.964905432197772795e-08,3.914460853301076000e-08,3.860831832625193124e-08,3.803891878109764710e-08,3.743512531203292948e-08,3.679563613522346033e-08,3.611913439174503249e-08,3.540428977351894459e-08,3.464975953865783298e-08,3.385418891048646866e-08,3.301621108043675046e-08,3.213444746635342650e-08,3.120750966215468188e-08,3.023400590439648961e-08,2.921255731044118101e-08,2.814183336831112562e-08,2.702062351543753444e-08,2.584797452314717811e-08,2.462344614642316909e-08,2.334757807821388696e-08,2.202273438725235211e-08,2.065462419836683244e-08,1.925503602520851538e-08,1.784673614562125858e-08,1.647210878260489312e-08,1.520767535698885015e-08,1.418540941234273492e-08,1.361334700893030870e-08,1.376683462192543660e-08,1.491502121188743081e-08,1.722242312015637768e-08,2.073768326296782553e-08,2.547124424665200915e-08,3.146426232340062084e-08,3.881250067576492776e-08,4.766625697904688378e-08,5.823017693824587793e-08,7.078668431275859337e-08,6.199725458205976374e-08,3.655161365998343680e-08,2.651229094761811560e-08,5.813744669426173710e-08,8.531212288115056985e-08,9.381573722141124596e-08,8.067702813527666480e-08,5.016567990470705760e-08,1.395702384617363024e-08,2.680766562617996878e-08,4.692153775360818063e-08,4.707073529983956841e-08,2.740814130555923939e-08,1.537561937810120652e-08,5.082443061628030475e-08,8.138397458092703277e-08,9.456400665132325264e-08,8.580567652122545317e-08,5.767341182086471634e-08,2.281165166193151291e-08,3.377469536208406089e-08,6.136047187856506174e-08,7.124824130863825669e-08,5.923379774695289205e-08,4.906712422987633613e-08,4.055488228922318200e-08,3.351763618639371531e-08,2.779517742672680981e-08,2.325441974932566411e-08,1.979054227289860151e-08,1.731655942386704984e-08,1.574049873355562626e-08,1.494083195920318150e-08,1.476125196209041333e-08,1.503271306309111757e-08,1.560366169987380697e-08,1.635690587082950244e-08,1.721032427363012304e-08,1.810959981393696714e-08,1.901986926404963930e-08,1.991905913044327257e-08,2.079327185471760404e-08,2.163379223349349621e-08,2.243520112371845939e-08,2.319419976809600436e-08,2.390887748551069233e-08,2.457825281187884760e-08,2.520198279099697358e-08,2.578017583019502358e-08,2.631326862229486508e-08,2.680194296104207194e-08,2.724706762354684172e-08,2.764965620160539778e-08,2.801083525962897103e-08,2.833181934374259010e-08,2.861389068772646337e-08,2.885838227511545960e-08,2.906666341743744382e-08,2.924012731573766536e-08,2.938018025996677639e-08,2.948823223424164800e-08,2.956568876387300081e-08,2.961394388012653249e-08,2.963437410199574959e-08,2.962833334768690380e-08,2.959714869629613306e-08,2.954211692489150904e-08,2.946450174945950228e-08,2.936553170084492296e-08,2.924639856941078217e-08,2.910825635492625410e-08,2.895222066126026258e-08,2.877936847883227854e-08,2.859073830141645615e-08,2.838733052775174989e-08,2.817010810241039422e-08,2.793999735444999581e-08,2.769788899645512935e-08,2.744463925060346157e-08,2.718107107231887544e-08,2.690797544585852646e-08,2.662611272978899817e-08,2.633621403371445614e-08,2.603898261081065521e-08,2.573509525368246573e-08,2.542520368379743575e-08,2.510993592725469023e-08,2.478989767193655217e-08,2.446567360317027626e-08,2.413782871691537118e-08,2.380690961120713296e-08,2.347344575815026696e-08,2.313795076019214411e-08,2.280093830810114422e-08,2.246299941889758019e-08,2.212486415235526127e-08,2.178745234212825770e-08,2.145192443035637523e-08,2.111973281143600760e-08,2.079267421401948551e-08,2.047294374365953341e-08,2.016319125379763471e-08,1.986658066966467851e-08,1.958685268457855386e-08,1.932839075962682797e-08,1.909628939831454076e-08,1.889642196518351616e-08,1.873550250345457595e-08,1.862113163241892283e-08,1.856181022114284243e-08,1.856689590814802185e-08,1.864646712339304692e-08,1.881104911257805505e-08,1.907115169639812761e-08,1.943657945073534343e-08,1.991551923471347819e-08,2.051351163754265825e-08,2.123259214987313743e-08,2.207112620582465856e-08,2.302502475698463682e-08,2.409075224867405105e-08,2.526925182545847886e-08,2.656744908026818037e-08,2.799240546089516096e-08,2.953812941277783720e-08,3.117934202667042778e-08,3.289110992285545707e-08,3.467052914931343135e-08,3.648695529323757522e-08,3.820464600557905857e-08,3.966061480771017353e-08
4.116395494833333222e-08,4.140873662079593188e-08,4.096480565672634650e-08,4.000759667437476399e-08,3.886663822592411208e-08,3.777231012046269168e-08,3.677899603944717804e-08,3.594837420136873463e-08,3.538623876173715939e-08,3.516488276503311005e-08,3.528096420409098574e-08,3.567289094440715595e-08,3.625724025272096397e-08,3.695524546216735237e-08,3.770427112350943591e-08,3.845951394840994845e-08,3.919144669744338173e-08,3.988218352654258140e-08,4.052212031132862970e-08,4.110726026910862307e-08,4.163724101427916060e-08,4.211394631212064794e-08,4.254056177378137841e-08,4.292094967241057834e-08,4.325924481500760640e-08,4.355959941103099177e-08,4.382602625570934030e-08,4.406230568917930722e-08,4.427193335730596894e-08,4.445809378359405732e-08,4.462365011749897183e-08,4.477114393171795825e-08,4.490280118725616229e-08,4.502054189270007930e-08,4.512599184746290614e-08,4.522049537800800021e-08,4.530512828480322364e-08,4.538071040357778265e-08,4.544781730385785197e-08,4.550679073694208757e-08,4.555774752799051538e-08,4.560058669916799339e-08,4.563502711722547878e-08,4.566073926350470434e-08,4.567737676308305532e-08,4.568457509751652952e-08,4.568195025808728187e-08,4.566909733966985810e-08,4.564558907693010836e-08,4.561097432639534063e-08,4.556477649999142505e-08,4.550649195794470364e-08,4.543558837149412376e-08,4.535150306864939833e-08,4.525364137925628648e-08,4.514137499887025404e-08,4.501404039436954196e-08,4.487093727782141516e-08,4.471132717880346460e-08,4.453443214911774063e-08,4.433943363754689608e-08,4.412547157590770739e-08,4.389164372106130959e-08,4.363700530063443326e-08,4.336056901287620961e-08,4.306130543319524668e-08,4.273814388137012557e-08,4.238997380409202211e-08,4.201564672730204443e-08,4.161397883171755019e-08,4.118375420311413429e-08,4.072372880667522924e-08,4.023263523273958682e-08,3.970918826089230409e-08,3.915209129289440913e-08,3.856004371643946514e-08,3.793174928788437121e-08,3.726592567406582526e-08,3.656131538940603675e-08,3.581669853477128537e-08,3.503090803817258030e-08,3.420284859508080321e-08,3.333152134058754067e-08,3.241605767608659636e-08,3.145576798348677446e-08,3.045021479766950168e-08,2.939932639246777828e-08,2.830357738466029700e-08,2.716428077060860963e-08,2.598406563272086687e-08,2.476766454224107756e-08,2.352321678928692372e-08,2.226442460573667265e-08,2.101409252229506536e-08,1.980980774908437472e-08,1.871259260415171152e-08,1.781862156839721142e-08,1.727103611039656465e-08,1.726218003510955252e-08,1.801134563682805876e-08,1.971679541522489256e-08,2.251467291912532572e-08,2.648018264877700920e-08,3.165940589113736968e-08,3.809430886154839446e-08,4.582259218854504917e-08,5.485490933047246992e-08,6.514178038659523185e-08,7.656538830216148322e-08,6.345691595953949604e-08,3.528405050282941898e-08,4.487470868249238611e-08,8.816557697645665072e-08,1.214705928825315606e-07,1.314697870457116090e-07,1.150596305417894779e-07,7.742971637263087796e-08,3.012916723382164676e-08,1.258002298943258722e-08,3.758871019611670158e-08,3.748708666369476129e-08,1.245640490746147935e-08,3.089268446403542883e-08,7.822720638443860442e-08,1.157497208724463354e-07,1.317361968036025030e-07,1.208443879957697301e-07,8.592409211470402236e-08,3.931418377395514594e-08,3.074956301403050228e-08,6.353970708534576369e-08,7.810289247397152633e-08,6.695996308573260867e-08,5.681193929113796571e-08,4.791026874388660489e-08,4.032808960299129451e-08,3.403452374553160301e-08,2.895029405619377929e-08,2.497937889378289220e-08,2.202064957098345695e-08,1.996551112228145603e-08,1.869055132302701682e-08,1.805612504795150774e-08,1.791635100085741487e-08,1.813520513137896829e-08,1.859891699523802709e-08,1.922008274974486288e-08,1.993532166789351837e-08,2.070023119731679912e-08,2.148424452153338659e-08,2.226645765060445740e-08,2.303258575062239516e-08,2.377286012529620612e-08,2.448061274249970932e-08,2.515133263122424982e-08,2.578203606654463259e-08,2.637084240565070676e-08,2.691668412642538876e-08,2.741910466988488590e-08,2.787811417954291676e-08,2.829408388901765574e-08,2.866766673708728497e-08,2.899973614974195874e-08,2.929133771420445548e-08,2.954365025381250347e-08,2.975795395993115548e-08,2.993560397895294222e-08,3.007800833544971262e-08,3.018660938961180478e-08,3.026286823738637207e-08,3.030825160296054222e-08,3.032422086962539854e-08,3.031222296217190099e-08,3.027368284186938959e-08,3.020999741028206647e-08,3.012253064493174651e-08,3.001260981088655399e-08,2.988152260955361763e-08,2.973051514046873211e-08,2.956079056448238508e-08,2.937350836795130835e-08,2.916978413769069453e-08,2.895068976574146395e-08,2.871725401160122784e-08,2.847046335754834152e-08,2.821126310011437571e-08,2.794055862767042244e-08,2.765921684051274149e-08,2.736806767578254125e-08,2.706790570504840501e-08,2.675949177743186876e-08,2.644355468578351854e-08,2.612079283763250874e-08,2.579187591645766695e-08,2.545744652228318622e-08,2.511812178370946806e-08,2.477449493627735369e-08,2.442713686455833816e-08,2.407659760759581948e-08,2.372340782932406329e-08,2.336808025739652444e-08,2.301111109549755408e-08,2.265299660403715755e-08,2.229431250626022167e-08,2.193577672151179994e-08,2.157830074583144859e-08,2.122304127870023070e-08,2.087145262021615265e-08,2.052534053316658207e-08,2.018691841435454279e-08,1.985886672929468564e-08,1.954439668891722429e-08,1.924731900261760578e-08,1.897211808848491366e-08,1.872403113819279609e-08,1.850912959386752989e-08,1.833439744377019417e-08,1.820779570957892293e-08,1.813829496539015247e-08,1.813584727335641357e-08,1.821125583951454581e-08,1.837588703690990300e-08,1.864116080167554658e-08,1.901776356172046622e-08,1.951457376341627594e-08,2.013740458856857257e-08,2.088788311408844982e-08,2.176309491744764774e-08,2.275689238629394349e-08,2.386356906082405561e-08,2.508315728094695589e-08,2.642439959418386538e-08,2.789856249985981775e-08,2.950211842470250137e-08,3.120514847325516285e-08,3.297408105094073086e-08,3.480762059400757068e-08,3.668554101643635440e-08,3.845975782365482492e-08,3.994309417983049379e-08
4.140659587981161493e-08,4.161265317217621053e-08,4.111347021746924716e-08,4.008194280625935128e-08,3.888858341891229479e-08,3.775949489160503141e-08,3.672897285492728295e-08,3.586781646184060659e-08,3.530209137108332758e-08,3.511111310252097902e-08,3.528372665048937317e-08,3.574528189629036857e-08,3.640139688693024718e-08,3.716660821392362228e-08,3.797515925307076861e-08,3.878138799497354064e-08,3.955612311973797682e-08,4.028239003824546480e-08,4.095167961503012862e-08,4.156108015355208788e-08,4.211121366631988153e-08,4.260481398042478762e-08,4.304577896922421540e-08,4.343855645422668560e-08,4.378775689336105338e-08,4.409791607654309370e-08,4.437335484242268924e-08,4.461810034503752278e-08,4.483584569905975113e-08,4.502993317600331715e-08,4.520335162813683053e-08,4.535874235968827928e-08,4.549840989122401552e-08,4.562433542736182754e-08,4.573819165156899094e-08,4.584135794343895967e-08,4.593493538091107687e-08,4.601976104120484191e-08,4.609642120619050711e-08,4.616526314590257453e-08,4.622640522033291003e-08,4.627974511965714453e-08,4.632499879807634766e-08,4.636183382547345557e-08,4.638990113054474300e-08,4.640883359125588905e-08,4.641824455419087766e-08,4.641772628175032732e-08,4.640684832795189819e-08,4.638515584568283750e-08,4.635216783067588148e-08,4.630737531025371883e-08,4.625023948803157249e-08,4.618018985930171454e-08,4.609662231575860079e-08,4.599889726256740633e-08,4.588633777553176245e-08,4.575822783127616385e-08,4.561381064891352875e-08,4.545228718760698272e-08,4.527281485073901228e-08,4.507450645405617340e-08,4.485642952214938652e-08,4.461760598495587069e-08,4.435701235364284176e-08,4.407358046329373632e-08,4.376619887835537848e-08,4.343371506596875449e-08,4.307493845236318683e-08,4.268864448886458075e-08,4.227357986743342479e-08,4.182846904207372429e-08,4.135202223361664236e-08,4.084294512390691388e-08,4.029995048542224797e-08,3.972177205029386177e-08,3.910718100873714040e-08,3.845500565708504866e-08,3.776415491533149283e-08,3.703364674364346276e-08,3.626264297088154230e-08,3.545049280831830829e-08,3.459678852270056482e-08,3.370143864815287279e-08,3.276476714953906548e-08,3.178765178988200418e-08,3.077172268503681406e-08,2.971965435933627733e-08,2.863560417833073862e-08,2.752588068893917690e-08,2.639997223224871737e-08,2.527213419157330531e-08,2.416382166179793554e-08,2.310733954589409507e-08,2.215107434796445807e-08,2.136633178911201757e-08,2.085466816215199761e-08,2.075223849404771194e-08,2.122500720975976718e-08,2.244989826591130614e-08,2.458657126075291473e-08,2.775531061060312117e-08,3.203129096053923725e-08,3.744624242973750147e-08,4.397757718766045978e-08,5.150813636095823730e-08,5.974538489157394974e-08,6.809651557378304850e-08,7.553744262994315285e-08,5.564285882462145314e-08,2.947808443126126111e-08,6.958084513755102998e-08,1.259851143136631721e-07,1.660590164724825715e-07,1.774599887144144397e-07,1.574959045323981572e-07,1.130686036622471452e-07,5.953871663756750631e-08,2.620145772263772593e-08,3.712993517280004638e-08,3.646690575905322757e-08,2.460639372266985435e-08,5.960388536132531150e-08,1.135687819454536121e-07,1.576116233443868718e-07,1.765189725281992886e-07,1.634456817376895443e-07,1.211078673378982465e-07,6.146504379093269648e-08,2.044659434175903773e-08,5.794510042861131643e-08,7.956432574242802910e-08,7.160904327344539643e-08,6.278712556048480658e-08,5.424699762994781785e-08,4.655711921229285967e-08,3.994978800104284543e-08,3.447653678120335575e-08,3.009767306005294279e-08,2.672914528595062415e-08,2.426382991444714793e-08,2.258011143143022636e-08,2.154748355434660790e-08,2.103435146201600474e-08,2.091763468961058185e-08,2.109066538425237632e-08,2.146686702274921406e-08,2.197935200858894471e-08,2.257811324026837820e-08,2.322647028103844454e-08,2.389776173258487949e-08,2.457266575492914899e-08,2.523718304853992287e-08,2.588117663304569208e-08,2.649733386263856571e-08,2.708043203750266864e-08,2.762681639824997785e-08,2.813402492700291603e-08,2.860051445234499157e-08,2.902545705282943857e-08,2.940858579017528385e-08,2.975007559451222837e-08,3.005044966660547509e-08,3.031050478729526039e-08,3.053125094052785916e-08,3.071386200590463553e-08,3.085963518678436952e-08,3.096995745995382088e-08,3.104627776052110930e-08,3.109008391502029074e-08,3.110288354876878707e-08,3.108618834799249970e-08,3.104150117148916294e-08,3.097030559289756606e-08,3.087405752123031753e-08,3.075417859981733800e-08,3.061205112604426912e-08,3.044901426892230142e-08,3.026636139046956303e-08,3.006533830144661832e-08,2.984714230312843005e-08,2.961292188520531073e-08,2.936377696609780653e-08,2.910075957632510466e-08,2.882487489836898167e-08,2.853708258794401386e-08,2.823829831188676268e-08,2.792939544714595158e-08,2.761120689369637385e-08,2.728452696170067463e-08,2.695011329997676731e-08,2.660868883886206383e-08,2.626094372595368470e-08,2.590753723800320603e-08,2.554909965650458323e-08,2.518623409828518992e-08,2.481951829574079760e-08,2.444950632429340158e-08,2.407673027724461822e-08,2.370170189049383726e-08,2.332491412163719475e-08,2.294684268980897414e-08,2.256796290558063065e-08,2.218882982077437610e-08,2.181014151332682781e-08,2.143279094622795660e-08,2.105791817416246375e-08,2.068696354336661303e-08,2.032172275262422228e-08,1.996440485849302414e-08,1.961769449589704943e-08,1.928481969851427847e-08,1.896962665099140713e-08,1.867666233036921056e-08,1.841126504523558311e-08,1.817966097523754679e-08,1.798906140440126545e-08,1.784774971236425907e-08,1.776513851910292568e-08,1.775176499042656259e-08,1.781917623934040440e-08,1.797963892003070320e-08,1.824559336929280853e-08,1.862877600766351635e-08,1.913897831955651991e-08,1.978253440407876772e-08,2.056087641208303907e-08,2.146988254578833824e-08,2.250114327938204526e-08,2.364621939089423624e-08,2.490346054102597225e-08,2.628301097494714906e-08,2.780106732783650221e-08,2.945836082493962849e-08,3.122110825577418493e-08,3.304450882608914221e-08,3.492574066126556012e-08,3.685791332961309775e-08,3.868427929503233924e-08,4.018826290743211361e-08
4.160423075502034090e-08,4.177213521549591374e-08,4.121886464204385666e-08,4.011898136160097313e-08,3.888588467652412079e-08,3.773154819854025938e-08,3.666990408408717021e-08,3.578685564288052851e-08,3.523036525244963908e-08,3.508374745086937155e-08,3.532460857830990620e-08,3.586372927398044898e-08,3.659596211249119662e-08,3.743005547720777390e-08,3.829807559779311604e-08,3.915423218612692942e-08,3.997020590353342212e-08,4.073024570212242171e-08,4.142712182960449644e-08,4.205910788274269559e-08,4.262785710479690183e-08,4.313696770744675868e-08,4.359104543588834355e-08,4.399510946698879477e-08,4.435422750253717408e-08,4.467329966274951954e-08,4.495693665865161833e-08,4.520939636461429733e-08,4.543455577297161893e-08,4.563590389453320299e-08,4.581654673879273786e-08,4.597921903124302663e-08,4.612629949623605037e-08,4.625982783243355331e-08,4.638152225791602458e-08,4.649279691758639709e-08,4.659477866573708907e-08,4.668832285029255931e-08,4.677402778780085753e-08,4.685224766386800585e-08,4.692310364341571526e-08,4.698649304261755250e-08,4.704212949343771669e-08,4.708967823619017763e-08,4.712878818776653476e-08,4.715909041810042703e-08,4.718019654386396618e-08,4.719169703716876792e-08,4.719315944904363016e-08,4.718412654984756781e-08,4.716411439159331189e-08,4.713261030044765934e-08,4.708907081148412736e-08,4.703291956213320270e-08,4.696354516574496536e-08,4.688029909228794497e-08,4.678249358949272848e-08,4.666939968474652074e-08,4.654024531579421866e-08,4.639421364684546187e-08,4.623044163607807752e-08,4.604801893083214242e-08,4.584598717809741041e-08,4.562333985033023791e-08,4.537902270036884763e-08,4.511193497448315531e-08,4.482093152973147631e-08,4.450482602126179548e-08,4.416239534763560161e-08,4.379238556856897288e-08,4.339351954095457440e-08,4.296450655745931818e-08,4.250405431999714796e-08,4.201088364175300094e-08,4.148374635178099643e-08,4.092144698386580228e-08,4.032286897889627115e-08,3.968700633657771854e-08,3.901300194721391322e-08,3.830019426272449493e-08,3.754817459808314379e-08,3.675685829884681991e-08,3.592657443677744069e-08,3.505818086672052723e-08,3.415321479989359527e-08,3.321409414106997472e-08,3.224439262541340725e-08,3.124922360607201779e-08,3.023578496663354035e-08,2.921414309368556165e-08,2.819836849356040434e-08,2.720817734019287119e-08,2.627126937866351863e-08,2.542654519277726131e-08,2.472824678379181683e-08,2.425063671379443933e-08,2.409194115872241958e-08,2.437503671731897662e-08,2.524170354256984281e-08,2.683896747563823812e-08,2.930039617748081669e-08,3.272793368781348620e-08,3.717547342731412824e-08,4.262549441351941839e-08,4.894146021628908456e-08,5.577256346358687815e-08,6.237863610752160333e-08,6.732875561356813284e-08,6.802440169235059585e-08,3.757747222567391396e-08,2.930255323303403109e-08,9.966120886704152808e-08,1.679886443206662279e-07,2.142837691901006076e-07,2.267453996056975123e-07,2.037631588127321498e-07,1.553697964064350703e-07,1.034993406929519318e-07,7.884866342532323654e-08,8.246278312603469979e-08,8.161904385745982520e-08,7.702657754412724824e-08,1.025059330595115423e-07,1.549099569567402589e-07,2.025743889140783075e-07,2.237618561140427914e-07,2.087733288017975611e-07,1.596282418065151320e-07,8.846837109011270285e-08,1.393258968640486112e-08,4.647126782740516439e-08,7.711934955490466353e-08,7.389872683275378910e-08,6.726229843379428480e-08,5.959208040146375996e-08,5.210728608468601311e-08,4.538437415279264506e-08,3.965207107057742166e-08,3.495619128492129342e-08,3.124939361006063764e-08,2.843833132612179564e-08,2.640792860706352789e-08,2.503488730916130419e-08,2.419700115199381407e-08,2.378055023023496534e-08,2.368556976586255687e-08,2.382840229425800092e-08,2.414170176546286648e-08,2.457273520205174809e-08,2.508094067507684699e-08,2.563543392165426687e-08,2.621282066522949136e-08,2.679542825561056534e-08,2.736994010849434617e-08,2.792636579622172569e-08,2.845727136702318936e-08,2.895720384220848682e-08,2.942225793735384014e-08,2.984974633890856048e-08,3.023794558223617562e-08,3.058589759763707636e-08,3.089325276096687414e-08,3.116014435012545149e-08,3.138708714475656718e-08,3.157489488169588048e-08,3.172461265945842414e-08,3.183746135787746907e-08,3.191479183199303797e-08,3.195804713955930481e-08,3.196873142813420299e-08,3.194838438067475079e-08,3.189856032516153433e-08,3.182081127272565020e-08,3.171667327299639986e-08,3.158765557398943874e-08,3.143523215322625946e-08,3.126083525152037358e-08,3.106585059432630571e-08,3.085161403019033208e-08,3.061940935350340938e-08,3.037046711082458639e-08,3.010596421757454752e-08,2.982702423570968229e-08,2.953471818370824665e-08,2.923006576832828549e-08,2.891403694352210484e-08,2.858755371592540324e-08,2.825149212873033751e-08,2.790668436670428131e-08,2.755392093479771757e-08,2.719395287133543401e-08,2.682749396432673552e-08,2.645522294606659249e-08,2.607778564702507369e-08,2.569579709512188807e-08,2.530984355093512297e-08,2.492048447327272046e-08,2.452825441291128818e-08,2.413366483524760050e-08,2.373720587517753456e-08,2.333934802977989155e-08,2.294054379639814815e-08,2.254124441220153439e-08,2.214197946489318997e-08,2.174342029521309738e-08,2.134643214563410365e-08,2.095212670002541459e-08,2.056191577865414973e-08,2.017756723111435715e-08,1.980126435697448631e-08,1.943567046217564976e-08,1.908400038118275030e-08,1.875010086608332168e-08,1.843854149609773076e-08,1.815471691566337978e-08,1.790495933053872648e-08,1.769665663721438853e-08,1.753836545547259332e-08,1.743989861668232392e-08,1.741235232260437997e-08,1.746801889055002635e-08,1.762010835764415694e-08,1.788218214117832911e-08,1.826719837572971459e-08,1.878610844786659790e-08,1.944607213448088392e-08,2.024863313614716945e-08,2.118865646783120740e-08,2.225537978333996214e-08,2.343708822633380602e-08,2.472949050659929504e-08,2.614330073261200541e-08,2.769998997223309863e-08,2.940654435738433998e-08,3.122700532511390717e-08,3.310320534336072462e-08,3.502633447776477090e-08,3.700467375206232725e-08,3.887851346841828626e-08,4.039713801752031933e-08
4.175817607898171848e-08,4.188940480924086021e-08,4.128264758427630239e-08,4.012155601021962220e-08,3.886152850091000895e-08,3.768983782755447800e-08,3.660242521280819266e-08,3.570691449661785461e-08,3.517342015302496058e-08,3.508512944864938801e-08,3.540493619015317704e-08,3.602805522707797024e-08,3.683924925049671277e-08,3.774263158743452190e-08,3.866909542233492971e-08,3.957342554771695393e-08,4.042859805599171188e-08,4.122034596470629335e-08,4.194286031503537801e-08,4.259566678017823729e-08,4.318147146783650902e-08,4.370473264072250925e-08,4.417074589002029322e-08,4.458507768477176886e-08,4.495322746387089852e-08,4.528043533176463609e-08,4.557158003194517047e-08,4.583113139988773582e-08,4.606313474751567160e-08,4.627121333430593423e-08,4.645858063811171935e-08,4.662805759328208660e-08,4.678209204836080134e-08,4.692277890981418697e-08,4.705188011366200605e-08,4.717084392006997009e-08,4.728082319582110493e-08,4.738269242361121155e-08,4.747706320922830073e-08,4.756429808037110234e-08,4.764452240355645388e-08,4.771763430045650949e-08,4.778334596863469710e-08,4.784132121082831157e-08,4.789120792434469331e-08,4.793263647185362595e-08,4.796521795716863722e-08,4.798854240246677847e-08,4.800217682558595241e-08,4.800566321870670779e-08,4.799851643293580734e-08,4.798022197712995305e-08,4.795023374379730028e-08,4.790797168016304473e-08,4.785281942855643576e-08,4.778412196724283258e-08,4.770118329076542047e-08,4.760326417785942665e-08,4.748958010515005021e-08,4.735929937625026843e-08,4.721154154866432312e-08,4.704537625523446217e-08,4.685982253294362137e-08,4.665384878996582951e-08,4.642637356227844145e-08,4.617626723436202414e-08,4.590235492510455968e-08,4.560342077077119248e-08,4.527821387282729278e-08,4.492545622087511055e-08,4.454385295180659254e-08,4.413210536794738478e-08,4.368892721282749833e-08,4.321306479790322821e-08,4.270332169358575063e-08,4.215858885257794410e-08,4.157788123617737803e-08,4.096038228447873528e-08,4.030549793832055221e-08,3.961292242769703819e-08,3.888271875326786338e-08,3.811541780254425372e-08,3.731214150766444443e-08,3.647475758751576291e-08,3.560607654751099873e-08,3.471010620099525898e-08,3.379238566542405683e-08,3.286043037760226775e-08,3.192433299937040186e-08,3.099758255171488021e-08,3.009818449471020993e-08,2.925018222145984678e-08,2.848568049705373172e-08,2.784742102826287193e-08,2.739180180027858555e-08,2.719189153299046726e-08,2.733944214939658033e-08,2.794431393749896030e-08,2.912959299502069969e-08,3.102153350936795938e-08,3.373489416320058083e-08,3.735426403600100754e-08,4.190851711952954055e-08,4.732881088058346451e-08,5.337216777973093200e-08,5.948228644699311147e-08,6.454395154510651106e-08,6.646780626259074304e-08,6.156112952377254652e-08,2.451166785343300689e-08,5.145348164153154631e-08,1.330155368940362240e-07,2.089224566751750538e-07,2.592288537524392136e-07,2.721046573871858146e-07,2.478820801703504437e-07,2.014926780193222109e-07,1.616686143646147481e-07,1.528968393242834611e-07,1.612029234862711094e-07,1.601144940950565707e-07,1.502206328856281829e-07,1.589724411108902321e-07,1.991647770996230211e-07,2.445189423472103413e-07,2.662280899492756195e-07,2.499959490180642591e-07,1.964007220141356401e-07,1.185847951972290909e-07,4.132178099119289291e-08,4.573964449967592267e-08,7.837518271936569015e-08,7.739013484373914368e-08,7.196826137373181448e-08,6.477754637494099390e-08,5.734842926318440574e-08,5.046446019688340073e-08,4.447322385934625748e-08,3.948157060347372963e-08,3.546956184125815620e-08,3.235434407316508161e-08,3.002510123798814227e-08,2.836227436718235125e-08,2.724862467636734649e-08,2.657590085625081020e-08,2.624863733529610198e-08,2.618571017501118864e-08,2.632016648346562759e-08,2.659793311110382888e-08,2.697599078330337244e-08,2.742045164637064835e-08,2.790479453943162344e-08,2.840836467937653854e-08,2.891515343087364661e-08,2.941282966154946913e-08,2.989197934010239995e-08,3.034551014227555028e-08,3.076818394105663194e-08,3.115624753905275414e-08,3.150713885199543186e-08,3.181925133898087738e-08,3.209174377489974181e-08,3.232438567215312118e-08,3.251743102394724370e-08,3.267151477616285887e-08,3.278756771032910855e-08,3.286674636472479442e-08,3.291037532694447911e-08,3.291989976560898413e-08,3.289684647816397277e-08,3.284279204909850124e-08,3.275933696204405720e-08,3.264808470700823922e-08,3.251062508271018847e-08,3.234852102259141776e-08,3.216329837822998672e-08,3.195643818058429338e-08,3.172937097152922574e-08,3.148347285843821577e-08,3.122006299536919928e-08,3.094040223749901904e-08,3.064569275221035804e-08,3.033707840177096800e-08,3.001564573973083160e-08,2.968242548670232290e-08,2.933839437164079534e-08,2.898447724256331949e-08,2.862154936619870862e-08,2.825043884965418220e-08,2.787192912906194057e-08,2.748676148054137843e-08,2.709563751785680299e-08,2.669922164901977946e-08,2.629814347091422802e-08,2.589300008693071243e-08,2.548435833769405323e-08,2.507275693935403335e-08,2.465870852767692467e-08,2.424270160941249640e-08,2.382520242519978101e-08,2.340665673069416833e-08,2.298749150472473867e-08,2.256813129442239176e-08,2.214907614682298022e-08,2.173096473442873427e-08,2.131462660047254781e-08,2.090113476679594084e-08,2.049185958023587985e-08,2.008852500878343343e-08,1.969326896196035528e-08,1.930870958693888873e-08,1.893801983912373411e-08,1.858501284982911337e-08,1.825424054093817249e-08,1.795110726942054478e-08,1.768199854199044104e-08,1.745442128780045473e-08,1.727714577195935473e-08,1.716032864043638179e-08,1.711558039726733386e-08,1.715591797992946025e-08,1.729551513754577178e-08,1.754913572760785018e-08,1.793112235420882931e-08,1.845384430977065674e-08,1.912563514256740897e-08,1.994854366540091164e-08,2.091674922675181916e-08,2.201720014245711336e-08,2.323445855730645779e-08,2.456052901273271121e-08,2.600544796620132817e-08,2.759575538376937555e-08,2.934663445404948398e-08,3.122256003715322726e-08,3.315078426071615965e-08,3.511101471416661174e-08,3.712680155548629622e-08,3.904290927128761479e-08,4.057113641388230448e-08
4.187039070176675937e-08,4.196705685399600063e-08,4.130691784021751229e-08,4.009302286279338571e-08,3.881840727015385083e-08,3.763541150594787494e-08,3.652717882973010623e-08,3.562961330598494247e-08,3.513357752249387788e-08,3.511712739585286744e-08,3.552522742672323949e-08,3.623716521185427429e-08,3.712872928673056966e-08,3.810070778834855327e-08,3.908381736796444546e-08,4.003405780288766262e-08,4.092607666189575465e-08,4.174729617985668466e-08,4.249342786407731069e-08,4.316528583194003568e-08,4.376662891074636648e-08,4.430275570704162273e-08,4.477962293636281525e-08,4.520331296532996377e-08,4.557972650802605641e-08,4.591441599619041339e-08,4.621250416775146623e-08,4.647865259733583051e-08,4.671705836976764657e-08,4.693146581217269535e-08,4.712518567533270792e-08,4.730111749622041052e-08,4.746177284565324825e-08,4.760929827962350458e-08,4.774549740544308479e-08,4.787185176039658002e-08,4.798954031805537312e-08,4.809945747095533092e-08,4.820222933971330425e-08,4.829822825839953032e-08,4.838758530178368403e-08,4.847020076254863782e-08,4.854578654231310390e-08,4.861400616157800954e-08,4.867450775382447802e-08,4.872692233912450168e-08,4.877086198939313194e-08,4.880591788013945211e-08,4.883165822590957023e-08,4.884762609952463914e-08,4.885333713878372691e-08,4.884827714861944208e-08,4.883189961185700993e-08,4.880362312783934793e-08,4.876282880534576024e-08,4.870885764456336673e-08,4.864100795248997608e-08,4.855853284718427627e-08,4.846063791888364170e-08,4.834647913035099752e-08,4.821516105509185701e-08,4.806573557055134796e-08,4.789720114436498340e-08,4.770850287559190780e-08,4.749853348010515736e-08,4.726613544059729126e-08,4.701010457781119010e-08,4.672919534169482506e-08,4.642212817057994662e-08,4.608759932496965297e-08,4.572429367237346688e-08,4.533090098381461215e-08,4.490613640502432386e-08,4.444876589104159393e-08,4.395763754877846108e-08,4.343172002734289668e-08,4.287014934325932490e-08,4.227228584495542471e-08,4.163778343314076538e-08,4.096667369695945848e-08,4.025946835192834623e-08,3.951728434968379489e-08,3.874199737959450606e-08,3.793643135249346057e-08,3.710459406166114976e-08,3.625197284135018697e-08,3.538590903780049711e-08,3.451607682510302660e-08,3.365510051084784496e-08,3.281935452341345289e-08,3.202999969559512214e-08,3.131431279280652519e-08,3.070735174731752978e-08,3.025394554967386499e-08,3.001087441330257587e-08,3.004888373595976892e-08,3.045386201742492847e-08,3.132620445214819654e-08,3.277726970995107994e-08,3.492202802828502642e-08,3.786717658676893268e-08,4.169329670058350161e-08,4.642722607258087219e-08,5.199687105128465625e-08,5.815684000284381835e-08,6.437469393617427489e-08,6.969611247220427171e-08,7.277009526632023102e-08,7.307370447025726839e-08,5.759940254928297362e-08,8.995185417268359797e-08,1.668058859345000026e-07,2.430317626192779760e-07,2.934473071528721844e-07,3.058778747198575683e-07,2.836985427348060426e-07,2.482383605541979192e-07,2.315293303839525316e-07,2.444022462427553407e-07,2.619631006584428814e-07,2.604210126036706574e-07,2.403039674872010081e-07,2.263333579670082726e-07,2.429398372534891889e-07,2.771848870689876478e-07,2.963252045784100274e-07,2.798770501696887389e-07,2.260092597295703445e-07,1.494674956503113650e-07,8.271966537295229058e-08,7.576013243479154144e-08,9.469460188062673430e-08,8.751703515767103731e-08,7.962001951199354864e-08,7.119249119904279080e-08,6.298722197843216362e-08,5.553142931877819993e-08,4.908037761028116814e-08,4.370128299229236703e-08,3.935233094408430805e-08,3.593630336420983951e-08,3.333302157279858084e-08,3.141785528355117506e-08,3.007188823115424269e-08,2.918722047342667827e-08,2.866934612009245826e-08,2.843768032657655400e-08,2.842491602795901352e-08,2.857571386358139198e-08,2.884510567322437549e-08,2.919687196316451463e-08,2.960204424831934206e-08,3.003759961514746914e-08,3.048536156292211953e-08,3.093109294309559938e-08,3.136375527069768785e-08,3.177490652031056955e-08,3.215821178291520038e-08,3.250904499655541603e-08,3.282416395263071075e-08,3.310144432817532090e-08,3.333966143269035055e-08,3.353831070456317533e-08,3.369745983354058391e-08,3.381762682122960262e-08,3.389967941048666446e-08,3.394475218987901604e-08,3.395417836818394510e-08,3.392943375960125485e-08,3.387209095580473221e-08,3.378378201086114941e-08,3.366616824807274200e-08,3.352091602814844593e-08,3.334967750665789630e-08,3.315407556388083883e-08,3.293569221849221393e-08,3.269605994317532866e-08,3.243665538931288659e-08,3.215889510262324279e-08,3.186413287458605126e-08,3.155365842782912469e-08,3.122869717900910480e-08,3.089041086146898172e-08,3.053989882319173728e-08,3.017819984417760039e-08,2.980629434207015634e-08,2.942510685622806676e-08,2.903550871895997222e-08,2.863832083870177356e-08,2.823431653384188441e-08,2.782422436796305030e-08,2.740873094769863486e-08,2.698848365339509269e-08,2.656409328050443538e-08,2.613613657625262113e-08,2.570515866178056666e-08,2.527167533475920498e-08,2.483617525155226923e-08,2.439912199144819471e-08,2.396095600840468226e-08,2.352209647824008071e-08,2.308294305135431123e-08,2.264389153562075394e-08,2.220540915120847105e-08,2.176809703156997798e-08,2.133274238054616828e-08,2.090037088350842666e-08,2.047230034833355059e-08,2.005019694342187591e-08,1.963613583975545652e-08,1.923266854422823838e-08,1.884289969518799740e-08,1.847057649121364395e-08,1.812019406971174637e-08,1.779711973696662275e-08,1.750773746176296180e-08,1.725961066592117158e-08,1.706165486979812874e-08,1.692430054943976271e-08,1.685960875432806402e-08,1.688127612336711554e-08,1.700443231248621699e-08,1.724509668356246469e-08,1.761913714024205838e-08,1.814059342535047143e-08,1.881934588174154710e-08,1.965841374203539728e-08,2.065174943887501197e-08,2.178425743834297895e-08,2.303649819259798945e-08,2.439571182957235176e-08,2.586965788751092719e-08,2.748907542740147256e-08,2.927893150643200093e-08,3.120751164032419501e-08,3.318760016746676224e-08,3.518142047837307093e-08,3.722565544062035631e-08,3.917807842971754910e-08,4.071195591413770619e-08
4.194338715375880856e-08,4.200788398496410385e-08,4.129416631957590165e-08,4.003707191271164632e-08,3.875914002146435236e-08,3.756902718016332136e-08,3.644491628176030144e-08,3.555676673535459483e-08,3.511301570085691762e-08,3.518103909231361282e-08,3.568519393585383811e-08,3.648916070723143789e-08,3.746122126415335372e-08,3.850020939947152214e-08,3.953759721321793298e-08,4.053115241890300569e-08,4.145749714520963899e-08,4.230589442004829829e-08,4.307363822679824268e-08,4.376284144346867728e-08,4.437829768339122512e-08,4.492611425814134215e-08,4.541287247733277476e-08,4.584513425918571019e-08,4.622916811391408339e-08,4.657080939677496445e-08,4.687539985824134315e-08,4.714777212890310826e-08,4.739225832833039971e-08,4.761271061252389959e-08,4.781252680329577287e-08,4.799467743302193715e-08,4.816173237593178923e-08,4.831588624065958071e-08,4.845898220290149313e-08,4.859253417458992893e-08,4.871774727036713508e-08,4.883553652528290199e-08,4.894654378862003789e-08,4.905115269594538000e-08,4.914950162076380832e-08,4.924149453755260797e-08,4.932684439196178202e-08,4.940521579287007104e-08,4.947625858434588369e-08,4.953960603108761699e-08,4.959487288061456169e-08,4.964165329506525131e-08,4.967951864787334355e-08,4.970801518366597781e-08,4.972666154357594960e-08,4.973494616289266553e-08,4.973232455372377021e-08,4.971821649223023967e-08,4.969200313817652787e-08,4.965302412415066036e-08,4.960057466302347516e-08,4.953390273520520306e-08,4.945220643222195850e-08,4.935463155030354724e-08,4.924026954731448065e-08,4.910815599880223139e-08,4.895726971458300347e-08,4.878653270664284958e-08,4.859481123284810850e-08,4.838091817984457174e-08,4.814361709363037796e-08,4.788162821892578205e-08,4.759363697031404554e-08,4.727830533129824586e-08,4.693428676456875148e-08,4.656024532124683065e-08,4.615487976286977815e-08,4.571695366273221641e-08,4.524533263966099688e-08,4.473903010605508033e-08,4.419726319432260930e-08,4.361952087646417442e-08,4.300564673012643371e-08,4.235593935738110326e-08,4.167127416558732885e-08,4.095325112172983797e-08,4.020437425874635128e-08,3.942827023294337864e-08,3.862995521968232734e-08,3.781616202712809424e-08,3.699574264544342007e-08,3.618016561611661192e-08,3.538413248970055445e-08,3.462634262720326565e-08,3.393043900771171657e-08,3.332616583215861833e-08,3.285075456661420831e-08,3.255051734280560881e-08,3.248255070732092013e-08,3.271632684805313686e-08,3.333477858302060844e-08,3.443430540180294660e-08,3.612300105595638840e-08,3.851634911881920865e-08,4.172954202377224109e-08,4.586525506831041395e-08,5.099527007238402213e-08,5.713519362716083665e-08,6.421863041634437637e-08,7.210634301855335418e-08,8.076733383211246336e-08,9.108588481952265575e-08,1.074783170825638249e-07,1.101916714001988967e-07,1.363851094412525875e-07,1.980708223151978111e-07,2.654376649011466229e-07,3.107702999603576926e-07,3.219540638259502070e-07,3.067342799613757299e-07,2.929675703101728064e-07,3.086468862201174273e-07,3.468064272092086436e-07,3.757679051332513650e-07,3.735689503875611745e-07,3.407359008931005505e-07,3.001530874553715025e-07,2.835497349000535660e-07,2.960353802433050977e-07,3.080676264856795824e-07,2.925577363666991051e-07,2.440579408819674660e-07,1.786743136567721150e-07,1.306275992885269749e-07,1.245215616398512334e-07,1.282993855377803413e-07,1.070392296348951007e-07,9.206102901022296532e-08,7.992653348154337722e-08,6.963561183111896576e-08,6.091105878081056867e-08,5.362954181081223725e-08,4.767025588540478509e-08,4.289192328536472806e-08,3.914158409439837472e-08,3.626663748679709068e-08,3.412344342689818599e-08,3.258211039597838912e-08,3.152848275964655418e-08,3.086433730875001672e-08,3.050652533176474702e-08,3.038555574614399641e-08,3.044394569654476937e-08,3.063454698764171705e-08,3.091897142021951151e-08,3.126617726127679243e-08,3.165123855817487290e-08,3.205429472590173482e-08,3.245966526326412318e-08,3.285510940857337353e-08,3.323120981161945135e-08,3.358086072648721161e-08,3.389884353584378015e-08,3.418147491055357491e-08,3.442631525745706508e-08,3.463192718106106987e-08,3.479767545164137938e-08,3.492356144952232197e-08,3.501008627775742423e-08,3.505813774174146721e-08,3.506889722083689292e-08,3.504376313574931828e-08,3.498428827298154327e-08,3.489212868642429064e-08,3.476900227415128506e-08,3.461665544055673579e-08,3.443683651211457797e-08,3.423127478902288861e-08,3.400166429277588052e-08,3.374965141776820932e-08,3.347682581867792682e-08,3.318471396892591856e-08,3.287477491251214333e-08,3.254839780487835302e-08,3.220690090050830082e-08,3.185153169768073533e-08,3.148346799571159299e-08,3.110381965844099239e-08,3.071363091067933456e-08,3.031388302267419362e-08,2.990549726208716608e-08,2.948933801404207789e-08,2.906621598799001881e-08,2.863689144581679171e-08,2.820207739912040082e-08,2.776244273518167349e-08,2.731861524107904098e-08,2.687118450386243761e-08,2.642070467188447738e-08,2.596769706845111874e-08,2.551265265404748160e-08,2.505603433765064645e-08,2.459827914118429792e-08,2.413980022411534128e-08,2.368098877764622993e-08,2.322221580002119275e-08,2.276384688552738700e-08,2.230631394435802406e-08,2.185017678397197328e-08,2.139617501318256700e-08,2.094528000792663014e-08,2.049874799962969062e-08,2.005817579108485892e-08,1.962556111832739802e-08,1.920337025982586644e-08,1.879461611926100207e-08,1.840295059960295021e-08,1.803277548410820572e-08,1.768937594258018693e-08,1.737907965944798025e-08,1.710944155922194433e-08,1.688944782974859156e-08,1.672972148615017800e-08,1.664269267505747227e-08,1.664266800099851511e-08,1.674569376218685926e-08,1.696906238029768739e-08,1.733027401083286152e-08,1.784526888045341111e-08,1.852585064276461425e-08,1.937652337974716663e-08,2.039158727070400301e-08,2.155433960086175812e-08,2.284128699743271727e-08,2.423396472304458431e-08,2.573602396442356802e-08,2.738083516502446366e-08,2.920408487155670336e-08,3.118171859811298317e-08,3.321374593153149519e-08,3.523907784236246399e-08,3.730293649824641137e-08,3.928483031965307804e-08,4.082145999498829773e-08
4.198011538980951512e-08,4.201473037620335987e-08,4.124722179526016237e-08,3.995752949628830834e-08,3.868594709136413627e-08,3.749122537103643999e-08,3.635657215219320092e-08,3.549033371794216720e-08,3.511365665729625234e-08,3.527753580269004519e-08,3.588380044196233793e-08,3.678149650711623288e-08,3.783310083977306506e-08,3.893683579117402633e-08,4.002575589861509831e-08,4.105985233051652183e-08,4.201795384125597181e-08,4.289126767588235581e-08,4.367870023314907507e-08,4.438365227673220571e-08,4.501192050216671934e-08,4.557038061916977436e-08,4.606619681492245098e-08,4.650637134972334259e-08,4.689750568224626592e-08,4.724568823371037097e-08,4.755645485097828604e-08,4.783478886236659588e-08,4.808514110395467152e-08,4.831145873902118719e-08,4.851721682016303026e-08,4.870544955082325505e-08,4.887877988949421541e-08,4.903944702423867510e-08,4.918933165760659602e-08,4.932997918990438536e-08,4.946262090050178516e-08,4.958819318043362738e-08,4.970735481100297481e-08,4.982050223847216040e-08,4.992778277827288266e-08,5.002910570094338274e-08,5.012418649016792041e-08,5.021269238331741703e-08,5.029427658594725264e-08,5.036857637915781785e-08,5.043521108697043705e-08,5.049377989404203943e-08,5.054385950643094450e-08,5.058500165125798689e-08,5.061673041511349238e-08,5.063853942608595102e-08,5.064988889048186388e-08,5.065020250283548939e-08,5.063886425684444138e-08,5.061521519559898493e-08,5.057855015210036428e-08,5.052811454580323316e-08,5.046310131801307627e-08,5.038264810869486987e-08,5.028583479992878774e-08,5.017168157726776514e-08,5.003914769008775381e-08,4.988713112626743376e-08,4.971446945594342101e-08,4.951994214460883048e-08,4.930227468866711630e-08,4.906014498824559853e-08,4.879219244452815101e-08,4.849703035448276935e-08,4.817326227760230470e-08,4.781950317081012084e-08,4.743440623349333070e-08,4.701669658020459118e-08,4.656521307060536319e-08,4.607895988286156945e-08,4.555716972788752588e-08,4.499938097972075788e-08,4.440553145681117499e-08,4.377607214847560874e-08,4.311210486283712878e-08,4.241554860510769385e-08,4.168934051208015357e-08,4.093767841068128640e-08,4.016631358116648498e-08,3.938290413472736505e-08,3.859744159222519701e-08,3.782276575919113255e-08,3.707518569907873331e-08,3.637522712903397108e-08,3.574852803420309755e-08,3.522690301073605714e-08,3.484958981925367033e-08,3.466467433123962077e-08,3.473065694904232084e-08,3.511807053695851729e-08,3.591098924225945274e-08,3.720819476673558079e-08,3.912372471990544969e-08,4.178657011779777606e-08,4.533951925481801353e-08,4.993786334967869212e-08,5.575083692847823702e-08,6.297501286619645586e-08,7.188669395043617364e-08,8.300739462557821800e-08,9.756849520829770971e-08,1.186678749888041277e-07,1.536492457993071574e-07,1.677390741275633417e-07,1.849727263035263522e-07,2.243494815791293074e-07,2.733821268234992614e-07,3.079191800495400558e-07,3.175997624642279694e-07,3.159107506544632314e-07,3.343172827148154244e-07,3.874709615562938711e-07,4.516188366376594023e-07,4.923455856967094910e-07,4.893167615787957645e-07,4.431110299578848662e-07,3.750371496017823756e-07,3.198362023954725074e-07,3.000392851639681407e-07,2.988819366160186028e-07,2.851376575422688469e-07,2.483846927456980860e-07,2.041732553492482110e-07,1.801832063489544916e-07,1.794697895256310936e-07,1.717210611659609810e-07,1.335879583230008188e-07,1.087309002126697275e-07,9.093545172148133794e-08,7.735528750785671117e-08,6.665703901124152525e-08,5.814308238636387437e-08,5.138141537868132426e-08,4.605903082703415394e-08,4.192557227778607325e-08,3.877153224425275107e-08,3.641905559475181158e-08,3.471710086610944401e-08,3.353802878006555756e-08,3.277467312525315642e-08,3.233764832221111650e-08,3.215286627169332243e-08,3.215928379489514893e-08,3.230689798762736322e-08,3.255499169325539595e-08,3.287061813685381063e-08,3.322730538334862771e-08,3.360395720373125352e-08,3.398392591058521488e-08,3.435423359679428416e-08,3.470492011530036781e-08,3.502849849718653654e-08,3.531950096543491249e-08,3.557410106051904879e-08,3.578979954863217049e-08,3.596516369195133976e-08,3.609961111673608636e-08,3.619323093257036339e-08,3.624663595739819670e-08,3.626084091430300512e-08,3.623716231336226829e-08,3.617713643972551180e-08,3.608245245909964309e-08,3.595489814307070120e-08,3.579631612542572702e-08,3.560856894066733028e-08,3.539351137885241850e-08,3.515296892646745906e-08,3.488872125939895907e-08,3.460248991792925566e-08,3.429592943070465203e-08,3.397062126944009712e-08,3.362807011259211680e-08,3.326970197752591677e-08,3.289686384943284243e-08,3.251082449356285174e-08,3.211277618696994913e-08,3.170383714835641933e-08,3.128505448090246204e-08,3.085740747412739070e-08,3.042181113761741185e-08,2.997911986250065051e-08,2.953013112637312271e-08,2.907558917440722028e-08,2.861618862396922602e-08,2.815257795253996825e-08,2.768536283933782068e-08,2.721510934001608564e-08,2.674234688135213150e-08,2.626757106914575085e-08,2.579124630776610750e-08,2.531380823407869241e-08,2.483566597198648060e-08,2.435720421666015529e-08,2.387878515982648724e-08,2.340075026934744635e-08,2.292343398756268989e-08,2.244723119208557231e-08,2.197265761793786917e-08,2.150040137208240570e-08,2.103137423469473921e-08,2.056676387668187513e-08,2.010808861406576187e-08,1.965725690119331665e-08,1.921663444480116925e-08,1.878912258482585117e-08,1.837825237599469113e-08,1.798829947576332336e-08,1.762442521542132278e-08,1.729284857849823352e-08,1.700105132783873305e-08,1.675801273912147331e-08,1.657445910734553836e-08,1.646309344247970476e-08,1.643873935564075102e-08,1.651828817689044506e-08,1.672028274195516906e-08,1.706391876928934189e-08,1.756722870514142665e-08,1.824429745281086640e-08,1.910165060266200854e-08,2.013460082991244222e-08,2.132545651415447871e-08,2.264687950005371764e-08,2.407398676103870471e-08,2.560441389428224315e-08,2.727195350838433348e-08,2.912305697569546203e-08,3.114525196188949249e-08,3.322910376397794129e-08,3.528528462270651416e-08,3.736061266237574952e-08,3.936420971503932473e-08,4.090157855933253133e-08
4.198382692962792211e-08,4.199038230550091178e-08,4.116918363404721910e-08,3.985816247511571965e-08,3.860058601976198977e-08,3.740242222228014811e-08,3.626330017755916398e-08,3.543233403780840400e-08,3.513706644741259004e-08,3.540665536760911600e-08,3.611937302089145601e-08,3.711116269838124509e-08,3.824050547377258859e-08,3.940625583810910527e-08,4.054375041059672177e-08,4.161556237738171861e-08,4.260289518541494703e-08,4.349896286274562588e-08,4.430428812300039723e-08,4.502353228595659227e-08,4.566345335264515295e-08,4.623164934225461812e-08,4.673582266159215505e-08,4.718337557338546412e-08,4.758120759632763013e-08,4.793563091651124272e-08,4.825235139185816420e-08,4.853648359326801436e-08,4.879258161173673786e-08,4.902467554343728358e-08,4.923630844242677919e-08,4.943057132928540816e-08,4.961013536689806394e-08,4.977728107476862053e-08,4.993392477289329613e-08,5.008164252511593467e-08,5.022169181234283409e-08,5.035503108143636463e-08,5.048233722876973540e-08,5.060402101196780572e-08,5.072024035149290209e-08,5.083091149141453717e-08,5.093575405754172872e-08,5.103443958348701999e-08,5.112662642552579299e-08,5.121195780376187717e-08,5.129005968461254689e-08,5.136053849176495966e-08,5.142297863499290942e-08,5.147693984927022139e-08,5.152195434063026470e-08,5.155752374036843838e-08,5.158311587564509784e-08,5.159816137251589021e-08,5.160205011709999265e-08,5.159412761221350665e-08,5.157369128057898869e-08,5.153998678192288030e-08,5.149220443016712582e-08,5.142947581881446749e-08,5.135087078787857427e-08,5.125539489473899220e-08,5.114198758462613857e-08,5.100952129470708246e-08,5.085680176976444731e-08,5.068256991827531634e-08,5.048550559662779719e-08,5.026423377793498798e-08,5.001733364252818518e-08,4.974335122237010399e-08,4.944081634457978588e-08,4.910826475399252248e-08,4.874426645603185991e-08,4.834746151496532777e-08,4.791660477579396023e-08,4.745062125880632533e-08,4.694867431385504974e-08,4.641024902793104375e-08,4.583525386758964716e-08,4.522414412202870954e-08,4.457807140977240123e-08,4.389906434028523161e-08,4.319024640092156928e-08,4.245609828910005217e-08,4.170277324754971661e-08,4.093847550023790053e-08,4.017391363166021738e-08,3.942284268823399390e-08,3.870271086348556244e-08,3.803542876804722442e-08,3.744828132466211622e-08,3.697500403259019467e-08,3.665704643207563243e-08,3.654504590923933654e-08,3.670053504086357547e-08,3.719790818680490138e-08,3.812668637708447702e-08,3.959416544756021855e-08,4.172866234691620785e-08,4.468390588869077318e-08,4.864591690871081995e-08,5.384559656948179169e-08,6.058457780389339749e-08,6.929177835595013581e-08,8.064991251732376710e-08,9.587609809771885842e-08,1.173198201973294440e-07,1.496390123205854778e-07,2.018459232578005440e-07,2.234482341802007061e-07,2.306174782034042617e-07,2.441245685683609524e-07,2.671112271767031083e-07,2.857625862257503175e-07,2.950476040325315996e-07,3.148332881702851579e-07,3.724261707964237184e-07,4.623493421011240901e-07,5.499260407406946674e-07,6.011315218856067701e-07,5.971530956825229238e-07,5.386745501453263228e-07,4.456269691506860139e-07,3.524578785539378417e-07,2.931512121052518413e-07,2.712573929496899234e-07,2.589656832800367214e-07,2.399491404807290279e-07,2.246804348656298305e-07,2.265642710717439753e-07,2.329102140187383750e-07,2.167589766662627834e-07,1.624142175915111459e-07,1.272160827263945697e-07,1.030368098041655827e-07,8.555620418785864712e-08,7.245771443055236028e-08,6.244069479025459319e-08,5.471747399380348259e-08,4.876752219903149085e-08,4.421845005149440566e-08,4.078739282889807684e-08,3.825089692581385657e-08,3.642840266400392011e-08,3.517237023367036808e-08,3.436176469985830365e-08,3.389732626827473054e-08,3.369786915625326924e-08,3.369724803890194709e-08,3.384181775851097401e-08,3.408829396217155655e-08,3.440195479920361508e-08,3.475513583242873196e-08,3.512597567897448516e-08,3.549737399534840964e-08,3.585612772356128313e-08,3.619221603013835221e-08,3.649820877747242493e-08,3.676877740617063013e-08,3.700029064895886544e-08,3.719048051523491340e-08,3.733816651315244474e-08,3.744302817157369231e-08,3.750541765200300359e-08,3.752620566187661113e-08,3.750665504908404935e-08,3.744831741875426649e-08,3.735294890474947482e-08,3.722244188075499549e-08,3.705876993443027361e-08,3.686394387323420760e-08,3.663997689892870527e-08,3.638885739302262566e-08,3.611252800871165008e-08,3.581286997537081908e-08,3.549169169691206241e-08,3.515072087154460338e-08,3.479159948278989310e-08,3.441588111421478326e-08,3.402503012671116408e-08,3.362042231009986195e-08,3.320334668267852623e-08,3.277500816494808916e-08,3.233653089866560349e-08,3.188896202081827950e-08,3.143327573509549776e-08,3.097037755176570218e-08,3.050110859120403383e-08,3.002624986721102267e-08,2.954652648416231303e-08,2.906261169731484323e-08,2.857513079859026399e-08,2.808466480114271234e-08,2.759175390524102875e-08,2.709690073567561904e-08,2.660057334723493697e-08,2.610320799996502913e-08,2.560521171009117960e-08,2.510696458579371203e-08,2.460882195962850560e-08,2.411111633139181095e-08,2.361415913677007907e-08,2.311825319084403401e-08,2.262375529193506616e-08,2.213113530027795243e-08,2.164102715963212408e-08,2.115427935327259541e-08,2.067200597563848541e-08,2.019564013215487986e-08,1.972699202029075961e-08,1.926831481259714875e-08,1.882238235620884747e-08,1.839258368331553143e-08,1.798304027887337461e-08,1.759875272291780637e-08,1.724578321962697903e-08,1.693147874065483847e-08,1.666473450568194374e-08,1.645628686012637967e-08,1.631900480379435386e-08,1.626811626836434132e-08,1.632125529768039500e-08,1.649815054850924591e-08,1.681970622629816283e-08,1.730618725759168554e-08,1.797427854486090351e-08,1.883305802456830239e-08,1.987957330473821427e-08,2.109591836612745642e-08,2.245138905167826619e-08,2.391428044859324619e-08,2.547439779532169617e-08,2.716324261755521875e-08,2.903704276845696052e-08,3.109846068676539265e-08,3.323343398667765065e-08,3.532103549488271547e-08,3.740081382751343874e-08,3.941752256707592795e-08,4.095423174624272487e-08
4.195793030112014832e-08,4.193749533000988198e-08,4.106333930721596546e-08,3.974250357840267272e-08,3.850434465546783266e-08,3.730300231996222298e-08,3.616646932610201520e-08,3.538475010160334432e-08,3.518438623209988844e-08,3.556784439914746262e-08,3.638974080660338981e-08,3.747487085901192011e-08,3.867951910736063376e-08,3.990426807404082140e-08,4.108730279294110518e-08,4.219404831772859912e-08,4.320819653397638770e-08,4.412499770743704918e-08,4.494657445637058070e-08,4.567880911693372912e-08,4.632937233994005393e-08,4.690653500399608812e-08,4.741849196392609712e-08,4.787300538228610552e-08,4.827723892002902164e-08,4.863770052452241180e-08,4.896024334929896144e-08,4.925009504635607648e-08,4.951189863928847615e-08,4.974975603461506062e-08,4.996726981760304864e-08,5.016758154929835671e-08,5.035340613241412420e-08,5.052706244746435125e-08,5.069050068805430600e-08,5.084532683600794759e-08,5.099282462828265419e-08,5.113397524681304122e-08,5.126947484881534240e-08,5.139974996991745620e-08,5.152497078620719054e-08,5.164506221843885529e-08,5.175974970890100227e-08,5.186871084504885164e-08,5.197161102711691494e-08,5.206810145756976158e-08,5.215781695130759716e-08,5.224037354989466258e-08,5.231536592500928117e-08,5.238236455911014545e-08,5.244091269514621981e-08,5.249052305220541339e-08,5.253067431050164957e-08,5.256080737727234390e-08,5.258032145522684417e-08,5.258856994740598774e-08,5.258485624694108481e-08,5.256842947751533924e-08,5.253848027062754066e-08,5.249413668935913105e-08,5.243446043562014358e-08,5.235844350922471040e-08,5.226500552314298351e-08,5.215299192054712632e-08,5.202117338663922533e-08,5.186824680278891312e-08,5.169283815358969147e-08,5.149350787083321922e-08,5.126875918434786018e-08,5.101705015098807859e-08,5.073681015333601726e-08,5.042646180324808283e-08,5.008444935758294052e-08,4.970927496072484606e-08,4.929954427859794910e-08,4.885402339094498562e-08,4.837170917358467328e-08,4.785191584293241441e-08,4.729438086618004948e-08,4.669939407949919709e-08,4.606795462342423433e-08,4.540196122201118946e-08,4.470444242624273164e-08,4.397983474114081310e-08,4.323431809140552631e-08,4.247621988532619802e-08,4.171650104573938741e-08,4.096933982626662428e-08,4.025283206404495779e-08,3.958982980503209153e-08,3.900894412223644706e-08,3.854574279635261385e-08,3.824418025451023894e-08,3.815830795258479187e-08,3.835433321073731475e-08,3.891313408366609839e-08,3.993341916025207130e-08,4.153588778928285886e-08,4.386908312350750584e-08,4.711830537023434922e-08,5.152030442461560978e-08,5.738918952779326637e-08,6.516445591700382093e-08,7.550283030691382870e-08,8.945613955328009979e-08,1.088133443661752682e-07,1.367398244938858953e-07,1.789161809935781207e-07,2.454599982006964845e-07,2.718135231241815596e-07,2.689574522793938865e-07,2.569823215697359242e-07,2.503942565114025353e-07,2.505868202939693767e-07,2.632880464409865576e-07,3.121529594223591482e-07,4.085717916673767267e-07,5.284448708169915702e-07,6.338557657025014153e-07,6.928093058674136598e-07,6.878331990478886451e-07,6.197693946209064069e-07,5.074763006997359431e-07,3.834854092421782311e-07,2.850983513382081118e-07,2.349899479821573686e-07,2.212161350404085807e-07,2.234170850538309939e-07,2.397521649815336012e-07,2.654723063818598777e-07,2.789995146548457582e-07,2.570583246332647629e-07,1.890385536795412041e-07,1.446934293935553352e-07,1.145640641043927740e-07,9.327698768577931583e-08,7.775468304709978183e-08,6.618880975291550994e-08,5.747030289000582853e-08,5.088052403390793121e-08,4.592534517930089058e-08,4.224557903707377319e-08,3.956795112593997040e-08,3.767772090914284088e-08,3.640289627428428833e-08,3.560458211141230749e-08,3.517050528022180769e-08,3.501019179574056124e-08,3.505108383130367511e-08,3.523529954392205840e-08,3.551691539859133375e-08,3.585970624796621896e-08,3.623528713704011923e-08,3.662159913673919206e-08,3.700168219659108018e-08,3.736268278105654481e-08,3.769505124619436866e-08,3.799189167786824063e-08,3.824843410216100655e-08,3.846160510243031165e-08,3.862967785239294073e-08,3.875198651293175046e-08,3.882869301976723557e-08,3.886059668845872133e-08,3.884897893629275539e-08,3.879547689053670220e-08,3.870198081396051106e-08,3.857055120293370949e-08,3.840335215437919550e-08,3.820259819564727867e-08,3.797051225636381862e-08,3.770929285671089837e-08,3.742108891032185574e-08,3.710798080600280106e-08,3.677196665186485233e-08,3.641495274696150041e-08,3.603874749622822173e-08,3.564505811010635993e-08,3.523548953530172569e-08,3.481154515139924953e-08,3.437462884254215952e-08,3.392604811651068315e-08,3.346701799725948805e-08,3.299866546286262208e-08,3.252203424012937632e-08,3.203808980090715666e-08,3.154772443408901681e-08,3.105176229225927796e-08,3.055096433327749616e-08,3.004603309537136081e-08,2.953761725986090027e-08,2.902631596879668212e-08,2.851268287584768777e-08,2.799722991797475183e-08,2.748043080299901304e-08,2.696272421432992413e-08,2.644451673904202430e-08,2.592618552935720697e-08,2.540808071055808621e-08,2.489052755057534229e-08,2.437382840808819053e-08,2.385826447707985844e-08,2.334410684082056062e-08,2.283167373736778734e-08,2.232138816309280232e-08,2.181382833248345463e-08,2.130977715060922299e-08,2.081027191548001817e-08,2.031665603101074845e-08,1.983063520068932290e-08,1.935434141446900234e-08,1.889040905034657340e-08,1.844206856983502858e-08,1.801326451045043823e-08,1.760880555870961870e-08,1.723455497797147113e-08,1.689766870364094344e-08,1.660688445017002678e-08,1.637285560236655122e-08,1.620850453178943003e-08,1.612933606000638778e-08,1.615359785854773897e-08,1.630209913930255985e-08,1.659741184335100255e-08,1.706211247670256920e-08,1.771574788331967662e-08,1.857044677995560423e-08,1.962573696779395981e-08,2.086439251706444665e-08,2.225307641878682550e-08,2.375321806418068997e-08,2.534522592188952225e-08,2.705528834658942002e-08,2.894735908731412789e-08,3.104199663441177546e-08,3.322647958907327156e-08,3.534699365975701315e-08,3.742571240558067796e-08,3.944633913949034546e-08,4.098127804617996904e-08
4.190584937533978037e-08,4.185855221895755425e-08,4.093306951500974872e-08,3.961371237153093895e-08,3.839807912963885530e-08,3.719339555711114975e-08,3.606762717736229279e-08,3.534943237106231706e-08,3.525630281813506681e-08,3.576004126814870793e-08,3.669239302965965752e-08,3.786922721587279470e-08,3.914632531089016834e-08,4.042692118775326346e-08,4.165248796439150722e-08,4.279149636445032026e-08,4.383019651356856205e-08,4.476587850994756944e-08,4.560223317329706320e-08,4.634631569132941997e-08,4.700665645894750597e-08,4.759214834250024165e-08,4.811143317805768323e-08,4.857259418303477107e-08,4.898302693449491344e-08,4.934940893530508137e-08,4.967771963086077177e-08,4.997328311688080031e-08,5.024081832021770998e-08,5.048448888860532497e-08,5.070794929380097471e-08,5.091438598059688968e-08,5.110655356855259715e-08,5.128680662074104017e-08,5.145712763139122278e-08,5.161915183170712918e-08,5.177418927784402028e-08,5.192324453015095301e-08,5.206703409407843725e-08,5.220600168948584617e-08,5.234033135523888859e-08,5.246995838316637754e-08,5.259461574059877261e-08,5.271398888188039974e-08,5.282775221690964171e-08,5.293556706676386742e-08,5.303707941795797452e-08,5.313191745396104029e-08,5.321968884405128134e-08,5.329997777193794109e-08,5.337234169002029865e-08,5.343630778990638320e-08,5.349136918611260788e-08,5.353698081796462787e-08,5.357255508488258756e-08,5.359745724273880785e-08,5.361100060410797045e-08,5.361244160328190762e-08,5.360097480820057917e-08,5.357572798627757864e-08,5.353575735982951791e-08,5.348004321985345999e-08,5.340748610472403592e-08,5.331690379360441091e-08,5.320702941376923593e-08,5.307651101764884371e-08,5.292391305057875267e-08,5.274772020575945054e-08,5.254634425112040377e-08,5.231813451662819368e-08,5.206139285388941890e-08,5.177439402745489624e-08,5.145541267499872147e-08,5.110275818888079675e-08,5.071481913355893723e-08,5.029011913299352703e-08,4.982738655320199305e-08,4.932564078424040848e-08,4.878429851388401431e-08,4.820330410806964739e-08,4.758328910337670461e-08,4.692576691581806196e-08,4.623337023063223519e-08,4.551014022647939830e-08,4.476187888834574996e-08,4.399657827889713008e-08,4.322494388618361406e-08,4.246103316955382043e-08,4.172303528847222118e-08,4.103422376330126250e-08,4.042412042841273805e-08,3.992991639628577445e-08,3.959820409982256860e-08,3.948708570322195187e-08,3.966874405632071010e-08,4.023261123737765366e-08,4.128938730136222689e-08,4.297642498810581146e-08,4.546553160144555556e-08,4.897524206299999238e-08,5.379140327851640515e-08,6.030306153586447892e-08,6.906628606563935880e-08,8.091870641438379459e-08,9.718532034270482130e-08,1.200456918204784172e-07,1.531790841529218576e-07,2.028761548429942933e-07,2.799286798031890578e-07,3.086035308879002662e-07,2.967124705188697530e-07,2.634912818106451798e-07,2.307269690860822035e-07,2.161916897754047621e-07,2.400136613119909100e-07,3.195967753600704542e-07,4.443823109173296157e-07,5.823561034048574297e-07,6.976314181194150650e-07,7.604939753814916973e-07,7.545542491020989143e-07,6.808657478884531353e-07,5.576188601070045938e-07,4.154150879516198267e-07,2.895902328230136164e-07,2.104138173875048599e-07,1.879554887600104114e-07,2.073369974604609949e-07,2.496493031516577833e-07,2.936158428193262442e-07,3.134195182414446855e-07,2.881268716415271950e-07,2.101208974174760728e-07,1.588417712814448321e-07,1.240000289778364280e-07,9.956342760314588058e-08,8.195682856448429786e-08,6.901973522863328730e-08,5.940701122631975628e-08,5.224682067754583023e-08,4.694598234200498088e-08,4.307927680784133509e-08,4.032676986453900421e-08,3.843871996495116734e-08,3.721603020304322417e-08,3.649893392947374082e-08,3.615963491941214090e-08,3.609670593753361754e-08,3.623035296902177259e-08,3.649830307354893055e-08,3.685229495597627266e-08,3.725516919239469573e-08,3.767851628102911469e-08,3.810080863754657508e-08,3.850593119333874636e-08,3.888202936567859866e-08,3.922060485485125039e-08,3.951580327730901944e-08,3.976385011280945901e-08,3.996260174538339566e-08,4.011118641332649592e-08,4.020971595866640968e-08,4.025905379145060926e-08,4.026062783969244315e-08,4.021627975113422668e-08,4.012814348265779928e-08,3.999854782861564938e-08,3.982993852347166866e-08,3.962481639435584906e-08,3.938568869766836757e-08,3.911503129526909756e-08,3.881525974231880388e-08,3.848870769418260009e-08,3.813761131162051510e-08,3.776409856514879121e-08,3.737018252122968643e-08,3.695775784282945801e-08,3.652859986114547266e-08,3.608436567890313550e-08,3.562659685249042247e-08,3.515672327345605329e-08,3.467606793201928710e-08,3.418585229818691614e-08,3.368720210139515167e-08,3.318115332851537280e-08,3.266865829355302860e-08,3.215059166119915947e-08,3.162775633118746571e-08,3.110088911167115887e-08,3.057066612798760046e-08,3.003770792858303274e-08,2.950258426283818080e-08,2.896581851634553838e-08,2.842789179809241904e-08,2.788924668122930653e-08,2.735029060486208497e-08,2.681139894879437925e-08,2.627291779654271592e-08,2.573516640441769894e-08,2.519843939616149433e-08,2.466300870369419690e-08,2.412912527507528040e-08,2.359702863021726709e-08,2.306699841219954771e-08,2.253941043160744735e-08,2.201478652839923003e-08,2.149384296515798463e-08,2.097753859111697305e-08,2.046712460385455966e-08,1.996419846246942731e-08,1.947076540824837783e-08,1.898931215418505570e-08,1.852289861846671513e-08,1.807527505191126422e-08,1.765103338700523520e-08,1.725580273889116782e-08,1.689649892904079568e-08,1.658163517544626719e-08,1.632169303504271612e-08,1.612953497707869967e-08,1.602080642463989345e-08,1.601421857923559001e-08,1.613151930966746075e-08,1.639685410141370063e-08,1.683512321391727519e-08,1.746892686967123819e-08,1.831388732143444986e-08,1.937274679321427631e-08,2.062993224409619940e-08,2.205042752610523568e-08,2.358912802054982475e-08,2.521585236661117705e-08,2.694836705940084434e-08,2.885532288566073276e-08,3.097679737895272513e-08,3.320806513734968078e-08,3.536350537498540585e-08,3.743740527038249193e-08,3.945247005869879340e-08,4.098448332639528219e-08
4.183089471310918847e-08,4.175584306252807778e-08,4.078174753191949503e-08,3.947447938117054750e-08,3.828228049200824086e-08,3.707412973220330092e-08,3.596844280413384213e-08,3.532802317788040746e-08,3.535305962176805667e-08,3.598178662849236755e-08,3.702463447130776472e-08,3.829088074231895908e-08,3.963732398402623269e-08,4.097059560756507644e-08,4.223578463312705091e-08,4.340453945818072708e-08,4.446570404408396296e-08,4.541859229857554734e-08,4.626842038963957222e-08,4.702336246119409378e-08,4.769275357343089571e-08,4.828605777426214450e-08,4.881231976255228956e-08,4.927990693408466568e-08,4.969641671513108151e-08,5.006867205163504695e-08,5.040275956670364527e-08,5.070408478683769944e-08,5.097743085688302579e-08,5.122701417124066448e-08,5.145653427281229139e-08,5.166921744773645828e-08,5.186785444046446280e-08,5.205483309703689676e-08,5.223216679544449901e-08,5.240151940840912868e-08,5.256422736503484695e-08,5.272131919121004322e-08,5.287353274658786008e-08,5.302133025504164168e-08,5.316491115290271630e-08,5.330422275703730136e-08,5.343900726943454176e-08,5.356895984764462245e-08,5.369376591924272317e-08,5.381309912569705098e-08,5.392661904171623838e-08,5.403396864328971573e-08,5.413477149842175227e-08,5.422862865624951858e-08,5.431511521304683258e-08,5.439377653779496790e-08,5.446412414581288079e-08,5.452563121666729519e-08,5.457772776252168060e-08,5.461979546553931957e-08,5.465116221823657922e-08,5.467109641909469478e-08,5.467880109758945400e-08,5.467340796839345556e-08,5.465397154416192560e-08,5.461946347037867031e-08,5.456876728461447774e-08,5.450067384674676703e-08,5.441387773687296791e-08,5.430697497473539589e-08,5.417846247970822130e-08,5.402673976548976453e-08,5.385011345089703408e-08,5.364680527064179473e-08,5.341496439169245381e-08,5.315268498698746469e-08,5.285803019551275919e-08,5.252906381454436689e-08,5.216389133692924340e-08,5.176071227730049178e-08,5.131788614360525126e-08,5.083401492691920691e-08,5.030804563290156965e-08,4.973939720178578413e-08,4.912811721339457459e-08,4.847507512097775503e-08,4.778220050011823061e-08,4.705277706829758631e-08,4.629180620212488435e-08,4.550645757738571347e-08,4.470662965114270350e-08,4.390564927612249716e-08,4.312114798881942350e-08,4.237616238131229646e-08,4.170051680243888792e-08,4.113255679853193917e-08,4.072130845446672340e-08,4.052913957631795470e-08,4.063499628895963034e-08,4.113830416772733850e-08,4.216371833699863812e-08,4.386720914711130795e-08,4.644467392595967743e-08,5.014559233212537747e-08,5.529640150999907992e-08,6.234156441829084611e-08,7.191551559824156423e-08,8.496750296048842165e-08,1.029767374397785220e-07,1.283217284499811927e-07,1.649128461381545541e-07,2.192762358991805204e-07,3.024217469096689805e-07,3.310927759065976706e-07,3.118627480233861070e-07,2.648792134958690527e-07,2.185147630733282598e-07,2.044605260721052096e-07,2.472532883130232588e-07,3.462408664937575545e-07,4.809973403643533579e-07,6.223800980112494214e-07,7.380896870873476686e-07,8.003218246423663431e-07,7.935371903318512247e-07,7.190538564018588288e-07,5.947753214396892478e-07,4.500345842398129929e-07,3.171346464910992739e-07,2.229011266954253778e-07,1.842934422437030354e-07,2.024887630460049482e-07,2.550628300430770825e-07,3.089432843259163217e-07,3.334652803645830563e-07,3.072246680140257141e-07,2.236011680222788117e-07,1.681671840168196974e-07,1.303114386514720272e-07,1.037287325047833384e-07,8.461840405733468759e-08,7.064606619014376650e-08,6.034098512790611358e-08,5.274394831461313887e-08,4.720029093314649121e-08,4.323841144921278156e-08,4.049996835213836547e-08,3.870168089189609558e-08,3.761553058433563779e-08,3.705824783882049566e-08,3.688442754546382861e-08,3.698060394766279859e-08,3.725958250379530157e-08,3.765517560310629985e-08,3.811761742458188682e-08,3.860979167232304070e-08,3.910425182345640181e-08,3.958092603320019597e-08,4.002537210359407054e-08,4.042745588693274997e-08,4.078034817798579935e-08,4.107975880711633784e-08,4.132334726371273668e-08,4.151026540596766577e-08,4.164079991380075696e-08,4.171609090786951707e-08,4.173790942079418289e-08,4.170848086509987494e-08,4.163034482702051011e-08,4.150624380959934782e-08,4.133903522124042493e-08,4.113162214252932010e-08,4.088689933197862722e-08,4.060771163766773659e-08,4.029682252680751889e-08,3.995689087111915933e-08,3.959045446232342536e-08,3.919991900039559510e-08,3.878755151320753720e-08,3.835547734141348222e-08,3.790567996574351863e-08,3.744000307198583027e-08,3.696015434706151713e-08,3.646771058175395387e-08,3.596412372497483761e-08,3.545072759336537965e-08,3.492874499041797559e-08,3.439929503262156210e-08,3.386340051750168642e-08,3.332199520071935331e-08,3.277593087728947962e-08,3.222598418602646283e-08,3.167286307696007798e-08,3.111721289906286063e-08,3.055962208050831339e-08,3.000062738612715752e-08,2.944071874700249688e-08,2.888034366549148059e-08,2.831991120560223584e-08,2.775979558380670481e-08,2.720033937922980687e-08,2.664185638490927606e-08,2.608463412363999718e-08,2.552893605295986743e-08,2.497500348424323810e-08,2.442305724077357677e-08,2.387330562866500402e-08,2.332598999231933024e-08,2.278143915692358197e-08,2.224011868508534038e-08,2.170267813449874946e-08,2.116999756707207348e-08,2.064323516343059376e-08,2.012387854966973216e-08,1.961380338932420816e-08,1.911534397404284068e-08,1.863138198923776403e-08,1.816546132527614542e-08,1.772193864898660707e-08,1.730618114885915607e-08,1.692482373978458438e-08,1.658609666362818668e-08,1.630022822386270185e-08,1.607991181573510680e-08,1.594079446516640460e-08,1.590188670780808305e-08,1.598570282067874726e-08,1.621781769976207621e-08,1.662539881193532591e-08,1.723421129847746509e-08,1.806373906729034709e-08,1.912063153068638533e-08,2.039197737335887586e-08,2.184221029735315820e-08,2.342038457464885392e-08,2.508499336595145316e-08,2.684240496765898817e-08,2.876213649619866029e-08,3.090403361051465088e-08,3.317817391028697217e-08,3.537064638359330863e-08,3.743781032948266740e-08,3.943791699052750699e-08,4.096550471659896416e-08
4.173615509054619789e-08,4.163145894088665729e-08,4.061264103769364360e-08,3.932697391821959464e-08,3.815715409202992286e-08,3.694585783000529158e-08,3.587064277331520904e-08,3.532190792618076832e-08,3.547450250057446726e-08,3.623134673547651749e-08,3.738372609308210274e-08,3.873663979336850531e-08,4.014921163409519272e-08,4.153205027977849004e-08,4.283409546884537442e-08,4.403025726872092829e-08,4.511198322748458645e-08,4.608058047263961930e-08,4.694273978682247549e-08,4.770769689307887768e-08,4.838553583992082316e-08,4.898624219927410648e-08,4.951922147785150229e-08,4.999309078751975589e-08,5.041562175223366953e-08,5.079376087082322516e-08,5.113368476749020573e-08,5.144086701077973616e-08,5.172014459607051391e-08,5.197577870639102467e-08,5.221150792854859523e-08,5.243059392223816450e-08,5.263586035991068910e-08,5.282972621817388530e-08,5.301423447023136233e-08,5.319107705827137124e-08,5.336161680544918985e-08,5.352690671129171202e-08,5.368770689072856092e-08,5.384449927996641773e-08,5.399750014787645879e-08,5.414667042038192473e-08,5.429176321345139075e-08,5.443248521618365282e-08,5.456853489391166890e-08,5.469960044724721833e-08,5.482535752314887052e-08,5.494546664506730101e-08,5.505957032913457673e-08,5.516728985416055389e-08,5.526822165512238972e-08,5.536193331315457050e-08,5.544795912006720956e-08,5.552579520245212524e-08,5.559489419981547773e-08,5.565465950323507696e-08,5.570443907611614554e-08,5.574351889702962741e-08,5.577111608666556649e-08,5.578637180689837871e-08,5.578834405010377906e-08,5.577600047144390326e-08,5.574821145612760116e-08,5.570374365800674657e-08,5.564125429576269956e-08,5.555928654907850021e-08,5.545626646061722064e-08,5.533050182185426824e-08,5.518018360401081424e-08,5.500339059252162720e-08,5.479809799876107886e-08,5.456219096164803607e-08,5.429348402152980135e-08,5.398974785894766123e-08,5.364874485401825323e-08,5.326827535468751196e-08,5.284623696588631216e-08,5.238069971604919935e-08,5.187000066266479193e-08,5.131286242001961720e-08,5.070854130781213393e-08,5.005701243858793602e-08,4.935920124027562594e-08,4.861727386606424450e-08,4.783500298022947891e-08,4.701823093146683761e-08,4.617545984842537574e-08,4.531860829378101419e-08,4.446398728253855268e-08,4.363356472579244180e-08,4.285660546845116884e-08,4.217179022527694346e-08,4.162992278852976910e-08,4.129731800573517863e-08,4.125991095070627736e-08,4.162804974659647842e-08,4.254190780940333471e-08,4.417767986028299813e-08,4.675554754046456874e-08,5.055213109622633792e-08,5.592280794422311424e-08,6.334264301130176425e-08,7.347899497358486804e-08,8.731588321873552339e-08,1.063634953928221634e-07,1.330113191383216630e-07,1.711296403310549284e-07,2.271094234751099103e-07,3.116880135859957090e-07,3.380728152863093683e-07,3.136070444355059449e-07,2.626252185017716051e-07,2.229931657242542047e-07,2.310604202127551886e-07,2.922904427132868625e-07,3.928306587811568217e-07,5.185618938209012832e-07,6.484650461846112130e-07,7.547227509872058828e-07,8.114982265286296667e-07,8.040688696128761944e-07,7.340673022895075647e-07,6.192546492605230545e-07,4.877012231620048936e-07,3.675409720658707875e-07,2.764878203078168977e-07,2.222803549262674693e-07,2.160018879800959647e-07,2.568168762718114860e-07,3.106283478102403858e-07,3.379959563025606754e-07,3.132159850567433614e-07,2.286231252934974707e-07,1.720341176311165113e-07,1.330431910239046597e-07,1.054592829843987375e-07,8.552889530557665231e-08,7.092743062474242007e-08,6.017771633439541246e-08,5.230803977420122639e-08,4.664715967000901877e-08,4.270126462278297736e-08,4.008347654608640457e-08,3.847804893677631724e-08,3.762519012737375943e-08,3.731484957282897504e-08,3.738200261174841414e-08,3.770067678490377261e-08,3.817694456302647307e-08,3.874197815200632583e-08,3.934598512201696772e-08,3.995333576808119623e-08,4.053884345162028846e-08,4.108500598786468690e-08,4.157998718791891630e-08,4.201614434034193779e-08,4.238894967095350856e-08,4.269619382473708722e-08,4.293739146699879566e-08,4.311333282571302568e-08,4.322574183537916975e-08,4.327701323382325833e-08,4.327000900310592678e-08,4.320790006812653576e-08,4.309404297893540805e-08,4.293188396016179682e-08,4.272488458748570366e-08,4.247646469648782773e-08,4.218995910971202134e-08,4.186858549423240819e-08,4.151542120888957118e-08,4.113338741818958541e-08,4.072523907345563931e-08,4.029355961555375029e-08,3.984075945475533838e-08,3.936907744465836445e-08,3.888058469786508076e-08,3.837719019825301230e-08,3.786064775341547844e-08,3.733256390515292407e-08,3.679440647877007606e-08,3.624751350564467735e-08,3.569310229978485222e-08,3.513227850915966636e-08,3.456604499742024642e-08,3.399531044194384800e-08,3.342089756047034124e-08,3.284355090138650386e-08,3.226394415229481556e-08,3.168268693817607371e-08,3.110033109448468249e-08,3.051737641214980298e-08,2.993427586093118980e-08,2.935144030512317520e-08,2.876924273143571275e-08,2.818802201322012736e-08,2.760808623825191440e-08,2.702971562922589230e-08,2.645316508713699411e-08,2.587866638797661466e-08,2.530643006281844476e-08,2.473664699052977962e-08,2.416949471601726409e-08,2.360517681113753569e-08,2.304397570723000352e-08,2.248630136280892447e-08,2.193273736317609388e-08,2.138408570531857013e-08,2.084141213339330299e-08,2.030609465807444865e-08,1.977987886722705967e-08,1.926494486900794931e-08,1.876399225042008217e-08,1.828035130958811854e-08,1.781813098546470936e-08,1.738241615969153183e-08,1.697952879185747478e-08,1.661736743796410652e-08,1.630583560758943946e-08,1.605735656974343782e-08,1.588744305115277713e-08,1.581523397198490952e-08,1.586381523263122924e-08,1.606000329604316394e-08,1.643310948361983117e-08,1.701209039373472503e-08,1.782057074716090691e-08,1.886973270678129157e-08,2.015033217812260982e-08,2.162750692563349354e-08,2.324548761069016852e-08,2.495120523944325596e-08,2.673697752795810011e-08,2.866879346983734751e-08,3.082503306539177105e-08,3.313699472223291170e-08,3.536828591214444699e-08,3.742858592885105643e-08,3.940480417002320780e-08,4.092588276818243920e-08
4.162441282857024455e-08,4.148729232355652730e-08,4.042882423606645556e-08,3.917283057302066230e-08,3.802269903167720821e-08,3.680936444716550032e-08,3.577595235263350756e-08,3.533219670626730580e-08,3.562015092580356912e-08,3.650683611997248728e-08,3.776700229583721261e-08,3.920355570767353337e-08,4.067902859144062191e-08,4.210844045062890993e-08,4.344474319972527061e-08,4.466615666943801867e-08,4.576672260327267364e-08,4.674970007628386868e-08,4.762319835143124932e-08,4.839745555226880619e-08,4.908324957783337641e-08,4.969103975033494528e-08,5.023055283069483750e-08,5.071062382601216918e-08,5.113917340849953015e-08,5.152325196134813146e-08,5.186911082092082874e-08,5.218227975976719582e-08,5.246764049328511647e-08,5.272949199304016176e-08,5.297160657947466102e-08,5.319727733108937873e-08,5.340935799477438936e-08,5.361029672974920189e-08,5.380216490895459632e-08,5.398668197829996566e-08,5.416523711783473210e-08,5.433890820631620053e-08,5.450847838718819100e-08,5.467445038209932357e-08,5.483705860231730226e-08,5.499627906872050218e-08,5.515187742957079411e-08,5.530357369428100711e-08,5.545108136638251385e-08,5.559410545012611138e-08,5.573234018627228090e-08,5.586546647726946962e-08,5.599314896083444229e-08,5.611503269059990501e-08,5.623073938324488300e-08,5.633986319367917179e-08,5.644196598374708467e-08,5.653657205590448671e-08,5.662316233178325763e-08,5.670116796686180786e-08,5.676996340697844277e-08,5.682885891049493199e-08,5.687709258183981223e-08,5.691382198818302892e-08,5.693811546130660072e-08,5.694894322147727910e-08,5.694516849941083613e-08,5.692553887636691712e-08,5.688867811123616901e-08,5.683307877756861746e-08,5.675709609354822529e-08,5.665894339512820049e-08,5.653668977877724110e-08,5.638826052835691647e-08,5.621144104458319322e-08,5.600388512095628781e-08,5.576312856466837550e-08,5.548660935522408847e-08,5.517169578135778251e-08,5.481572431727292988e-08,5.441604941816121511e-08,5.397010796821677036e-08,5.347550185225266698e-08,5.293010311620504682e-08,5.233218753557192972e-08,5.168060427436995028e-08,5.097499190965312553e-08,5.021605473690960001e-08,4.940591841861755881e-08,4.854859133716042454e-08,4.765056833384093893e-08,4.672162794062985297e-08,4.577589387746685566e-08,4.483325716962014205e-08,4.392128567193593905e-08,4.307777759329861174e-08,4.235413022470911749e-08,4.181966493753472383e-08,4.156692957681897964e-08,4.171775445111693409e-08,4.242952924968069811e-08,4.390109830100828724e-08,4.637848227430954365e-08,5.016298254636791361e-08,5.562792135544231983e-08,6.325394830329243052e-08,7.369565775899363987e-08,8.789641195810720034e-08,1.072790736272175915e-07,1.340648327101761159e-07,1.718209079225275320e-07,2.264302601677167192e-07,3.078473618248036822e-07,3.296665689945947203e-07,3.021636903226377535e-07,2.580876068152886420e-07,2.457598165301469823e-07,2.873864228202699608e-07,3.618130245942438452e-07,4.528158075344114409e-07,5.562030434985470671e-07,6.619551660974207207e-07,7.494161006403293109e-07,7.960050353870895382e-07,7.882077279854623790e-07,7.280107410051240796e-07,6.326559068655551496e-07,5.273158957647319154e-07,4.322242626074272752e-07,3.526103170590186790e-07,2.862047004633106220e-07,2.458317785089936017e-07,2.556492799046249091e-07,2.988867667139981310e-07,3.272194497219602220e-07,3.063412954760857882e-07,2.253706785683778583e-07,1.705711622364257995e-07,1.322806178533720414e-07,1.048107914890879220e-07,8.472388440091559733e-08,6.988461252285143087e-08,5.892698131263340163e-08,5.094260039793321310e-08,4.529029636610989323e-08,4.147859818656970832e-08,3.909986103518339092e-08,3.780322688143135593e-08,3.729090325337754980e-08,3.732105524118267394e-08,3.770695162230697585e-08,3.831050553888732655e-08,3.903283185699586648e-08,3.980470787173255438e-08,4.057850215241043232e-08,4.132197588822673996e-08,4.201376937638962247e-08,4.264020373940323527e-08,4.319303892078544328e-08,4.366790233917883859e-08,4.406318030383797093e-08,4.437922751491837566e-08,4.461779617486540318e-08,4.478161826286484409e-08,4.487409612442825273e-08,4.489907090896929310e-08,4.486064792586969556e-08,4.476306433125789227e-08,4.461058880562483761e-08,4.440744575962294694e-08,4.415775858170665250e-08,4.386550782071040136e-08,4.353450117597835626e-08,4.316835287547927116e-08,4.277047054264943694e-08,4.234404804144337056e-08,4.189206308396469431e-08,4.141727861198518437e-08,4.092224714073511653e-08,4.040931739343968350e-08,3.988064266750018142e-08,3.933819046479234840e-08,3.878375299430346760e-08,3.821895821896206623e-08,3.764528117275350532e-08,3.706405532103887531e-08,3.647648377782551179e-08,3.588365022957694452e-08,3.528652944670491608e-08,3.468599729164653246e-08,3.408284015675224493e-08,3.347776378636444828e-08,3.287140145567419439e-08,3.226432149440895902e-08,3.165703415632347846e-08,3.104999784604281783e-08,3.044362472324768180e-08,2.983828571071336436e-08,2.923431493752965593e-08,2.863201365215496409e-08,2.803165364200364378e-08,2.743348019722789187e-08,2.683771465642207249e-08,2.624455657131665732e-08,2.565418552629669755e-08,2.506676264690762168e-08,2.448243521291094954e-08,2.390136969844331273e-08,2.332380301417450842e-08,2.275009062016925836e-08,2.218075147237254516e-08,2.161651105395104946e-08,2.105834435635751046e-08,2.050752144782766941e-08,1.996565925439354301e-08,1.943478444368522704e-08,1.891741391228749785e-08,1.841666139151651505e-08,1.793638111820808492e-08,1.748136225576488308e-08,1.705759039162244850e-08,1.667259395116536041e-08,1.633589150593842722e-08,1.605954629087415521e-08,1.585880892320892797e-08,1.575277609793804580e-08,1.576489657969624572e-08,1.592300510670169789e-08,1.625837182569122907e-08,1.680308521513486974e-08,1.758509114918993548e-08,1.862064216749651376e-08,1.990512904411072634e-08,2.140572356978416538e-08,2.306312463234994797e-08,2.481296743958905745e-08,2.663134029448157339e-08,2.857601208388511825e-08,3.074119416683418290e-08,3.308493728578343507e-08,3.535615434274632862e-08,3.741107572096732381e-08,3.935529920087292050e-08,4.086703640083252382e-08
4.149808323161938801e-08,4.132503995571701889e-08,4.023310604661360056e-08,3.901316597258916678e-08,3.787877968681300279e-08,3.666555894912303280e-08,3.568605069370180116e-08,3.535973432503359553e-08,3.578928352648402011e-08,3.680632918307751707e-08,3.817196078291069342e-08,3.968897528691321454e-08,4.122417829392094513e-08,4.269731269004708546e-08,4.406544891333281178e-08,4.531013860297669340e-08,4.642799422318432280e-08,4.742417768935447048e-08,4.830815701276077496e-08,4.909111293290697580e-08,4.978446336647741028e-08,5.039909593987334409e-08,5.094502182692161303e-08,5.143126480460411786e-08,5.186587190327131392e-08,5.225597984792864965e-08,5.260790116716712221e-08,5.292721142744932617e-08,5.321882905484340145e-08,5.348708466417176362e-08,5.373577962792053010e-08,5.396823492830832518e-08,5.418733181677115704e-08,5.439554584379197095e-08,5.459497564142568716e-08,5.478736756895867528e-08,5.497413704207568051e-08,5.515638709895566497e-08,5.533492453509908287e-08,5.551027377299488567e-08,5.568268852640149222e-08,5.585216127122908623e-08,5.601847171414701745e-08,5.618135490090529385e-08,5.634054131960647255e-08,5.649575499315334313e-08,5.664671127978602184e-08,5.679311433443767901e-08,5.693465418112174548e-08,5.707100334479454799e-08,5.720181299040742622e-08,5.732670851751124397e-08,5.744528456117794285e-08,5.755709935456654808e-08,5.766166841561392472e-08,5.775845753050053679e-08,5.784687502014738503e-08,5.792626329341283479e-08,5.799588971218699579e-08,5.805493681944917258e-08,5.810249201167190663e-08,5.813753677172852717e-08,5.815893561759031751e-08,5.816542496542379567e-08,5.815560215306044865e-08,5.812791492117259812e-08,5.808065170506622208e-08,5.801193315048280676e-08,5.791970533356737194e-08,5.780173524059033367e-08,5.765560915082269455e-08,5.747873467164924595e-08,5.726834730636568443e-08,5.702152260301302459e-08,5.673519515206565195e-08,5.640618599254557608e-08,5.603124037909717020e-08,5.560707839752956364e-08,5.513046165181027195e-08,5.459828026655882023e-08,5.400766588116753993e-08,5.335613834154524640e-08,5.264179670299237768e-08,5.186356936271890241e-08,5.102154426978602759e-08,5.011740913720778941e-08,4.915504473146141602e-08,4.814133345423078597e-08,4.708727282667403794e-08,4.600952141575453756e-08,4.493255400860453077e-08,4.389165889311393218e-08,4.293705435910637435e-08,4.213938521212005022e-08,4.159668401959337129e-08,4.144240573026354760e-08,4.185332518488953645e-08,4.305527551484509038e-08,4.532511423270974283e-08,4.899060800450825927e-08,5.443599151948672829e-08,6.212593635817446216e-08,7.266084984318901855e-08,8.687522265513935359e-08,1.059977089252930544e-07,1.319158999817663016e-07,1.676411401815241539e-07,2.181720828308236577e-07,2.921509793781959591e-07,3.070514763602274363e-07,2.785060239458101675e-07,2.522646020129175981e-07,2.804047851739049063e-07,3.553380344648869586e-07,4.393784696392441312e-07,5.175278265614675991e-07,5.923498279876706332e-07,6.652335400497963377e-07,7.260798326123990241e-07,7.582201346941885839e-07,7.504067065261787955e-07,7.049894056327247449e-07,6.374770286980399911e-07,5.668094805992771842e-07,5.012299001333081663e-07,4.339274630610506181e-07,3.573342063439745691e-07,2.840060855503060821e-07,2.521228726617648182e-07,2.747212371477446762e-07,3.023998996840500560e-07,2.879626487534659452e-07,2.148827587780140043e-07,1.645346564256845936e-07,1.285535693330644978e-07,1.021449448262951731e-07,8.244526643222920689e-08,6.767513028543972434e-08,5.668755388430435328e-08,4.870849409236873158e-08,4.317183246742514996e-08,3.961050728941345126e-08,3.759797469351003400e-08,3.673784992168124885e-08,3.668216075389408637e-08,3.714994571860795333e-08,3.793110574125062324e-08,3.887736980374309822e-08,3.988821083626951464e-08,4.089738662536223077e-08,4.186231286812345364e-08,4.275642171838746361e-08,4.356391621358878607e-08,4.427624245962138198e-08,4.488972975411875660e-08,4.540400590313909850e-08,4.582092294600275052e-08,4.614381956701774955e-08,4.637700746849152551e-08,4.652540865568524554e-08,4.659429605274919045e-08,4.658910615314064041e-08,4.651530284314990364e-08,4.637827826824836231e-08,4.618328099755849132e-08,4.593536463593940394e-08,4.563935197198173395e-08,4.529981107063572319e-08,4.492104063423475437e-08,4.450706260099215967e-08,4.406162041299497352e-08,4.358818172332351506e-08,4.308994456202609975e-08,4.256984616885306722e-08,4.203057384451812679e-08,4.147457728416731150e-08,4.090408194549344956e-08,4.032110307586002321e-08,3.972746008243721362e-08,3.912479097996053471e-08,3.851456669457772219e-08,3.789810504091191304e-08,3.727658422396452747e-08,3.665105574844851242e-08,3.602245664595806205e-08,3.539162095525859988e-08,3.475929041303371983e-08,3.412612433173564007e-08,3.349270865782693001e-08,3.285956421776744365e-08,3.222715417071457784e-08,3.159589069622203823e-08,3.096614095242270472e-08,3.033823234546955878e-08,2.971245715459915823e-08,2.908907655929768912e-08,2.846832411590781439e-08,2.785040873082577639e-08,2.723551717639874193e-08,2.662381619392165354e-08,2.601545422591134423e-08,2.541056281724183008e-08,2.480925948302291765e-08,2.421167436481483118e-08,2.361799992340444521e-08,2.302853854314550326e-08,2.244374635090749659e-08,2.186427449654095857e-08,2.129100975120980210e-08,2.072511704866193648e-08,2.016808758156753121e-08,1.962179734172816347e-08,1.908858264250716297e-08,1.857134127210326694e-08,1.807367056448735733e-08,1.760005682219233304e-08,1.715613392838189980e-08,1.674903184722606407e-08,1.638783609510102938e-08,1.608417305984228135e-08,1.585291542122183072e-08,1.571295367656324350e-08,1.568788527958230663e-08,1.580631400111117510e-08,1.610122981285317921e-08,1.660770980027624427e-08,1.735809669530233050e-08,1.837414702004435988e-08,1.965678719145105223e-08,2.117658332465379008e-08,2.287221269879542773e-08,2.466875946028698452e-08,2.652447971357212028e-08,2.848419728733787704e-08,3.065390071440751842e-08,3.302262049388948820e-08,3.533390378940833248e-08,3.738627693706046943e-08,3.929153151030977395e-08,4.079025713695589946e-08
4.135917588879828851e-08,4.114620652563895737e-08,4.002797737353646949e-08,3.884861625618035299e-08,3.772518604064933784e-08,3.651546380101937638e-08,3.560254481274947215e-08,3.540513332523993693e-08,3.598102761808800337e-08,3.712795389113731911e-08,3.859632462819412483e-08,4.019056612083152599e-08,4.178242431659693342e-08,4.329658299835650125e-08,4.469429797587387330e-08,4.596045619247072325e-08,4.709420686076031809e-08,4.810255976746508661e-08,4.899627958124589042e-08,4.978743005702638646e-08,5.048801705779885221e-08,5.110931360222502847e-08,5.166158118038447237e-08,5.215400583241287068e-08,5.259474057990685862e-08,5.299099291271711499e-08,5.334912463825408592e-08,5.367474798307740828e-08,5.397281106134908653e-08,5.424767072593725696e-08,5.450315325325471926e-08,5.474260437661510996e-08,5.496893050432361360e-08,5.518463289509324859e-08,5.539183631651999101e-08,5.559231339639501760e-08,5.578750555613721697e-08,5.597854112667449570e-08,5.616625100891242649e-08,5.635118206243811183e-08,5.653360828980450371e-08,5.671353982816292206e-08,5.689077184381191866e-08,5.706505602631800166e-08,5.723614170239932436e-08,5.740377405876859159e-08,5.756769205499161313e-08,5.772762597112705465e-08,5.788329453081274828e-08,5.803440153697934354e-08,5.818063195482367492e-08,5.832164737543753461e-08,5.845708079398723527e-08,5.858653063904753036e-08,5.870955399510297603e-08,5.882565896885109853e-08,5.893429616225608809e-08,5.903484923174648100e-08,5.912662453386434256e-08,5.920883988327250674e-08,5.928061247935446242e-08,5.934094609255535412e-08,5.938871764077333970e-08,5.942266332900673824e-08,5.944136457147601639e-08,5.944323396396607373e-08,5.942650162473764352e-08,5.938920227501735209e-08,5.932916348545686012e-08,5.924399557475073820e-08,5.913108371394297338e-08,5.898758286986001961e-08,5.881041632110589769e-08,5.859627861096109292e-08,5.834164397861904173e-08,5.804278155494035741e-08,5.769577895168137773e-08,5.729657635744712684e-08,5.684101394268683620e-08,5.632489636340148298e-08,5.574407957918971567e-08,5.509458727911451719e-08,5.437276726593798633e-08,5.357550269076846724e-08,5.270049983697609760e-08,5.174668442615480781e-08,5.071475398726895137e-08,4.960795740438840448e-08,4.843320817946307525e-08,4.720269016967404970e-08,4.593618865826232658e-08,4.466447691473125649e-08,4.343419505895080278e-08,4.231471589277985062e-08,4.140733688772872068e-08,4.085642858343385502e-08,4.086060383708841012e-08,4.167962698453045552e-08,4.363168507614373435e-08,4.708007626223044839e-08,5.241977822580069073e-08,6.008366634386914830e-08,7.058352931832890867e-08,8.458876130235888977e-08,1.030460300129929011e-07,1.273680048066942942e-07,1.597763073420952887e-07,2.040031821875386024e-07,2.668016218227618376e-07,2.722078203826405233e-07,2.441147230240652253e-07,2.457366898418097539e-07,3.184999641252150029e-07,4.220422467810271973e-07,5.136214009902134501e-07,5.794269217647355923e-07,6.251423255612602979e-07,6.613385969600561074e-07,6.903306764197242859e-07,7.046849365451063520e-07,6.972888811644730291e-07,6.707905522850347697e-07,6.367063826465194367e-07,6.037480055675993248e-07,5.665771974134006553e-07,5.097979302053701071e-07,4.243963544659170084e-07,3.227073687614278708e-07,2.466646246120789297e-07,2.396806707302616548e-07,2.655989594898975242e-07,2.603806944943092994e-07,1.989095076711320874e-07,1.551784426169048457e-07,1.227238968226274937e-07,9.804046221707594089e-08,7.907597301269343141e-08,6.454750857834761661e-08,5.361559428972678391e-08,4.570203500057773185e-08,4.035803074573641550e-08,3.715918811653562912e-08,3.565146140485499855e-08,3.536925151767623728e-08,3.589378322444368412e-08,3.689599952138009079e-08,3.814290416230349887e-08,3.948073097282063665e-08,4.081266690872823539e-08,4.207999911676932170e-08,4.324862821829000521e-08,4.430012740405878721e-08,4.522600382891973175e-08,4.602405313381949551e-08,4.669604043702908061e-08,4.724621347187688346e-08,4.768033828391846517e-08,4.800506560077546507e-08,4.822750898575428138e-08,4.835496069626175666e-08,4.839469863760845223e-08,4.835385471049538912e-08,4.823932533732715264e-08,4.805771152457901507e-08,4.781527998904140364e-08,4.751793956041482478e-08,4.717122882797156850e-08,4.678031216545745007e-08,4.634998205640941877e-08,4.588466618294588470e-08,4.538843811796880296e-08,4.486503072707526250e-08,4.431785157735207197e-08,4.374999978905398639e-08,4.316428386892261073e-08,4.256324014168584056e-08,4.194915145687767932e-08,4.132406589703044094e-08,4.068981525434719864e-08,4.004803307877350453e-08,3.940017213264423855e-08,3.874752111679174177e-08,3.809122056068467551e-08,3.743227779499680120e-08,3.677158094895685700e-08,3.610991193676541259e-08,3.544795841711684261e-08,3.478632472728981392e-08,3.412554180827706055e-08,3.346607614999188733e-08,3.280833779576265499e-08,3.215268745321699532e-08,3.149944276442948522e-08,3.084888379205875494e-08,3.020125778035771594e-08,2.955678325064053471e-08,2.891565349026519861e-08,2.827803949267034053e-08,2.764409240369835984e-08,2.701394552653673530e-08,2.638771593428341192e-08,2.576550573553490834e-08,2.514740316725891049e-08,2.453350285860655391e-08,2.392395403120439094e-08,2.331900764842493084e-08,2.271905914676042123e-08,2.212468799225699826e-08,2.153669590521310420e-08,2.095614635320807642e-08,2.038440888747062121e-08,1.982321316782429547e-08,1.927471918286810223e-08,1.874161233758231304e-08,1.822723486471900198e-08,1.773576848622020476e-08,1.727248730234692869e-08,1.684410396649035939e-08,1.645923474287008352e-08,1.612900639127628898e-08,1.586781248834410369e-08,1.569418514255926892e-08,1.563165883564385552e-08,1.570934113161066719e-08,1.596165841649679174e-08,1.642645482438666456e-08,1.714043870374655164e-08,1.813118799074936366e-08,1.940597467584325106e-08,2.094011006261040855e-08,2.267192255471961837e-08,2.451712491867847827e-08,2.641517241470244452e-08,2.839342698151932133e-08,3.056444530326430575e-08,3.295084098729538657e-08,3.530115518738131617e-08,3.735482698579514540e-08,3.921551519656843416e-08,4.069670127299602333e-08
4.120927404238762966e-08,4.095210936868804422e-08,3.981557763560378089e-08,3.867938643392113097e-08,3.756168349995876585e-08,3.636020566271383836e-08,3.552696348455685332e-08,3.546882280901316635e-08,3.619444418379199050e-08,3.746996415511262305e-08,3.903807861184593160e-08,4.070631958650709270e-08,4.235187055026656251e-08,4.390450300899736806e-08,4.532969795246386177e-08,4.661566787577907667e-08,4.776405660836827351e-08,4.878366223271163501e-08,4.968648239873726638e-08,5.048540491507363633e-08,5.119297348638736365e-08,5.182080616558559303e-08,5.237938330497383716e-08,5.287802915000288912e-08,5.332498447233688273e-08,5.372751371618367147e-08,5.409201747551707136e-08,5.442413661544776208e-08,5.472884276248723623e-08,5.501051422628409679e-08,5.527299847836099740e-08,5.551966313808495082e-08,5.575343758660621564e-08,5.597684717089903481e-08,5.619204165272615773e-08,5.640081920177357304e-08,5.660464688450524407e-08,5.680467829158465468e-08,5.700176869345726659e-08,5.719648792332986134e-08,5.738913106103992452e-08,5.757972692820364023e-08,5.776808739201867614e-08,5.795398224544090387e-08,5.813718137245635598e-08,5.831745315233976312e-08,5.849456254036014372e-08,5.866826876139710801e-08,5.883832254698223661e-08,5.900446284076185795e-08,5.916641289263454838e-08,5.932387565827128328e-08,5.947652841885720899e-08,5.962401653625156625e-08,5.976594626192814050e-08,5.990187652464793546e-08,6.003130963241179127e-08,6.015368083938336732e-08,6.026834674857099712e-08,6.037457254635862343e-08,6.047151809548076890e-08,6.055822294846976497e-08,6.063359038335712671e-08,6.069637060657797054e-08,6.074514331341745849e-08,6.077829984263736510e-08,6.079402520783687759e-08,6.079028033267164771e-08,6.076478485994716805e-08,6.071500094654731257e-08,6.063811849936241892e-08,6.053104235607435512e-08,6.039038197566168232e-08,6.021244428704234586e-08,5.999323046514601263e-08,5.972843758295030979e-08,5.941346635569499588e-08,5.904343659305017233e-08,5.861321257027339370e-08,5.811744141578170145e-08,5.755060893535408952e-08,5.690711927707653686e-08,5.618140783848958037e-08,5.536810138657234976e-08,5.446224639345209191e-08,5.345963751321805388e-08,5.235729521890816929e-08,5.115416849607410662e-08,4.985218075507845472e-08,4.845780313033344559e-08,4.698444056902792649e-08,4.545606567870022128e-08,4.391273960351796002e-08,4.241888560622872374e-08,4.107523723556926104e-08,4.003456076263974552e-08,3.951894689436984742e-08,3.983144404183198971e-08,4.134951568336413642e-08,4.449207823357250233e-08,4.967456066400351879e-08,5.728886352577517835e-08,6.773164569520731735e-08,8.146752762663487190e-08,9.910352462551696272e-08,1.214794104780701637e-07,1.498379241686751868e-07,1.862696105077422546e-07,2.349546738785453590e-07,2.278239022552327365e-07,2.008131358069032258e-07,2.387754418255165673e-07,3.533984349398258948e-07,4.798532086155194030e-07,5.773747806493702548e-07,6.328352288627083458e-07,6.527526926442848544e-07,6.535879589872347099e-07,6.492760577645089012e-07,6.441725741268967028e-07,6.377225185688973946e-07,6.326475822763046958e-07,6.334340099536039450e-07,6.357891417004436370e-07,6.225458463423892912e-07,5.737563443131040844e-07,4.809377813430095535e-07,3.563764630699459159e-07,2.396878508462407403e-07,1.957065537753891402e-07,2.195840305828228758e-07,2.268506534893113819e-07,1.798626321933515913e-07,1.441507667233504699e-07,1.158721956430993753e-07,9.319544512706151450e-08,7.506556057604287170e-08,6.078812994895625590e-08,4.988729775850414139e-08,4.202858347745793526e-08,3.692244089794796468e-08,3.420227907704183911e-08,3.336005733705687321e-08,3.381550367856082730e-08,3.504871274557534006e-08,3.667555723322234094e-08,3.844611870255627470e-08,4.021010514256996960e-08,4.188206370624231473e-08,4.341627794192254316e-08,4.479077327769098791e-08,4.599763003412128682e-08,4.703719505361710504e-08,4.791461911348624543e-08,4.863777088884181985e-08,4.921596825924292220e-08,4.965919919077907905e-08,4.997763940980469765e-08,5.018135254361344126e-08,5.028010416912052821e-08,5.028324811111097025e-08,5.019965930652845858e-08,5.003769715309945870e-08,4.980518910951044691e-08,4.950942792869391531e-08,4.915717817284710349e-08,4.875468910224023735e-08,4.830771196206719022e-08,4.782152030127259483e-08,4.730093236014156050e-08,4.675033483159596270e-08,4.617370748048277748e-08,4.557464822548528891e-08,4.495639836945716019e-08,4.432186771942536122e-08,4.367365937650601768e-08,4.301409400496250871e-08,4.234523341303135502e-08,4.166890329888812835e-08,4.098671503504400973e-08,4.030008638451841946e-08,3.961026106265975442e-08,3.891832707937540438e-08,3.822523381740145636e-08,3.753180782256877246e-08,3.683876730126035538e-08,3.614673533790837988e-08,3.545625186105581651e-08,3.476778439993792321e-08,3.408173768458669811e-08,3.339846215110475589e-08,3.271826142007598068e-08,3.204139882023879042e-08,3.136810303175387201e-08,3.069857292390295906e-08,3.003298166111690371e-08,2.937148014911337368e-08,2.871419988987716294e-08,2.806125531046967722e-08,2.741274562641522571e-08,2.676875629586087400e-08,2.612936011599016147e-08,2.549461651931966629e-08,2.486458548434965996e-08,2.423937431164178434e-08,2.361918437440267805e-08,2.300435281116630500e-08,2.239539040215257383e-08,2.179301745775068078e-08,2.119820028609021184e-08,2.061219175949027654e-08,2.003658074789519315e-08,1.947335683665307735e-08,1.892499892932707687e-08,1.839459920846153975e-08,1.788603763210790310e-08,1.740422671744519214e-08,1.695545149645339557e-08,1.654783404879200650e-08,1.619195284167678231e-08,1.590163736747185292e-08,1.569492477034139126e-08,1.559508427565491363e-08,1.563145573780111918e-08,1.583958483595840304e-08,1.625979075246736395e-08,1.693300996502448763e-08,1.789283404856595438e-08,1.915357967824969013e-08,2.069661067259417285e-08,2.246169005800516365e-08,2.435672066718256174e-08,2.630204373832538402e-08,2.830345571518843239e-08,3.047396497019737491e-08,3.287052995395588396e-08,3.525752985580729790e-08,3.731700211676074211e-08,3.912908051156932528e-08,4.058738043070379314e-08
4.104952766637355661e-08,4.074388563946468182e-08,3.959767839514929212e-08,3.850530471993486338e-08,3.738805556844987051e-08,3.620101496140195518e-08,3.546076920962033708e-08,3.555110553877613341e-08,3.642860217482734258e-08,3.783079019619965999e-08,3.949548324043076768e-08,4.123453636183548409e-08,4.293092921877933555e-08,4.451961833204722028e-08,4.597033190949420598e-08,4.727458837912862440e-08,4.843647720838060122e-08,4.946652126457054092e-08,5.037788631038434403e-08,5.118422606763588145e-08,5.189857395169935925e-08,5.253285512526834586e-08,5.309773979526429488e-08,5.360266857442909163e-08,5.405595363724890537e-08,5.446490412205817645e-08,5.483595014689705888e-08,5.517475414289190758e-08,5.548630578459346286e-08,5.577500057137072149e-08,5.604470381315837043e-08,5.629880236990021103e-08,5.654024652299743045e-08,5.677158411114391801e-08,5.699498870105243499e-08,5.721228317274191131e-08,5.742495972728468660e-08,5.763419699862780502e-08,5.784087468419846770e-08,5.804558590764168090e-08,5.824864739232089635e-08,5.845010745379227168e-08,5.864979570336741437e-08,5.884750130539452135e-08,5.904301623570048317e-08,5.923613392482669765e-08,5.942664757031478426e-08,5.961434804607113984e-08,5.979902132876386262e-08,5.998044535330810763e-08,6.015838620214688684e-08,6.033259352669753497e-08,6.050279509455899294e-08,6.066869035349697078e-08,6.082994290354871674e-08,6.098617177255883190e-08,6.113694139881864510e-08,6.128175023791542037e-08,6.142001792995939073e-08,6.155107098837734397e-08,6.167412700246062841e-08,6.178827738245363595e-08,6.189246871730398789e-08,6.198548285990730241e-08,6.206591590091869924e-08,6.213215623776281023e-08,6.218236198798263748e-08,6.221443803332099676e-08,6.222601301128541534e-08,6.221441659382211314e-08,6.217665740908552171e-08,6.210940197522547041e-08,6.200895503038785471e-08,6.187124166991774852e-08,6.169179175364893166e-08,6.146572714272730646e-08,6.118775249474243397e-08,6.085215062876251870e-08,6.045278392830681640e-08,5.998310397085671500e-08,5.943617269637621184e-08,5.880470017281849753e-08,5.808110673260519164e-08,5.725762150690879020e-08,5.632643610548168552e-08,5.527994292486431403e-08,5.411110489896111670e-08,5.281403174731803065e-08,5.138488408457720854e-08,4.982330277684568546e-08,4.813468496625585784e-08,4.633382762678727252e-08,4.445077437889892004e-08,4.254019274707763723e-08,4.069629354532615759e-08,3.907445654333761154e-08,3.791862825383325924e-08,3.758490090507449355e-08,3.853689373213866384e-08,4.128582370991008196e-08,4.629152341586999489e-08,5.390144808002614878e-08,6.437644312310232816e-08,7.795662854698684017e-08,9.489568095968706739e-08,1.154374929215748258e-07,1.397620475439707158e-07,1.680329600007261128e-07,2.010573224279680306e-07,1.776214009563476259e-07,1.507738244074214654e-07,2.315493471126710446e-07,3.806650030474467212e-07,5.241186600065814663e-07,6.260237595137096210e-07,6.736968984742167702e-07,6.735713461278265109e-07,6.452088342502193004e-07,6.112448223344044067e-07,5.879387161262476768e-07,5.830522051204974524e-07,5.988918358966062095e-07,6.304916485407842931e-07,6.609336660195869357e-07,6.651780984512692572e-07,6.216840135060029153e-07,5.230402791333444893e-07,3.814563653922213841e-07,2.317365867654636872e-07,1.451805893335717385e-07,1.681925468006975950e-07,1.919711625801698415e-07,1.608670675867143235e-07,1.333955739503392544e-07,1.091745445675612523e-07,8.832479030754977285e-08,7.085604597185255661e-08,5.667081566062259056e-08,4.566437206930543079e-08,3.777776647536353971e-08,3.293152103186886970e-08,3.083259483645268369e-08,3.085865953737299373e-08,3.223404392612845353e-08,3.430167989543125044e-08,3.662634581234599581e-08,3.895736445989690889e-08,4.116206324063158340e-08,4.317574770191355622e-08,4.497134947316157915e-08,4.654228862827787414e-08,4.789304233253377718e-08,4.903390083931686299e-08,4.997802321719744232e-08,5.073977276226798109e-08,5.133377317878181354e-08,5.177437582256388067e-08,5.207536434447669761e-08,5.224979804722945515e-08,5.230993707146736565e-08,5.226721615031357029e-08,5.213224721759589777e-08,5.191483904066230331e-08,5.162402670921202575e-08,5.126810660669515732e-08,5.085467418983048254e-08,5.039066294579848031e-08,4.988238354234626514e-08,4.933556258517464245e-08,4.875538064105664091e-08,4.814650933054749384e-08,4.751314737652185542e-08,4.685905553724022612e-08,4.618759037058529680e-08,4.550173677998389831e-08,4.480413928952387181e-08,4.409713199080506375e-08,4.338276710036570214e-08,4.266284206604773042e-08,4.193892516432991910e-08,4.121237953859336110e-08,4.048438564001930003e-08,3.975596204750460198e-08,3.902798465955020355e-08,3.830120426843164844e-08,3.757626254407255137e-08,3.685370647104410697e-08,3.613400129635044597e-08,3.541754205768181824e-08,3.470466377138851160e-08,3.399565036647885297e-08,3.329074245555238525e-08,3.259014403592303348e-08,3.189402821451369115e-08,3.120254204870459081e-08,3.051581059249345101e-08,2.983394023337700089e-08,2.915702140057335313e-08,2.848513071982903164e-08,2.781833268431668853e-08,2.715668090522315797e-08,2.650021899970513597e-08,2.584897807584335821e-08,2.520298437123211322e-08,2.456230468096068593e-08,2.392709276556937752e-08,2.329763005845641623e-08,2.267436191731614895e-08,2.205793123423118812e-08,2.144921193387377606e-08,2.084934581173714827e-08,2.025978737781961426e-08,1.968236298773780882e-08,1.911935271141667959e-08,1.857360629679749746e-08,1.804870844175521842e-08,1.754921355368564376e-08,1.708097617645302496e-08,1.665160952803319935e-08,1.627110867563824435e-08,1.595267075851159660e-08,1.571371953831675219e-08,1.557707163456552607e-08,1.557203042143962333e-08,1.573492123088361499e-08,1.610818560010941679e-08,1.673674771597790035e-08,1.766027320224414601e-08,1.890069440723166968e-08,2.044666188396407231e-08,2.224122118853626086e-08,2.418635245848268392e-08,2.618361951315136528e-08,2.821372807612498811e-08,3.038338881786961554e-08,3.278270488296402672e-08,3.520266697276984689e-08,3.727272226352711347e-08,3.903381557818737772e-08,4.046315211047506482e-08
4.088065615034864273e-08,4.052250379600001490e-08,3.937568031396062202e-08,3.832587745878199460e-08,3.720414420965223471e-08,3.603923735191985778e-08,3.540538438609397738e-08,3.565221643853361000e-08,3.668263837693906035e-08,3.820906806734182921e-08,3.996707034688728783e-08,4.177379880264011842e-08,4.351828055441860253e-08,4.514072215970794085e-08,4.661510961646263396e-08,4.793623956051670085e-08,4.911059174838065521e-08,5.015034658286352793e-08,5.106977196268722606e-08,5.188323017086908048e-08,5.260419803450413460e-08,5.324487211742899851e-08,5.381608566526196069e-08,5.432737578016066663e-08,5.478711134261963758e-08,5.520263525910417656e-08,5.558039895472554984e-08,5.592608015052530491e-08,5.624468169285785575e-08,5.654061242026742590e-08,5.681775240063217124e-08,5.707950525068120395e-08,5.732884014749463324e-08,5.756832581620369828e-08,5.780015836754171628e-08,5.802618443707834992e-08,5.824792068515108170e-08,5.846657037470678762e-08,5.868303746505167255e-08,5.889793844793881162e-08,5.911161200914239279e-08,5.932412652110381727e-08,5.953533014281407879e-08,5.974503243795414383e-08,5.995304876974071071e-08,6.015919924712866192e-08,6.036330734069987650e-08,6.056519808796282668e-08,6.076469579730036783e-08,6.096162114915791132e-08,6.115578758265350667e-08,6.134699684611689310e-08,6.153503358175293723e-08,6.171965880841653283e-08,6.190060216322985817e-08,6.207755276339161797e-08,6.225014855497916251e-08,6.241796402673341720e-08,6.258049618452670443e-08,6.273714870695899834e-08,6.288721423443919301e-08,6.302985478277791697e-08,6.316408031666933688e-08,6.328872556664247638e-08,6.340242522250770104e-08,6.350358768372843091e-08,6.359036758877220146e-08,6.366063737753854274e-08,6.371195816007076588e-08,6.374155016862746284e-08,6.374626305819662451e-08,6.372254629431202839e-08,6.366641983101970372e-08,6.357344524384883025e-08,6.343869745459105770e-08,6.325673718389921146e-08,6.302158431899186003e-08,6.272669252298921473e-08,6.236492569248906842e-08,6.192853737057154057e-08,6.140915506645489362e-08,6.079777281514138219e-08,6.008475754626311861e-08,5.925987844445004927e-08,5.831237435888701908e-08,5.723108397794752871e-08,5.600467957282587412e-08,5.462207227880822090e-08,5.307310328718878187e-08,5.134971509295707993e-08,4.944793346271101971e-08,4.737121931360718715e-08,4.513612102923642429e-08,4.278183764304220426e-08,4.038785343301924382e-08,3.810161510474070515e-08,3.618001196885975442e-08,3.503678537307832080e-08,3.525675438154299040e-08,3.750597730615508355e-08,4.233576432031160393e-08,5.004773483314265955e-08,6.074412143300633302e-08,7.444021589278296615e-08,9.107826460914719317e-08,1.103942078662960768e-07,1.316258902618462479e-07,1.530582061379216859e-07,1.716073787084801722e-07,1.280317357193673038e-07,9.708110245350823641e-08,2.243368060296947418e-07,3.975309461348007182e-07,5.519184245252283840e-07,6.565395419969466126e-07,6.991958776961024626e-07,6.862941677780244464e-07,6.389642053087035986e-07,5.849876254784984541e-07,5.492491166581694230e-07,5.465238878644539974e-07,5.779892941965115737e-07,6.301264089921936271e-07,6.776335306355279276e-07,6.918086590336987342e-07,6.509137110027553568e-07,5.482665978776235049e-07,3.958031166502777397e-07,2.235936238059982169e-07,9.172200294940902823e-08,1.182633383209796812e-07,1.625337250703756793e-07,1.457459871403118475e-07,1.249622359172387533e-07,1.037399545495981812e-07,8.405163302647919885e-08,6.681535960525784640e-08,5.241776046725112349e-08,4.106965480954412138e-08,3.300489479429861755e-08,2.843765479973475502e-08,2.717293553505537717e-08,2.833989471149854390e-08,3.083461596193270601e-08,3.384134483898921357e-08,3.690427540785396334e-08,3.980158659750053008e-08,4.243612555540085390e-08,4.477329164124177640e-08,4.680928644942759296e-08,4.855511843870940408e-08,5.002870570673516726e-08,5.125076485554133135e-08,5.224266752142449228e-08,5.302533716703226832e-08,5.361870021762057390e-08,5.404143490174029071e-08,5.431088064324906626e-08,5.444303365002866827e-08,5.445258783712500633e-08,5.435299839402804371e-08,5.415655533757117738e-08,5.387446002050824683e-08,5.351690076917023430e-08,5.309312566657733032e-08,5.261151156277787634e-08,5.207962900627270051e-08,5.150430313287640412e-08,5.089167072763121657e-08,5.024723375467145366e-08,4.957590966805729505e-08,4.888207879820535477e-08,4.816962906981949456e-08,4.744199825907785973e-08,4.670221394775515237e-08,4.595293128510566765e-08,4.519646862813968223e-08,4.443484109946932839e-08,4.366979208011520824e-08,4.290282264251304366e-08,4.213521892561712024e-08,4.136807745805643737e-08,4.060232844501348877e-08,3.983875704799347795e-08,3.907802270214109403e-08,3.832067653166724054e-08,3.756717693899916372e-08,3.681790345653194986e-08,3.607316896073224649e-08,3.533323035651505246e-08,3.459829784520513144e-08,3.386854289211636519e-08,3.314410501006901077e-08,3.242509747333119792e-08,3.171161207287271449e-08,3.100372301881842372e-08,3.030149008993939946e-08,2.960496112324356866e-08,2.891417392951260737e-08,2.822915771322305434e-08,2.754993406788917192e-08,2.687651761063490709e-08,2.620891164679498525e-08,2.554710965466426280e-08,2.489113944679673311e-08,2.424110928878508054e-08,2.359724767606996334e-08,2.295993802218944936e-08,2.232975006224613369e-08,2.170747046220394053e-08,2.109413601011036773e-08,2.049107393359147054e-08,1.989995545492228320e-08,1.932287082002180636e-08,1.876243693342888467e-08,1.822195266054178323e-08,1.770562209182508005e-08,1.721887273568101242e-08,1.676880333601862485e-08,1.636480302132965416e-08,1.601938477388986161e-08,1.574926010241832486e-08,1.557662480466242069e-08,1.553048766115769853e-08,1.564760265178674863e-08,1.597213148003744141e-08,1.655264837093503368e-08,1.743481697395976356e-08,1.864861227982085378e-08,2.019110583022567515e-08,2.201049675001673080e-08,2.400500111888835917e-08,2.605836856664785520e-08,2.812339487777153762e-08,3.029339462035428318e-08,3.268842070329603818e-08,3.513623062822581967e-08,3.722155764094082000e-08,3.893101764617224769e-08,4.032471238559318693e-08
4.070295732604159638e-08,4.028878102683190338e-08,3.915061885359603147e-08,3.814034291097755479e-08,3.700989313738480088e-08,3.587635815584218207e-08,3.536222666456834752e-08,3.577237682711051897e-08,3.695580111044070477e-08,3.860365057060522761e-08,4.045162405643892671e-08,4.232293382325052826e-08,4.411282711092212142e-08,4.576680647739042250e-08,4.726311848573520828e-08,4.859980255979378621e-08,4.978566682446413752e-08,5.083447804452091590e-08,5.176153901066854458e-08,5.258186381016532863e-08,5.330932797093205579e-08,5.395636568876493777e-08,5.453394834160186990e-08,5.505169133710740641e-08,5.551800697832948937e-08,5.594026214572529602e-08,5.632492223272547009e-08,5.667767463594634305e-08,5.700353097936827404e-08,5.730690992497367553e-08,5.759170343269807761e-08,5.786132950844713061e-08,5.811877425555738399e-08,5.836662564819824817e-08,5.860710099178857052e-08,5.884206958687564215e-08,5.907307170198201772e-08,5.930133460559263451e-08,5.952778611720185781e-08,5.975306591630968418e-08,5.997753469678372826e-08,6.020128116943005271e-08,6.042417255956466977e-08,6.064603956448570047e-08,6.086672192970883430e-08,6.108606776821164788e-08,6.130393256009415291e-08,6.152017774453968869e-08,6.173466880277611431e-08,6.194727271696001299e-08,6.215785467593278780e-08,6.236627388516936336e-08,6.257237832565482064e-08,6.277599829574516514e-08,6.297693856231515246e-08,6.317496894382055461e-08,6.336981314953957820e-08,6.356113570744375310e-08,6.374852682900026273e-08,6.393148508357298645e-08,6.410939778835105328e-08,6.428151906159092379e-08,6.444694553622001107e-08,6.460458978524121197e-08,6.475315156645025537e-08,6.489108704716350236e-08,6.501657621449561201e-08,6.512748870736390598e-08,6.522134831723196120e-08,6.529529639111398767e-08,6.534605432990651394e-08,6.536988530762943805e-08,6.536255524562415075e-08,6.531929296654076413e-08,6.523474933617185643e-08,6.510295509153754656e-08,6.491727697191890947e-08,6.467037174555154967e-08,6.435413780190999576e-08,6.395966422283869542e-08,6.347717775479131083e-08,6.289598903659357958e-08,6.220444104975568541e-08,6.138986548523695451e-08,6.043855731383205688e-08,5.933578564346840792e-08,5.806587237401257023e-08,5.661239372263803323e-08,5.495860188516470743e-08,5.308824099306676339e-08,5.098707216952803447e-08,4.864566715472476955e-08,4.606434214501763024e-08,4.326063471144483166e-08,4.028983338489809932e-08,3.727573643511521767e-08,3.446725578918898664e-08,3.232379082290099648e-08,3.158578661359420767e-08,3.317707701243466332e-08,3.783263734436395665e-08,4.580146386028053560e-08,5.698330804867442442e-08,7.117991392160884625e-08,8.811979989637987880e-08,1.072426090303543130e-07,1.272435703234152048e-07,1.452487809925865878e-07,1.553568145662211631e-07,9.422773972688602997e-08,4.867597581436667882e-08,2.176675261214520988e-07,4.024039143045305398e-07,5.614564663330891335e-07,6.669771927799768287e-07,7.074724533905128135e-07,6.899702240141657216e-07,6.367886280419835314e-07,5.777527904029086430e-07,5.401847902738952192e-07,5.399118560777133981e-07,5.764832357052778212e-07,6.337312666314004719e-07,6.848407334936083925e-07,7.007656661214576384e-07,6.597951307161628974e-07,5.551749201580241285e-07,3.982724644524759181e-07,2.162978041420412042e-07,4.716000444472916447e-08,8.685601275297614317e-08,1.476202210604048596e-07,1.383659331829503070e-07,1.205771256774415046e-07,1.003903345821129588e-07,8.080136088691489039e-08,6.318912101307194160e-08,4.818116174868775825e-08,3.618052627675068374e-08,2.772187991847039527e-08,2.348705802941168957e-08,2.342262885874179924e-08,2.609374726421297621e-08,2.989006051839760134e-08,3.388550048697552947e-08,3.767520434458065640e-08,4.110494700697181846e-08,4.412957501659042301e-08,4.675090837026988814e-08,4.899066132089316414e-08,5.087791844884955590e-08,5.244399195049200327e-08,5.371979011137873774e-08,5.473461672062412268e-08,5.551568552997134394e-08,5.608798437497206307e-08,5.647430804331109637e-08,5.669536939365109209e-08,5.676994287152923224e-08,5.671501710443043805e-08,5.654594488366166044e-08,5.627658494405730369e-08,5.591943319542264563e-08,5.548574278919407850e-08,5.498563331611338973e-08,5.442818989187949055e-08,5.382155309388877502e-08,5.317300077088601118e-08,5.248902271966264564e-08,5.177538914512556316e-08,5.103721371484756043e-08,5.027901190157923198e-08,4.950475518739270898e-08,4.871792158828534380e-08,4.792154285321956025e-08,4.711824860017145332e-08,4.631030757600884515e-08,4.549966616798603896e-08,4.468798425230693921e-08,4.387666843853596569e-08,4.306690275572641492e-08,4.225967682446848437e-08,4.145581156580206742e-08,4.065598251023916549e-08,3.986074078538838270e-08,3.907053187667071509e-08,3.828571227065719924e-08,3.750656410345878092e-08,3.673330794663119462e-08,3.596611386989388893e-08,3.520511092357975666e-08,3.445039518432726437e-08,3.370203650543922837e-08,3.296008410898371814e-08,3.222457115055385746e-08,3.149551838008121120e-08,3.077293701363171492e-08,3.005683092207504488e-08,2.934719823323312426e-08,2.864403243484464780e-08,2.794732305664665426e-08,2.725705600123115095e-08,2.657320738436762552e-08,2.589573901748532620e-08,2.522464138733762909e-08,2.455997953507932156e-08,2.390193195622818218e-08,2.325082379069498338e-08,2.260715610038795797e-08,2.197163368728290923e-08,2.134519474817328934e-08,2.072904677717297647e-08,2.012471463098985998e-08,1.953410873106418358e-08,1.895962422122377205e-08,1.840428583371567564e-08,1.787195860036449171e-08,1.736765169727603491e-08,1.689795160915872370e-08,1.647163032736176466e-08,1.610048054413295555e-08,1.580042264105563558e-08,1.559288543259808871e-08,1.550634234304267895e-08,1.557762436012539624e-08,1.585217394982461154e-08,1.638178842406914208e-08,1.721791429278880142e-08,1.839883670445010008e-08,1.993105623423423580e-08,2.176978178380243609e-08,2.381184439547576387e-08,2.592473653017853247e-08,2.803132712660942560e-08,3.020436986808220453e-08,3.258872203213812300e-08,3.505791107042534679e-08,3.716273472616429166e-08,3.882165152427928778e-08,4.017259281105832717e-08
4.051632079485259400e-08,4.004340757469220487e-08,3.892317407440797295e-08,3.794772462596758663e-08,3.680539888276689048e-08,3.571403875263709116e-08,3.533274801676350519e-08,3.591184013089659337e-08,3.724747754826128469e-08,3.901360225227110138e-08,4.094815047426976003e-08,4.288096919286973827e-08,4.471364499324404063e-08,4.639701263703802029e-08,4.791357560524023399e-08,4.926457228601776814e-08,5.046106992859389848e-08,5.151834607545561691e-08,5.245266955835418964e-08,5.327964980502377443e-08,5.401351761889559267e-08,5.466691269774762629e-08,5.525092127195970149e-08,5.577522031165332434e-08,5.624825345579035433e-08,5.667740271778567974e-08,5.706914085562790768e-08,5.742915987707513993e-08,5.776247618643042724e-08,5.807351502498609750e-08,5.836617754790616848e-08,5.864389386716661058e-08,5.890966505689760373e-08,5.916609665714068006e-08,5.941542572151901565e-08,5.965954298296029389e-08,5.990001128538021033e-08,6.013808106228114967e-08,6.037470334315192412e-08,6.061054053876717600e-08,6.084597509715871867e-08,6.108111603055314022e-08,6.131584981548257084e-08,6.155002866481652062e-08,6.178351733221341659e-08,6.201619287993080620e-08,6.224794415012611908e-08,6.247867084457624120e-08,6.270828210159282596e-08,6.293669444160661394e-08,6.316382893482330031e-08,6.338960742607660851e-08,6.361394763429074540e-08,6.383675692780060211e-08,6.405792456338316544e-08,6.427731216765698398e-08,6.449474223610506064e-08,6.470998442904771453e-08,6.492273945705309999e-08,6.513262037189265067e-08,6.533913111407769493e-08,6.554164221428909571e-08,6.573936360250387638e-08,6.593131454272322937e-08,6.611629077859423463e-08,6.629282903980989854e-08,6.645916911336239377e-08,6.661321371896076564e-08,6.675248643563042502e-08,6.687408789924136325e-08,6.697465042330125128e-08,6.705029108581406427e-08,6.709656317495870336e-08,6.710840570098188298e-08,6.708009046960627396e-08,6.700516598558784369e-08,6.687639723052210134e-08,6.668570016003257115e-08,6.642406962571577016e-08,6.608149939589670602e-08,6.564689310000596511e-08,6.510796536809376637e-08,6.445113336365490023e-08,6.366140062610866107e-08,6.272223819904849472e-08,6.161547342834226656e-08,6.032120647448289021e-08,5.881779223426438285e-08,5.708195871886266896e-08,5.508919913676441962e-08,5.281471692846460592e-08,5.023554903228227104e-08,4.733551806267994149e-08,4.410335195416039765e-08,4.056259925177939069e-08,3.679489397485886988e-08,3.300649073008558505e-08,2.965692233888015448e-08,2.764516145853293024e-08,2.830945675441702346e-08,3.276472796805251315e-08,4.118332500012045069e-08,5.315718192397252883e-08,6.828248209045138309e-08,8.621110428442577263e-08,1.063807449953771783e-07,1.275445099610911620e-07,1.469917426603113508e-07,1.592660216470820999e-07,1.012179086688267813e-07,5.152570002573502280e-08,2.123332876699139194e-07,3.945881325197801684e-07,5.517897547991661103e-07,6.562505602781635916e-07,6.974899824673239274e-07,6.840605664222174831e-07,6.394941716066736971e-07,5.925801879443568937e-07,5.655003145799354033e-07,5.674161398237427753e-07,5.964793998832887584e-07,6.416763617809083084e-07,6.820613511263864062e-07,6.912490933267858847e-07,6.475178523637080141e-07,5.431139376792843041e-07,3.885058765100417876e-07,2.110179699166987444e-07,5.885482601509233120e-08,9.964312851913343258e-08,1.536799098144581490e-07,1.408114235487884397e-07,1.210056251040509910e-07,9.943791039626817599e-08,7.872844732148186124e-08,6.008576657524757429e-08,4.405583190675027546e-08,3.105083545619810328e-08,2.190021433241672981e-08,1.816432554268961277e-08,1.996840660375534814e-08,2.455124151192148763e-08,2.972769867295722394e-08,3.466269155381755189e-08,3.910056800837498050e-08,4.298548857213008587e-08,4.633167336735485987e-08,4.917784446804396527e-08,5.157023879073334829e-08,5.355451198508010564e-08,5.517422666543140030e-08,5.646955703625393972e-08,5.747700728257979777e-08,5.822950698901974413e-08,5.875665075551807388e-08,5.908498452166687717e-08,5.923829563565971556e-08,5.923788792947081051e-08,5.910283434513059209e-08,5.885020501383194552e-08,5.849527122863279316e-08,5.805168692028000403e-08,5.753164973655625234e-08,5.694604397451621967e-08,5.630456758667036302e-08,5.561584535864408639e-08,5.488753017977051132e-08,5.412639412369444237e-08,5.333841083895806560e-08,5.252883053087774631e-08,5.170224860423450813e-08,5.086266883773955681e-08,5.001356178056717457e-08,4.915791890182440125e-08,4.829830288796267487e-08,4.743689437219499467e-08,4.657553529429496714e-08,4.571576902787701204e-08,4.485887737332478398e-08,4.400591449480118109e-08,4.315773787535041072e-08,4.231503637079866198e-08,4.147835545690677040e-08,4.064811978144211980e-08,3.982465315061262853e-08,3.900819609550869939e-08,3.819892117742846272e-08,3.739694620045415526e-08,3.660234550514793050e-08,3.581515951885876139e-08,3.503540273624100945e-08,3.426307029869154063e-08,3.349814333408712136e-08,3.274059320903644975e-08,3.199038483540113405e-08,3.124747916158985076e-08,3.051183496751871428e-08,2.978341007051995078e-08,2.906216203815566895e-08,2.834804849307350127e-08,2.764102708488767443e-08,2.694104750707081243e-08,2.624804115915764069e-08,2.556196303258221318e-08,2.488283739500984071e-08,2.421079586507236845e-08,2.354610917023722723e-08,2.288921438480199839e-08,2.224074006619610156e-08,2.160153250499787027e-08,2.097268735945047632e-08,2.035559237602975130e-08,1.975198887283797798e-08,1.916406242372941836e-08,1.859457706183290511e-08,1.804707275116443068e-08,1.752615332532299804e-08,1.703790185879042794e-08,1.659047202573665264e-08,1.619491462746340517e-08,1.586629977281549751e-08,1.562516699024002275e-08,1.549923637160169307e-08,1.552507368173480359e-08,1.574893861204575602e-08,1.622534566166073188e-08,1.701116942019941670e-08,1.815309787724941991e-08,1.966791486103935855e-08,2.151964308273444819e-08,2.360627983605898958e-08,2.578117389156700471e-08,2.793612521277469583e-08,3.011637234712420260e-08,3.248459562063065823e-08,3.496742460446522457e-08,3.709514151119597503e-08,3.870631190344833181e-08,4.000716309788234439e-08
4.032029269825653362e-08,3.978701698511635360e-08,3.869370326280436327e-08,3.774690278895389883e-08,3.659097477038418631e-08,3.555414071756785255e-08,3.531843374090455770e-08,3.607088233989619123e-08,3.755716435198964600e-08,3.943814649037455008e-08,4.145581148756337447e-08,4.344706490609305314e-08,4.531991887669621163e-08,4.703057227357071293e-08,4.856577485540597415e-08,4.992991026654258301e-08,5.113622732428353803e-08,5.220143384020972076e-08,5.314269394071882080e-08,5.397615600079729274e-08,5.471636374454669704e-08,5.537613166696362028e-08,5.596663899460037164e-08,5.649760877625982554e-08,5.697750494242507957e-08,5.741371662531068727e-08,5.781271797920136973e-08,5.818020103258559246e-08,5.852118331369055275e-08,5.884009363086429856e-08,5.914083977982161572e-08,5.942686176288920917e-08,5.970117367347845592e-08,5.996639688328504710e-08,6.022478664779008834e-08,6.047825375552081646e-08,6.072838240775894326e-08,6.097644513866325312e-08,6.122341527707036820e-08,6.146997721337150682e-08,6.171653456799853597e-08,6.196321625975194391e-08,6.220992781540371702e-08,6.245654292969835444e-08,6.270295154631492624e-08,6.294906015419039297e-08,6.319479182517231130e-08,6.344008589237990984e-08,6.368489714929962979e-08,6.392919442843040809e-08,6.417295839556652528e-08,6.441617837212264010e-08,6.465884797407888733e-08,6.490095933326555327e-08,6.514249564624734486e-08,6.538342177975943570e-08,6.562367265153827957e-08,6.586313910373518557e-08,6.610165099521424714e-08,6.633895726106570435e-08,6.657470272424358687e-08,6.680840149607810413e-08,6.703940686877900875e-08,6.726687768123415560e-08,6.748974122427928065e-08,6.770665283536719290e-08,6.791595240488245890e-08,6.811561806511486697e-08,6.830321734548045904e-08,6.847585604254170463e-08,6.863012496230060493e-08,6.876204454103540435e-08,6.886700714027695709e-08,6.893971654617936067e-08,6.897412389136931416e-08,6.896335886851449208e-08,6.889965473228380945e-08,6.877426520772376534e-08,6.857737106348561079e-08,6.829797380376332977e-08,6.792377373412400170e-08,6.744102963670548227e-08,6.683439756014652656e-08,6.608674696994830024e-08,6.517895403363435095e-08,6.408967472128138585e-08,6.279510581727563214e-08,6.126875209193321519e-08,5.948123723644116186e-08,5.740023366167292499e-08,5.499065876098897412e-08,5.221541543220221216e-08,4.903710238350502317e-08,4.542060393617303634e-08,4.134550697442824420e-08,3.682693994554659130e-08,3.196898804267403215e-08,2.709970835297458447e-08,2.309320525177821048e-08,2.180814414879638067e-08,2.531194653195320597e-08,3.371166390259167741e-08,4.586371305250631916e-08,6.093043468049122476e-08,7.840619780923147556e-08,9.781314984267552022e-08,1.186430675291280526e-07,1.411074782476354367e-07,1.696462860266891225e-07,1.718029181552882842e-07,2.233271669976336238e-07,3.578345395420949681e-07,5.222554714328776716e-07,6.654342029926311277e-07,7.546099437121438078e-07,7.769604543253673211e-07,7.399515256550364439e-07,6.673161440163616699e-07,5.907873528261719960e-07,5.398167273265956928e-07,5.323071430683368637e-07,5.690605088568319320e-07,6.336128068214460225e-07,6.976159894327017828e-07,7.300809913751887756e-07,7.076063467921897357e-07,6.225928938702602095e-07,4.873288105598436552e-07,3.339728624796146960e-07,2.132869381168923825e-07,1.726613787017964510e-07,1.710128860989162768e-07,1.399152783599046121e-07,1.153164045261260397e-07,9.294771447562574306e-08,7.233348198339469137e-08,5.372564367670967905e-08,3.738545557852515374e-08,2.364476213720279835e-08,1.371905618690934404e-08,1.175326263175903094e-08,1.723736370983789649e-08,2.415317826093443702e-08,3.063672864389492930e-08,3.636283595570515989e-08,4.131288767217089103e-08,4.554079073410848989e-08,4.911717132717190940e-08,5.211309604639858121e-08,5.459484788905258520e-08,5.662242989420146270e-08,5.824964443359333458e-08,5.952444289549234351e-08,6.048944157115784161e-08,6.118247387956981881e-08,6.163711879141153866e-08,6.188318343965647576e-08,6.194713455712840542e-08,6.185248012529700235e-08,6.162010511650148291e-08,6.126856594355676002e-08,6.081434825653064766e-08,6.027209249051112998e-08,5.965479124766492632e-08,5.897396225539682865e-08,5.823980029800613565e-08,5.746131117467156497e-08,5.664643039221106356e-08,5.580212895927819334e-08,5.493450831451000758e-08,5.404888610106457636e-08,5.314987420026617256e-08,5.224145016282886469e-08,5.132702293103920734e-08,5.040949353190918871e-08,4.949131124142662406e-08,4.857452557468412165e-08,4.766083434585902307e-08,4.675162796429025683e-08,4.584803008510454115e-08,4.495093471032236106e-08,4.406103983346085476e-08,4.317887773138439193e-08,4.230484202592382375e-08,4.143921165982662460e-08,4.058217195324175068e-08,3.973383292564776554e-08,3.889424508239559920e-08,3.806341287418942614e-08,3.724130604182700378e-08,3.642786905774390522e-08,3.562302887098725382e-08,3.482670115394210256e-08,3.403879523823461609e-08,3.325921791449592520e-08,3.248787625677365687e-08,3.172467961791600246e-08,3.096954092771940428e-08,3.022237741141983263e-08,2.948311083252043269e-08,2.875166735120376019e-08,2.802797707782287970e-08,2.731196427218161509e-08,2.660353139605864721e-08,2.590259999541239208e-08,2.520915623026834958e-08,2.452328817307285554e-08,2.384521620014184712e-08,2.317531827926294728e-08,2.251415254131730063e-08,2.186248027203521062e-08,2.122129345160456195e-08,2.059185232022910647e-08,1.997574032587620598e-08,1.937494646303226703e-08,1.879198879070331398e-08,1.823009830419603084e-08,1.769348992013621714e-08,1.718775768228499608e-08,1.672044447430625602e-08,1.630185083687932954e-08,1.594615646809753760e-08,1.567291415777487147e-08,1.550889990997151302e-08,1.549009096603781127e-08,1.566309070679133166e-08,1.608455945097638493e-08,1.681630861271211391e-08,1.791333231156703697e-08,1.940336739628394049e-08,2.126096124605484411e-08,2.338795117019231010e-08,2.562616986229817991e-08,2.783613509561970176e-08,3.002910121928585785e-08,3.237694413327193366e-08,3.486455394085878150e-08,3.701737959977729827e-08,3.858523230664859058e-08,3.982869223550629434e-08
4.011428532779163178e-08,3.952036139470238983e-08,3.846232808873351313e-08,3.753673178180083316e-08,3.636720831156684624e-08,3.539865962389874564e-08,3.532066082506342714e-08,3.624964520599414420e-08,3.788430928249563859e-08,3.987651214369274402e-08,4.197378721889549271e-08,4.402039809150986050e-08,4.593084995734688300e-08,4.766673526295647909e-08,4.921903066007379217e-08,5.059520011924893293e-08,5.181058780780990597e-08,5.288324658454640036e-08,5.383116359235333061e-08,5.467097014598062674e-08,5.541748181671582190e-08,5.608365873365322436e-08,5.668075273706185584e-08,5.721851874042775246e-08,5.770543095358691698e-08,5.814887842178413996e-08,5.855533134268396746e-08,5.893047763067535674e-08,5.927933260702490193e-08,5.960632585460252225e-08,5.991536938781578786e-08,6.020991094378577428e-08,6.049297568167251483e-08,6.076719901391430091e-08,6.103485274535549218e-08,6.129786619121477717e-08,6.155784349619254964e-08,6.181607799231710097e-08,6.207356411693874537e-08,6.233100716699456024e-08,6.258883099156140900e-08,6.284718361966042136e-08,6.310598898697376739e-08,6.336514175440939873e-08,6.362455671391611433e-08,6.388416969615766102e-08,6.414393827465377688e-08,6.440384216226495833e-08,6.466388317317245985e-08,6.492408459804665274e-08,6.518448981216180215e-08,6.544515990631422471e-08,6.570617009935908309e-08,6.596760466020432441e-08,6.622955003782847847e-08,6.649208587243092716e-08,6.675527354175674307e-08,6.701914188694668298e-08,6.728366976519159078e-08,6.754876509527282274e-08,6.781424009959786422e-08,6.807978250448931761e-08,6.834492253944937267e-08,6.860899567356833961e-08,6.887110113746851489e-08,6.913005639250749966e-08,6.938434781171304570e-08,6.963207791215135709e-08,6.987090950777472356e-08,7.009800711814941868e-08,7.030997585895172081e-08,7.050279784835432946e-08,7.067176589002800250e-08,7.081141384451373947e-08,7.091544268481916175e-08,7.097664075827389196e-08,7.098679625442094392e-08,7.093659932056498870e-08,7.081553069171601572e-08,7.061173313827574125e-08,7.031186152016592391e-08,6.990090681522932329e-08,6.936198921649114834e-08,6.867611533874431042e-08,6.782189485317455424e-08,6.677521268598085764e-08,6.550885467517609756e-08,6.399208807200860992e-08,6.219020504605071190e-08,6.006405033491117317e-08,5.756957870789399804e-08,5.465753399885115448e-08,5.127343768820787284e-08,4.735839592239476209e-08,4.285321537699582178e-08,3.770819260532258406e-08,3.191164308651913170e-08,2.558054582303330742e-08,1.929186666427457276e-08,1.527326759152618292e-08,1.806968583159798981e-08,2.793260332848065268e-08,4.221000407685277506e-08,6.010932837251847056e-08,8.205165304421040594e-08,1.094824720116969481e-07,1.457177837728148238e-07,1.981141535939910084e-07,2.821660114051097864e-07,3.355350319351802513e-07,3.897536875005812120e-07,4.750268101337882798e-07,5.834281873169486826e-07,6.799127550349131558e-07,7.329828501607897810e-07,7.298945626462631214e-07,6.793860247461710439e-07,6.064630312767424745e-07,5.404320304151395109e-07,5.006211510366789470e-07,4.922010553747944393e-07,5.151930811933410429e-07,5.659835255946959213e-07,6.280758292608969016e-07,6.739397389200457720e-07,6.790033191103388010e-07,6.341787216024296291e-07,5.512269059410153715e-07,4.594040999407596747e-07,3.887116918006404078e-07,3.412340374823117556e-07,2.872959989150617365e-07,1.999893254312347629e-07,1.448782810977458507e-07,1.066557160820788039e-07,7.776416142795121629e-08,5.460069949701093540e-08,3.541247779888682318e-08,1.931316429489806253e-08,6.284653945358844497e-09,7.606650006823546039e-09,1.717285679268987902e-08,2.566666556152080207e-08,3.295742221253590977e-08,3.916681402978305770e-08,4.442492044779005238e-08,4.884971537702257954e-08,5.254519297469711118e-08,5.560245717703225564e-08,5.810123840744300605e-08,6.011139965454414705e-08,6.169426916337961201e-08,6.290375601779615591e-08,6.378729957595473003e-08,6.438668488564103784e-08,6.473874635421127171e-08,6.487597703965759356e-08,6.482705750326319331e-08,6.461731549904504497e-08,6.426912574635338836e-08,6.380225754007221439e-08,6.323417687109809180e-08,6.258030893269332381e-08,6.185426627117813204e-08,6.106804732406776439e-08,6.023220962236547511e-08,5.935602148518290310e-08,5.844759559043665901e-08,5.751400736403703950e-08,5.656140069851917437e-08,5.559508310027551819e-08,5.461961198155781382e-08,5.363887346575935398e-08,5.265615476605783622e-08,5.167421093060803790e-08,5.069532652386155821e-08,4.972137263464007610e-08,4.875385946760760810e-08,4.779398468404645648e-08,4.684267760601340563e-08,4.590063937837693241e-08,4.496837918781050553e-08,4.404624665816024545e-08,4.313446057009892854e-08,4.223313408343099309e-08,4.134229666835539916e-08,4.046191297460451361e-08,3.959189888324202617e-08,3.873213499466848911e-08,3.788247780842017398e-08,3.704276884647272270e-08,3.621284196300508562e-08,3.539252907104541463e-08,3.458166450116696539e-08,3.378008819039380635e-08,3.298764788154595382e-08,3.220420049509141870e-08,3.142961281773242285e-08,3.066376163485406832e-08,2.990653341791326242e-08,2.915782366304846278e-08,2.841753596376931158e-08,2.768557040457029788e-08,2.696180224345266443e-08,2.624612188246833346e-08,2.553848027787732189e-08,2.483892550689512217e-08,2.414763185625778496e-08,2.346492324881324880e-08,2.279129337103133055e-08,2.212742556159891783e-08,2.147421644639829143e-08,2.083280857059198275e-08,2.020463905069725984e-08,1.959151379529022040e-08,1.899572048377163165e-08,1.842019876103609666e-08,1.786879368277296267e-08,1.734662911209780661e-08,1.686065207385379808e-08,1.642041632475230729e-08,1.603918903809897246e-08,1.573546416264989097e-08,1.553491396085823911e-08,1.547263238933998871e-08,1.559509923941294948e-08,1.596050265811217109e-08,1.663497370318725887e-08,1.768151683528027943e-08,1.913927475745451289e-08,2.099488819736343905e-08,2.315676943947541409e-08,2.545831772385615596e-08,2.772951309620731018e-08,2.994191818827022300e-08,3.226662527450318499e-08,3.474930888681224944e-08,3.692797060866021582e-08,3.845843270405776754e-08,3.963756397955508696e-08
3.989764500275289710e-08,3.924433943612024721e-08,3.822893746122130569e-08,3.731610610614806672e-08,3.613497870611638898e-08,3.524967035227543949e-08,3.534063798498930797e-08,3.644810231159326820e-08,3.822828399159957834e-08,4.032790341043925873e-08,4.250124697320403383e-08,4.460013937658254707e-08,4.654563863709942036e-08,4.830475759773027951e-08,4.987266946737063469e-08,5.125984130176361635e-08,5.248361777632341337e-08,5.356330739409220656e-08,5.451764709069457268e-08,5.536369595922231953e-08,5.611650193152922374e-08,5.678914332934607934e-08,5.739292579271484431e-08,5.793762319833882088e-08,5.843171106937182028e-08,5.888257196616999491e-08,5.929666738552192528e-08,5.967967744006107385e-08,6.003661223070392094e-08,6.037189953519228562e-08,6.068945329200159585e-08,6.099272687299548081e-08,6.128475454326691148e-08,6.156818390386503437e-08,6.184530154481159390e-08,6.211805361957850945e-08,6.238806259620824309e-08,6.265664104930640779e-08,6.292480303457060689e-08,6.319327333545379310e-08,6.346249469050941931e-08,6.373263299821993162e-08,6.400362946739099303e-08,6.427539866013008427e-08,6.454787926884991298e-08,6.482103571891576278e-08,6.509485964276976712e-08,6.536937112071960255e-08,6.564461955741799378e-08,6.592068403309861014e-08,6.619767293498544340e-08,6.647572263735722353e-08,6.675499495929160939e-08,6.703567308838739557e-08,6.731795561857536645e-08,6.760204831295097424e-08,6.788815317156032089e-08,6.817645436310008209e-08,6.846710057298628220e-08,6.876018333296783470e-08,6.905571093404340087e-08,6.935357758869558881e-08,6.965352760235763466e-08,6.995511443644670620e-08,7.025765469057068396e-08,7.056017718819082689e-08,7.086136750026522527e-08,7.115950836168501262e-08,7.145241649891513502e-08,7.173737636848843872e-08,7.201107118540796981e-08,7.226951138905771509e-08,7.250796035435764001e-08,7.272085671822247669e-08,7.290173216825666995e-08,7.304312294094010877e-08,7.313647260554726080e-08,7.317202297447814861e-08,7.313868919615774359e-08,7.302391428155007072e-08,7.281349752780999386e-08,7.249139057124422987e-08,7.203945415410272228e-08,7.143716813349899040e-08,7.066128677965304306e-08,6.968543096326528624e-08,6.847960835108992476e-08,6.700965211968949835e-08,6.523656783813675349e-08,6.311577696655610107e-08,6.059624420288365471e-08,5.761947764005927316e-08,5.411841086448306370e-08,5.001627797145410818e-08,4.522594134328108100e-08,3.965032570204567782e-08,3.318762261336860314e-08,2.575651130742216096e-08,1.743087612706694205e-08,9.564410353644895029e-09,1.140774724873101062e-08,2.407484536776899597e-08,4.117038811755754083e-08,6.251452244879040230e-08,8.949965633015080811e-08,1.248910499048807403e-07,1.738423920965383518e-07,2.459214091468199235e-07,3.585828862364878523e-07,4.232952570719608872e-07,4.568778117389854767e-07,4.873091969850998297e-07,5.279108212552503419e-07,5.651580531580942438e-07,5.776830738565099742e-07,5.596779001396451325e-07,5.287305393664096647e-07,5.137830514210109389e-07,5.256215393289943616e-07,5.445758222110817834e-07,5.464850364009434801e-07,5.281838750066061521e-07,5.094229384230470404e-07,5.121967475698305090e-07,5.338115851935042194e-07,5.505728908093282161e-07,5.450489723316933940e-07,5.201272006053158899e-07,4.917576246232641153e-07,4.677058236462244501e-07,4.335616377389434781e-07,3.647939256508079943e-07,2.478752090464777615e-07,1.731069208548012094e-07,1.224984334634836688e-07,8.606358097871079073e-08,5.835838918792097649e-08,3.641798726810605287e-08,1.865046408534104494e-08,5.213928620789850427e-09,1.018786385051830351e-08,2.036349936334250066e-08,2.922042340439781713e-08,3.675769259711565622e-08,4.312949199812330580e-08,4.848466913611048274e-08,5.295418245888699854e-08,5.665186562786899879e-08,5.967673565826212966e-08,6.211514838894780657e-08,6.404261318140167334e-08,6.552528205179213727e-08,6.662118232067246939e-08,6.738125521133481120e-08,6.785024476271579411e-08,6.806746694360310041e-08,6.806747936169848759e-08,6.788066607687363010e-08,6.753374845198016895e-08,6.705023082389541716e-08,6.645078848370094635e-08,6.575360465401061654e-08,6.497466261183940248e-08,6.412799868216656980e-08,6.322592143328583843e-08,6.227920199215532635e-08,6.129723994610323398e-08,6.028820880650558757e-08,5.925918449449930421e-08,5.821625978978945795e-08,5.716464718292792130e-08,5.610877210590018485e-08,5.505235809526908167e-08,5.399850507065599150e-08,5.294976159073040009e-08,5.190819168107359860e-08,5.087543661595921989e-08,4.985277188099606297e-08,4.884115944433536040e-08,4.784129541503626045e-08,4.685365315867426091e-08,4.587852196067312374e-08,4.491604136532881060e-08,4.396623136276628691e-08,4.302901863926401078e-08,4.210425914328119247e-08,4.119175724730122274e-08,4.029128180327988405e-08,3.940257939736163840e-08,3.852538510868156944e-08,3.765943106897318649e-08,3.680445310594333279e-08,3.596019573549950510e-08,3.512641574731305832e-08,3.430288460607742744e-08,3.348938986816226145e-08,3.268573579095826490e-08,3.189174329065203639e-08,3.110724938389776998e-08,3.033210623015355964e-08,2.956617987450082846e-08,2.880934877564475752e-08,2.806149041355388680e-08,2.732245487190977605e-08,2.659210399021457666e-08,2.587035668240969219e-08,2.515722481150895138e-08,2.445284103490279290e-08,2.375748045698247710e-08,2.307157843288341151e-08,2.239574751218622802e-08,2.173079736872279171e-08,2.107776274088237343e-08,2.043794606797426838e-08,1.981298389522359772e-08,1.920494959505777722e-08,1.861651004466619121e-08,1.805116134975510321e-08,1.751357945616598591e-08,1.701013649262242934e-08,1.654965313193262221e-08,1.614447839986341177e-08,1.581200012194809400e-08,1.557666060052295893e-08,1.547241231288816737e-08,1.554516654382854827e-08,1.585399689289946993e-08,1.646862895499565816e-08,1.745958090047554208e-08,1.887760784399664101e-08,2.072281882437137276e-08,2.291292994672253317e-08,2.527637197396024210e-08,2.761428568063274227e-08,2.985384530185585167e-08,3.215441095536894719e-08,3.462197050631168201e-08,3.682545368259925781e-08,3.832573436724946770e-08,3.943432330799837307e-08
3.966967741710616481e-08,3.895997372761638363e-08,3.799317337086490599e-08,3.708401201009751973e-08,3.589546065719410253e-08,3.510928346894576339e-08,3.537938500205743872e-08,3.666607178310966536e-08,3.858839884532573480e-08,4.079150594569952382e-08,4.303735078125009472e-08,4.518545401621326584e-08,4.716348637627207902e-08,4.894390359954309895e-08,5.052603176535893208e-08,5.192325062205851633e-08,5.315480217210123776e-08,5.424115764775176668e-08,5.520173024062786610e-08,5.605395296462604638e-08,5.681306849637603992e-08,5.749224778584062584e-08,5.810283310099018048e-08,5.865460571968754693e-08,5.915603456142648178e-08,5.961449010400349399e-08,6.003642099691060706e-08,6.042749630010950558e-08,6.079271818974335082e-08,6.113651026541475259e-08,6.146278621810717605e-08,6.177500300728761331e-08,6.207620203622095292e-08,6.236904117974848852e-08,6.265581993511370039e-08,6.293849944248958921e-08,6.321871866095980793e-08,6.349780759015949094e-08,6.377679809991650713e-08,6.405643267202692083e-08,6.433717117059661837e-08,6.461919563901299482e-08,6.490246287743398158e-08,6.518690566893435665e-08,6.547248496942914295e-08,6.575919228694610411e-08,6.604705202975402986e-08,6.633612372156281909e-08,6.662650395250631243e-08,6.691832790004594595e-08,6.721177021418340404e-08,6.750704501663253884e-08,6.780440471449558369e-08,6.810413727670269429e-08,6.840656156791513733e-08,6.871202028253369588e-08,6.902086997466986157e-08,6.933346764325623854e-08,6.965015331077209110e-08,6.997122803605855477e-08,7.029692683351822588e-08,7.062738603936610606e-08,7.096260477555198678e-08,7.130240031501378377e-08,7.164635734369446081e-08,7.199377133263176319e-08,7.234358645476243002e-08,7.269432867331219498e-08,7.304403475246371027e-08,7.339017795706499299e-08,7.372959108629024845e-08,7.405838721380079201e-08,7.437187809194634625e-08,7.466448964173904069e-08,7.492967331561715676e-08,7.515981139629730346e-08,7.534611347944075670e-08,7.547850047654130178e-08,7.554547147920111483e-08,7.553394778445433798e-08,7.542908735173081972e-08,7.521406200621985652e-08,7.486978886014436214e-08,7.437460669223263638e-08,7.370388735297219138e-08,7.282957152703515265e-08,7.171961716388361368e-08,7.033734720543500803e-08,6.864068026577245873e-08,6.658122265052053957e-08,6.410319112206530229e-08,6.114212158500454383e-08,5.762329864695214646e-08,5.345981388740967796e-08,4.855010504357590613e-08,4.277463042229758533e-08,3.599127925068102937e-08,2.802906840789680315e-08,1.868118426107696781e-08,7.731560916156117843e-09,5.702570773791578383e-09,2.115539644015483149e-08,3.999778341694220643e-08,6.323054344969619948e-08,9.262374886894437456e-08,1.311324086687740796e-07,1.837976814151402674e-07,2.593276044849110866e-07,3.727883169283542752e-07,4.248561667157840500e-07,4.241412667486494068e-07,3.955697716270911058e-07,3.656415564800097763e-07,3.448040201602966854e-07,3.325271333580763523e-07,3.446332208978198950e-07,4.091304100545243742e-07,5.186853611966556937e-07,6.309024455316451460e-07,7.038105908100948164e-07,7.130490171688773296e-07,6.571360723861736616e-07,5.572462132899271662e-07,4.515388210979276397e-07,3.802764433619486420e-07,3.581054517820080652e-07,3.668261257105682455e-07,3.889071791426087869e-07,4.180049395692358730e-07,4.411740778909706557e-07,4.344438755329876393e-07,3.759750716878672206e-07,2.586086586220975909e-07,1.812032191093375126e-07,1.277397682426655789e-07,8.900380107990301363e-08,5.975015424187955408e-08,3.709624542876058575e-08,1.999311298257660048e-08,1.160362311249098130e-08,1.696837151791153186e-08,2.607358971885914124e-08,3.457806012863242144e-08,4.196070903118360816e-08,4.823342548642127520e-08,5.349822077606215201e-08,5.786918674200702261e-08,6.145463160612682596e-08,6.435285376935113551e-08,6.665161717637116620e-08,6.842871823275941912e-08,6.975285468788190427e-08,7.068454432475002410e-08,7.127700942937977117e-08,7.157699917915207671e-08,7.162554143647914643e-08,7.145862240857454454e-08,7.110779550707061070e-08,7.060072226350497056e-08,6.996164918732493486e-08,6.921182522635422760e-08,6.836986505240945827e-08,6.745206374973259606e-08,6.647266863168149322e-08,6.544411385942300097e-08,6.437722330157098942e-08,6.328138668183475493e-08,6.216471354929733816e-08,6.103416901843664493e-08,5.989569461211510667e-08,5.875431694312524784e-08,5.761424641724994648e-08,5.647896764621125420e-08,5.535132282444187763e-08,5.423358894835768412e-08,5.312754944273785101e-08,5.203456051171783685e-08,5.095561235730386699e-08,4.989138530641395047e-08,4.884230085066605475e-08,4.780856761736358907e-08,4.679022233807344986e-08,4.578716594597474139e-08,4.479919500087938129e-08,4.382602870174670672e-08,4.286733179497621370e-08,4.192273372046278778e-08,4.099184435637841608e-08,4.007426672937341784e-08,3.916960705154262633e-08,3.827748243147595027e-08,3.739752658632230362e-08,3.652939385712367584e-08,3.567276180249183003e-08,3.482733261745378382e-08,3.399283359612078625e-08,3.316901682960024412e-08,3.235565830488797298e-08,3.155255654676598996e-08,3.075953092323826603e-08,2.997641971588289975e-08,2.920307803970162726e-08,2.843936269416440512e-08,2.768510094716206343e-08,2.694012896287736143e-08,2.620433704990925828e-08,2.547770487716841399e-08,2.476032813038598190e-08,2.405243847354716939e-08,2.335441914599885689e-08,2.266681911810604789e-08,2.199036951759668004e-08,2.132600712957703639e-08,2.067491132174936229e-08,2.003856298842139508e-08,1.941883739859712269e-08,1.881814770684329756e-08,1.823966311404733669e-08,1.768763630677719085e-08,1.716789011656191112e-08,1.668853426374428683e-08,1.626100848446423806e-08,1.590157046652192881e-08,1.563334032498411297e-08,1.548891309859966364e-08,1.551322338638038825e-08,1.576558712140493891e-08,1.631851590319465916e-08,1.724935172179100361e-08,1.862039913601463040e-08,2.044636524038957878e-08,2.265692183010099715e-08,2.507929614413050840e-08,2.748840786897119165e-08,2.976356388314411978e-08,3.204091964296134203e-08,3.448308470345329113e-08,3.670844458874518834e-08,3.818673643229361925e-08,3.921966174634059302e-08
3.942967795634564868e-08,3.866838013608665713e-08,3.775442651642368471e-08,3.683957985771898833e-08,3.565011944719627872e-08,3.497959928396612874e-08,3.543771842462863337e-08,3.690323206693542619e-08,3.896391650224406710e-08,4.126649142806738453e-08,4.358125043737118498e-08,4.577550316794573834e-08,4.778359780751661051e-08,4.958344826510486671e-08,5.117847407426252406e-08,5.258486361871799900e-08,5.382364524533605427e-08,5.491635727699728171e-08,5.588301597276402285e-08,5.674137615656670726e-08,5.750683976030716781e-08,5.819264680236219318e-08,5.881016070023984777e-08,5.936915992124659407e-08,5.987809990562028759e-08,6.034433423703414481e-08,6.077429515466769688e-08,6.117363783966799162e-08,6.154735413936098301e-08,6.189986130361380207e-08,6.223507072510073163e-08,6.255644095659356442e-08,6.286701856526383962e-08,6.316946972441306505e-08,6.346610484885183212e-08,6.375889805183833294e-08,6.404950273796749062e-08,6.433926424784040708e-08,6.462923013823251104e-08,6.492015841776074485e-08,6.521252386400636901e-08,6.550652242314698731e-08,6.580212421235797157e-08,6.609927787797657036e-08,6.639796423228901693e-08,6.669819948560896497e-08,6.700003856922588365e-08,6.730357845522248799e-08,6.760896134662660545e-08,6.791637757229770680e-08,6.822606797490975925e-08,6.853832552724312487e-08,6.885349585206458451e-08,6.917197625513416992e-08,6.949421281118100873e-08,6.982069497199332449e-08,7.015194709837243260e-08,7.048851625944527323e-08,7.083095560121359954e-08,7.117980257036227687e-08,7.153555129967039536e-08,7.189861852879622834e-08,7.226930255868002949e-08,7.264773492578024147e-08,7.303382473322172349e-08,7.342719587763674290e-08,7.382711773546799198e-08,7.423243017606075853e-08,7.464146399243659349e-08,7.505195792209177149e-08,7.546097332026197734e-08,7.586480722796410732e-08,7.625890406668005221e-08,7.663776553810198789e-08,7.699485755477997136e-08,7.732251218822878672e-08,7.761182167350986330e-08,7.785252042404742588e-08,7.803284978825912058e-08,7.813939897688470966e-08,7.815691431248156696e-08,7.806806781954877903e-08,7.785317527589128538e-08,7.748985322338421119e-08,7.695260407668810692e-08,7.621231831023378093e-08,7.523568263218400374e-08,7.398448287946452598e-08,7.241478978958056112e-08,7.047601438437665582e-08,6.810981690694287293e-08,6.524884867095355996e-08,6.181529991410129461e-08,5.771921992631357267e-08,5.285657395127637982e-08,4.710705081923937653e-08,4.033204383869338900e-08,3.237524397500352378e-08,2.308081401312159612e-08,1.247550220425308856e-08,5.629512411184415636e-09,1.838939366781022165e-08,3.683145877423585979e-08,5.960651208634901582e-08,8.798591302718703776e-08,1.242312696096785053e-07,1.720873124597240794e-07,2.378094472190636204e-07,3.319788709151416118e-07,3.606976011526410812e-07,3.298070604551267265e-07,2.630500648335470547e-07,1.963120612098906888e-07,1.708065040252569901e-07,2.138451033766880155e-07,3.203456702831563341e-07,4.711526535830698685e-07,6.366394704244866423e-07,7.795068350732866971e-07,8.653714800952469437e-07,8.733071206528670136e-07,8.021221286742704418e-07,6.705621994944665738e-07,5.114942036063278187e-07,3.620679013301561000e-07,2.539606139206971056e-07,2.081458143640957923e-07,2.264043754990151183e-07,2.821109250134771908e-07,3.378206472726827306e-07,3.601248454800744225e-07,3.266108927771687607e-07,2.316343821504907332e-07,1.661260296531534724e-07,1.189411872235428039e-07,8.363062666920875229e-08,5.654539210212323567e-08,3.595499490518951284e-08,2.234298328522515460e-08,1.924682934299699754e-08,2.520760194067531320e-08,3.349304284744666432e-08,4.143485526436788021e-08,4.843957895611363857e-08,5.442557293663812388e-08,5.944590526556398107e-08,6.359049275644178125e-08,6.695606719330789946e-08,6.963586121040589679e-08,7.171596907859267841e-08,7.327424889418030775e-08,7.438027812356151113e-08,7.509576802761817603e-08,7.547517525857384581e-08,7.556638499336471129e-08,7.541140080984566759e-08,7.504700633888377929e-08,7.450537981802720676e-08,7.381465215963991357e-08,7.299940512326933095e-08,7.208111008412922877e-08,7.107851044501073542e-08,7.000795235621206798e-08,6.888366933750831172e-08,6.771802680158207215e-08,6.652173247500100126e-08,6.530401839277533130e-08,6.407279959241290393e-08,6.283481394332128675e-08,6.159574680703185228e-08,6.036034350705216586e-08,5.913251193835446490e-08,5.791541707810249605e-08,5.671156866401412786e-08,5.552290287552427237e-08,5.435085848718804202e-08,5.319644767661526076e-08,5.206032147517578626e-08,5.094282975288701861e-08,4.984407561862830968e-08,4.876396417106674843e-08,4.770224562792582738e-08,4.665855296697353777e-08,4.563243431274323256e-08,4.462338038697890407e-08,4.363084740280328505e-08,4.265427582188018242e-08,4.169310541238432846e-08,4.074678704676600170e-08,3.981479166586614481e-08,3.889661681352045680e-08,3.799179111658647170e-08,3.709987705202161886e-08,3.622047230738980602e-08,3.535321000565700856e-08,3.449775803060194172e-08,3.365381765650804901e-08,3.282112165561130520e-08,3.199943202941327825e-08,3.118853748560253633e-08,3.038825076099020970e-08,2.959840587248512080e-08,2.881884125287794138e-08,2.804936407111399985e-08,2.728978803107717902e-08,2.653997856281222403e-08,2.579988740649451916e-08,2.506957812867190810e-08,2.434924446965591358e-08,2.363922384562563086e-08,2.294000886797930261e-08,2.225226046438240187e-08,2.157682719083803480e-08,2.091477676132890998e-08,2.026744791739681028e-08,1.963653385905891170e-08,1.902421308424985802e-08,1.843335041981542876e-08,1.786780140025605655e-08,1.733286844434246745e-08,1.683597903407719684e-08,1.638768464038771176e-08,1.600310971145265108e-08,1.570399287385584063e-08,1.552140112010284234e-08,1.549893261928891258e-08,1.569552509982907757e-08,1.618561389459015722e-08,1.705249946416109120e-08,1.836968888167356883e-08,2.016732229703644979e-08,2.238952817599500601e-08,2.486630464294985803e-08,2.734982648550812589e-08,2.966942883038304557e-08,3.192654980509102936e-08,3.433344159619916028e-08,3.657569656155766974e-08,3.804080209599987475e-08,3.899439416655384022e-08
3.917696604659567593e-08,3.837072926162306270e-08,3.751184270590460694e-08,3.658213549042103489e-08,3.540069691804453295e-08,3.486266123707189622e-08,3.551624405253687797e-08,3.715913979314980994e-08,3.935406381851107792e-08,4.175202071432964074e-08,4.413209025000267762e-08,4.636944541757625414e-08,4.840518311315900041e-08,5.022267970383668001e-08,5.182937086960177542e-08,5.324413577757679172e-08,5.448967111701563420e-08,5.558848482436759956e-08,5.656112405632418295e-08,5.742561549900767678e-08,5.819748719738347360e-08,5.889002678032100449e-08,5.951460505856497338e-08,6.008098882282227395e-08,6.059761418220445038e-08,6.107181378077461798e-08,6.151000045033200105e-08,6.191781307884000916e-08,6.230023107293307001e-08,6.266166335875306636e-08,6.300601710050504903e-08,6.333675050566874303e-08,6.365691332956958867e-08,6.396917801449452616e-08,6.427586379836025562e-08,6.457895559834085222e-08,6.488011901087805123e-08,6.518071236942527451e-08,6.548179646594144705e-08,6.578414227355512781e-08,6.608823680776301590e-08,6.639428713220433428e-08,6.670227377537424612e-08,6.701215815648864435e-08,6.732393769147586031e-08,6.763764994424793490e-08,6.795337701731841329e-08,6.827125010145540609e-08,6.859145406912162176e-08,6.891423195334099030e-08,6.923988910144802202e-08,6.956879673130081762e-08,6.990139454580963297e-08,7.023819198060100496e-08,7.057976757085928670e-08,7.092676582976662231e-08,7.127989093713007999e-08,7.163989644946312257e-08,7.200757017114177009e-08,7.238371328212465123e-08,7.276911281559826149e-08,7.316450663542835598e-08,7.357054019578194119e-08,7.398771458873540697e-08,7.441632570761193011e-08,7.485639476678720836e-08,7.530759089201049941e-08,7.576914696871876779e-08,7.623977032135114395e-08,7.671754999298301492e-08,7.719986231601821744e-08,7.768327607767678931e-08,7.816345793209167812e-08,7.863507789779944717e-08,7.909171389943795812e-08,7.952575338358883361e-08,7.992828899551076731e-08,8.028900405420596588e-08,8.059604207451987687e-08,8.083585294166464851e-08,8.099300674032436982e-08,8.104996490576004727e-08,8.098679747764209137e-08,8.078083490764374692e-08,8.040624316715940461e-08,7.983351190058129652e-08,7.902884721781682525e-08,7.795346369106590728e-08,7.656277471368515537e-08,7.480548752375969310e-08,7.262262075404017700e-08,6.994648236271861712e-08,6.669968354319134659e-08,6.279434322685048440e-08,5.813182450842627647e-08,5.260384996230836816e-08,4.609741241380382947e-08,3.851153230286442305e-08,2.981910138609406135e-08,2.036075981524872950e-08,1.282123602763140778e-08,1.707834205754851590e-08,3.193491567343814098e-08,5.178006622910493454e-08,7.608735187864241793e-08,1.057831667607107955e-07,1.428589868553415971e-07,1.911048019960115462e-07,2.579084991924842330e-07,2.716886711173705657e-07,2.524103268994355270e-07,2.476245450580326751e-07,2.907130589525274756e-07,3.601731980467779062e-07,4.317231083332584447e-07,5.104653465570006040e-07,6.123690418487451042e-07,7.338336380005932562e-07,8.462864319357392803e-07,9.148814151674811197e-07,9.167935740195229847e-07,8.503014003769175187e-07,7.351632074439935082e-07,6.048518329771932128e-07,4.906554298018523319e-07,4.029708154215753980e-07,3.302443623986586691e-07,2.654656649362898398e-07,2.277281164951544539e-07,2.342330799759847658e-07,2.529899978372243388e-07,2.403345402187223697e-07,1.780264936649556420e-07,1.329766501032291108e-07,9.845652840115116543e-08,7.116155417576049692e-08,4.969563604315087610e-08,3.421397127980928586e-08,2.665313210859899701e-08,2.805941546163949753e-08,3.455037925640331197e-08,4.224108500214891414e-08,4.957618459673940223e-08,5.608001016113463091e-08,6.164577200004607233e-08,6.629646071456862902e-08,7.010209880324601527e-08,7.314794956631899027e-08,7.552118388320468907e-08,7.730502674316585442e-08,7.857624431228181736e-08,7.940424052864718342e-08,7.985096855921606973e-08,7.997126053357904679e-08,7.981336332820157129e-08,7.941956082179539990e-08,7.882681329519205909e-08,7.806737380930804197e-08,7.716935924434731294e-08,7.615726500530669456e-08,7.505241970238955184e-08,7.387338081735839651e-08,7.263627532055787953e-08,7.135509094116140417e-08,7.004192465387481451e-08,6.870719514967486466e-08,6.735982576458145269e-08,6.600740368771889712e-08,6.465632040306720850e-08,6.331189738790574110e-08,6.197850021687208052e-08,6.065964346647599012e-08,5.935808818176414780e-08,5.807593312103765165e-08,5.681470050626340003e-08,5.557541657668499805e-08,5.435868690175827995e-08,5.316476619225103309e-08,5.199362226757929707e-08,5.084499387593764624e-08,4.971844218454245695e-08,4.861339591818981292e-08,4.752919028932230374e-08,4.646510000749085327e-08,4.542036676799087989e-08,4.439422169532290894e-08,4.338590325955604898e-08,4.239467119805808220e-08,4.141981696761429171e-08,4.046067122859096372e-08,3.951660882861970485e-08,3.858705171246109043e-08,3.767147014053795752e-08,3.676938255360851115e-08,3.588035437701320812e-08,3.500399601616638383e-08,3.413996025632484933e-08,3.328793924465608702e-08,3.244766120149311889e-08,3.161888698044439862e-08,3.080140657363163231e-08,2.999503563855898093e-08,2.919959697452690090e-08,2.841488074906494267e-08,2.764068176395086701e-08,2.687684459568570368e-08,2.612329756771082013e-08,2.538007716864274210e-08,2.464734485632641350e-08,2.392539856945711242e-08,2.321468175441556626e-08,2.251579337093392701e-08,2.182950326192285784e-08,2.115677860239009307e-08,2.049882909487169584e-08,1.985718148311925575e-08,1.923379831779272671e-08,1.863126250172600086e-08,1.805305912547713332e-08,1.750400110842935537e-08,1.699086718152539128e-08,1.652335128948697408e-08,1.611545954031630158e-08,1.578752027579985157e-08,1.556894779481632898e-08,1.550170089173513332e-08,1.564376243096399218e-08,1.607060837227644258e-08,1.687048479772508842e-08,1.812746743012336446e-08,1.988762488882770195e-08,2.211181628993677122e-08,2.463689705635210716e-08,2.719654564493731405e-08,2.956949819987513372e-08,3.181141819804295394e-08,3.417404030284007179e-08,3.642616019652048082e-08,3.788705616962548629e-08,3.875942716102655201e-08
3.891092232768078876e-08,3.806820103014303231e-08,3.726434057096238848e-08,3.631124882158251192e-08,3.514918826452386937e-08,3.476041039621398114e-08,3.561535626602066886e-08,3.743324871584275862e-08,3.975804179410344745e-08,4.224724578825603045e-08,4.468900771463427573e-08,4.696643862880255731e-08,4.902746064541368880e-08,5.086090161563998991e-08,5.247811638969497651e-08,5.390054355503689792e-08,5.515242412848327717e-08,5.625713729942052146e-08,5.723569063175647066e-08,5.810633526767565472e-08,5.888469475214166855e-08,5.958408503417434167e-08,6.021587228960067078e-08,6.078980409259742419e-08,6.131429236618327786e-08,6.179664551021219175e-08,6.224325449810401630e-08,6.265973990849233386e-08,6.305106688017472708e-08,6.342163423713831468e-08,6.377534310809969515e-08,6.411564947850463542e-08,6.444560432359705224e-08,6.476788428210538594e-08,6.508481522813573207e-08,6.539839057082683183e-08,6.571028564887616596e-08,6.602186918688774322e-08,6.633421244292214902e-08,6.664809640379870447e-08,6.696401717898123688e-08,6.728218960629119240e-08,6.760260106077085041e-08,6.792522186706019631e-08,6.825006188087439035e-08,6.857717561086145282e-08,6.890666775585914727e-08,6.923869909807490969e-08,6.957349265639430737e-08,6.991133995776226434e-08,7.025260722688623627e-08,7.059774122407776997e-08,7.094727437698953082e-08,7.130182875414142167e-08,7.166211831738082464e-08,7.202894876927218531e-08,7.240321418443454074e-08,7.278588948831014818e-08,7.317801773334645221e-08,7.358069103566914604e-08,7.399502399410149042e-08,7.442211844163427761e-08,7.486301850488936635e-08,7.531865519844950314e-08,7.578978018120658068e-08,7.627688885679069342e-08,7.678013368181228480e-08,7.729922927687379510e-08,7.783335158409759743e-08,7.838103371191269589e-08,7.894006109449152843e-08,7.950736809656095860e-08,8.007893729818718419e-08,8.064970162896445878e-08,8.121344849798627154e-08,8.176272411644513347e-08,8.228873516812187350e-08,8.278124361156144069e-08,8.322844857104149526e-08,8.361684711607861381e-08,8.393106360512542221e-08,8.415363560584599310e-08,8.426474350397444051e-08,8.424187094315513199e-08,8.405938433012699018e-08,8.368802201428244630e-08,8.309428785471708288e-08,8.223975054927047264e-08,8.108026075880302979e-08,7.956511520487705202e-08,7.763622502336237645e-08,7.522739331466200519e-08,7.226389191162439037e-08,6.866269027382830620e-08,6.433402957443623635e-08,5.918581993352995660e-08,5.313435958765353527e-08,4.613076619281232279e-08,3.823241701163160705e-08,2.982711661916670830e-08,2.243289677080175849e-08,2.058404536055749603e-08,2.833377462279234148e-08,4.262778439228703085e-08,6.046304552705167448e-08,8.073892370504777014e-08,1.035399983753196293e-07,1.314392479825753043e-07,1.741388207899760178e-07,2.019373563933187809e-07,2.592145898161817575e-07,3.634970464256869663e-07,4.838239270251395194e-07,5.834781102930435491e-07,6.433772912215007582e-07,6.689975531369099447e-07,6.858902687124685573e-07,7.181067742043391415e-07,7.630284763431453302e-07,7.946071325142306502e-07,7.896054767517774103e-07,7.465195660614592327e-07,6.873300735189261602e-07,6.415620966667479818e-07,6.180806994522553826e-07,5.949568635906827977e-07,5.437018968553830778e-07,4.543991142972449920e-07,3.416453139941477308e-07,2.382284240064980235e-07,1.766712975189809245e-07,1.488925849545980665e-07,1.131515614452439428e-07,9.071156674425914349e-08,7.234513289012951313e-08,5.624568674531004617e-08,4.328213360072210845e-08,3.542680178334269661e-08,3.422957495885200264e-08,3.841269160926705881e-08,4.506007891455447597e-08,5.218324825652877647e-08,5.887808151990966565e-08,6.479708651058178798e-08,6.983991509523048959e-08,7.401565835816523080e-08,7.738159849922739716e-08,8.001450603972434986e-08,8.199654510505326808e-08,8.340820646740479194e-08,8.432483977299434724e-08,8.481511827679555734e-08,8.494056963011796490e-08,8.475569527011535268e-08,8.430840306818234958e-08,8.364058969796182456e-08,8.278877455124666158e-08,8.178472696960267730e-08,8.065605370974280124e-08,7.942672965343065992e-08,7.811756510438277721e-08,7.674660959201075900e-08,7.532949618963139204e-08,7.387973275405710963e-08,7.240894770154698155e-08,7.092709825588728545e-08,6.944264873885278656e-08,6.796272559743629899e-08,6.649325468424436533e-08,6.503908507278650223e-08,6.360410260124790577e-08,6.219133548162084443e-08,6.080305364867508824e-08,5.944086295752650763e-08,5.810579479304336315e-08,5.679839112950503023e-08,5.551878464850818379e-08,5.426677327087763847e-08,5.304188841152571323e-08,5.184345639081721952e-08,5.067065266550210602e-08,4.952254880756471353e-08,4.839815240752368738e-08,4.729644027936042943e-08,4.621638548665005651e-08,4.515697879601507244e-08,4.411724520365966805e-08,4.309625618430221286e-08,4.209313828949171045e-08,4.110707868260967479e-08,4.013732814754317620e-08,3.918320205217697055e-08,3.824407969026215401e-08,3.731940236858076941e-08,3.640867055250659418e-08,3.551144033327063282e-08,3.462731943518135022e-08,3.375596294105544648e-08,3.289706887923708221e-08,3.205037378568333249e-08,3.121564832940078338e-08,3.039269306868106863e-08,2.958131834152027381e-08,2.878130080500332902e-08,2.799242026651852146e-08,2.721450477252571557e-08,2.644746398283984457e-08,2.569131252694078973e-08,2.494618532863835767e-08,2.421234722363230875e-08,2.349019962760555616e-08,2.278028760447869517e-08,2.208331152689644431e-08,2.140014874867918115e-08,2.073189252453578875e-08,2.007991812599000212e-08,1.944599019525957456e-08,1.883243160027653782e-08,1.824238355939933387e-08,1.768020130722325855e-08,1.715205138877692611e-08,1.666680823148760744e-08,1.623738928167260759e-08,1.588271086116169923e-08,1.563045424132407152e-08,1.552069742645616087e-08,1.560995342977251047e-08,1.597386860344644713e-08,1.670451127205147070e-08,1.789561565217610471e-08,1.960929792647290412e-08,2.182511801418987291e-08,2.439088361222496096e-08,2.702669184028632174e-08,2.946157713152058932e-08,3.169530677754457303e-08,3.400603945151556734e-08,3.625903953340882403e-08,3.772439524342868393e-08,3.851571953869052662e-08
3.863102720067987532e-08,3.776193374323318826e-08,3.701064063633388286e-08,3.602677794550670872e-08,3.489780985053668701e-08,3.467464290516361687e-08,3.573524389577341018e-08,3.772492874633075413e-08,4.017503341987277746e-08,4.275131075759286861e-08,4.525113429861218364e-08,4.756564215866456618e-08,4.964965974901881933e-08,5.149743575062152392e-08,5.312412628256053658e-08,5.455358518335634534e-08,5.581146896987344340e-08,5.692192983537488767e-08,5.790636757224284337e-08,5.878321324658159043e-08,5.956815795876106128e-08,6.027452888879195991e-08,6.091367726178351793e-08,6.149532518815079011e-08,6.202785651174337087e-08,6.251855279493540000e-08,6.297378122613014092e-08,6.339914244304617784e-08,6.379958576789228227e-08,6.417949833962009864e-08,6.454277357288839932e-08,6.489286342594157211e-08,6.523281814655168252e-08,6.556531647048005652e-08,6.589268864701911305e-08,6.621693414231295892e-08,6.653973541209012208e-08,6.686246873653433323e-08,6.718621277116750659e-08,6.751175519119702879e-08,6.783959759577953403e-08,6.816995869499046785e-08,6.850282847370741039e-08,6.883818148835164991e-08,6.917603490900518748e-08,6.951645464215937211e-08,6.985956207255991694e-08,7.020554139390857201e-08,7.055464746200630136e-08,7.090721405600799857e-08,7.126366237156221246e-08,7.162450949152354471e-08,7.199037648372819335e-08,7.236199565972684907e-08,7.274021639319709229e-08,7.312600874352567169e-08,7.352046396269481768e-08,7.392479078929065940e-08,7.434030626355559945e-08,7.476841964865950798e-08,7.521060793924300670e-08,7.566838141052636844e-08,7.614323775089468961e-08,7.663660357691356048e-08,7.714976260252180873e-08,7.768377045862520393e-08,7.823935712632599213e-08,7.881681906778439608e-08,7.941590421999328673e-08,8.003569377300357880e-08,8.067448477930985110e-08,8.132967695158868617e-08,8.199766563630161202e-08,8.267374142367438224e-08,8.335199565902351507e-08,8.402523031868964826e-08,8.468486991618779572e-08,8.532087174312412879e-08,8.592162847177876379e-08,8.647385412920024864e-08,8.696244140899948668e-08,8.737027603885832746e-08,8.767799291286333887e-08,8.786365907586089841e-08,8.790237050917758467e-08,8.776575329605525737e-08,8.742136583196821448e-08,8.683200862491727973e-08,8.595496420805617957e-08,8.474121560717139137e-08,8.313473420770285238e-08,8.107199846504180625e-08,7.848202617931371438e-08,7.528742130639232743e-08,7.140735324500757098e-08,6.676423998138685983e-08,6.129778787778519868e-08,5.499452009223220958e-08,4.795237222373303042e-08,4.052986217561678552e-08,3.369147400236028307e-08,2.958108284326508165e-08,3.102988470737960438e-08,3.826993185324000378e-08,4.841510359034835771e-08,5.808859846953778118e-08,6.439022020803482575e-08,6.854873860833558503e-08,9.335153189684824573e-08,1.632692414311789505e-07,2.923158652930382960e-07,4.505151276006058027e-07,5.996568119173459828e-07,7.053196468516572757e-07,7.464313525628704153e-07,7.226803021522364842e-07,6.562827946599471076e-07,5.841905568422177740e-07,5.367511022800649450e-07,5.157321816268237008e-07,5.059329637331619998e-07,5.081052181772867811e-07,5.415691147191193391e-07,6.092264692717297702e-07,6.802049149242010378e-07,7.143040058230265578e-07,6.862372315477059529e-07,5.935479502880362994e-07,4.545401483759819375e-07,3.006680673378722652e-07,1.664904143898011182e-07,8.058000578271613665e-08,4.957891816455498701e-08,5.119426018983819396e-08,5.134088455402618421e-08,4.765881452849418725e-08,4.375461641324240112e-08,4.261680338413401799e-08,4.516423907120356821e-08,5.038257418752641597e-08,5.677117888783014665e-08,6.325917204437675699e-08,6.926655310509877664e-08,7.453024410230261910e-08,7.896306678151584041e-08,8.257025784015424239e-08,8.540328799451915385e-08,8.753451899618568973e-08,8.904327739045962083e-08,9.000828090567261893e-08,9.050367807631835435e-08,9.059717735613695554e-08,9.034938919681742812e-08,8.981386097126529213e-08,8.903748903855809667e-08,8.806111438624620353e-08,8.692018384091440696e-08,8.564540670185537857e-08,8.426336731412145321e-08,8.279707373812034938e-08,8.126643515154795617e-08,7.968866843403793950e-08,7.807863916251005509e-08,7.644914501516304955e-08,7.481115095459864939e-08,7.317398586847545644e-08,7.154550977561073528e-08,6.993225942458237887e-08,6.833957839413867736e-08,6.677173607473987696e-08,6.523203853086931382e-08,6.372293332596831078e-08,6.224610980004479903e-08,6.080259578153998110e-08,5.939285111192595758e-08,5.801685766867301446e-08,5.667420496997898609e-08,5.536417013158879172e-08,5.408579096840934533e-08,5.283793131164732440e-08,5.161933801968747007e-08,5.042868958312943446e-08,4.926463658548782890e-08,4.812583454748228355e-08,4.701096985244356535e-08,4.591877953782208239e-08,4.484806576309686902e-08,4.379770574635751101e-08,4.276665791563578174e-08,4.175396495801551822e-08,4.075875437778535892e-08,3.978023710015218535e-08,3.881770458327548571e-08,3.787052483128196849e-08,3.693813763616829409e-08,3.602004931806097758e-08,3.511582718159896966e-08,3.422509386127822522e-08,3.334752169022195419e-08,3.248282719462569997e-08,3.163076578957529612e-08,3.079112673050583858e-08,2.996371151172713329e-08,2.914828716453584843e-08,2.834462275390801287e-08,2.755253440810322582e-08,2.677191810309797848e-08,2.600277198735082828e-08,2.524521028441808243e-08,2.449947110432648829e-08,2.376592087530285071e-08,2.304505863783010381e-08,2.233752421093263616e-08,2.164411537362063009e-08,2.096582089231224766e-08,2.030387875710160820e-08,1.965987281679129114e-08,1.903588683754695174e-08,1.843474397968640996e-08,1.786037353031925390e-08,1.731836796364656167e-08,1.681682514779014463e-08,1.636761501458139864e-08,1.598826308219623776e-08,1.570467807554489386e-08,1.555487847286906682e-08,1.559346733901473903e-08,1.589543602022722064e-08,1.655548492161758021e-08,1.767584573774291897e-08,1.933440022533289410e-08,2.153100026729250546e-08,2.412840081186081188e-08,2.683857609736971307e-08,2.934327439589088259e-08,3.157762177926829470e-08,3.383069450129401873e-08,3.607384140764862317e-08,3.755151113649295110e-08,3.826423598075289698e-08
3.833689909771884138e-08,3.745296939636960829e-08,3.674930527538385283e-08,3.572890712138522314e-08,3.464895859472940182e-08,3.460697216435865471e-08,3.587590198784356013e-08,3.803348418046885556e-08,4.060420942356723731e-08,4.326335218154871548e-08,4.581759649774820177e-08,4.816621944878698988e-08,5.027102372945201377e-08,5.213162428943858861e-08,5.376683905102491329e-08,5.520278123924070491e-08,5.646639058550784823e-08,5.758249515454204269e-08,5.857282168698579093e-08,5.945593979317074110e-08,6.024758294763382319e-08,6.096107467539613610e-08,6.160774261102319960e-08,6.219727840067984362e-08,6.273803483574016499e-08,6.323726472603536658e-08,6.370131004970690627e-08,6.413575024314233524e-08,6.454551753662653624e-08,6.493498599895175135e-08,6.530803978889070066e-08,6.566812511735181533e-08,6.601828959596248738e-08,6.636121195289282763e-08,6.669922450236962860e-08,6.703433023698386653e-08,6.736821595789036666e-08,6.770226246157696322e-08,6.803755246266353691e-08,6.837487665281383985e-08,6.871473807996396613e-08,6.905735488256070653e-08,6.940271475281201742e-08,6.975079099032148051e-08,7.010160196327900433e-08,7.045521823437481185e-08,7.081177053576754151e-08,7.117145860168796439e-08,7.153456083334959687e-08,7.190144472351946217e-08,7.227257790421902892e-08,7.264853959722329006e-08,7.303003213999519322e-08,7.341789212657129424e-08,7.381310054182735503e-08,7.421679107834978496e-08,7.463025561027175282e-08,7.505494556400601181e-08,7.549246768282102418e-08,7.594457244816999488e-08,7.641313322193610871e-08,7.690011404895703230e-08,7.740752406386598760e-08,7.793735665661055652e-08,7.849151206116783806e-08,7.907170293489155804e-08,7.967934383669098778e-08,8.031542721538752350e-08,8.098039031860367400e-08,8.167397885402505229e-08,8.239511368245418479e-08,8.314176580595902146e-08,8.391084254956427901e-08,8.469808535886697420e-08,8.549797820738283712e-08,8.630366534578540372e-08,8.710687714282065142e-08,8.789786177671564293e-08,8.866531764085463791e-08,8.939631675524660096e-08,9.007620471733375779e-08,9.068845949218991657e-08,9.121449014682204682e-08,9.163335737647420464e-08,9.192140021143389084e-08,9.205175781021164547e-08,9.199378254397027594e-08,9.171235237768743902e-08,9.116710985061159200e-08,9.031168662286560577e-08,8.909302447511012079e-08,8.745098906519897791e-08,8.531861527635461470e-08,8.262356759176844153e-08,7.929183574314012433e-08,7.525550214168471227e-08,7.046800955457499534e-08,6.493354992506876536e-08,5.876350033050455537e-08,5.228347092434674969e-08,4.621890468274899567e-08,4.190182025262614298e-08,4.103559483701614136e-08,4.430526698887459390e-08,4.997619991615297737e-08,5.410671042318443298e-08,5.064092320993953324e-08,2.999125316532183090e-08,2.391463872386565129e-08,1.305525504891251575e-07,2.809692246908102120e-07,4.496626525331269337e-07,6.017122767403780032e-07,7.031192650651268739e-07,7.312560428823973011e-07,6.822115491646225206e-07,5.727089080127481176e-07,4.358870874390016011e-07,3.120972156586587534e-07,2.374899721749548095e-07,2.340302213981474592e-07,3.030663853805005298e-07,4.243271221604819635e-07,5.623504474701181451e-07,6.768832203695358490e-07,7.341493267613518420e-07,7.160559519628890523e-07,6.246348092032452148e-07,4.804883643748042750e-07,3.158677531588905006e-07,1.646425690468803344e-07,5.257557368342379537e-08,1.647109973937187089e-08,4.270513652280677544e-08,5.230839081411808025e-08,5.396965737761283931e-08,5.382462766421917367e-08,5.509446378069312390e-08,5.861461732306486386e-08,6.378106523561402448e-08,6.963278226064641317e-08,7.541878180766044205e-08,8.069229816004540753e-08,8.523673341620117461e-08,8.897935928069770329e-08,9.192947503815759487e-08,9.413960603382309236e-08,9.568234912807698478e-08,9.663693889314234425e-08,9.708170062379237718e-08,9.709004945688414239e-08,9.672861830121013998e-08,9.605664703572098191e-08,9.512609489326045637e-08,9.398214017339331451e-08,9.266385884292514470e-08,9.120495540158465714e-08,8.963447227096710909e-08,8.797743792189565598e-08,8.625543542168006994e-08,8.448708638894122570e-08,8.268845343328545795e-08,8.087336897691342960e-08,7.905370110787314150e-08,7.723956844946825624e-08,7.543951621649296284e-08,7.366066473196157491e-08,7.190883974762097555e-08,7.018869124889585192e-08,6.850380485119533952e-08,6.685680812164602070e-08,6.524947332342632188e-08,6.368281780382787428e-08,6.215720297412020583e-08,6.067243216313834149e-08,5.922784658565741620e-08,5.782241769578358483e-08,5.645483377813816722e-08,5.512357880328845574e-08,5.382700213273246181e-08,5.256337835912880784e-08,5.133095722170289435e-08,5.012800404313051258e-08,4.895283146722472109e-08,4.780382345761515036e-08,4.667945258489714379e-08,4.557829162101807029e-08,4.449902040420080052e-08,4.344042885581538321e-08,4.240141693571574560e-08,4.138099222340161378e-08,4.037826571464721763e-08,3.939244633064724149e-08,3.842283455154256484e-08,3.746881550965865909e-08,3.652985181042094637e-08,3.560547629067642197e-08,3.469528487466613838e-08,3.379892964655617448e-08,3.291611222452348427e-08,3.204657749414110455e-08,3.119010773743958381e-08,3.034649965787893224e-08,2.951551492401651108e-08,2.869691643515752718e-08,2.789051327872224130e-08,2.709619292809414413e-08,2.631394256133619328e-08,2.554386159302401782e-08,2.478616775878076119e-08,2.404119942080683897e-08,2.330941723409850023e-08,2.259140901192670195e-08,2.188790267616323979e-08,2.119979374985528394e-08,2.052819621302245651e-08,1.987452911466917605e-08,1.924065678155850438e-08,1.862910886547399828e-08,1.804341954442156549e-08,1.748864555836414328e-08,1.697215401142572751e-08,1.650481672464943370e-08,1.610280814771161763e-08,1.579026089526649524e-08,1.560301579281954212e-08,1.559340883355985302e-08,1.583502367447826050e-08,1.642398326602973869e-08,1.746964491821055446e-08,1.906496394677468704e-08,2.123122628957995388e-08,2.384991653624167777e-08,2.663075086345413190e-08,2.921206919390974974e-08,3.145736800809891203e-08,3.364928380431166262e-08,3.587041518355445457e-08,3.736692765236980690e-08,3.800589540647090098e-08
3.802833066505053980e-08,3.714219750704057533e-08,3.647878859109786973e-08,3.541817710614174503e-08,3.440516383903205110e-08,3.455879736249322581e-08,3.603714852214375376e-08,3.835817035355437091e-08,4.104473203741451916e-08,4.378249901987597699e-08,4.638751728855737056e-08,4.876734097248864321e-08,5.089081289754874999e-08,5.276283208303704866e-08,5.440571726046621468e-08,5.584767496381001821e-08,5.711679386023811617e-08,5.823848285518527862e-08,5.923473378246474233e-08,6.012421678876600637e-08,6.092268535481915469e-08,6.164344663957227244e-08,6.229779766794855428e-08,6.289539581113905119e-08,6.344456070643294451e-08,6.395251513837678605e-08,6.442557492727382147e-08,6.486929740611096773e-08,6.528859670787498971e-08,6.568783264833422309e-08,6.607087873660134835e-08,6.644117381838586754e-08,6.680176102171648032e-08,6.715531698459208021e-08,6.750417375826835360e-08,6.785033527114036798e-08,6.819548979073225203e-08,6.854101942850330819e-08,6.888800739345539353e-08,6.923724341881579272e-08,6.958922756571985042e-08,6.994417245271390718e-08,7.030205794064852225e-08,7.066284978594025623e-08,7.102656044659705938e-08,7.139325717788785290e-08,7.176307122999122807e-08,7.213620820557421306e-08,7.251295960642408571e-08,7.289371555469171741e-08,7.327897861180276923e-08,7.366937853189295370e-08,7.406568767164975861e-08,7.446883662969721420e-08,7.487992950185274083e-08,7.530025791100739873e-08,7.573131270195768213e-08,7.617479188604103965e-08,7.663260308690707383e-08,7.710685839314091054e-08,7.759985919146384166e-08,7.811406827687050886e-08,7.865206637957011104e-08,7.921649031889986124e-08,7.980995044874086523e-08,8.043492609486315203e-08,8.109363947409966541e-08,8.178791113667391339e-08,8.251900296256229210e-08,8.328745742556777570e-08,8.409294309880615742e-08,8.493411491867368501e-08,8.580849312851992343e-08,8.671236024132733457e-08,8.764067358145683306e-08,8.858699213364589919e-08,8.954341855155559264e-08,9.050055745894228193e-08,9.144748744807836903e-08,9.237173657886881129e-08,9.325924302755389859e-08,9.409427784531735579e-08,9.485930557589027330e-08,9.553475984777493564e-08,9.609871429397788595e-08,9.652643409254245192e-08,9.678980080814137415e-08,9.685661501129553976e-08,9.668980087013803738e-08,9.624657017144342916e-08,9.547765875116336927e-08,9.432683977617581540e-08,9.273106833518053931e-08,9.062186071686924617e-08,8.792893590114419973e-08,8.458789423799174925e-08,8.055506648267458830e-08,7.583515673185098564e-08,7.053158839706073647e-08,6.493502240513165578e-08,5.966318448875943989e-08,5.581084747490721668e-08,5.486824387905186476e-08,5.798274780375078049e-08,6.484482696449959559e-08,7.339987890574666683e-08,8.051182641456634369e-08,8.390035241789247586e-08,9.196026715322634109e-08,1.239406233533719483e-07,2.267127713103350740e-07,3.672750519496147099e-07,5.021525776929518945e-07,5.962250601963502438e-07,6.288041939589974505e-07,6.004955311067455259e-07,5.358796665570356115e-07,4.763968021404236075e-07,4.535449429766690143e-07,4.596632986838617119e-07,4.691683250493334989e-07,4.792792907082058946e-07,5.104330269120987000e-07,5.704746086086055460e-07,6.337364396751201019e-07,6.625557768391149910e-07,6.324256823532550501e-07,5.409927679852677789e-07,4.065194302165759619e-07,2.610132930517758022e-07,1.422741929922171496e-07,8.511404452657034456e-08,7.295017187475241776e-08,7.507357448660940781e-08,7.412235231954544249e-08,7.132525362913635830e-08,6.960277391285114121e-08,7.041189291247184156e-08,7.363155188855788349e-08,7.833764193133292638e-08,8.356403200491311202e-08,8.862489597675226202e-08,9.312761493439555607e-08,9.689038519438020085e-08,9.986200817368063866e-08,1.020653070733996364e-07,1.035613573544727746e-07,1.044279727288983521e-07,1.047472086776122279e-07,1.045984203978576978e-07,1.040547114289428561e-07,1.031814307217389609e-07,1.020358747506303615e-07,1.006676609836297380e-07,9.911943694130424249e-08,9.742771812353436883e-08,9.562373275817531700e-08,9.373420622179514406e-08,9.178205259587633372e-08,8.978696187815575616e-08,8.776588373909651053e-08,8.573341580789925821e-08,8.370210852533393541e-08,8.168270091786275676e-08,7.968430281203087013e-08,7.771453908796446424e-08,7.577967034608653333e-08,7.388470151109965738e-08,7.203348549132688038e-08,7.022882490090450398e-08,6.847257256558580559e-08,6.676573116051742275e-08,6.510855292839724506e-08,6.350064078332209196e-08,6.194105135551538314e-08,6.042839869827400814e-08,5.896095555917248265e-08,5.753674856346014702e-08,5.615364419263802324e-08,5.480942352637933796e-08,5.350184489682985026e-08,5.222869459095961334e-08,5.098782641181574958e-08,4.977719128596589432e-08,4.859485825622324506e-08,4.743902820688714999e-08,4.630804159568127696e-08,4.520038135253345178e-08,4.411467197377344091e-08,4.304967570448369864e-08,4.200428656929774780e-08,4.097752288752162297e-08,3.996851879481866396e-08,3.897651519231746728e-08,3.800085045538492602e-08,3.704095115825150456e-08,3.609632300651140182e-08,3.516654211628600286e-08,3.425124673544635453e-08,3.335012946761252805e-08,3.246293003260106905e-08,3.158942857654587621e-08,3.072942146962843966e-08,2.988266962519887040e-08,2.904893464207899862e-08,2.822802367211375532e-08,2.741982103105368951e-08,2.662430853294218147e-08,2.584157669722810432e-08,2.507182917768099576e-08,2.431538303928711129e-08,2.357266792458549234e-08,2.284422778674363901e-08,2.213072983741940231e-08,2.143298682675224177e-08,2.075200098436911518e-08,2.008904128370698081e-08,1.944577076171955425e-08,1.882444844626821953e-08,1.822824267848403877e-08,1.766171190683136248e-08,1.713153925567062123e-08,1.664765312335906915e-08,1.622493069080562688e-08,1.588575514632099310e-08,1.566372743886440904e-08,1.560864526212125117e-08,1.579202656821324762e-08,1.631023540357638890e-08,1.727822477960327437e-08,1.880293162007993946e-08,2.092770841258937481e-08,2.355622424610414358e-08,2.640205957758574094e-08,2.906538536568669163e-08,3.133314061801275967e-08,3.346302619859889999e-08,3.564898011983038371e-08,3.716904997119479462e-08,3.774151610546176870e-08
3.770532094643415148e-08,3.683030005649066138e-08,3.619749481827749072e-08,3.509550645260422702e-08,3.416903300038777602e-08,3.453127969431722101e-08,3.621864491801271403e-08,3.869820812334184111e-08,4.149575701447050087e-08,4.430787248555840869e-08,4.696001805971740178e-08,4.936818749108997536e-08,5.150830761334600912e-08,5.339044869368500482e-08,5.504024848070628021e-08,5.648783232911200008e-08,5.776230309637661839e-08,5.888955853649477829e-08,5.989179760062105338e-08,6.078775649287666954e-08,6.159318915126757582e-08,6.232137577600930388e-08,6.298357731199110394e-08,6.358941416813976644e-08,6.414717154489838296e-08,6.466404153321181200e-08,6.514631330159413133e-08,6.559952152386007418e-08,6.602856149839743950e-08,6.643777781409678657e-08,6.683103209892787135e-08,6.721175433871946356e-08,6.758298141871189195e-08,6.794738585904272287e-08,6.830729714087702046e-08,6.866471752155299889e-08,6.902133379753472084e-08,6.937852608578910148e-08,6.973737435676018361e-08,7.009866316865501283e-08,7.046288482833427454e-08,7.083024104365556891e-08,7.120069772689630836e-08,7.157420605625482865e-08,7.195076451374702668e-08,7.233042787342988231e-08,7.271331756178955562e-08,7.309963350872520044e-08,7.348966758737554125e-08,7.388381870543421448e-08,7.428260955423803799e-08,7.468670493841227506e-08,7.509693149095989898e-08,7.551429841863483030e-08,7.594001871267739131e-08,7.637552999417099473e-08,7.682251383758905204e-08,7.728291203065409885e-08,7.775893778872217820e-08,7.825307945907117263e-08,7.876809374431465224e-08,7.930698497800888912e-08,7.987296656194297764e-08,8.046940044750195778e-08,8.109971074435614127e-08,8.176726853610844688e-08,8.247524721163623595e-08,8.322645134344920372e-08,8.402312706840799034e-08,8.486676698558585839e-08,8.575792595253408906e-08,8.669606268814999851e-08,8.767941211316378652e-08,8.870488388550133069e-08,8.976798031499382539e-08,9.086273143257501589e-08,9.198165202154157412e-08,9.311572914280452161e-08,9.425444399923653287e-08,9.538581805416256179e-08,9.649645777837791865e-08,9.757156629079625334e-08,9.859488990338762232e-08,9.954857039903480160e-08,1.004128781772604060e-07,1.011658063753759567e-07,1.017825122033288384e-07,1.022346011176712833e-07,1.024892660080464400e-07,1.025083235201109339e-07,1.022472424202769101e-07,1.016543482662842192e-07,1.006705350866075134e-07,9.923005236662518729e-08,9.726332710026728409e-08,9.470344356168136785e-08,9.149906699156365356e-08,8.763874210274039674e-08,8.319528788583604969e-08,7.840461266705602358e-08,7.379640384905804481e-08,7.037121278396642430e-08,6.970419003251784732e-08,7.365188839279462243e-08,8.354182611929089121e-08,9.967002623765000260e-08,1.219335893047291321e-07,1.514613251436808984e-07,1.937389573608460029e-07,2.010863275109845367e-07,2.104083643343672989e-07,2.655972699449235282e-07,3.538898030573371702e-07,4.363455021882262340e-07,4.934255068352493380e-07,5.331278973742346191e-07,5.809860074116437030e-07,6.518984078847211481e-07,7.303344964140690978e-07,7.847751203462754826e-07,7.925688170244263185e-07,7.527379816066527632e-07,6.857664422936319019e-07,6.208641671967406507e-07,5.729266931391238948e-07,5.293839671700336422e-07,4.667373152179185588e-07,3.757567784273429281e-07,2.717014721449011028e-07,1.920087870296872646e-07,1.675179095444693034e-07,1.645147765816314745e-07,1.352939335924499047e-07,1.156275442868657021e-07,1.010486846628417408e-07,9.138422848288757994e-08,8.684359905845455881e-08,8.672402134728153600e-08,8.956919022504314182e-08,9.387619318064160632e-08,9.853586659236063982e-08,1.028815595464039171e-07,1.065749460234458214e-07,1.094836369833302820e-07,1.115932002101927442e-07,1.129517168119892156e-07,1.136367057159630448e-07,1.137359942335178365e-07,1.133370187074778140e-07,1.125211986030834441e-07,1.113613716701846402e-07,1.099210540532823754e-07,1.082547347820918181e-07,1.064087000953605777e-07,1.044220733838386913e-07,1.023278840394688014e-07,1.001540629547898033e-07,9.792431613335736226e-08,9.565885991370438080e-08,9.337501905873972661e-08,9.108769811925841852e-08,8.880974100458561071e-08,8.655219606213189427e-08,8.432450549689684374e-08,8.213463902462229620e-08,7.998919192601063720e-08,7.789346648492094036e-08,7.585155198466379284e-08,7.386641046206699395e-08,7.193996826998198197e-08,7.007321063023016831e-08,6.826627740517491112e-08,6.651856100912095397e-08,6.482880922538387319e-08,6.319523483003825644e-08,6.161563019614703097e-08,6.008748114093107400e-08,5.860807377542102770e-08,5.717458955845960074e-08,5.578418582499937815e-08,5.443406100899929411e-08,5.312150521476820993e-08,5.184393761859148399e-08,5.059893252527445264e-08,4.938423594367775829e-08,4.819777443016563589e-08,4.703765777005904713e-08,4.590217687024523621e-08,4.478979804099338488e-08,4.369915466021135631e-08,4.262903704289822777e-08,4.157838118470394740e-08,4.054625691253073616e-08,3.953185585728994349e-08,3.853447956372319370e-08,3.755352796844537084e-08,3.658848840853190477e-08,3.563892526735528078e-08,3.470447032028484458e-08,3.378481380870965398e-08,3.287969624518396644e-08,3.198890093404550922e-08,3.111222872004850824e-08,3.024944465776271157e-08,2.940031414353576080e-08,2.856464767243214464e-08,2.774233185950402592e-08,2.693334880913669530e-08,2.613778603942565821e-08,2.535583931923396650e-08,2.458781100134207822e-08,2.383410679724366993e-08,2.309523451844999852e-08,2.237180921438760120e-08,2.166457051902656312e-08,2.097442009709261862e-08,2.030249019646654532e-08,1.965025902291875323e-08,1.901973589571411033e-08,1.841375050208936246e-08,1.783639864403792423e-08,1.729372568078667832e-08,1.679477392495734427e-08,1.635318691935332570e-08,1.598964928569138869e-08,1.573550914159104828e-08,1.563783874880925517e-08,1.576554189694931976e-08,1.621411424030624359e-08,1.710247875908212826e-08,1.855009312590362963e-08,2.062245352878074185e-08,2.324842621023600372e-08,2.615167720066874362e-08,2.890066988293745517e-08,3.120313571010087795e-08,3.327299373942893622e-08,3.541013786310736754e-08,3.695622532326280454e-08,3.747176015506550364e-08
3.736810160883594343e-08,3.651770040400583085e-08,3.590384347023010377e-08,3.476220256047016904e-08,3.394319269407889078e-08,3.452532721368809034e-08,3.641991901944552251e-08,3.905279576966140746e-08,4.195643420172647622e-08,4.483858605838473937e-08,4.753422106457681415e-08,4.996795355033560578e-08,5.212281124835496258e-08,5.401389018498099862e-08,5.566994594167678296e-08,5.712284185346645397e-08,5.840256129604210393e-08,5.953540278179033955e-08,6.054371865509668312e-08,6.144628032134779929e-08,6.225882540972044003e-08,6.299459860552592090e-08,6.366482076551148235e-08,6.427907369854501716e-08,6.484560764784395236e-08,6.537158390763951194e-08,6.586326493030773779e-08,6.632616250983839520e-08,6.676515264040312248e-08,6.718456392798853684e-08,6.758824506714052793e-08,6.797961583660422164e-08,6.836170523921221797e-08,6.873717974262627932e-08,6.910836401669709336e-08,6.947725607680261764e-08,6.984553831193260869e-08,7.021458549361727815e-08,7.058547052632185905e-08,7.095896841525228754e-08,7.133555869937901990e-08,7.171542643192073528e-08,7.209851697099335424e-08,7.248475921998745587e-08,7.287412873988148846e-08,7.326665750087053006e-08,7.366244528498377289e-08,7.406167292962603778e-08,7.446461759475024459e-08,7.487167021407359249e-08,7.528335524691112706e-08,7.570035277367026161e-08,7.612352286501247929e-08,7.655393199094365935e-08,7.699288100978213047e-08,7.744193397679130884e-08,7.790294662929368721e-08,7.837809293448999076e-08,7.886988752850484875e-08,7.938120123565262841e-08,7.991526614337580785e-08,8.047566593088713234e-08,8.106630633501049500e-08,8.169135988069913734e-08,8.235517858331848611e-08,8.306216884894816173e-08,8.381662520601060703e-08,8.462252468595346915e-08,8.548329159361012128e-08,8.640155167093632699e-08,8.737890327692039870e-08,8.841573538384669865e-08,8.951109782913100627e-08,9.066260820338267252e-08,9.186637732822435511e-08,9.311694771217163596e-08,9.440725706436542365e-08,9.572865122221468752e-08,9.707096604858873996e-08,9.842266998491699148e-08,9.977102501055233500e-08,1.011022198524833012e-07,1.024014328481474411e-07,1.036527878400587328e-07,1.048391728853743488e-07,1.059418964313360997e-07,1.069401590023389999e-07,1.078103226168138530e-07,1.085249692800482241e-07,1.090517607989495262e-07,1.093521554365945087e-07,1.093801171553550060e-07,1.090810885240885972e-07,1.083917150502009368e-07,1.072411572969006794e-07,1.055553921900421389e-07,1.032668080963829915e-07,1.003332087757998481e-07,9.677391465036183226e-08,9.273711389260103496e-08,8.862210148525249001e-08,8.528388282038380180e-08,8.430260234058346064e-08,8.811773865414624503e-08,9.964567036699307674e-08,1.215890822078676266e-07,1.566507721118826872e-07,2.091741145540391231e-07,2.878310539953650513e-07,3.127394959742471855e-07,2.946272574308873950e-07,2.651416425829500222e-07,2.646302120467253907e-07,3.081160564116255826e-07,3.846091455668175834e-07,4.898065936364907776e-07,6.218145153085123229e-07,7.642320272418580315e-07,8.872002283530884734e-07,9.601383184682828068e-07,9.639178921740156080e-07,8.976359906169172783e-07,7.787258298787491922e-07,6.363800737208005651e-07,4.995599977468147588e-07,3.843301511221056421e-07,2.921595481708940241e-07,2.279247034423657153e-07,2.132498586244663796e-07,2.433001835233496200e-07,2.708800970181187581e-07,2.587617454524215253e-07,1.944068296047101785e-07,1.517602519801215575e-07,1.245434524422456467e-07,1.093647211685306985e-07,1.033036941929266941e-07,1.032079065067443262e-07,1.062473160335133680e-07,1.104399213689827252e-07,1.146356684548150507e-07,1.182591769224200610e-07,1.210738848260128375e-07,1.230275026212266971e-07,1.241617575351454790e-07,1.245618412669125551e-07,1.243285964515064306e-07,1.235634955872480499e-07,1.223608726594501476e-07,1.208043637405157955e-07,1.189658518545227138e-07,1.169058750731598747e-07,1.146747842191932109e-07,1.123141955418716611e-07,1.098584669948097296e-07,1.073360511964338512e-07,1.047706601523378728e-07,1.021822258880062506e-07,9.958766638188297540e-08,9.700147673667494598e-08,9.443616855959289894e-08,9.190258061894900825e-08,8.941008358197560021e-08,8.696670222708630858e-08,8.457917993643886965e-08,8.225301148550618509e-08,7.999247020849924130e-08,7.780065241613371251e-08,7.567954543669413966e-08,7.363011205267175206e-08,7.165238105816881405e-08,6.974553841273605993e-08,6.790802074567026949e-08,6.613761814206622908e-08,6.443159229630409573e-08,6.278680781248265170e-08,6.119986485071410124e-08,5.966722235725982155e-08,5.818530479493472224e-08,5.675058908548084559e-08,5.535967159157456520e-08,5.400931693015986625e-08,5.269649126381453771e-08,5.141838283994353982e-08,5.017241232307020454e-08,4.895623513427748341e-08,4.776773768041149497e-08,4.660502905495576768e-08,4.546642952479036594e-08,4.435045687889003824e-08,4.325581150414175104e-08,4.218136086913300425e-08,4.112612393848352443e-08,4.008925590698874612e-08,3.907003353266572060e-08,3.806784125832572540e-08,3.708215823989401593e-08,3.611254634374098635e-08,3.515863913238513326e-08,3.422013182597403738e-08,3.329677220414683556e-08,3.238835239770406268e-08,3.149468280199706869e-08,3.061553771792066368e-08,2.975069159295343082e-08,2.889996364487673432e-08,2.806324829005310942e-08,2.724053356610718671e-08,2.643190981279749563e-08,2.563757097438507177e-08,2.485781106133384029e-08,2.409301862123891975e-08,2.334367259862117129e-08,2.261034381463930918e-08,2.189370760947347470e-08,2.119457515765749045e-08,2.051395388924673918e-08,1.985315182245182050e-08,1.921394729225696141e-08,1.859885603116773244e-08,1.801154433647367024e-08,1.745746418193849262e-08,1.694482953527948220e-08,1.648611992609109270e-08,1.610039042373125983e-08,1.581676480689669752e-08,1.567948113911746098e-08,1.575439761980289346e-08,1.613514110809822942e-08,1.694295011986086844e-08,1.830802529310632047e-08,2.031750281436703604e-08,2.292790601817907576e-08,2.587914034259003060e-08,2.871547240810088191e-08,3.106518000340777076e-08,3.308002387736905487e-08,3.515486793125941546e-08,3.672681294466922562e-08,3.719708001701176125e-08
3.701715527355857424e-08,3.620451914411216846e-08,3.559633916647090109e-08,3.441996146978122525e-08,3.373022738029831273e-08,3.454158880335213337e-08,3.664038920301819100e-08,3.942111809433639263e-08,4.242590703273309756e-08,4.537374587919649023e-08,4.810925239561725160e-08,5.056585113053956924e-08,5.273365298606109296e-08,5.463260061646786102e-08,5.629434889118885366e-08,5.775231417474674251e-08,5.903722926827578698e-08,6.017571002276658053e-08,6.119021298817008547e-08,6.209951756920489823e-08,6.291933102782109371e-08,6.366285591057261671e-08,6.434127034196445275e-08,6.496411686273257968e-08,6.553961094188865116e-08,6.607488349909776630e-08,6.657617061208269157e-08,6.704896129914399012e-08,6.749811204921204110e-08,6.792793495772813286e-08,6.834226493190544565e-08,6.874451037089495590e-08,6.913769091013391790e-08,6.952446516628522048e-08,6.990715087386149171e-08,7.028773933141987166e-08,7.066790565451920046e-08,7.104901595618439675e-08,7.143213224269639617e-08,7.181801552706207227e-08,7.220712743094106493e-08,7.259963037526368944e-08,7.299544219667530784e-08,7.339446129650567652e-08,7.379663062058454211e-08,7.420194798557463347e-08,7.461047833176479729e-08,7.502236817376169527e-08,7.543786253121043220e-08,7.585732461915906122e-08,7.628125855451319219e-08,7.671033528129302525e-08,7.714542182045269483e-08,7.758761379448628433e-08,7.803827094553291357e-08,7.849905504025281355e-08,7.897196911943705273e-08,7.945939649423184394e-08,7.996413721024709816e-08,8.048943889697371961e-08,8.103901798902883325e-08,8.161706622043853457e-08,8.222823599213090111e-08,8.287759665084510795e-08,8.357055207201241564e-08,8.431270903237154639e-08,8.510968755248233720e-08,8.596687107246395983e-08,8.688910664185996022e-08,8.788038075283085844e-08,8.894351611305873855e-08,9.007996058230386109e-08,9.128967092146126867e-08,9.257104603890187771e-08,9.392086560779279037e-08,9.533421980866334625e-08,9.680445497149112814e-08,9.832319238467413145e-08,9.988047863063607201e-08,1.014650670245652199e-07,1.030647413423572874e-07,1.046666139321577129e-07,1.062573427944765179e-07,1.078232234582647963e-07,1.093501221493671289e-07,1.108232217901805658e-07,1.122265513700412344e-07,1.135422650466515773e-07,1.147496340953937382e-07,1.158237194825209130e-07,1.167337183740320555e-07,1.174410429554182834e-07,1.178973113160924499e-07,1.180426214757516805e-07,1.178047926770444213e-07,1.171007872732850218e-07,1.158419587932215190e-07,1.139460303373189298e-07,1.113617223087531300e-07,1.081182375612094367e-07,1.044241532821082754e-07,1.008611321132728108e-07,9.873486003856757936e-08,1.005757177222634912e-07,1.104483350979887766e-07,1.334831027949551160e-07,1.753005965107848020e-07,2.432849770781883345e-07,3.499770686353908793e-07,4.001860669458671425e-07,3.976882654471634786e-07,3.614071346146690305e-07,3.203395510095673241e-07,3.071656323706903119e-07,3.478225917859364367e-07,4.466560282404520554e-07,5.859116853785118211e-07,7.356610343077670952e-07,8.616728593766917055e-07,9.336681667417634673e-07,9.335006132271915358e-07,8.602851781280955891e-07,7.305767612981007763e-07,5.736149046575571438e-07,4.237291569232959876e-07,3.135852282013944629e-07,2.675872707393676209e-07,2.839325893733627497e-07,3.306258558214027780e-07,3.720297498161307695e-07,3.798751868450589816e-07,3.360416433174062884e-07,2.368480028346205645e-07,1.752249151537488861e-07,1.398929928374651193e-07,1.232423652782545450e-07,1.185394230150791711e-07,1.200702206607077414e-07,1.240232250109637766e-07,1.283449417983792687e-07,1.320896848039004733e-07,1.348978595661670254e-07,1.366964609417264096e-07,1.375446507605369398e-07,1.375564620486662774e-07,1.368623601188893399e-07,1.355902898290296338e-07,1.338566314086620207e-07,1.317623559733238420e-07,1.293920959815533188e-07,1.268149996689220196e-07,1.240866351301326272e-07,1.212512536322747542e-07,1.183440164831730001e-07,1.153929789058888258e-07,1.124207455805840424e-07,1.094457914209584431e-07,1.064834814194306902e-07,1.035468355033540713e-07,1.006470821268081189e-07,9.779403759946527817e-08,9.499634181012840196e-08,9.226157723672335178e-08,8.959629800987698592e-08,8.700599870176798567e-08,8.449505566946801859e-08,8.206667723318774276e-08,7.972290641505951973e-08,7.746467874225700563e-08,7.529191000927391351e-08,7.320358849267894974e-08,7.119785985993992089e-08,6.927210949302580865e-08,6.742305934276639738e-08,6.564689699711924332e-08,6.393943555214506135e-08,6.229627576497101468e-08,6.071295260184251226e-08,5.918505673329409918e-08,5.770832784216535133e-08,5.627872135817546961e-08,5.489245267497163539e-08,5.354602340175171644e-08,5.223623371494967036e-08,5.096018414309795800e-08,4.971526946260371081e-08,4.849916686602282013e-08,4.730982015674813235e-08,4.614542138657510940e-08,4.500439106305573929e-08,4.388535780310353249e-08,4.278713809535129519e-08,4.170871665481212946e-08,4.064922770709824564e-08,3.960793742236196389e-08,3.858422762719938899e-08,3.757758085192536904e-08,3.658756671717237107e-08,3.561382962450405014e-08,3.465607768805227872e-08,3.371407282596988794e-08,3.278762192003317533e-08,3.187655014709226447e-08,3.098064626057772612e-08,3.009969906745832418e-08,2.923354189578061470e-08,2.838208242746451269e-08,2.754532019343545063e-08,2.672335404892149380e-08,2.591638199267962158e-08,2.512469581707940754e-08,2.434867334106305078e-08,2.358877146560982239e-08,2.284552410168623454e-08,2.211955028059020308e-08,2.141157963688749250e-08,2.072250521114087292e-08,2.005347758316947288e-08,1.940606048375496649e-08,1.878247762108966694e-08,1.818599589774266567e-08,1.762151545991865237e-08,1.709647823854790026e-08,1.662227204101832708e-08,1.621640390742974201e-08,1.590583489921814783e-08,1.573192982243350115e-08,1.575718731787421356e-08,1.607250219046698617e-08,1.679981217246079621e-08,1.807803689724111939e-08,2.001486763673700514e-08,2.259629096423040356e-08,2.558436599443160891e-08,2.850752278394473168e-08,3.091677873504429952e-08,3.288463588952602838e-08,3.488450455028561993e-08,3.647926074269286334e-08,3.691767045342199171e-08
3.665322411154603615e-08,3.589053981540934492e-08,3.527364388225876196e-08,3.407085562670545472e-08,3.353261789042277932e-08,3.458045722817303988e-08,3.687938829172050300e-08,3.980235269486290359e-08,4.290331133071160023e-08,4.591245169761271821e-08,4.868424544379903131e-08,5.116111335230629823e-08,5.334019038489824396e-08,5.524605320808860970e-08,5.691302265200479092e-08,5.837588139695834240e-08,5.966598458400901531e-08,6.081018730951559631e-08,6.183100587189068868e-08,6.274720409941456113e-08,6.357444742622821413e-08,6.432589144577855561e-08,6.501267016274411473e-08,6.564428706749495770e-08,6.622892368077202866e-08,6.677368145490265129e-08,6.728477081688358650e-08,6.776765842863025496e-08,6.822718134327557433e-08,6.866763485828375402e-08,6.909283945884531159e-08,6.950619119615230839e-08,6.991069904596185049e-08,7.030901215855238003e-08,7.070343938294628101e-08,7.109596298924285523e-08,7.148824810281461700e-08,7.188164899444593085e-08,7.227721304055537935e-08,7.267568288169560634e-08,7.307749707266660196e-08,7.348278934206087448e-08,7.389144284227780850e-08,7.430331689435876434e-08,7.471831157542162628e-08,7.513637836519118778e-08,7.555753297543152552e-08,7.598187072292351257e-08,7.640958484062151040e-08,7.684098814631978248e-08,7.727653849556475468e-08,7.771686842427491682e-08,7.816281932103618251e-08,7.861548033917287707e-08,7.907623203999512956e-08,7.954679442398468238e-08,8.002927853009572838e-08,8.052624014575478223e-08,8.104073336556954859e-08,8.157636077266326686e-08,8.213731589584565016e-08,8.272841226412212828e-08,8.335509163786217789e-08,8.402340145096961496e-08,8.473992780516792330e-08,8.551166616230045724e-08,8.634581047351847961e-08,8.724944901764508940e-08,8.822917443337159410e-08,8.929063597167738057e-08,9.043809066040607325e-08,9.167416051605584443e-08,9.299977505863894285e-08,9.441417499013464741e-08,9.591487816051528766e-08,9.749757581349524428e-08,9.915600311041184541e-08,1.008819055136119164e-07,1.026652580861690151e-07,1.044947748366870993e-07,1.063584635339305044e-07,1.082441448970132307e-07,1.101398693820955370e-07,1.120341807333861797e-07,1.139161956415216364e-07,1.157754748022739809e-07,1.176016529562946964e-07,1.193837797868940029e-07,1.211093026400184785e-07,1.227626004905051103e-07,1.243229732884340967e-07,1.257620343880603650e-07,1.270405676253787684e-07,1.281050639722420043e-07,1.288844135824122781e-07,1.292881942694420822e-07,1.292073597070516261e-07,1.285185570611603534e-07,1.270954303771562286e-07,1.248350868009847291e-07,1.217185294428015527e-07,1.179473870114761499e-07,1.142470612659476462e-07,1.124901799636466839e-07,1.167036590718979874e-07,1.337727004628804900e-07,1.725361259610470568e-07,2.430611834855952112e-07,3.598562509786790164e-07,4.277880039782515359e-07,4.497134303305037027e-07,4.403509619250921033e-07,4.180009573010702260e-07,3.974566992432266259e-07,3.921187073153255523e-07,4.196642843678902479e-07,4.900795912171553756e-07,5.876407089579812010e-07,6.791332118361858119e-07,7.327979845388876450e-07,7.299419194860487965e-07,6.701202272036675344e-07,5.717727014531005234e-07,4.686299423559079809e-07,3.991244389325349362e-07,3.821143994583672681e-07,4.015028289085871262e-07,4.318002702972641105e-07,4.571376919065480937e-07,4.645824798163399551e-07,4.389648558307448118e-07,3.676872540151006093e-07,2.487155252386269550e-07,1.796460091912338069e-07,1.453919150847647760e-07,1.338006086545181895e-07,1.339784053976957037e-07,1.385304048496800775e-07,1.437514478318274434e-07,1.481414455298143464e-07,1.512297588644469195e-07,1.529803234315939563e-07,1.535259694442009796e-07,1.530533950460693719e-07,1.517541991688148616e-07,1.498048105496049340e-07,1.473590356539352011e-07,1.445460732367340649e-07,1.414709584542486188e-07,1.382163558432810568e-07,1.348454825422120895e-07,1.314058724912480780e-07,1.279329512583797433e-07,1.244531306107891894e-07,1.209863164150456184e-07,1.175478302337418853e-07,1.141498249677767890e-07,1.108023002123548969e-07,1.075138105860738800e-07,1.042919369053785863e-07,1.011435695493529527e-07,9.807503887677382445e-08,9.509211952637180053e-08,9.219993538213448795e-08,8.940279925369357611e-08,8.670402643413625017e-08,8.410576444898543391e-08,8.160895200631750026e-08,7.921339192944894685e-08,7.691786784079241372e-08,7.472024979998226552e-08,7.261756828487886231e-08,7.060606836020994475e-08,6.868128316592219924e-08,6.683817557500239252e-08,6.507135526934496765e-08,6.337528815887518649e-08,6.174447545341356301e-08,6.017359275799765705e-08,5.865758782063635553e-08,5.719174267483970942e-08,5.577170846313310879e-08,5.439352038758588831e-08,5.305359839342366680e-08,5.174873762698100842e-08,5.047609166684332468e-08,4.923315085601826254e-08,4.801771758554292393e-08,4.682787999422761172e-08,4.566198521680127316e-08,4.451861302557820681e-08,4.339655046930659523e-08,4.229476791647886023e-08,4.121239675549307678e-08,4.014870888500411471e-08,3.910309803829659719e-08,3.807506291964127495e-08,3.706419208335447604e-08,3.607015045368678754e-08,3.509266736266970804e-08,3.413152597133895803e-08,3.318655393555935606e-08,3.225759645172417326e-08,3.134446189579286606e-08,3.044695867124105397e-08,2.956493949855166228e-08,2.869833065259421407e-08,2.784714855179270025e-08,2.701150606601816014e-08,2.619161089959844079e-08,2.538775847720277282e-08,2.460032198161274311e-08,2.382974264583072565e-08,2.307652418520499063e-08,2.234123648386825648e-08,2.162453546927080528e-08,2.092720873027490446e-08,2.025026021915828011e-08,1.959505299937444776e-08,1.896353772073369579e-08,1.835860859144628423e-08,1.778465193063008778e-08,1.724839106863116440e-08,1.676019428206057333e-08,1.633610957262184377e-08,1.600102181080572750e-08,1.579344266811384344e-08,1.577230906361154877e-08,1.602507539306310170e-08,1.667286178327806623e-08,1.786112180158541014e-08,1.971646393323463798e-08,2.225540523140066599e-08,2.526765824481466225e-08,2.827480353977938892e-08,3.075517991735224670e-08,3.268695658518333857e-08,3.460069386339324108e-08,3.621218561808918256e-08,3.663342897810376385e-08
3.627730704223840612e-08,3.557518711845702429e-08,3.493464925289828173e-08,3.371730913910614238e-08,3.335268239752060779e-08,3.464208071774120205e-08,3.713618607910161657e-08,4.019567355873786192e-08,4.338777381576298056e-08,4.645379849300833583e-08,4.925834477243270474e-08,5.175299813361566850e-08,5.394181163574052250e-08,5.585375115042135354e-08,5.752555838404538660e-08,5.899319623093937122e-08,6.028852040479121942e-08,6.143855301217354914e-08,6.246583047711891921e-08,6.338908101865211752e-08,6.422391924041954597e-08,6.498345064025278739e-08,6.567876485785619486e-08,6.631932735048773622e-08,6.691328709838310896e-08,6.746771743880586648e-08,6.798880423139270332e-08,6.848199250697987240e-08,6.895210022520683012e-08,6.940340585081706981e-08,6.983971505327563988e-08,7.026441080241236801e-08,7.068049035480330704e-08,7.109059201206170955e-08,7.149701402226765518e-08,7.190172755163446181e-08,7.230638525451147644e-08,7.271232660729443376e-08,7.312058084513377552e-08,7.353186805405316654e-08,7.394659873293580063e-08,7.436487195914875578e-08,7.478652905015455987e-08,7.521138154954071225e-08,7.563927610796193455e-08,7.607010512567568388e-08,7.650381979596421902e-08,7.694044600307559249e-08,7.738010359096568752e-08,7.782302957900057518e-08,7.826960595013487812e-08,7.872039266380154796e-08,7.917616653187358728e-08,7.963796651636622409e-08,8.010714582885006203e-08,8.058543089386055632e-08,8.107498674000516471e-08,8.157848766962211885e-08,8.209919112218891399e-08,8.264101151976579904e-08,8.320858962693281781e-08,8.380735157919594789e-08,8.444354994295560710e-08,8.512427598785824302e-08,8.585742596596752239e-08,8.665159341911276911e-08,8.751584887413443358e-08,8.845937392635443417e-08,8.949095316333707429e-08,9.061834622209538288e-08,9.184748625624324707e-08,9.318222614114920582e-08,9.462446381671651261e-08,9.617431519745362641e-08,9.783013945542056301e-08,9.958835778043288018e-08,1.014431272583580336e-07,1.033860978553932200e-07,1.054066636628271906e-07,1.074929449163201137e-07,1.096326553971427452e-07,1.118139102484927345e-07,1.140258946251306611e-07,1.162593317562021155e-07,1.185067373052378806e-07,1.207624534873053422e-07,1.230224367846623592e-07,1.252837439091937500e-07,1.275436189242926069e-07,1.297980223730355424e-07,1.320393791856879991e-07,1.342533314428286800e-07,1.364144357177314979e-07,1.384808241058687732e-07,1.403875224743016436e-07,1.420419600105490371e-07,1.433211053960873502e-07,1.440692191087191056e-07,1.440967446724369783e-07,1.431837669477231601e-07,1.410977630579543627e-07,1.376508478501961856e-07,1.328605394862387965e-07,1.273722150219832013e-07,1.234888882305245352e-07,1.271841999514750112e-07,1.497216079347577402e-07,2.051050793617058371e-07,3.081407026208909368e-07,3.794994566279790722e-07,4.242750500143681952e-07,4.546106639414618630e-07,4.778677810457374772e-07,4.910926223015917661e-07,4.879836670406649603e-07,4.704652460197379490e-07,4.529224817196991810e-07,4.518274603472412503e-07,4.671267648955966173e-07,4.810502545875148680e-07,4.774729613263203371e-07,4.573995487426552024e-07,4.399725548862142977e-07,4.465036717581103268e-07,4.768831263035899787e-07,5.106349906478852406e-07,5.290913692230483105e-07,5.266712678126932065e-07,5.069160455624357422e-07,4.724112008532488373e-07,4.183747477152159012e-07,3.360621326591840262e-07,2.226243373040015810e-07,1.647978213121535086e-07,1.451144974221236483e-07,1.455980759869954657e-07,1.528358531374522738e-07,1.605350647731792397e-07,1.665639876573314626e-07,1.704741767893561428e-07,1.724065925062313508e-07,1.726767963935480835e-07,1.716211127273472791e-07,1.695439146157110337e-07,1.667039414789075111e-07,1.633146187154320266e-07,1.595484311846958208e-07,1.555416586788329373e-07,1.513984601456516212e-07,1.471946899121790708e-07,1.429826751851956967e-07,1.387975862292104278e-07,1.346624476710790564e-07,1.305921076135204162e-07,1.265962077713455910e-07,1.226812518664765050e-07,1.188519851924196371e-07,1.151122954070690427e-07,1.114657830385604013e-07,1.079160930183851990e-07,1.044670617644905010e-07,1.011227117404108309e-07,9.788711185248400194e-08,9.476412288658200736e-08,9.175706835253300914e-08,8.886837801235977918e-08,8.609918475337491417e-08,8.344925566434699238e-08,8.091715060069584510e-08,7.850042247033695136e-08,7.619575666799730494e-08,7.399902214975427379e-08,7.190525842347882419e-08,6.990867720414670656e-08,6.800280991116923533e-08,6.618086524897710486e-08,6.443600826741482425e-08,6.276158120593523459e-08,6.115126113192253266e-08,5.959915595521961134e-08,5.809985331555939836e-08,5.664843826442245679e-08,5.524049107748719407e-08,5.387207206085728310e-08,5.253969757223851056e-08,5.124031020123279411e-08,4.997124540396035555e-08,4.873019644008777645e-08,4.751517906353454488e-08,4.632449705047386089e-08,4.515670932457365030e-08,4.401059917221824655e-08,4.288514583160890719e-08,4.177949858318799399e-08,4.069295335535725510e-08,3.962493177931895661e-08,3.857496257178742792e-08,3.754266508789567240e-08,3.652773486419820476e-08,3.552993095998170576e-08,3.454906490186192702e-08,3.358499104024041749e-08,3.263757965125699690e-08,3.170666369816223063e-08,3.079207619408754113e-08,2.989369429407136795e-08,2.901146794131269803e-08,2.814543557621118369e-08,2.729572931685744766e-08,2.646257194911254289e-08,2.564626808315917638e-08,2.484719201396654006e-08,2.406577525097039922e-08,2.330249745373947152e-08,2.255788573044232527e-08,2.183252904388937589e-08,2.112711698944198455e-08,2.044251574804781750e-08,1.977989915116679372e-08,1.914096066437880184e-08,1.852824483622557173e-08,1.794565808168265367e-08,1.739925462098101694e-08,1.689845309498787843e-08,1.645793462609982790e-08,1.610061165115546130e-08,1.586221063047314946e-08,1.579800600683211035e-08,1.599146565997086266e-08,1.656152635060171440e-08,1.765792271415337316e-08,1.942404764399392948e-08,2.190721515606836620e-08,2.492970272471713452e-08,2.801561482851485181e-08,3.057745220404810114e-08,3.248666017301185530e-08,3.430533135193308209e-08,3.592445401471779012e-08,3.634392793494679227e-08
3.589064415320845340e-08,3.525751985987931296e-08,3.457854653535717768e-08,3.336206038619498816e-08,3.319252246836527139e-08,3.472638204100975402e-08,3.741000945584542666e-08,4.060025227369163869e-08,4.387841068912262900e-08,4.699687883289682901e-08,4.983071030795534995e-08,5.234079169352412218e-08,5.453793745648381467e-08,5.645522804787345995e-08,5.813157256561818499e-08,5.960393095451053569e-08,6.090454421306154456e-08,6.206053548035489537e-08,6.309442653377020538e-08,6.402489336058400506e-08,6.486749302444724633e-08,6.563527930826527781e-08,6.633929826593121332e-08,6.698897905101988652e-08,6.759244003194302393e-08,6.815672818858792725e-08,6.868800623331859489e-08,6.919169858812629379e-08,6.967260473665741806e-08,7.013498654126379536e-08,7.058263472474779321e-08,7.101891870823405469e-08,7.144682324324403729e-08,7.186897468501014735e-08,7.228765926329161446e-08,7.270483527818925596e-08,7.312214076083305403e-08,7.354089778361145473e-08,7.396211428127940639e-08,7.438648395763446653e-08,7.481438461077215237e-08,7.524587502362230046e-08,7.568074778863554112e-08,7.611875814153932840e-08,7.655968876932950480e-08,7.700336005465178369e-08,7.744964287774164406e-08,7.789847452049854259e-08,7.834987831321465635e-08,7.880398776725615622e-08,7.926107604038489830e-08,7.972159167406008714e-08,8.018620160502233519e-08,8.065584245716304460e-08,8.113178102105015956e-08,8.161568456982319041e-08,8.210970117321257255e-08,8.261654939226881582e-08,8.313961563957367566e-08,8.368305613814149193e-08,8.425189901540794939e-08,8.485214093330733194e-08,8.549083179468352194e-08,8.617613905948593755e-08,8.691737530851602181e-08,8.772495084625946421e-08,8.861017702798930794e-08,8.958483522609337096e-08,9.066052845160927630e-08,9.184792706902912493e-08,9.315489333502786641e-08,9.458638514308669932e-08,9.614509561928260151e-08,9.783199033706648011e-08,9.964645076803224450e-08,1.015859539566711934e-07,1.036453218777678015e-07,1.058158580086163902e-07,1.080853941179156199e-07,1.104405904910405218e-07,1.128680612569723243e-07,1.153555511685802591e-07,1.178929188320775641e-07,1.204728245148340299e-07,1.230911691037849398e-07,1.257473226935642598e-07,1.284441335418422528e-07,1.311876690943763186e-07,1.339865871803729708e-07,1.368509166234415265e-07,1.397898319733315473e-07,1.428079179455034728e-07,1.458998441077504187e-07,1.490437315521714855e-07,1.521880542668353333e-07,1.552458442050182393e-07,1.580910253875170909e-07,1.605525244588762236e-07,1.624044204583232192e-07,1.633518814578284922e-07,1.630147740490747944e-07,1.609173174843523083e-07,1.565102843425321443e-07,1.492949039219691646e-07,1.392157880610111670e-07,1.279144455235373693e-07,1.222528171216172296e-07,1.394052522077657578e-07,2.009201652355028648e-07,2.602457182570424670e-07,3.271381955702243471e-07,4.062981664818376530e-07,4.879533614620525961e-07,5.540237676773169131e-07,5.890420348824388242e-07,5.874170242830499356e-07,5.555561425100229567e-07,5.091193149924934870e-07,4.663678900707375037e-07,4.408814769427270985e-07,4.390896170625875127e-07,4.625129657037103528e-07,5.069677392815814357e-07,5.594249088426976527e-07,6.008800892448758716e-07,6.143819402031331346e-07,5.919718277905043866e-07,5.373636369855744468e-07,4.636089538051739760e-07,3.860002319529034163e-07,3.128273850073354307e-07,2.413691546140758035e-07,1.658568540430256215e-07,1.445955230642039559e-07,1.518689405274898628e-07,1.662117048335979637e-07,1.789684954008445123e-07,1.880514763723496225e-07,1.934914466676911363e-07,1.958773537552124956e-07,1.958730766244868798e-07,1.940754114670495246e-07,1.909730692993169964e-07,1.869511698817707166e-07,1.823093018647174350e-07,1.772795387735999568e-07,1.720404615008456339e-07,1.667267714717720708e-07,1.614351785039273758e-07,1.562282409135017251e-07,1.511399414948677628e-07,1.461873760989517635e-07,1.413767441106287304e-07,1.367080633871606276e-07,1.321784518416773190e-07,1.277840951743488167e-07,1.235213573474500656e-07,1.193874026260803908e-07,1.153805259117440841e-07,1.115002822218250544e-07,1.077474599125017940e-07,1.041239170536422027e-07,1.006322761230082747e-07,9.727546811786857148e-08,9.405618681650689067e-08,9.097638188147469575e-08,8.803624311039618929e-08,8.523421178971665486e-08,8.256741083681646510e-08,8.003203065761091752e-08,7.762352918390179102e-08,7.533663533156437120e-08,7.316519009929705835e-08,7.110194584437463628e-08,6.913865641904808773e-08,6.726686439289024950e-08,6.547822854237973921e-08,6.376479095781826061e-08,6.211915106772469837e-08,6.053454483735012253e-08,5.900486400266539525e-08,5.752464492070835569e-08,5.608904212131096055e-08,5.469379282906455260e-08,5.333517548492921476e-08,5.200996452621865827e-08,5.071538348026406880e-08,4.944905815777161278e-08,4.820897134282710834e-08,4.699341995850636148e-08,4.580097531559979392e-08,4.463044675906203749e-08,4.348084881359955286e-08,4.235137178317011965e-08,4.124135566256588950e-08,4.015026715804114895e-08,3.907767957702814026e-08,3.802325532672490797e-08,3.698673075281978092e-08,3.596790304980670897e-08,3.496661898138980505e-08,3.398276516218245240e-08,3.301624160597416331e-08,3.206691042074959714e-08,3.113463383898778135e-08,3.021931809649447272e-08,2.932094149769353377e-08,2.843956927646106548e-08,2.757535769268907364e-08,2.672854967000985986e-08,2.589946424491849956e-08,2.508848224053012376e-08,2.429603098984327220e-08,2.352257171023247801e-08,2.276859436791686689e-08,2.203462666037262920e-08,2.132126619846005270e-08,2.062924829771183350e-08,1.995956646106953576e-08,1.931366967327608970e-08,1.869377202839486905e-08,1.810332953823476700e-08,1.754777210330000514e-08,1.703563466974433931e-08,1.658032330750384740e-08,1.620289220288098234e-08,1.593638695905164685e-08,1.583240656453220230e-08,1.597004631642258574e-08,1.646488352731919793e-08,1.746870753495349635e-08,1.913915397444459873e-08,2.155376821081486823e-08,2.457154888302016915e-08,2.772862960686329694e-08,3.038057295532214083e-08,3.228292666000407708e-08,3.400048029835937589e-08,3.561525899706069455e-08,3.604840095613007093e-08
3.549468734597144509e-08,3.493624023089225419e-08,3.420489186194233771e-08,3.300811226346567688e-08,3.305397673876389065e-08,3.483308363027427951e-08,3.770005936694582550e-08,4.101525726611073254e-08,4.437432662675512950e-08,4.754078597789044156e-08,5.040052172964272254e-08,5.292381180231357870e-08,5.512802257885997634e-08,5.705004799326991302e-08,5.873070621472099647e-08,6.020777622083064816e-08,6.151377647266440782e-08,6.267587168610053212e-08,6.371653900459280721e-08,6.465438879618376847e-08,6.550491598418702277e-08,6.628112238464571038e-08,6.699401214932230147e-08,6.765298048278378976e-08,6.826611753110011171e-08,6.884044604079786095e-08,6.938210731114910587e-08,6.989650646502667499e-08,7.038842540439585746e-08,7.086210989605004364e-08,7.132133586869240502e-08,7.176945902358327300e-08,7.220945113506501811e-08,7.264392585005836806e-08,7.307515632460137654e-08,7.350508662234001743e-08,7.393533842370975780e-08,7.436721424665935808e-08,7.480169805968202095e-08,7.523945388066049118e-08,7.568082270935980266e-08,7.612581794870780516e-08,7.657417712324021157e-08,7.702559113471435958e-08,7.747976858429118369e-08,7.793644515930160892e-08,7.839539564753977239e-08,7.885644920464333445e-08,7.931950863227569786e-08,7.978457457668643337e-08,8.025177572594582937e-08,8.072140626164556809e-08,8.119397199019731086e-08,8.167024670902988769e-08,8.215134040217448069e-08,8.263878072853481046e-08,8.313460885502513035e-08,8.364148986820657530e-08,8.416283667388325102e-08,8.470294451021925202e-08,8.526713135614971048e-08,8.586187861143611857e-08,8.649496791393336373e-08,8.717561387004694983e-08,8.791459113232792277e-08,8.872432165593022495e-08,8.961878682683021349e-08,9.061301441834307762e-08,9.172217857005647183e-08,9.296173464375989951e-08,9.434156968328835972e-08,9.586710691937736437e-08,9.754129756064047200e-08,9.936581350451340476e-08,1.013413789200763193e-07,1.034672774651179359e-07,1.057398598015391094e-07,1.081500370227070219e-07,1.106817798840690166e-07,1.133191655529772409e-07,1.160465348269267910e-07,1.188502836230606836e-07,1.217202638872293277e-07,1.246506465819914232e-07,1.276405099090161087e-07,1.306942764629579416e-07,1.338219991270633745e-07,1.370394704591329630e-07,1.403681164469825426e-07,1.438344718781048461e-07,1.474685312342106727e-07,1.512996778220729819e-07,1.553501774113279656e-07,1.596326226112322785e-07,1.641170147909292015e-07,1.687295093706319667e-07,1.733535510504172184e-07,1.778244995389763039e-07,1.819161706996459128e-07,1.853176751411993115e-07,1.875974121671698877e-07,1.881522179071819175e-07,1.861537659736191708e-07,1.805434495036802987e-07,1.699964981313051836e-07,1.529678206035973252e-07,1.280307451506234402e-07,9.570196741699268377e-08,7.017247545260697698e-08,9.689874332037955206e-08,2.007728828672931707e-07,3.313986699880133811e-07,4.618886871208728361e-07,5.719709492866354801e-07,6.474496589331960710e-07,6.829636211896816219e-07,6.829830672619490154e-07,6.600870577800715996e-07,6.309502633650652409e-07,6.110832206482634022e-07,6.099581690149330511e-07,6.280389331915019186e-07,6.566487240820707401e-07,6.807266717949194329e-07,6.836118748352822578e-07,6.523717725067072654e-07,5.820456100917343672e-07,4.776027518930984257e-07,3.534179555776289741e-07,2.314211547649178619e-07,1.415415091773570823e-07,1.148028977497028093e-07,1.234917553046875082e-07,1.536621253004182010e-07,1.813698716862607709e-07,2.017023760385253639e-07,2.148998364440261978e-07,2.222479168080674785e-07,2.250885348335188957e-07,2.245834806912601348e-07,2.216760658389483918e-07,2.171174963211311780e-07,2.114660348643671722e-07,2.051306280306905575e-07,1.984133553487534103e-07,1.915397436507649320e-07,1.846784522122384577e-07,1.779529020806062697e-07,1.714461658725509547e-07,1.652004442465526756e-07,1.592187205391333554e-07,1.534933871083638211e-07,1.480086783960721647e-07,1.427462180867325440e-07,1.376884468927335628e-07,1.328200029355943462e-07,1.281281738372864169e-07,1.236030287638648145e-07,1.192374070686946549e-07,1.150267931607919254e-07,1.109690905512441069e-07,1.070643006181649771e-07,1.033140576944732371e-07,9.972090975016838774e-08,9.628742719484277148e-08,9.301609359361584051e-08,8.990614340161971946e-08,8.695426531394664148e-08,8.415576656747276786e-08,8.150528419990132284e-08,7.899705500318206810e-08,7.662483627389375503e-08,7.438148034271015608e-08,7.225819977553832880e-08,7.024419617805987786e-08,6.832903533979267706e-08,6.650262085371454957e-08,6.475554008853263795e-08,6.307925560240730799e-08,6.146613183763351663e-08,5.990939453969171145e-08,5.840307531004341799e-08,5.694195435226907797e-08,5.552150147606428229e-08,5.413781473117369463e-08,5.278755768277050503e-08,5.146789720478164824e-08,5.017644362130184091e-08,4.891119455032393254e-08,4.767048326058555808e-08,4.645293190371364614e-08,4.525740966746719771e-08,4.408299569470362742e-08,4.292894649511200244e-08,4.179466751378940811e-08,4.067968849110079982e-08,3.958364223822134999e-08,3.850624645428923338e-08,3.744728821995180843e-08,3.640661081624998104e-08,3.538410253640348652e-08,3.437968718076811067e-08,3.339329849093072311e-08,3.242483163381286052e-08,3.147418206076517707e-08,3.054128916225874786e-08,2.962616376989599178e-08,2.872890220896117245e-08,2.784968935972580830e-08,2.698879298155897888e-08,2.614655146281607429e-08,2.532335726802923863e-08,2.451963875962643715e-08,2.373584387300582739e-08,2.297243040691393659e-08,2.222986951877450608e-08,2.150867144328022249e-08,2.080944560557141316e-08,2.013301153799896777e-08,1.948058322743254870e-08,1.885405958858653586e-08,1.825647109898656920e-08,1.769266294108461354e-08,1.717034718038606774e-08,1.670174362149406051e-08,1.630616705860343777e-08,1.601411234596567033e-08,1.587356243467270130e-08,1.595900384745855662e-08,1.638169213451375389e-08,1.729335955831848826e-08,1.886304330696813024e-08,2.119712769186464277e-08,2.419458054672025242e-08,2.741293730731126768e-08,3.016152267663216167e-08,3.207442226025613596e-08,3.368827326648258176e-08,3.528418999112866116e-08,3.574574600343122429e-08
3.509105672354908715e-08,3.460972028992225881e-08,3.381366449878773190e-08,3.265867083805919120e-08,3.293858447004756792e-08,3.496173701687097513e-08,3.800552409220326536e-08,4.143985156178911109e-08,4.487461445802564065e-08,4.808461769098334983e-08,5.096698292731245683e-08,5.350141068699325389e-08,5.571155679652280453e-08,5.763780528305353309e-08,5.932262387753427627e-08,6.080443974600862204e-08,6.211594924830283683e-08,6.328430587494478130e-08,6.433191679335457313e-08,6.527731638926528452e-08,6.613593475665550080e-08,6.692072270076335878e-08,6.764264494012312344e-08,6.831106562482673729e-08,6.893404947005851818e-08,6.951859744082717604e-08,7.007083144876881705e-08,7.059613890453244543e-08,7.109928529968137686e-08,7.158450109831995007e-08,7.205554788964356635e-08,7.251576780781516378e-08,7.296811952933676646e-08,7.341520361564026948e-08,7.385927951767148418e-08,7.430227616171450576e-08,7.474579767088241836e-08,7.519112543594259742e-08,7.563921743202138544e-08,7.609070538940558812e-08,7.654589017627343328e-08,7.700473555100784802e-08,7.746691849286845599e-08,7.793205843133271955e-08,7.839978063405323262e-08,7.886972422220838224e-08,7.934155277033797795e-08,7.981496817735659592e-08,8.028972866371813533e-08,8.076567195344009251e-08,8.124274494175570811e-08,8.172104142836508627e-08,8.220084980292012402e-08,8.268271287777669708e-08,8.316750231948227312e-08,8.365651023640659308e-08,8.415156027249858906e-08,8.465513979802216573e-08,8.517055319271810935e-08,8.570209360210737706e-08,8.625522726000303982e-08,8.683678233905629253e-08,8.745513810197891112e-08,8.812042762278035051e-08,8.884479856459901679e-08,8.964277043450785460e-08,9.053150566477051260e-08,9.153017657924565437e-08,9.265739185502049048e-08,9.393924011463525735e-08,9.538652850156273874e-08,9.700315432382456157e-08,9.879113482210656495e-08,1.007525171626681484e-07,1.028898613554738295e-07,1.052057504792604685e-07,1.077005710879646213e-07,1.103663441763617632e-07,1.131761352953420258e-07,1.161112844124213192e-07,1.191520715404472014e-07,1.222821485508381685e-07,1.254905061884765601e-07,1.287722509475484316e-07,1.321292217557989615e-07,1.355706402392522988e-07,1.391137053384139611e-07,1.427841200044176227e-07,1.466167251974790119e-07,1.506563990750422097e-07,1.549583172322954130e-07,1.595836172023207233e-07,1.645854168758012712e-07,1.700448142832404840e-07,1.759563713848384213e-07,1.822611384083010795e-07,1.888623181946921139e-07,1.956235178567844142e-07,2.023562588484826956e-07,2.087968083086171212e-07,2.145650768066311966e-07,2.190888093523579298e-07,2.214873485616543605e-07,2.206831245134325858e-07,2.152841959178666101e-07,2.035951763065696728e-07,1.837675911006274415e-07,1.547164600384356766e-07,1.217017043751361471e-07,9.487536403425148893e-08,1.651854532668949286e-07,2.891052848191212710e-07,4.207053907744355197e-07,5.388106542454317491e-07,6.306142331938006184e-07,6.906958905096298972e-07,7.210029927393408723e-07,7.291382340364254103e-07,7.257010300819875192e-07,7.204432199040836751e-07,7.190434228370618714e-07,7.214276775221115448e-07,7.218549718717081303e-07,7.106305437104911988e-07,6.771404343128664156e-07,6.134861449201299431e-07,5.175679025179850603e-07,3.942318057416560003e-07,2.551945595631888895e-07,1.193226133729350689e-07,5.582150195541658154e-08,1.278157984069010684e-07,1.747796103228548619e-07,2.115147810206854162e-07,2.368887865589238380e-07,2.526190832616522398e-07,2.607458948240085109e-07,2.631102072328385986e-07,2.612534795542450049e-07,2.564225788324279788e-07,2.495885233685672651e-07,2.415536466775235293e-07,2.328505446093110978e-07,2.238426329699314092e-07,2.147894596342029516e-07,2.058819267224926208e-07,1.972621598844593139e-07,1.890343419179378006e-07,1.812664837602314544e-07,1.739775139215964418e-07,1.671099448455670252e-07,1.606284562598524108e-07,1.544893797233807743e-07,1.486522527680406539e-07,1.430832819978477178e-07,1.377549914661565345e-07,1.326453904144731987e-07,1.277374253477505750e-07,1.230185868761952908e-07,1.184805087895505941e-07,1.141185310983441089e-07,1.099312649282155081e-07,1.059200756006007738e-07,1.020880162571682811e-07,9.843763826431133210e-08,9.497511393459419871e-08,9.169801262537398929e-08,8.860010970367296266e-08,8.567419532306271642e-08,8.291309544666340572e-08,8.030991736007046250e-08,7.785788344398308641e-08,7.554960167790607065e-08,7.337512503296845169e-08,7.131874106840921811e-08,6.936808715168876532e-08,6.751098642648501010e-08,6.573640287648349162e-08,6.403465892908991997e-08,6.239731088419539190e-08,6.081699546738918335e-08,5.928731668302725320e-08,5.780275740667784590e-08,5.635859725727935163e-08,5.495083017627373595e-08,5.357608227590447447e-08,5.223153255905686323e-08,5.091483879117078453e-08,4.962406987594291663e-08,4.835764525833297006e-08,4.711428132068249272e-08,4.589294442056075357e-08,4.469281006615643721e-08,4.351322766910472014e-08,4.235369030915527686e-08,4.121380896249566046e-08,4.009329067150009296e-08,3.899192016189020800e-08,3.790954444187824231e-08,3.684605994698362926e-08,3.580140182476747148e-08,3.477553498661954016e-08,3.376842991711176431e-08,3.278001784319950957e-08,3.181023059114594708e-08,3.085904401189068760e-08,2.992650494668202050e-08,2.901274452134286726e-08,2.811798022805047314e-08,2.724250897359986584e-08,2.638669312341760200e-08,2.555094164774138042e-08,2.473568888760770519e-08,2.394137430679247067e-08,2.316842795870499664e-08,2.241726830630980914e-08,2.168832148258821567e-08,2.098207409658936990e-08,2.029917551527786049e-08,1.964061095214733891e-08,1.900797542275010983e-08,1.840389399058911970e-08,1.783266125325612070e-08,1.730122132467349067e-08,1.682069152435479935e-08,1.640876616579319959e-08,1.609353571252826343e-08,1.591948307994101436e-08,1.595638359564227085e-08,1.631043203926201581e-08,1.713138193255468958e-08,1.859665643571569084e-08,2.083930541810622287e-08,2.380047556749696761e-08,2.706807469999788596e-08,2.991738184130172530e-08,3.185930408018329388e-08,3.337079983222094857e-08,3.493129126092527045e-08,3.543454646189864686e-08
3.468148287456468063e-08,3.427604570496819070e-08,3.340531593000393868e-08,3.231707375945959810e-08,3.284756077060248048e-08,3.511175467718262306e-08,3.832558861612293442e-08,4.187318960835901217e-08,4.537835573728732372e-08,4.862748066346119099e-08,5.152932639051277690e-08,5.407297751385187552e-08,5.628806555795026222e-08,5.821812379220678934e-08,5.990701241599973009e-08,6.139364490818220725e-08,6.271080481176245752e-08,6.388558824799414233e-08,6.494031150645660413e-08,6.589342541380318913e-08,6.676029425079300043e-08,6.755381981630960888e-08,6.828493053288676061e-08,6.896296284764144909e-08,6.959595918111392825e-08,7.019090145849605696e-08,7.075389449716946795e-08,7.129030984783963464e-08,7.180489803782851856e-08,7.230187531409346635e-08,7.278498969802731780e-08,7.325757025723785295e-08,7.372256283465828936e-08,7.418255495829773280e-08,7.463979222416631513e-08,7.509618806287392552e-08,7.555332844667099305e-08,7.601247275973142948e-08,7.647455173986680268e-08,7.694016310982054313e-08,7.740956526023811457e-08,7.788266913732047884e-08,7.835908690346291883e-08,7.883836068406068796e-08,7.932002455360177461e-08,7.980361062984797470e-08,8.028865757168908364e-08,8.077472219731729558e-08,8.126139513925435302e-08,8.174832170542659946e-08,8.223522943197317618e-08,8.272196420395316531e-08,8.320853728971740440e-08,8.369518617492141823e-08,8.418245265430323033e-08,8.467128214532836256e-08,8.516314842269012733e-08,8.566020755819643002e-08,8.616548316832530830e-08,8.668308128192240825e-08,8.721842658251419680e-08,8.777850363917633457e-08,8.837208512650545207e-08,8.900996007111250695e-08,8.970528992489299435e-08,9.047441847283049453e-08,9.133831992103493309e-08,9.232288283690445254e-08,9.344210498513324260e-08,9.475546800874926214e-08,9.626632801260669102e-08,9.797202806886607593e-08,9.987174275432704376e-08,1.019674125194365639e-07,1.042639235859537406e-07,1.067693784104146899e-07,1.094943690102173642e-07,1.124426181888342434e-07,1.155490603977856547e-07,1.188016368049631605e-07,1.221721397718601678e-07,1.256395167818799637e-07,1.291911296301705958e-07,1.328224169724638063e-07,1.365373483404882846e-07,1.403493806006143707e-07,1.442823792102308705e-07,1.483713953108402094e-07,1.526638943759737409e-07,1.572230017238973934e-07,1.621336566372476725e-07,1.675031046105730537e-07,1.733798757360326722e-07,1.800289670870095964e-07,1.874378034617704013e-07,1.955487630194430194e-07,2.042899240431561968e-07,2.135711489907960721e-07,2.232740854892696382e-07,2.332391961829857828e-07,2.432420081875268256e-07,2.529092419378011095e-07,2.612932967133633372e-07,2.676077479536576981e-07,2.707843284791248450e-07,2.697420414429868734e-07,2.637156550776528006e-07,2.530723857380135583e-07,2.409665580885336053e-07,2.337122530139951679e-07,2.528339518023604895e-07,3.075764049352238841e-07,3.852143509052961581e-07,4.676172134300190424e-07,5.415700793423971013e-07,5.999781217196645133e-07,6.412518739316184180e-07,6.664023761791684602e-07,6.794705661794382892e-07,6.844085276273191412e-07,6.834170536531949810e-07,6.762550885101065519e-07,6.603567272174217149e-07,6.316549448467208777e-07,5.860869051604431001e-07,5.216998696625979494e-07,4.416546577558921423e-07,3.539385385153975210e-07,2.746790437103100683e-07,2.277998935772004613e-07,2.273606240061501799e-07,2.537472574758965757e-07,2.791476694990165664e-07,2.985780133363874976e-07,3.105555029361612332e-07,3.155701283236192083e-07,3.148212525335448869e-07,3.096423573468767065e-07,3.012837778357223027e-07,2.908368895959870657e-07,2.790843956242701540e-07,2.669251228749890137e-07,2.547350670280335240e-07,2.427497752468969264e-07,2.311411544265503813e-07,2.200396650102756804e-07,2.095463600112350166e-07,1.997420203690424175e-07,1.906909144978638401e-07,1.824149919893704578e-07,1.746969940966096107e-07,1.675038837782840885e-07,1.607521819068060810e-07,1.543756361372356513e-07,1.483244069676771889e-07,1.425596302102437769e-07,1.370505212916129664e-07,1.317732646356763393e-07,1.267103903422901032e-07,1.218501167914566736e-07,1.171856579772385089e-07,1.127147530335425356e-07,1.084395610110723544e-07,1.043658204808913010e-07,1.004919312537579539e-07,9.683996242948847287e-08,9.340099392118277208e-08,9.016308734412531563e-08,8.711551069107138455e-08,8.424905032353028084e-08,8.155586626318736040e-08,7.902938930803002370e-08,7.666393388454718874e-08,7.445161062184109744e-08,7.236269213862181750e-08,7.038608356283660077e-08,6.850659236025278212e-08,6.671136798497251629e-08,6.498974466719576850e-08,6.333265005614109526e-08,6.173226931019723904e-08,6.018188964448710383e-08,5.867579890283110096e-08,5.720918652385822600e-08,5.577803928521167745e-08,5.437903707681053118e-08,5.300945436973869677e-08,5.166707067289314217e-08,5.035009118178240596e-08,4.905707755081247786e-08,4.778688809429925858e-08,4.653862648846496545e-08,4.531159801634179996e-08,4.410527245411872603e-08,4.291925277989380346e-08,4.175324896633802396e-08,4.060705618799201324e-08,3.948053683119141840e-08,3.837360574291440654e-08,3.728621819798911126e-08,3.621836010552709952e-08,3.517004001772402160e-08,3.414126685339806224e-08,3.313200968419049393e-08,3.214223876493007080e-08,3.117196873123364949e-08,3.022128506676263856e-08,2.929035670164943366e-08,2.837943717969703313e-08,2.748885646851761285e-08,2.661900527467546688e-08,2.577031377458563925e-08,2.494322710153496433e-08,2.413818085024019313e-08,2.335558134230773536e-08,2.259579743659998353e-08,2.185917319161748370e-08,2.114607361182508273e-08,2.045697914166930684e-08,1.979264914451052219e-08,1.915438196683147357e-08,1.854441256792716329e-08,1.796651349782980244e-08,1.742690954298044070e-08,1.693569300088928698e-08,1.650905315945933510e-08,1.617283065519094720e-08,1.596816578677570244e-08,1.596013414098105876e-08,1.624935033529536291e-08,1.698191585072076873e-08,1.834058143903181173e-08,2.048219501204718119e-08,2.339115570180668403e-08,2.669404308781057337e-08,2.964542617206900449e-08,3.163524991507365635e-08,3.304998509353971448e-08,3.455710523170192540e-08,3.511311088147635768e-08
3.426773597447075263e-08,3.393307598426366433e-08,3.298080771452815946e-08,3.198671040170706337e-08,3.278178462369083274e-08,3.528244236226547625e-08,3.865944011736472991e-08,4.231441370803560845e-08,4.588462234175718968e-08,4.916849543217003642e-08,5.208681739420928557e-08,5.463794038538924760e-08,5.685711010214464891e-08,5.879065603666121023e-08,6.048357962980238357e-08,6.197512929034303091e-08,6.329809426112895399e-08,6.447947369571343591e-08,6.554147628482640631e-08,6.650246424778349885e-08,6.737773656376702910e-08,6.818014892131225740e-08,6.892059713962125104e-08,6.960839369166933677e-08,7.025156212905293269e-08,7.085706833114445260e-08,7.143100255812195359e-08,7.197872260458691480e-08,7.250496574954857899e-08,7.301393540376984300e-08,7.350936712004924626e-08,7.399457776616022272e-08,7.447250102797700622e-08,7.494571191903817130e-08,7.541644256212816822e-08,7.588659114163409485e-08,7.635772558241729648e-08,7.683108318330543882e-08,7.730756712063089607e-08,7.778774044470646324e-08,7.827181792926215032e-08,7.875965591418650451e-08,7.925079902732739865e-08,7.974470800237382632e-08,8.024081979816084245e-08,8.073855121238009634e-08,8.123730456046835289e-08,8.173647612347690718e-08,8.223546828998307794e-08,8.273370660755476030e-08,8.323066333992265416e-08,8.372588962249315445e-08,8.421905894970607895e-08,8.471002553822929223e-08,8.519890209574758128e-08,8.568616263591567199e-08,8.617277703557305295e-08,8.666038457955968872e-08,8.715151281064577678e-08,8.764984370091725612e-08,8.816051815215848698e-08,8.869044758001008778e-08,8.924856817862493033e-08,8.984596694532002173e-08,9.049600707404608906e-08,9.121540608492728555e-08,9.202866311897891126e-08,9.298518662458632748e-08,9.403698752622354901e-08,9.537854679560453866e-08,9.695565890688150435e-08,9.875127085586004503e-08,1.007607820262811044e-07,1.029858475401369433e-07,1.054334102450352961e-07,1.081178190382867570e-07,1.110692300055661321e-07,1.143649888566904346e-07,1.177801103178555210e-07,1.213782964413691274e-07,1.250995540297793213e-07,1.289168749504722221e-07,1.328163393069117494e-07,1.367932773858302821e-07,1.408528524339725559e-07,1.450118642834627370e-07,1.493001110023222194e-07,1.537608275948185944e-07,1.584509539789069597e-07,1.634458494813270825e-07,1.688599319701811939e-07,1.749278781875978369e-07,1.814188848775257041e-07,1.892765497088898012e-07,1.982495755672340744e-07,2.082523786541409390e-07,2.192440565887652354e-07,2.311941726667832648e-07,2.440728780684525958e-07,2.578571907895907513e-07,2.725760354859778872e-07,2.885033369425329480e-07,3.039253050470352214e-07,3.188500784652682014e-07,3.323597291716802005e-07,3.438132015434519160e-07,3.529489836168504839e-07,3.602565930963330576e-07,3.674699908131853629e-07,3.778705304290361622e-07,3.981579203617184703e-07,4.332312808011581258e-07,4.823205374097088666e-07,5.397258528272888913e-07,5.981673902401736749e-07,6.510537422555939040e-07,6.966759520407310042e-07,7.290196688048289079e-07,7.496995394696756582e-07,7.598244082666447403e-07,7.599284301848435782e-07,7.498458844999385449e-07,7.288470014628217060e-07,6.960598965319408140e-07,6.510949819227713563e-07,5.944553160724106164e-07,5.349698403268063088e-07,4.781632854649391837e-07,4.332794074090307731e-07,4.065304305089498572e-07,3.971719836062044825e-07,3.977134350827109663e-07,3.996156775166818552e-07,3.991738862480784354e-07,3.948878188597753241e-07,3.865874284003903667e-07,3.747933710290651768e-07,3.603129733362996217e-07,3.440468657319815972e-07,3.270037886521392222e-07,3.093075720807746387e-07,2.925660096979277327e-07,2.765999664793404027e-07,2.614303983713183795e-07,2.471131654808339626e-07,2.337022579448188145e-07,2.212458814754865902e-07,2.097958380914862314e-07,1.994371419678243418e-07,1.903907885768523592e-07,1.818557732486404413e-07,1.740355090885540949e-07,1.667387285947278928e-07,1.598739978587428421e-07,1.533807211976886846e-07,1.472114464569592240e-07,1.413276541270286267e-07,1.356993694958870396e-07,1.303048176413143985e-07,1.251295002707602976e-07,1.201649825733039323e-07,1.154082388808908129e-07,1.108630532732851866e-07,1.065487451736112327e-07,1.024285428731885602e-07,9.859503551570396454e-08,9.500482060206656362e-08,9.163604695359700651e-08,8.847417312820232189e-08,8.550811210893380682e-08,8.272919898121150534e-08,8.013147713747376615e-08,7.771406631926133390e-08,7.549077033339771043e-08,7.337740395956691431e-08,7.138691416291426221e-08,6.949466056728431418e-08,6.768616833512060695e-08,6.595040660232280805e-08,6.427803924963205520e-08,6.266098223794040435e-08,6.109233243324220056e-08,5.956630421071816947e-08,5.807812051785453407e-08,5.662388120208891546e-08,5.520043101068762983e-08,5.380523870054867820e-08,5.243629118554818923e-08,5.109200289515996219e-08,4.977113899096077285e-08,4.847275066528923001e-08,4.719612080076669719e-08,4.594071848539787875e-08,4.470616111321264873e-08,4.349218300125470598e-08,4.229860960831859319e-08,4.112533655456086866e-08,3.997231272463171904e-08,3.883952680102694514e-08,3.772699662780907089e-08,3.663476085423258809e-08,3.556287235750668430e-08,3.451137846786834812e-08,3.348028633392247473e-08,3.246960530719205798e-08,3.147938992137086995e-08,3.050976591255765029e-08,2.956094219959764007e-08,2.863321121347335293e-08,2.772693950812207614e-08,2.684255030547218502e-08,2.598049965045055832e-08,2.514124831428539396e-08,2.432523260800331568e-08,2.353283891564567424e-08,2.276438898846793707e-08,2.202014570019775218e-08,2.130035184332584622e-08,2.060531760028568192e-08,1.993557604338571360e-08,1.929213196019262854e-08,1.867684066152565217e-08,1.809297556227414592e-08,1.754608428069411321e-08,1.704530448432422351e-08,1.660542995917963953e-08,1.625020782116354170e-08,1.601762084690412168e-08,1.596814855236665438e-08,1.619651100055952053e-08,1.684377105610771880e-08,1.809503393027688511e-08,2.012750850393738680e-08,2.296872821404609403e-08,2.629131140852859638e-08,2.934321671291091098e-08,3.139951247074810267e-08,3.272746471028294034e-08,3.416269692172782835e-08,3.477953100790704972e-08
3.385154349992094408e-08,3.357851964597842887e-08,3.254163620116414190e-08,3.167093637455542052e-08,3.274180009618054359e-08,3.547303009184389401e-08,3.900626984717115431e-08,4.276265058530123374e-08,4.639247915270251071e-08,4.970680163446808603e-08,5.263875785393448339e-08,5.519576780649696984e-08,5.741828714886842330e-08,5.935508195812368117e-08,6.105205275010218903e-08,6.254864319825652020e-08,6.387757617698128265e-08,6.506572060155430086e-08,6.613516472056231458e-08,6.710417935635882190e-08,6.798799998538430064e-08,6.879943982188186278e-08,6.954936622226832798e-08,7.024707171572849358e-08,7.090056464672314229e-08,7.151679805777250377e-08,7.210185040702520986e-08,7.266106807194235935e-08,7.319917706002498919e-08,7.372036962008098039e-08,7.422837026750434721e-08,7.472648491456492439e-08,7.521763619805362296e-08,7.570438763127240209e-08,7.618895881658436407e-08,7.667323360276430138e-08,7.715876273863330347e-08,7.764676225263533610e-08,7.813810847662284800e-08,7.863333033622482429e-08,7.913259925925435118e-08,7.963571682150350789e-08,8.014215929067560660e-08,8.065130410009272167e-08,8.116248766601005747e-08,8.167500598611918510e-08,8.218811679588906323e-08,8.270104392079610108e-08,8.321298468858921434e-08,8.372312157287613930e-08,8.423063965833317971e-08,8.473475209157329880e-08,8.523473646838865658e-08,8.572998618286666053e-08,8.622008221312040489e-08,8.670489271395046560e-08,8.718471011363320513e-08,8.766043789587658844e-08,8.813384097203042204e-08,8.860787207380749365e-08,8.908707568119917224e-08,8.957803431132257975e-08,9.008971976505199770e-08,9.063338944366440622e-08,9.122152782005141346e-08,9.186679623126881936e-08,9.258008690640658870e-08,9.355663240027988205e-08,9.474227495909026138e-08,9.617192605100340608e-08,9.783901162950462309e-08,9.973671452168617260e-08,1.018628381430651733e-07,1.042197288478481855e-07,1.068142983967665661e-07,1.096588024386743392e-07,1.127717050607688312e-07,1.161726037323318681e-07,1.198327021528425320e-07,1.238364985870905046e-07,1.279355429283723775e-07,1.321167781106861956e-07,1.363688510681612017e-07,1.406864146680532836e-07,1.450740413017589376e-07,1.495505392151586594e-07,1.541512394919049164e-07,1.589273498924199369e-07,1.639406531332027707e-07,1.692582236339824104e-07,1.749429297004545979e-07,1.819428490430596460e-07,1.900413025914482310e-07,1.994479140832970937e-07,2.101739126678529061e-07,2.222268491507057730e-07,2.356320235156264157e-07,2.504302886008259721e-07,2.666766637787078499e-07,2.844437423682285086e-07,3.038272581220173668e-07,3.249188051758340145e-07,3.475071847278871971e-07,3.721550538816617915e-07,3.969119314858389232e-07,4.215029610961705888e-07,4.458578029222777602e-07,4.703036860952917886e-07,4.957519301268579957e-07,5.238314376840035342e-07,5.570765265357189118e-07,5.975152309384747872e-07,6.453813425721346216e-07,6.988627984428086393e-07,7.548357831511597566e-07,8.048495391113560658e-07,8.478882866843130812e-07,8.814116222005835000e-07,9.045667446893166306e-07,9.170030150025171674e-07,9.185492726541281642e-07,9.091392552113824693e-07,8.888902990940278967e-07,8.583003172950314103e-07,8.185200338825634521e-07,7.716850192207222084e-07,7.217351868129475575e-07,6.708612476434415212e-07,6.273355179793413944e-07,5.928566426433989454e-07,5.665023589863646536e-07,5.452695882143999201e-07,5.258051912973941085e-07,5.060513751307415670e-07,4.849878332412984360e-07,4.623517526839013998e-07,4.383484557980077505e-07,4.134160079453467643e-07,3.880601729583740358e-07,3.641776715761018272e-07,3.414217094823139553e-07,3.200814782098444778e-07,3.001471673498649384e-07,2.815852224702324594e-07,2.643690498514462227e-07,2.484780019163621310e-07,2.338966657856311276e-07,2.206173626932151115e-07,2.086427104353613074e-07,1.979675232569326279e-07,1.884129697565799675e-07,1.801580686226102703e-07,1.724090384559714122e-07,1.651181101550312346e-07,1.582314908334615603e-07,1.516972694086452831e-07,1.454695473908132358e-07,1.395125376106347350e-07,1.338011000370223678e-07,1.283192513940711563e-07,1.230575755839716282e-07,1.180108855172201189e-07,1.131758479361156220e-07,1.086569288566906664e-07,1.044054532906043281e-07,1.004245105277008349e-07,9.669576347684598065e-08,9.320168575130734370e-08,8.992777637411661652e-08,8.686210606280642223e-08,8.399490160581003767e-08,8.131845777142959622e-08,7.882710042399908437e-08,7.651519755585007923e-08,7.436088706130104527e-08,7.237749291261676103e-08,7.048318154395670186e-08,6.866862267239878439e-08,6.692420418083536325e-08,6.524079973709052623e-08,6.361015663992699450e-08,6.202527287867800077e-08,6.048042365076193573e-08,5.897101858832684879e-08,5.749341981275527281e-08,5.604477077442580850e-08,5.462284941219211991e-08,5.322594628687748505e-08,5.185276451080069632e-08,5.050233767747705111e-08,4.917396243148606958e-08,4.786714299133429411e-08,4.658154555163808533e-08,4.531696096304351465e-08,4.407327442155161029e-08,4.285044112296803609e-08,4.164846698579626672e-08,4.046739364457892783e-08,3.930728698611180099e-08,3.816822855756855101e-08,3.705030922795102535e-08,3.595362453829138165e-08,3.487825806278481429e-08,3.382425333937820637e-08,3.279165779296424013e-08,3.178056551512108391e-08,3.079114290491174070e-08,2.982364012783244617e-08,2.887839069931904445e-08,2.795580093764719334e-08,2.705633067719454655e-08,2.618046663266370143e-08,2.532869031699175909e-08,2.450144357711043473e-08,2.369909668068537112e-08,2.292192638124288030e-08,2.217011425757754701e-08,2.144377851316519538e-08,2.074305510884508056e-08,2.006824692298247785e-08,1.942006406656948903e-08,1.879998774393050749e-08,1.821080954154265537e-08,1.765743562940080851e-08,1.714811206178140367e-08,1.669633915440054544e-08,1.632392366255746273e-08,1.606589179618096500e-08,1.597830120336697840e-08,1.614984530347607533e-08,1.671546649628883029e-08,1.785985167097494020e-08,1.977671904066872402e-08,2.253542102652940095e-08,2.586080522941702069e-08,2.900868142216834404e-08,3.114899585615655578e-08,3.240446323182805603e-08,3.374965602742254343e-08,3.443175677467958003e-08
3.343449930049831559e-08,3.321002210312639168e-08,3.208984234044117035e-08,3.137298568062489838e-08,3.272783027631409755e-08,3.568270021655920595e-08,3.936527186838119423e-08,4.321700856109992775e-08,4.690098780309138271e-08,5.024156342862452947e-08,5.318448973684901750e-08,5.574596959327702531e-08,5.797122816769787582e-08,5.991110747174829381e-08,6.161217684303812738e-08,6.311394818301667699e-08,6.444901533681542365e-08,6.564408973075507729e-08,6.672112987030502904e-08,6.769831437503720723e-08,6.859081810164798712e-08,6.941141602213916374e-08,7.017095151732872865e-08,7.087870143286309467e-08,7.154266275263571671e-08,7.216977906896410842e-08,7.276611998407048971e-08,7.333702301280931619e-08,7.388720511551044647e-08,7.442084933870085108e-08,7.494167092100092425e-08,7.545296644416056227e-08,7.595764904467230082e-08,7.645827226195719724e-08,7.695704472796190575e-08,7.745583756546795241e-08,7.795618603944514623e-08,7.845928668922957743e-08,7.896599085856609223e-08,7.947679524045627065e-08,7.999182977357800618e-08,8.051084298068674719e-08,8.103324414291540251e-08,8.155832806852010175e-08,8.208533023336271489e-08,8.261342389428188683e-08,8.314171808566204378e-08,8.366925701233891309e-08,8.419502156079665578e-08,8.471793394350371317e-08,8.523686690563031712e-08,8.575065951593630983e-08,8.625814242065252567e-08,8.675817669147873949e-08,8.724971223908672710e-08,8.773187445814413399e-08,8.820409164156964700e-08,8.866628103621780028e-08,8.911911822722400961e-08,8.956442213386702194e-08,9.000569341776955707e-08,9.044883276734051832e-08,9.090294899399888115e-08,9.138052578207317024e-08,9.189421633034636152e-08,9.245456885822141635e-08,9.326230902113627865e-08,9.431722389427898762e-08,9.560685496906774032e-08,9.713724471126774359e-08,9.890818095048252946e-08,1.009181930912018931e-07,1.031675595925437936e-07,1.056593075675069481e-07,1.083995700343467424e-07,1.113976976415101852e-07,1.146656156936254029e-07,1.182147850464148158e-07,1.220507945365618938e-07,1.262044680352196696e-07,1.306944188835991741e-07,1.352510176998371565e-07,1.398611876405768464e-07,1.445150049336171666e-07,1.492121536566537149e-07,1.539711888306144476e-07,1.588336556559586435e-07,1.638640857538099384e-07,1.691344589705800130e-07,1.747131658590564216e-07,1.815862471572270149e-07,1.898118288619181921e-07,1.993976469152051594e-07,2.104466074123377651e-07,2.230383354329496804e-07,2.372527896242572893e-07,2.531847758288069205e-07,2.709493936113220441e-07,2.906852404215968942e-07,3.125577331028978499e-07,3.367604229135755923e-07,3.635061316401063962e-07,3.930115928269796023e-07,4.257267273917033721e-07,4.621346869413067360e-07,5.001144092303860287e-07,5.396504667291141964e-07,5.808870523970366972e-07,6.242165520645478279e-07,6.703555992255511612e-07,7.202444219734973940e-07,7.745166957360776183e-07,8.330800365126276393e-07,8.949326884558964162e-07,9.521138498279382899e-07,1.003175540153463082e-06,1.046847899158706322e-06,1.081594217566929352e-06,1.106328229064552714e-06,1.120361546829743262e-06,1.123344935043600975e-06,1.115264152067938100e-06,1.096479093678152869e-06,1.067783795742768855e-06,1.030455382423954450e-06,9.862516307354489202e-07,9.372698200318785185e-07,8.850040401834092495e-07,8.305048830732978473e-07,7.807438216084237980e-07,7.354858953228432878e-07,6.936577560127348144e-07,6.539839500186955181e-07,6.154902696110458995e-07,5.776242245060641521e-07,5.402330040720671568e-07,5.034166772471217104e-07,4.673986986710310995e-07,4.341887798471734655e-07,4.035431111933630980e-07,3.751965386845067663e-07,3.490525565500445873e-07,3.249912471269615808e-07,3.028908395669023769e-07,2.826410628379237790e-07,2.641456455815463760e-07,2.473217496193041809e-07,2.320986328228627375e-07,2.184137916595841018e-07,2.062009369008569287e-07,1.953700170525832666e-07,1.859082150418301515e-07,1.777563332247129281e-07,1.700944761979324031e-07,1.628676176132441114e-07,1.560151974614742015e-07,1.494798431585808189e-07,1.432194600072597155e-07,1.372070805310728411e-07,1.314278627310021718e-07,1.258737682185434851e-07,1.205398321833192037e-07,1.155402426446666568e-07,1.108548997842063297e-07,1.064587172489193255e-07,1.023384789792213588e-07,9.847868730157538119e-08,9.486392979342862816e-08,9.148019827925111857e-08,8.831513598403535863e-08,8.535795092666524733e-08,8.259923034187901253e-08,8.003050653707835800e-08,7.764304181293646214e-08,7.542586612362560366e-08,7.337554393539316575e-08,7.148413459875461006e-08,6.966870144156326562e-08,6.792032221964970409e-08,6.622972629835352866e-08,6.458814772882121402e-08,6.298849162014953655e-08,6.142526586526317835e-08,5.989427264171008381e-08,5.839232585238583026e-08,5.691702757675900569e-08,5.546659523115027155e-08,5.403972756601970368e-08,5.263549965023619558e-08,5.125327950103098188e-08,4.989266116052733162e-08,4.855341062337789751e-08,4.723542212051022420e-08,4.593868297324296388e-08,4.466324566871077652e-08,4.340920606790010786e-08,4.217668681069649137e-08,4.096582507454639509e-08,3.977676390463863228e-08,3.860964638276370612e-08,3.746461195062646973e-08,3.634179425779184636e-08,3.524130833991746167e-08,3.416323011830423159e-08,3.310764204887621586e-08,3.207467573296930018e-08,3.106453726637453931e-08,3.007751829725377695e-08,2.911399497520734587e-08,2.817441629242412744e-08,2.725928288067877344e-08,2.636911730607379409e-08,2.550442748408552501e-08,2.466566617869201282e-08,2.385319170668985809e-08,2.306723781170310720e-08,2.230790383997716528e-08,2.157517931436656441e-08,2.086901933211182403e-08,2.018948906526611539e-08,1.953699843391616965e-08,1.891265505596489079e-08,1.831878041167334446e-08,1.775966864484028818e-08,1.724272987829627879e-08,1.678026470954070653e-08,1.639228612839661976e-08,1.611107095665487954e-08,1.598847936126848667e-08,1.610720054689476081e-08,1.659527843216186097e-08,1.763450365218967300e-08,1.943101235626117512e-08,2.209351355524790392e-08,2.540388201240139199e-08,2.864018551239986249e-08,3.088035091072633912e-08,3.208168310633920011e-08,3.332007365790548860e-08,3.406768600545788680e-08
3.301796773302393151e-08,3.282526350720983930e-08,3.162800501211723180e-08,3.109588434275697628e-08,3.273980267807258908e-08,3.591061126607153274e-08,3.973563928290950730e-08,4.367657572850603359e-08,4.740921140729353843e-08,5.077197489883417815e-08,5.372339793310193193e-08,5.628809721649372869e-08,5.851559826108259016e-08,6.045846282083369492e-08,6.216371316044348978e-08,6.367081559523905508e-08,6.501218150588281260e-08,6.621434321671437218e-08,6.729912337478482403e-08,6.828460930157304792e-08,6.918591900689559489e-08,7.001579391361309851e-08,7.078505816656940645e-08,7.150297735082771695e-08,7.217754107165724244e-08,7.281568699806463344e-08,7.342347898422861602e-08,7.400624842941095677e-08,7.456870570029466627e-08,7.511502687193827980e-08,7.564891998576495515e-08,7.617367429207939303e-08,7.669219541453987197e-08,7.720702896037688108e-08,7.772037474829324843e-08,7.823409350247602883e-08,7.874970754752861825e-08,7.926839672737588438e-08,7.979099046055069272e-08,8.031795653924423353e-08,8.084938698903075045e-08,8.138498104396995120e-08,8.192408482412093091e-08,8.246591411660284448e-08,8.300960655669877295e-08,8.355421489431110070e-08,8.409870031907731241e-08,8.464192617324583980e-08,8.518265254779882285e-08,8.571953249842109170e-08,8.625111097088709530e-08,8.677582805023300476e-08,8.729202894435112424e-08,8.779798434926042831e-08,8.829192680743286358e-08,8.877211184041553021e-08,8.923691776620252237e-08,8.968500627723408942e-08,9.011557845904376403e-08,9.052878045342683378e-08,9.092634970153192892e-08,9.131269506783969976e-08,9.169689278708981106e-08,9.209585489806116938e-08,9.252467475306655149e-08,9.318852750463834725e-08,9.409443381734645854e-08,9.524470725170873051e-08,9.663779100140040129e-08,9.827564039781146261e-08,1.001594090072518909e-07,1.022899616400432964e-07,1.046690560761696102e-07,1.073000581669726799e-07,1.101882384543499918e-07,1.133407267501112098e-07,1.167660005631890979e-07,1.204728426175111379e-07,1.244701473347402270e-07,1.287726422573140868e-07,1.333921955417837403e-07,1.383373758950624024e-07,1.433157620037044932e-07,1.483064139365428833e-07,1.532948835528536365e-07,1.582953772289044535e-07,1.633556885604738697e-07,1.685692527904449721e-07,1.740293449743228946e-07,1.807460657477201807e-07,1.888243148327398732e-07,1.983575976592808441e-07,2.094327524179754161e-07,2.221657379630573014e-07,2.366821096439642624e-07,2.531209578334179085e-07,2.716426505998741796e-07,2.924351871222684659e-07,3.157197041175953930e-07,3.417559219506484605e-07,3.708474901949506309e-07,4.033479640359630550e-07,4.396773618565642777e-07,4.803816688866844454e-07,5.261034112002484534e-07,5.776053978002966078e-07,6.323827038411364466e-07,6.904097900922272027e-07,7.516804377447974621e-07,8.164043920758263649e-07,8.847634884266298388e-07,9.564798291063075724e-07,1.030963953214142378e-06,1.099952133311287104e-06,1.162572845674849530e-06,1.217810663403467886e-06,1.264614297559401115e-06,1.301887504916552718e-06,1.328714607492793208e-06,1.344449914465156829e-06,1.348758345733904597e-06,1.341643789421912956e-06,1.323468263805040313e-06,1.294951651563575852e-06,1.257135281217079272e-06,1.211287718458555550e-06,1.158718736154827891e-06,1.100452397471645624e-06,1.037161398939685163e-06,9.690922461497050255e-07,9.038898883196113590e-07,8.415790535610999841e-07,7.820852948307071409e-07,7.251028251269882698e-07,6.704114654433218506e-07,6.180457080253125742e-07,5.681025175411845270e-07,5.228070205660045122e-07,4.816541882058193976e-07,4.442120123395529279e-07,4.101024877047010462e-07,3.790328764765002673e-07,3.507487606714140487e-07,3.250243718702338762e-07,3.016612225325675733e-07,2.804862636068679143e-07,2.613490984955382074e-07,2.441184923666021335e-07,2.286776711147429764e-07,2.149180901053837114e-07,2.027362646450182374e-07,1.920505422765823134e-07,1.827707898467850758e-07,1.747946471367668245e-07,1.672892596508713893e-07,1.601766500284470389e-07,1.533759378357666873e-07,1.468389780998505815e-07,1.405400715147100583e-07,1.344709006472109877e-07,1.286285653059019952e-07,1.231378371779808309e-07,1.179821337044657051e-07,1.131439491203355596e-07,1.086049153044843180e-07,1.043496612540852333e-07,1.003631718717983990e-07,9.663083749680002169e-08,9.313889948559072927e-08,8.987466335341119374e-08,8.682650912952435368e-08,8.398376077193717246e-08,8.133639304051777214e-08,7.887456524719035971e-08,7.658843885939372351e-08,7.446990388617830689e-08,7.250972512371720923e-08,7.069727585872296080e-08,6.894914827321665623e-08,6.725511030816602243e-08,6.560475174357959310e-08,6.399099262628079996e-08,6.240891611517877210e-08,6.085502608444701398e-08,5.932683105653855077e-08,5.782257737996936021e-08,5.634106327275827234e-08,5.488150353796446693e-08,5.344342784890253225e-08,5.202660205380502054e-08,5.063096600146079530e-08,4.925658390063277364e-08,4.790360470473471042e-08,4.657223084062242548e-08,4.526269404248443445e-08,4.397523727745882496e-08,4.271010185988089427e-08,4.146751890501453264e-08,4.024770430487757390e-08,3.905085643788015114e-08,3.787715586126470424e-08,3.672676628612263425e-08,3.559982630126857448e-08,3.449643745730808245e-08,3.341671183106691014e-08,3.236081451320498209e-08,3.132898877850747059e-08,3.032156689304131436e-08,2.933896856555481173e-08,2.838168823094725086e-08,2.745027182125777569e-08,2.654528363718803678e-08,2.566726460408887201e-08,2.481668476729478926e-08,2.399389540857803771e-08,2.319908946376611284e-08,2.243228249765050367e-08,2.169332960880531473e-08,2.098199561256431843e-08,2.029809664011331502e-08,1.964173225625654895e-08,1.901363180236731728e-08,1.841565277057319473e-08,1.785150059791550777e-08,1.732779811016903573e-08,1.685573149806358107e-08,1.645365790534588775e-08,1.615131075429910824e-08,1.599660923476390512e-08,1.606638520935177324e-08,1.648129305004887521e-08,1.741811283738257532e-08,1.909124934704792269e-08,2.164526564916795795e-08,2.492229340449575043e-08,2.823658830758690003e-08,3.059008493754721053e-08,3.175921188261576686e-08,3.287649138321984439e-08,3.368526575260953452e-08
3.260298745431941240e-08,3.242206342267978472e-08,3.115921651777765900e-08,3.084236969586194583e-08,3.277738413196083741e-08,3.615591667512429129e-08,4.011655868064792869e-08,4.414041943101772602e-08,4.791622013027352935e-08,5.129726526497991204e-08,5.425491251308261446e-08,5.682174358953369879e-08,5.905109470554757537e-08,6.099690078473021446e-08,6.270643747350587281e-08,6.421902519479876998e-08,6.556684831936015268e-08,6.677624365440396676e-08,6.786889469152122829e-08,6.886279980320861208e-08,6.977302463233466557e-08,7.061228208213820218e-08,7.139138196682397253e-08,7.211958313383286931e-08,7.280487187962544266e-08,7.345418357927715643e-08,7.407357957725868449e-08,7.466838806981446251e-08,7.524331548896152006e-08,7.580253341898417958e-08,7.634974508348963568e-08,7.688823475740264236e-08,7.742090296283128875e-08,7.795028991973699723e-08,7.847858938948029645e-08,7.900765473948849989e-08,7.953899875265989901e-08,8.007378839780266247e-08,8.061283546646799796e-08,8.115658367109892287e-08,8.170509249792308260e-08,8.225801782878885341e-08,8.281464907495366892e-08,8.337412978744745580e-08,8.393550671863499408e-08,8.449771903009120917e-08,8.505958661925881531e-08,8.561979765887332614e-08,8.617689554329289564e-08,8.672926558796898279e-08,8.727512205973454832e-08,8.781249647275895078e-08,8.833922865130727165e-08,8.885296299367096294e-08,8.935115398052802938e-08,8.983108786103177155e-08,9.028993275747546686e-08,9.072483901970508173e-08,9.113312756829381689e-08,9.151262512631349363e-08,9.186222475672961089e-08,9.218284552101497448e-08,9.248035898889743315e-08,9.278575580877827168e-08,9.331398609407940665e-08,9.407723875017785884e-08,9.508292529898629628e-08,9.633505796603323171e-08,9.783559343741694208e-08,9.958672335194466917e-08,1.015904604751191497e-07,1.038488293709727244e-07,1.063643622317036674e-07,1.091404840029082267e-07,1.121816730266106087e-07,1.154933823911909931e-07,1.190817225664097849e-07,1.229530317813000233e-07,1.271138299189135108e-07,1.315715068055466399e-07,1.363316813971524544e-07,1.413967727982998055e-07,1.467645636807968094e-07,1.521068292432017560e-07,1.573728469884472282e-07,1.625675645641877982e-07,1.677329945743808653e-07,1.730373090551532786e-07,1.795324073694593503e-07,1.873551183938787151e-07,1.966326548357350102e-07,2.074902592632570197e-07,2.200591266822440696e-07,2.344891807127404733e-07,2.509495036440271061e-07,2.696323045216034775e-07,2.907591768172366770e-07,3.145879016789361049e-07,3.414195570495696158e-07,3.716062375174869294e-07,4.055598559343518169e-07,4.437632670247941801e-07,4.867868906478988114e-07,5.353119078477695246e-07,5.901307104101053867e-07,6.521463060092447493e-07,7.223478139311600088e-07,7.974526412980373655e-07,8.769490807616555985e-07,9.608958269437891846e-07,1.049242444207076119e-06,1.140658762713425630e-06,1.225818768442899637e-06,1.303827782407461279e-06,1.373843832062875735e-06,1.435003317840856476e-06,1.486429900080889222e-06,1.527267195047935586e-06,1.556779042297881860e-06,1.574429637060276933e-06,1.579937562333105654e-06,1.573307855560906116e-06,1.554841036018286718e-06,1.525114110835722473e-06,1.484927598846126746e-06,1.435214309515300288e-06,1.376911145317565129e-06,1.310817524683368870e-06,1.237547833061530367e-06,1.157557024223926608e-06,1.071298059711907969e-06,9.878978110986915134e-07,9.084966294941264270e-07,8.330239627386543436e-07,7.613434574455884651e-07,6.938235083600161820e-07,6.331963520505811355e-07,5.787062615296284346e-07,5.296648029511331855e-07,4.854651136820250257e-07,4.455806007174355858e-07,4.095658213459625228e-07,3.770385050936311509e-07,3.476676101160653264e-07,3.211659675720136228e-07,2.972845130295165423e-07,2.758069860029087689e-07,2.565447363123943475e-07,2.393314498309766188e-07,2.240180858191381723e-07,2.104696164329351769e-07,1.985647239306981296e-07,1.881850036129457026e-07,1.792084693484832045e-07,1.715036614324566279e-07,1.642121105718589058e-07,1.571939375184241407e-07,1.504054593771985944e-07,1.438274675936948504e-07,1.374702216934310732e-07,1.314757811101000740e-07,1.258319276715374727e-07,1.205248234842509813e-07,1.155395041010574512e-07,1.108604613573871220e-07,1.064728154115202575e-07,1.023619952309183425e-07,9.851375942844712240e-08,9.491439506116671307e-08,9.155086875638563320e-08,8.841087476917497864e-08,8.548278393957641090e-08,8.275550525365349990e-08,8.021831066481932248e-08,7.786079046916706691e-08,7.567305293268570843e-08,7.364487383756090660e-08,7.176523208325673672e-08,7.002184925001822348e-08,6.832910376259904111e-08,6.667146773413151730e-08,6.504309509462490530e-08,6.344042653065235180e-08,6.186111282359416569e-08,6.030364373790128575e-08,5.876710778876707657e-08,5.725102489281001767e-08,5.575522828083002011e-08,5.427977778251320893e-08,5.282489323174855236e-08,5.139090176841224073e-08,4.997819572537440431e-08,4.858719926028999288e-08,4.721834256570382759e-08,4.587204276509454896e-08,4.454869068840774176e-08,4.324864272588583900e-08,4.197221693794758382e-08,4.071969257937632396e-08,3.949131219244726825e-08,3.828728544270989496e-08,3.710779391529246118e-08,3.595298816439502692e-08,3.482298540493827374e-08,3.371791918585657997e-08,3.263798182063986522e-08,3.158344952425362543e-08,3.055469315794503199e-08,2.955217635278062519e-08,2.857644180193656130e-08,2.762808586845251287e-08,2.670772159167969521e-08,2.581593096162988943e-08,2.495320919082320437e-08,2.411990670850322343e-08,2.331617848525872245e-08,2.254195441576033472e-08,2.179694785125634572e-08,2.108072099778882947e-08,2.039282549394913907e-08,1.973303537168826134e-08,1.910169149509428347e-08,1.850018778168723424e-08,1.793165837207916197e-08,1.740198082931370571e-08,1.692130413164486216e-08,1.650645782209081387e-08,1.618483142918626210e-08,1.600067656736227036e-08,1.602520909301292949e-08,1.637146064149390680e-08,1.720949091062316769e-08,1.875794158703933334e-08,2.119284726904236444e-08,2.441813567188337254e-08,2.779728494908676418e-08,3.027468077126425732e-08,3.143645460705571865e-08,3.242182120311126451e-08,3.328260150589936412e-08
3.219018018734424938e-08,3.199848899285957852e-08,3.068703920341735577e-08,3.061481964333360529e-08,3.284002262427953654e-08,3.641777788390494060e-08,4.050720359475828093e-08,4.460758724038871360e-08,4.842109740730761981e-08,5.181670372695044422e-08,5.477851031940186349e-08,5.734654232719539098e-08,5.957744520196084920e-08,6.152619478647056150e-08,6.324013842244565207e-08,6.475836383653174693e-08,6.611279226744524434e-08,6.732955330744441336e-08,6.843019044530471437e-08,6.943261664398126328e-08,7.035185019718629764e-08,7.120058074093325806e-08,7.198960875077308460e-08,7.272819090126644408e-08,7.342431429203838875e-08,7.408491569792065911e-08,7.471605728884172948e-08,7.532306710528101760e-08,7.591065047972569733e-08,7.648297720778297220e-08,7.704374834625631942e-08,7.759624587954243323e-08,7.814336803489946325e-08,7.868765266459129283e-08,7.923129079878549697e-08,7.977613217667438511e-08,8.032368426741925034e-08,8.087510598946051656e-08,8.143119702535799227e-08,8.199238331331334161e-08,8.255869898374685220e-08,8.312976471249339189e-08,8.370482235634896811e-08,8.428295332671944361e-08,8.486312451858484115e-08,8.544417343361261623e-08,8.602479141709028670e-08,8.660350483264978502e-08,8.717865401551967336e-08,8.774836988065532567e-08,8.831054812548278671e-08,8.886282107296375446e-08,8.940252737885365850e-08,8.992668014765057375e-08,9.043193464903613465e-08,9.091455829893759599e-08,9.137040918701020216e-08,9.179493840718998885e-08,9.218325171443406494e-08,9.253029571547044667e-08,9.283115859410936909e-08,9.308034119406917449e-08,9.326033899982692884e-08,9.364779407845908667e-08,9.426561618698001033e-08,9.512420703887912508e-08,9.623002070052915116e-08,9.758744087689118314e-08,9.919965631658536454e-08,1.010695195507124533e-07,1.031997223788914643e-07,1.055929644292692564e-07,1.082521808416286652e-07,1.111807125910262873e-07,1.143823465131295378e-07,1.178612025061341124e-07,1.216214827106971205e-07,1.256671574162383133e-07,1.300017154603273345e-07,1.346278858821417078e-07,1.395464975852857646e-07,1.447552760222491436e-07,1.502460406524457031e-07,1.559910392745066158e-07,1.615301759094880389e-07,1.668777665215420799e-07,1.719809656368953644e-07,1.781688328826504030e-07,1.856324408814071181e-07,1.945185543128070371e-07,2.049704467941718626e-07,2.171385729927607627e-07,2.311871928024572288e-07,2.473014733901088529e-07,2.656919991835140199e-07,2.866000658394939401e-07,3.103042731952082799e-07,3.371281085693306753e-07,3.674484622422911847e-07,4.017052924198998381e-07,4.404128478637676865e-07,4.841730840135505593e-07,5.336918278629153112e-07,5.897959331877986571e-07,6.534430908785304951e-07,7.257215850574912447e-07,8.078052663098076590e-07,9.007041725637058313e-07,9.986964222057908966e-07,1.102413853190269630e-06,1.212778233025720560e-06,1.316996385128174048e-06,1.413480705210546230e-06,1.501259550862578695e-06,1.579503918599812512e-06,1.647419123780777513e-06,1.704234847328804017e-06,1.749232561464745140e-06,1.781802072551567665e-06,1.801498302218666439e-06,1.808085221944032581e-06,1.801561523927466255e-06,1.782164398644881636e-06,1.750348695318780986e-06,1.706740717077176668e-06,1.652069663406182147e-06,1.587086294606205660e-06,1.512490438541413256e-06,1.428905344039178979e-06,1.336913705537920679e-06,1.237213780001628209e-06,1.131153348099519843e-06,1.031642383000331091e-06,9.376490226231256982e-07,8.485098856205636264e-07,7.688124584053133480e-07,6.977083254826401451e-07,6.342262718071368562e-07,5.774706151187919268e-07,5.266538382735932502e-07,4.810943224108075747e-07,4.402074247188923424e-07,4.034911928547483633e-07,3.705134204809017038e-07,3.409011998821010083e-07,3.143322646057937717e-07,2.905274663760766608e-07,2.692440055638405214e-07,2.502692429581711148e-07,2.334151832548054618e-07,2.185139520590145110e-07,2.054138896278561146e-07,1.939734578483741207e-07,1.840557128276617319e-07,1.755198489341151379e-07,1.681892484430794120e-07,1.609964806511527023e-07,1.539744719159890135e-07,1.471057503301547422e-07,1.405969779457929862e-07,1.344483578306217487e-07,1.286510190269204221e-07,1.231933759348048245e-07,1.180624354099210969e-07,1.132443889960655184e-07,1.087251802901856860e-07,1.044906766995940994e-07,1.005268219865265516e-07,9.681981313549199842e-08,9.335624598996788534e-08,9.012319906959652794e-08,8.710825246485565437e-08,8.429945462853915586e-08,8.168526921393352622e-08,7.925454904074471581e-08,7.699650965905812854e-08,7.490043902075677398e-08,7.295540781388056855e-08,7.114961778555319046e-08,6.946731061365194005e-08,6.780197884659333734e-08,6.615647836003446486e-08,6.452972836184866552e-08,6.292092912127704443e-08,6.132981172426240028e-08,5.975648460186557831e-08,5.820131067263299838e-08,5.666482618304227370e-08,5.514768164978816946e-08,5.365059465855169008e-08,5.217431076985609688e-08,5.071957140161190956e-08,4.928708835802054912e-08,4.787752478639824670e-08,4.649148222989391101e-08,4.512949327704710126e-08,4.379201915064801458e-08,4.247945145099401158e-08,4.119211718083887082e-08,3.993028613390454620e-08,3.869417972560214156e-08,3.748398038130771039e-08,3.629983475122779103e-08,3.514186203816569025e-08,3.401020597998102907e-08,3.290507731666289401e-08,3.182677908095906176e-08,3.077571751807693847e-08,2.975240009436614314e-08,2.875742088379621094e-08,2.779143284607079648e-08,2.685510642305631832e-08,2.594907480941193263e-08,2.507386847459111543e-08,2.422984509774799863e-08,2.341712570584850033e-08,2.263555263669559610e-08,2.188468867858710515e-08,2.116387801193261728e-08,2.047238781694379643e-08,1.980964590065114466e-08,1.917558849170403223e-08,1.857114042164664471e-08,1.799887617842613848e-08,1.746396402871531210e-08,1.697558549496379471e-08,1.654916100111593599e-08,1.620992582665955178e-08,1.599874217229320197e-08,1.598151764711690139e-08,1.626364867473395490e-08,1.700718268039301537e-08,1.843124093698498931e-08,2.073827166992368222e-08,2.389378974923990413e-08,2.732223183307714532e-08,2.993071983308457603e-08,3.111209724750373732e-08,3.195923631567574367e-08,3.285806995940884904e-08
3.177967021498797812e-08,3.155296318695867002e-08,3.021544262070263175e-08,3.041519594576374021e-08,3.292699319735260394e-08,3.669537171329743101e-08,4.090672774857466394e-08,4.507710952304208285e-08,4.892294659203434360e-08,5.232960379051335226e-08,5.529371586651540366e-08,5.786216651606198209e-08,6.009440589032302312e-08,6.204613694543393159e-08,6.376461591187352642e-08,6.528862424861354935e-08,6.664979179172021429e-08,6.787403343280346538e-08,6.898275389892600424e-08,6.999378523500437999e-08,7.092210378707182354e-08,7.178038129711611981e-08,7.257941390926175159e-08,7.332846067784942620e-08,7.403551361578123543e-08,7.470751461699831389e-08,7.535053007297716907e-08,7.596989101555159075e-08,7.657030465414662539e-08,7.715594188351419693e-08,7.773050447906060329e-08,7.829727510885818083e-08,7.885915286520318081e-08,7.941867668131842281e-08,7.997803870321937435e-08,8.053908940362976394e-08,8.110333593766448590e-08,8.167193494123949224e-08,8.224568066150168075e-08,8.282498898722736715e-08,8.340987762335758647e-08,8.399994233965289211e-08,8.459438925322377315e-08,8.519225102716925352e-08,8.579242981705614616e-08,8.639367849223762892e-08,8.699457896240362266e-08,8.759351715056102449e-08,8.818865408089034810e-08,8.877789246007576022e-08,8.935883801112133841e-08,8.992875464366477539e-08,9.048451226433708825e-08,9.102252555410898726e-08,9.153868122630231285e-08,9.202825001202828033e-08,9.248577833316294024e-08,9.290495704121667611e-08,9.327849108027248280e-08,9.359814640382360840e-08,9.385593457191897760e-08,9.405135448878230767e-08,9.422978414746208472e-08,9.467818623710496544e-08,9.537795775145730802e-08,9.632919539660145362e-08,9.753554501451501919e-08,9.900090494519134387e-08,1.007288516761583475e-07,1.027227368909133779e-07,1.049857765357723267e-07,1.075211318726770542e-07,1.103319863259547163e-07,1.134215745125419770e-07,1.167931242468256180e-07,1.204496943051761754e-07,1.243939144280661269e-07,1.286276578238239586e-07,1.331516804361612501e-07,1.379652082646496128e-07,1.430654942029935729e-07,1.484483722789706781e-07,1.541133425646358368e-07,1.600894414268950068e-07,1.658879892269955350e-07,1.714420729706552923e-07,1.769873880453475498e-07,1.839347267597685402e-07,1.923007632974906069e-07,2.022029608442775901e-07,2.137915401896414242e-07,2.272371969253390072e-07,2.427319733385572829e-07,2.604938337653317552e-07,2.807719307377510381e-07,3.038527729647734465e-07,3.300675440472635135e-07,3.598006254211962087e-07,3.934994276661505527e-07,4.316857575706766265e-07,4.749690517020021886e-07,5.240618510162343261e-07,5.797977302667292604e-07,6.431513923777907820e-07,7.152613278813920545e-07,7.974655217281174210e-07,8.913959868900842428e-07,9.993552622775517742e-07,1.115439049642573837e-06,1.238328578779817470e-06,1.365736133662571618e-06,1.483305572979426252e-06,1.591229966645903251e-06,1.688905976074277499e-06,1.775589896326773214e-06,1.850534554034633579e-06,1.913029902066323090e-06,1.962434628035132687e-06,1.998215095776130787e-06,2.019984815400079717e-06,2.027536227940810805e-06,2.020859014689166098e-06,2.000141294599432297e-06,1.965752183025882959e-06,1.918206809418487785e-06,1.858118270054262455e-06,1.786145065578380389e-06,1.702946391463419637e-06,1.609155789345676279e-06,1.505357747498766624e-06,1.391974347127505970e-06,1.268620095945707376e-06,1.149835417651929949e-06,1.037857753366443823e-06,9.336525586437390187e-07,8.419107655471726119e-07,7.606733694273707250e-07,6.885414585559656308e-07,6.243686758881256750e-07,5.671806340131281612e-07,5.161428030412475051e-07,4.705400485133996847e-07,4.297590059176653261e-07,3.932727642612781599e-07,3.606278859126893013e-07,3.314334048612375412e-07,3.053513722301438465e-07,2.820886098259127002e-07,2.613894600801591085e-07,2.430294536823542847e-07,2.268098779712534338e-07,2.125530696531812745e-07,2.000982774133253919e-07,1.893005971472755800e-07,1.800404749634858840e-07,1.722771005898863112e-07,1.648752915253205124e-07,1.576352942310433269e-07,1.505669182755412152e-07,1.438906134398677038e-07,1.375809272553066552e-07,1.316259833202462777e-07,1.260151597949013266e-07,1.207368641163311749e-07,1.157784406854488535e-07,1.111265050220845618e-07,1.067672313928655772e-07,1.026865933060980840e-07,9.887057410433585308e-08,9.530533868930542076e-08,9.197735765767294988e-08,8.887348457460008596e-08,8.598099613792166623e-08,8.328761253458624283e-08,8.078151508855782660e-08,7.845135751339311819e-08,7.628626661283693777e-08,7.427608338868447326e-08,7.241259012651711221e-08,7.069504643933618391e-08,6.901217949190284030e-08,6.734387830788928138e-08,6.568737567389427266e-08,6.404320816645462663e-08,6.241252129523621957e-08,6.079657424253086595e-08,5.919665411683153847e-08,5.761405370877079574e-08,5.605005196883850391e-08,5.450589112128811695e-08,5.298275317033458952e-08,5.148173875616530397e-08,5.000385028595748997e-08,4.854998033561128340e-08,4.712090563423030728e-08,4.571728645415606097e-08,4.433967087911054754e-08,4.298850317663864847e-08,4.166413533880600732e-08,4.036684076542311152e-08,3.909682903875444175e-08,3.785426077030952297e-08,3.663925789482520694e-08,3.545192366922989624e-08,3.429239717692854422e-08,3.316089596211156930e-08,3.205774171487587748e-08,3.098337166560417703e-08,2.993833674824111337e-08,2.892328619417518824e-08,2.793893728445915343e-08,2.698602887135269906e-08,2.606525838429338711e-08,2.517720470309313119e-08,2.432224360243740273e-08,2.350046804563561622e-08,2.271163135944703052e-08,2.195513556745321951e-08,2.123008808260102887e-08,2.053544662476085589e-08,1.987026589686301908e-08,1.923405474554486689e-08,1.862725710013693433e-08,1.805189372027337888e-08,1.751245402845314104e-08,1.701721533513223030e-08,1.658029828656134355e-08,1.622496197066240755e-08,1.598895301671936498e-08,1.593322014935622617e-08,1.615569152400451847e-08,1.680951732216314609e-08,1.811094359070818529e-08,2.028333485806972134e-08,2.335185271803367286e-08,2.681195518907426206e-08,2.955500388852420427e-08,3.078410519767669453e-08,3.149203420378293782e-08,3.241043061791630722e-08
3.137102041741233389e-08,3.108436975333401451e-08,2.974872125582925283e-08,3.024500499709517540e-08,3.303744490546291038e-08,3.698789229363177186e-08,4.131425883196054330e-08,4.554800357902655080e-08,4.942089779122070217e-08,5.283532694500672800e-08,5.580010154468094923e-08,5.836832704919237672e-08,6.060175918682825879e-08,6.255653611780426358e-08,6.427967957752039506e-08,6.580960391656767607e-08,6.717762649805070204e-08,6.840944372466766223e-08,6.952632454468167209e-08,7.054602530897461682e-08,7.148348606275719549e-08,7.235136605741894871e-08,7.316046206418238271e-08,7.392004000807957168e-08,7.463810088115626692e-08,7.532159540242646930e-08,7.597659760389073675e-08,7.660844471722286117e-08,7.722184890653467526e-08,7.782098519673322660e-08,7.840955915568995004e-08,7.899085734840149240e-08,7.956778318955174129e-08,8.014288050876481404e-08,8.071834686571368287e-08,8.129603838238949798e-08,8.187746758149358350e-08,8.246379542574602377e-08,8.305581844142968615e-08,8.365395148350232467e-08,8.425820636571394474e-08,8.486816624862947114e-08,8.548301581545487080e-08,8.610175548767760173e-08,8.672324170738774959e-08,8.734616465723458827e-08,8.796902213927114127e-08,8.859008888221042683e-08,8.920738039039493242e-08,8.981861024506172592e-08,9.042113949155627526e-08,9.101191634009846635e-08,9.158740375913299409e-08,9.214349140670226179e-08,9.267538618811955729e-08,9.317747128774582961e-08,9.364311360674429799e-08,9.406437504329801959e-08,9.443151381091391564e-08,9.473193157611354074e-08,9.494732195431580725e-08,9.504378625415065281e-08,9.533036791016182495e-08,9.586038846045976668e-08,9.664512889937466393e-08,9.768953217372069333e-08,9.899774770889421465e-08,1.005737796669968125e-07,1.024215115007726036e-07,1.045447210593796776e-07,1.069470835494394039e-07,1.096321615311132163e-07,1.126033747590955080e-07,1.158639271462497784e-07,1.194166676496635234e-07,1.232638714278049152e-07,1.274069393674797527e-07,1.318460216720553145e-07,1.365795633761604488e-07,1.416037344150096587e-07,1.469116543623473552e-07,1.524921738354964698e-07,1.583266128976906602e-07,1.643745789998425538e-07,1.705001639263677013e-07,1.760259426861289196e-07,1.824894430984972852e-07,1.902547436082759582e-07,1.994961019188211576e-07,2.103709841019090681e-07,2.230504700266807038e-07,2.377264868713594259e-07,2.546163919200202119e-07,2.739680851279401966e-07,2.960658809239706046e-07,3.212373746039100200e-07,3.498615240489163713e-07,3.823781202466213417e-07,4.192988465949052247e-07,4.612201943769330619e-07,5.088385619123478863e-07,5.629678742557221934e-07,6.245599585078764375e-07,6.947276713451118184e-07,7.747705218276532363e-07,8.662013032608746359e-07,9.707582791069684517e-07,1.090299583829373831e-06,1.225956772988540909e-06,1.370528776050302360e-06,1.509125843237181848e-06,1.638420050616069243e-06,1.757133180515044478e-06,1.864360837236053278e-06,1.959293862678735545e-06,2.041179953901844932e-06,2.109330447199004339e-06,2.163140685424048598e-06,2.202117089398884865e-06,2.225904841760199608e-06,2.234310340403415710e-06,2.227313886542341662e-06,2.205069794456388319e-06,2.167893095500496174e-06,2.116234282193932653e-06,2.050646019941229437e-06,1.971748146329301060e-06,1.880198894181993737e-06,1.776679997444868732e-06,1.661902794827172456e-06,1.536665945390068906e-06,1.402162234398458600e-06,1.261721807869052987e-06,1.130697874710371961e-06,1.014440708171462812e-06,9.118070717994108752e-07,8.211296011830943011e-07,7.408734429466759790e-07,6.697099031152308370e-07,6.065000376404373364e-07,5.502688755949552130e-07,5.001817961700696306e-07,4.555237753749345028e-07,4.156814400633605622e-07,3.801277405289332815e-07,3.484089014069863789e-07,3.201332670415695591e-07,2.949617021752931198e-07,2.725992899341433582e-07,2.527881508920046677e-07,2.353012500210640459e-07,2.199370366747579776e-07,2.065147739871546071e-07,1.948704700893711426e-07,1.848510249859659380e-07,1.762906887333017341e-07,1.688771372619647695e-07,1.614062641523951910e-07,1.542214003342371464e-07,1.473854654741957902e-07,1.409090501428248997e-07,1.347896245680136411e-07,1.290197788427520050e-07,1.235894392780576365e-07,1.184867956892531340e-07,1.136988746127596060e-07,1.092119437917860741e-07,1.050118237616772460e-07,1.010841416807379357e-07,9.741453874068804750e-08,9.398883485210021807e-08,9.079315513959898807e-08,8.781402594689404818e-08,8.503845032236177550e-08,8.245397114112311945e-08,8.004872253176403021e-08,7.781146711138329174e-08,7.573161777412528094e-08,7.379901536057861636e-08,7.200189915700771061e-08,7.031387843363977234e-08,6.861806552134843190e-08,6.692413967974399202e-08,6.523670573364017581e-08,6.355883458807829958e-08,6.189302567368268665e-08,6.024150842561640698e-08,5.860634218571600899e-08,5.698944397759411000e-08,5.539258838472677794e-08,5.381739758000378793e-08,5.226532987562348640e-08,5.073767093345861214e-08,4.923552964569640898e-08,4.775983948175045575e-08,4.631136533303261327e-08,4.489071537375328788e-08,4.349835710529581854e-08,4.213463652269707305e-08,4.079979921296901103e-08,3.949401215266814639e-08,3.821738500475602812e-08,3.696998850085321114e-08,3.575188715783737852e-08,3.456319653700444215e-08,3.340412622565536709e-08,3.227500622619998122e-08,3.117629920474096595e-08,3.010859915185370737e-08,2.907261533728858712e-08,2.806913931125257245e-08,2.709899254781776861e-08,2.616295364010248291e-08,2.526166717314758446e-08,2.439554163997988066e-08,2.356465053400889794e-08,2.276865769293789788e-08,2.200679292120020726e-08,2.127790449237566918e-08,2.058060995208723612e-08,1.991355694903319368e-08,1.927579675345451858e-08,1.866727368914950188e-08,1.808945490273803910e-08,1.754617643431305694e-08,1.704486919247002211e-08,1.659845540775515942e-08,1.622838408843265319e-08,1.596954958538670512e-08,1.587831185825945395e-08,1.604543517423889135e-08,1.661466343989391389e-08,1.779650803417854289e-08,1.982956394853467802e-08,2.279506285377624591e-08,2.626754270479195871e-08,2.914467057005037890e-08,3.044975868050534369e-08,3.102347555617383900e-08,3.193893123465061925e-08
3.096319028476131827e-08,3.059215160346232221e-08,2.929139369533798572e-08,3.010527855628371974e-08,3.317044593355257655e-08,3.729454815560640338e-08,4.172889345651748435e-08,4.601927924086504466e-08,4.991411463880960666e-08,5.333328559084849415e-08,5.629728714740392261e-08,5.886477058710346117e-08,6.109931150110608118e-08,6.305721596391927782e-08,6.478514734572509809e-08,6.632110408218142170e-08,6.769607648848590964e-08,6.893554187692650544e-08,7.006063781550497930e-08,7.108905071867728505e-08,7.203569010091433844e-08,7.291320807732002545e-08,7.373240689923403116e-08,7.450256374587309127e-08,7.523169256927055744e-08,7.592675656676545864e-08,7.659384081287122782e-08,7.723829196719362675e-08,7.786483028283714704e-08,7.847763804033182461e-08,7.908042780846272415e-08,7.967649344114074761e-08,8.026874636199682213e-08,8.085973940131485694e-08,8.145168019125573579e-08,8.204643586887544738e-08,8.264553056724495496e-08,8.325013688594452715e-08,8.386106222173857347e-08,8.447873051075109811e-08,8.510315959094246068e-08,8.573393404863467712e-08,8.637023362988258801e-08,8.701104578919231167e-08,8.765520378733372923e-08,8.830136151958379098e-08,8.894796368172280262e-08,8.959321030346721637e-08,9.023501445412400737e-08,9.087095163737818556e-08,9.149819901274176811e-08,9.211346205743921732e-08,9.271288550824242401e-08,9.329194417057943350e-08,9.384530694075657627e-08,9.436666296513867392e-08,9.484848941920423260e-08,9.528171914800086803e-08,9.565521788295783629e-08,9.595487614194910471e-08,9.616195617055683070e-08,9.625054225392624909e-08,9.659336159207233366e-08,9.719614482493960014e-08,9.806439847268562282e-08,9.920238788917183528e-08,1.006141356512214459e-07,1.023037449047455357e-07,1.042754088424938135e-07,1.065333466728580549e-07,1.090817212726400839e-07,1.119245452097934200e-07,1.150655660945686677e-07,1.185081142947379202e-07,1.222548957228083871e-07,1.263077173677108470e-07,1.306671394496897546e-07,1.353320507624633578e-07,1.402991560737884956e-07,1.455623366844008128e-07,1.511117781466919969e-07,1.569325737713634501e-07,1.630019808864691068e-07,1.692838321286959841e-07,1.757230623330843819e-07,1.815596070281349633e-07,1.886472480889639578e-07,1.971402359542923944e-07,2.071992289452639483e-07,2.189929858689953530e-07,2.327080643755205318e-07,2.485551285946564158e-07,2.667741142307812671e-07,2.876397066770982782e-07,3.114676505608403877e-07,3.386221747807960781e-07,3.695247623302406285e-07,4.046644889111756287e-07,4.446101907970552603e-07,4.900247840795508789e-07,5.416821196631043760e-07,6.004867944996880980e-07,6.674973198038467381e-07,7.439529438135825273e-07,8.313041740953262390e-07,9.312462292909945260e-07,1.045752409293028991e-06,1.177108199586670810e-06,1.328043463352853426e-06,1.488783678333808189e-06,1.640012939657044728e-06,1.780590598712927022e-06,1.909453873584279048e-06,2.025677086008701181e-06,2.128422223840045416e-06,2.216923028771628804e-06,2.290491155995466709e-06,2.348532737614741893e-06,2.390569277454155213e-06,2.416258300844839965e-06,2.425409775553221453e-06,2.417995185166021611e-06,2.394147358405390107e-06,2.354150650745700459e-06,2.298422729468901832e-06,2.227490859729686103e-06,2.141966967892256584e-06,2.042526555760312665e-06,1.929896681232157828e-06,1.804858964702792425e-06,1.668278509346571840e-06,1.521169240924246093e-06,1.364649795766908426e-06,1.218563425346043304e-06,1.090379578356719248e-06,9.776321912011258097e-07,8.782706666776154749e-07,7.905347366839381294e-07,7.129166428432884286e-07,6.441278067702504364e-07,5.830674256879633053e-07,5.287946013038622965e-07,4.805042240307455666e-07,4.375063517208908449e-07,3.992086890540914661e-07,3.651017246154363127e-07,3.347460921990288286e-07,3.077617760405307198e-07,2.838188531724821972e-07,2.626295382351036641e-07,2.439413470090822729e-07,2.275312126395625789e-07,2.132003710976936558e-07,2.007696797606732969e-07,1.900743254291050642e-07,1.809563235688170377e-07,1.732640588929050563e-07,1.655432731067875081e-07,1.581594445131667348e-07,1.511336754217467514e-07,1.444734257632972082e-07,1.381773207562889873e-07,1.322389858512543963e-07,1.266489745475545454e-07,1.213957824397387301e-07,1.164664754058840349e-07,1.118471362138864725e-07,1.075232129341982532e-07,1.034798054426224845e-07,9.970190552360965672e-08,9.617459806727497989e-08,9.288322912063212502e-08,8.981354709855844817e-08,8.695182381912688084e-08,8.428496046837251005e-08,8.180057939861418196e-08,7.948709605618314597e-08,7.733374708949759874e-08,7.533048233721071335e-08,7.346758451565472535e-08,7.173598987526014923e-08,6.999474650702922800e-08,6.825097647773404586e-08,6.650983803868690568e-08,6.477537462456952700e-08,6.305102310413295070e-08,6.133984653221772307e-08,5.964462911253491132e-08,5.796790872679401026e-08,5.631198274404587311e-08,5.467890407821175198e-08,5.307047591496968863e-08,5.148824943305922044e-08,4.993352667885561116e-08,4.840736946331180181e-08,4.691061429923868625e-08,4.544389280085484689e-08,4.400765654798295806e-08,4.260220513838286534e-08,4.122771599412253015e-08,3.988427443745707057e-08,3.857190259484843324e-08,3.729058700177728381e-08,3.604032510366978995e-08,3.482118553392811232e-08,3.363335168701763397e-08,3.247714920791200389e-08,3.135305957530960042e-08,3.026171969787069309e-08,2.920390544010956201e-08,2.818049562273209522e-08,2.719241282675984749e-08,2.624053889270121316e-08,2.532560689257423423e-08,2.444807773324066806e-08,2.360801782207495023e-08,2.280500269314707722e-08,2.203807739513250869e-08,2.130580467383632813e-08,2.060642461018183470e-08,1.993813563341395735e-08,1.929949265457882719e-08,1.868991396917632181e-08,1.811030715015414594e-08,1.756387577824831081e-08,1.705725789996923513e-08,1.660227226293948736e-08,1.621871269322111649e-08,1.593887029986369189e-08,1.581489057844380678e-08,1.593077580583172607e-08,1.642068498742553859e-08,1.748708555101125774e-08,1.937817673389362464e-08,2.222622068202463325e-08,2.569061856682876281e-08,2.869729828374957987e-08,3.010572440333287932e-08,3.055660482557669586e-08,3.144340187074067599e-08
3.055452048838273698e-08,3.007639946805649240e-08,2.884808518503388272e-08,2.999657560367064796e-08,3.332502430355641516e-08,3.761455535772121423e-08,4.214969381795425487e-08,4.648994573619520572e-08,5.040180076873014389e-08,5.382294514541646301e-08,5.678493876181755032e-08,5.935127721336749899e-08,6.158689088977479112e-08,6.354801307707882213e-08,6.528084410261097804e-08,6.682292886314636513e-08,6.820492181215549107e-08,6.945208326193256642e-08,7.058542491316261857e-08,7.162256935796229471e-08,7.257840136718053919e-08,7.346557115622315337e-08,7.429489115397991543e-08,7.507565402805114275e-08,7.581589054713833171e-08,7.652257994810259722e-08,7.720182169170663072e-08,7.785897506879261250e-08,7.849877156372338576e-08,7.912540387863305475e-08,7.974259486562781957e-08,8.035364916934743283e-08,8.096149005898483022e-08,8.156868366681229700e-08,8.217745261015485692e-08,8.278968073099330411e-08,8.340691042783045688e-08,8.403033377133948473e-08,8.466077828699018936e-08,8.529868795642498046e-08,8.594409964026172971e-08,8.659661476801010082e-08,8.725542641162297261e-08,8.791953059261086347e-08,8.858776281810578855e-08,8.925877081286335184e-08,8.993098194755644538e-08,9.060256419947823179e-08,9.127137920513103337e-08,9.193492561974014101e-08,9.259027056978276879e-08,9.323396644935858397e-08,9.386194963870606469e-08,9.446941686378863274e-08,9.505067378134513216e-08,9.559894880906759837e-08,9.610616303761062806e-08,9.656264456375081974e-08,9.695677658639572857e-08,9.727459392585654473e-08,9.749948069354342960e-08,9.761267625898832205e-08,9.800766105026289638e-08,9.868044445431104807e-08,9.963179778151130244e-08,1.008643281367429421e-07,1.023816252828962586e-07,1.041879002306153880e-07,1.062877393861346578e-07,1.086859059550179723e-07,1.113871652376393217e-07,1.143961152771085304e-07,1.177170041429234252e-07,1.213535149974021270e-07,1.253085022154217013e-07,1.295836662758489950e-07,1.341791605882706532e-07,1.390931280599762073e-07,1.443211673144164159e-07,1.498557273042417717e-07,1.556854260582773930e-07,1.617942939705000466e-07,1.681610351987359133e-07,1.747590513063249223e-07,1.815606528643459320e-07,1.877898929634290597e-07,1.954242414710440920e-07,2.045761164973968468e-07,2.153925992707326970e-07,2.280458568487346726e-07,2.427336337687456628e-07,2.596824541154143946e-07,2.791519708158281551e-07,3.014403525356518148e-07,3.268908188835863764e-07,3.558994811635395899e-07,3.889246807791589803e-07,4.264980621067766806e-07,4.692376803563732704e-07,5.178635266053269990e-07,5.732159439940348742e-07,6.362775016159538539e-07,7.081989803729914426e-07,7.903302178646489065e-07,8.842567110070400469e-07,9.918433187405765610e-07,1.115288367997512779e-06,1.257200404671441950e-06,1.420739399152251306e-06,1.594744619831044908e-06,1.757616100041495164e-06,1.908584636403083912e-06,2.046753645109842301e-06,2.171232094198317326e-06,2.281173386743486649e-06,2.375794603718019019e-06,2.454394493742674666e-06,2.516372592371669857e-06,2.561248347410237830e-06,2.588678236758738362e-06,2.598468726347003602e-06,2.590583263930850012e-06,2.565142220065102594e-06,2.522415642038883866e-06,2.462809735391616161e-06,2.386848955661494175e-06,2.295156269589612578e-06,2.188434308234194895e-06,2.067449608178054222e-06,1.933020690119005001e-06,1.786006578013035696e-06,1.627275540737038167e-06,1.457575987931805124e-06,1.299039545194544576e-06,1.160288480602201953e-06,1.038511732307167693e-06,9.313805168444456174e-07,8.369301183426433248e-07,7.534929388921126457e-07,6.796503725147177822e-07,6.141937610491123538e-07,5.560917046315691919e-07,5.044625542574347058e-07,4.585512706009019425e-07,4.177099570176706449e-07,3.813814538307802059e-07,3.490854606680199519e-07,3.204067412980197332e-07,2.949850555114102553e-07,2.725065468087028142e-07,2.526963863436977522e-07,2.353125316354028542e-07,2.201405094309455925e-07,2.069891888313418424e-07,1.956876917127435389e-07,1.860847092492619886e-07,1.780558934283201285e-07,1.700502226121687654e-07,1.624241455377775876e-07,1.551789032282542646e-07,1.483140294373951480e-07,1.418255124734342350e-07,1.357061288829486518e-07,1.299460851957556487e-07,1.245335921483650975e-07,1.194553454220058043e-07,1.146969324929436113e-07,1.102431826586947231e-07,1.060784714065878120e-07,1.021869860972059271e-07,9.855295790814804065e-08,9.516086462963198597e-08,9.199560932491883074e-08,8.904268016468397303e-08,8.628829629915684319e-08,8.371954350975860998e-08,8.132450252730970926e-08,7.909237417454582739e-08,7.701362156775329929e-08,7.508026120501388433e-08,7.328686951150828211e-08,7.148405852693738862e-08,6.967677607478865883e-08,6.786989984983238038e-08,6.606794024576254700e-08,6.427503170321825868e-08,6.249496187923840607e-08,6.073118859938768143e-08,5.898684311060449384e-08,5.726472605268996467e-08,5.556730195804894713e-08,5.389669640257041278e-08,5.225469846485549649e-08,5.064276998282175995e-08,4.906206215351312075e-08,4.751343925598249634e-08,4.599750866826683036e-08,4.451465589020544013e-08,4.306508296947814595e-08,4.164884855225895923e-08,4.026590773212063094e-08,3.891614993706607145e-08,3.759943705516246653e-08,3.631566481973660032e-08,3.506482641382973282e-08,3.384705696024895578e-08,3.266266261577979470e-08,3.151213609580605193e-08,3.039615776601284635e-08,2.931557902929879758e-08,2.827138305834989795e-08,2.726461762197337815e-08,2.629629660227029440e-08,2.536727150063802786e-08,2.447808202616813550e-08,2.362880502814775194e-08,2.281893145656224172e-08,2.204730820661282705e-08,2.131218160635863085e-08,2.061136930755620093e-08,1.994256867401054280e-08,1.930378939977362155e-08,1.869388847124116451e-08,1.811320136504837936e-08,1.756431593263406263e-08,1.705312782488740785e-08,1.659044263278154864e-08,1.619454425083596352e-08,1.589535375565303882e-08,1.574116830429879893e-08,1.580969172435455630e-08,1.622559538110866644e-08,1.718156117889026509e-08,1.893005428184401806e-08,2.164810873939569388e-08,2.508330272315760869e-08,2.821099681061861606e-08,2.974816038972229505e-08,3.009406063327509457e-08,3.092433222421766741e-08
3.014274732303146889e-08,2.953792775724728883e-08,2.842339686193332185e-08,2.991900499783807053e-08,3.350020207522324283e-08,3.794712771476754126e-08,4.257568644991648820e-08,4.695901955131131877e-08,5.088320576415696291e-08,5.430382528759777003e-08,5.726276707887563176e-08,5.982765785660533074e-08,6.206434469896744181e-08,6.402877520325426579e-08,6.576660048546465250e-08,6.731488449608974734e-08,6.870394203306799986e-08,6.995882072177024102e-08,7.110041274982364157e-08,7.214628320254634044e-08,7.311129782050423671e-08,7.400810997970319670e-08,7.484754678459144241e-08,7.563892043777523520e-08,7.639028221971909087e-08,7.710863083692200792e-08,7.780008337979765404e-08,7.847001490271300054e-08,7.912317122007350442e-08,7.976375860422607690e-08,8.039551348112667275e-08,8.102175482211550459e-08,8.164542164079795361e-08,8.226909776699045282e-08,8.289502584832023897e-08,8.352511230138801855e-08,8.416092468515874117e-08,8.480368269304244423e-08,8.545424365536314247e-08,8.611308311246396070e-08,8.678027066556562794e-08,8.745544094675586253e-08,8.813781984838389536e-08,8.882643510070417770e-08,8.952015198422373910e-08,9.021764491139953672e-08,9.091736328631706726e-08,9.161749033965750840e-08,9.231589332127286023e-08,9.301006304849276919e-08,9.369704035171062669e-08,9.437332644311620600e-08,9.503477371347514869e-08,9.567645308384808729e-08,9.629249416705898956e-08,9.687589597513212513e-08,9.741831068217465219e-08,9.790981539010877802e-08,9.833871657397175318e-08,9.869149873116307526e-08,9.895316608867882339e-08,9.910845151461843850e-08,9.956148499118499400e-08,1.003065495213683448e-07,1.013426107539581854e-07,1.026714817680313931e-07,1.042966966275690729e-07,1.062228390423303749e-07,1.084551085422529785e-07,1.109990098793558765e-07,1.138601037607424367e-07,1.170437800893522566e-07,1.205550252200280523e-07,1.243981601698908521e-07,1.285765312394863301e-07,1.330921397746337718e-07,1.379452043030287179e-07,1.431336566241880940e-07,1.486525860836634640e-07,1.544936702570832090e-07,1.606446818553120601e-07,1.670892756275584651e-07,1.738075086475793255e-07,1.807780524647956541e-07,1.879837424330343064e-07,1.946304617770784759e-07,2.027819000171040074e-07,2.125446115601557988e-07,2.240632563241877934e-07,2.375147702218988945e-07,2.531070191614583043e-07,2.710804955821721620e-07,2.917120103876457351e-07,3.153199383004052448e-07,3.422708952941217861e-07,3.729878926465249853e-07,4.079601156158492822e-07,4.477545608850431209e-07,4.930298596608728730e-07,5.445527236458971060e-07,6.032175826243618965e-07,6.700701372307667527e-07,7.463357354426660738e-07,8.334537151802297299e-07,9.331191768564398925e-07,1.047334129349686479e-06,1.178470676387124716e-06,1.329349415199804403e-06,1.503331238539020738e-06,1.688365287203103228e-06,1.861306735049027588e-06,2.021409041858342857e-06,2.167818375791558722e-06,2.299648140838355629e-06,2.416031478384041645e-06,2.516157473665724213e-06,2.599298796227527147e-06,2.664834546679541122e-06,2.712269493188719405e-06,2.741249551891317496e-06,2.751572810624771810e-06,2.743195353311714720e-06,2.716231439250317873e-06,2.670948081953955979e-06,2.607754618077583729e-06,2.527188311633452505e-06,2.429897236267747061e-06,2.316621435021975335e-06,2.188172476019096114e-06,2.045409749955054674e-06,1.889208731206449315e-06,1.720411861246984020e-06,1.539754192353094492e-06,1.370910027459979896e-06,1.223217578509189429e-06,1.093705677329475864e-06,9.798640529555765884e-07,8.795725595268584099e-07,7.910368659386263566e-07,7.127347671526008051e-07,6.433718074900385901e-07,5.818445933592373262e-07,5.272104162657467347e-07,4.786620389907301881e-07,4.355066904036474336e-07,3.971484780430278086e-07,3.630735719733355303e-07,3.328376436938827011e-07,3.060551613858312879e-07,2.823902477595645917e-07,2.615489013250348578e-07,2.432724732374228104e-07,2.273323951029892973e-07,2.135262959056460262e-07,2.016758871220941869e-07,1.916274124557625265e-07,1.832556204183209138e-07,1.749454707195729052e-07,1.670504448718993195e-07,1.595608647044999784e-07,1.524701698452573469e-07,1.457714031900389306e-07,1.394558838197865979e-07,1.335129317442253559e-07,1.279300279080874527e-07,1.226931289064235756e-07,1.177870179891646688e-07,1.131956461464944967e-07,1.089024475931514293e-07,1.048906259105057571e-07,1.011434115323803275e-07,9.764429318629297358e-08,9.437722715139229131e-08,9.132682912598843121e-08,8.847855417831374091e-08,8.581887129605472175e-08,8.333544209145114304e-08,8.101732130612979378e-08,7.885521586484831271e-08,7.684187653821184941e-08,7.497270751952194236e-08,7.309356940141512501e-08,7.120868051257447374e-08,6.932293711906871961e-08,6.744131864592190497e-08,6.556861344804712557e-08,6.370929654559276117e-08,6.186747205928964506e-08,6.004684231281128331e-08,5.825068924315563066e-08,5.648186394851505324e-08,5.474278407762241018e-08,5.303543983292910993e-08,5.136140924176533236e-08,4.972188278410713654e-08,4.811769679233579818e-08,4.654937441490846381e-08,4.501717243458143767e-08,4.352113188323088220e-08,4.206113020719872826e-08,4.063693270331752224e-08,3.924824105074112740e-08,3.789474346822402103e-08,3.657619213339787329e-08,3.529247047847465817e-08,3.404363902234451512e-08,3.282996670576570477e-08,3.165194912034170116e-08,3.051031181112942070e-08,2.940599392388720769e-08,2.834010540099912649e-08,2.731385049682030044e-08,2.632841255715838220e-08,2.538480069209849914e-08,2.448366851835075170e-08,2.362512770337847111e-08,2.280859197279356802e-08,2.203269609988277550e-08,2.129533399933177078e-08,2.059384686937174008e-08,1.992536761715880579e-08,1.928729987374353099e-08,1.867789366525491804e-08,1.809689253653536361e-08,1.754628135867880209e-08,1.703126197902347018e-08,1.656171456293490167e-08,1.615455086674092923e-08,1.583753948245250454e-08,1.565547873423561485e-08,1.568026858791614695e-08,1.602740759625218303e-08,1.687860247856904650e-08,1.848572772499597713e-08,2.106341292554316759e-08,2.444815558771162808e-08,2.768448067051712996e-08,2.937284878127916151e-08,2.963788649334210496e-08,3.038292677631475318e-08
2.972504874517777655e-08,2.897833458352804204e-08,2.802176643560578701e-08,2.987226707753218160e-08,3.369502154331107450e-08,3.829146530099338401e-08,4.300586329699293298e-08,4.742553298480498728e-08,5.135763038852834528e-08,5.477550033271591120e-08,5.773052519431564473e-08,6.029375155134031697e-08,6.253153724364131963e-08,6.449935957567072844e-08,6.624225180460734576e-08,6.779677870289494897e-08,6.919291591102160024e-08,7.045550446717621095e-08,7.160532399843249506e-08,7.265988846705770680e-08,7.363405014655800029e-08,7.454047040821911356e-08,7.538999529252275934e-08,7.619196036126278008e-08,7.695444090460966447e-08,7.768445835944952506e-08,7.838815054670191945e-08,7.907091129841624720e-08,7.973750376127712752e-08,8.039215084877361087e-08,8.103860579017543557e-08,8.168020537351015313e-08,8.231990822416386389e-08,8.296032024871872377e-08,8.360370917123448848e-08,8.425200987505353685e-08,8.490682202504028914e-08,8.556940117702571921e-08,8.624064428163610259e-08,8.692107016041581488e-08,8.761079517787186350e-08,8.830950396226109756e-08,8.901647532928221565e-08,8.973079270050954627e-08,9.045137980987052033e-08,9.117697218742171047e-08,9.190608275859288286e-08,9.263696017804788535e-08,9.336753817299946265e-08,9.409537375018232619e-08,9.481757162343836599e-08,9.553069166924884563e-08,9.623063570031610335e-08,9.691250958827827319e-08,9.757045731026453853e-08,9.819746608435413063e-08,9.878514911734723512e-08,9.932353023718396785e-08,9.980089331472466410e-08,1.002038343937378080e-07,1.005177735452480495e-07,1.007282864664587732e-07,1.012472366926773813e-07,1.020689874752971509e-07,1.031925299647271314e-07,1.046200175699857833e-07,1.063556155878216311e-07,1.084047349466713633e-07,1.107735229859519983e-07,1.134685014885941588e-07,1.164962806218024360e-07,1.198633022797223371e-07,1.235755793609562901e-07,1.276384045492615364e-07,1.320560074240560869e-07,1.368311443708868051e-07,1.419646127397085091e-07,1.474546903124608255e-07,1.532965173579680823e-07,1.594814715617055696e-07,1.659966577210933099e-07,1.728247845749430133e-07,1.799449883889392094e-07,1.873355983494178742e-07,1.949800909611238104e-07,2.020559070303510166e-07,2.107063677721575794e-07,2.210409753321362986e-07,2.332093521922147916e-07,2.473964535474555548e-07,2.638208152460470646e-07,2.827358131621373077e-07,3.044331815134198940e-07,3.292482964648385256e-07,3.575670257592432229e-07,3.898341397537496553e-07,4.265634072530263704e-07,4.683496040490904044e-07,5.158827737715210039e-07,5.699652170576979538e-07,6.315318553001979495e-07,7.016748266969176844e-07,7.816734371616206208e-07,8.730309266254434112e-07,9.775199351840227353e-07,1.097238989566715793e-06,1.234682290667682758e-06,1.392822434353962246e-06,1.575193295616491014e-06,1.769141066506752311e-06,1.950382304361064488e-06,2.118153529501999782e-06,2.271579371764300497e-06,2.409735407402998575e-06,2.531707963774227103e-06,2.636639296721895388e-06,2.723760973498825606e-06,2.792419138273346330e-06,2.842093846652206246e-06,2.872413425444998619e-06,2.883164137166082848e-06,2.874295177633579722e-06,2.845919042587999659e-06,2.798307432318108117e-06,2.731883020574267875e-06,2.647207501773916044e-06,2.544966236427078785e-06,2.425949390384598008e-06,2.291028530504187160e-06,2.141126063524081646e-06,1.977172974144205140e-06,1.800050649949478141e-06,1.610526653594669319e-06,1.433410243005291313e-06,1.278496310581997478e-06,1.142667037804131416e-06,1.023279023527550799e-06,9.181022347596882858e-07,8.252535476684540601e-07,7.431382779642713789e-07,6.704016564836009075e-07,6.058891607285422011e-07,5.486141142777156153e-07,4.977311033110712368e-07,4.525140122734112920e-07,4.123377214273724752e-07,3.766627154831888738e-07,3.450220268110559564e-07,3.170100842494641646e-07,2.922731644933850967e-07,2.705012545021958185e-07,2.514212420017217165e-07,2.347914752839230918e-07,2.203978959340221479e-07,2.080521573963022873e-07,1.975922723919242300e-07,1.888856419289567392e-07,1.802608586467649404e-07,1.720771442556058031e-07,1.643206787121542822e-07,1.569823085035817878e-07,1.500534599350510238e-07,1.435242820917188443e-07,1.373830690547733514e-07,1.316162854172922972e-07,1.262088329068557756e-07,1.211443913095469779e-07,1.164057657929655353e-07,1.119752165722133039e-07,1.078347638550050490e-07,1.039664669108706332e-07,1.003526785689344898e-07,9.697627825485654065e-08,9.382088824423373895e-08,9.087107903860974921e-08,8.811257134084582819e-08,8.553244598232003126e-08,8.311938204251569452e-08,8.086395821575970833e-08,7.875906015583934837e-08,7.680036478622325724e-08,7.483005431895110305e-08,7.285272954908112105e-08,7.087388744460542707e-08,6.889923234409074498e-08,6.693430493154724773e-08,6.498429737628706806e-08,6.305396087346354216e-08,6.114755617203468463e-08,5.926882542225988040e-08,5.742097758826228852e-08,5.560668560649706226e-08,5.382809543729143080e-08,5.208684733067965356e-08,5.038410908513317856e-08,4.872062032820906883e-08,4.709674612888307731e-08,4.551253767086207176e-08,4.396779732042165692e-08,4.246214522427838620e-08,4.099508456591075668e-08,3.956606277251572496e-08,3.817453548608961983e-08,3.682006123575250083e-08,3.550237285987437238e-08,3.422142522296199355e-08,3.297742958488555340e-08,3.177087548732019348e-08,3.060253717882897812e-08,2.947345807110509631e-08,2.838490415202959760e-08,2.733827665042397906e-08,2.633497677813155462e-08,2.537622223930569016e-08,2.446282690810209992e-08,2.359497064283555902e-08,2.277200235467011644e-08,2.199233054181826853e-08,2.125345485653581742e-08,2.055217521449550041e-08,1.988498276827350103e-08,1.924859981038125300e-08,1.864061141631828147e-08,1.806014098299587599e-08,1.750857922347173264e-08,1.699048208517467524e-08,1.651489159218610237e-08,1.609748034097913078e-08,1.576406784808089535e-08,1.555628149199243427e-08,1.554071827352483499e-08,1.582417860159717721e-08,1.657671316972579313e-08,1.804537962830743316e-08,2.047464842635523837e-08,2.378810980485508657e-08,2.711712308572388015e-08,2.897534977475706364e-08,2.918935410052659598e-08,2.982113225167140391e-08
2.929812198437570425e-08,2.840004284414571603e-08,2.764732662929799041e-08,2.985571095549480775e-08,3.390856258697341310e-08,3.864674242896583930e-08,4.343918517574547845e-08,4.788854305240595768e-08,5.182443093852337087e-08,5.523759875925428660e-08,5.818800598177339937e-08,6.074942260831881904e-08,6.298834756557388731e-08,6.495963138266836815e-08,6.670763710014941460e-08,6.826842017787174520e-08,6.967162119053993417e-08,7.094188207848583104e-08,7.209987724668645525e-08,7.316307587396400131e-08,7.414632211688378146e-08,7.506228991009067588e-08,7.592184822014543895e-08,7.673435953817619634e-08,7.750792643132814681e-08,7.824959612120119615e-08,7.896553007596142127e-08,7.966114375442431092e-08,8.034122048791246633e-08,8.101000276328292469e-08,8.167126371109358745e-08,8.232836129803584188e-08,8.298427750073892830e-08,8.364164455108630039e-08,8.430276015999065373e-08,8.496959342750617597e-08,8.564378292090042655e-08,8.632662814346647335e-08,8.701907532418297499e-08,8.772169813360641036e-08,8.843467357907435474e-08,8.915775296041505412e-08,8.989028804518873663e-08,9.063144192275769044e-08,9.138022556119455612e-08,9.213547030137013554e-08,9.289579458227810291e-08,9.365956350623112945e-08,9.442483948816218544e-08,9.518932177670577959e-08,9.595027207286140645e-08,9.670442280417084253e-08,9.744786387364189783e-08,9.817590301907993062e-08,9.888289463494623244e-08,9.956203288840132042e-08,1.002051092833492510e-07,1.008022473928167183e-07,1.013416595099643144e-07,1.018095454229459840e-07,1.021904145050768494e-07,1.024683867052846028e-07,1.030613325592114682e-07,1.039644866118267008e-07,1.051783268689936878e-07,1.067065066825327683e-07,1.085546070997997367e-07,1.107293997568448792e-07,1.132383700121544365e-07,1.160893734717723290e-07,1.192903584354474155e-07,1.228491117016307647e-07,1.267729951758908928e-07,1.310686451682231288e-07,1.357416101208543832e-07,1.407959075934498571e-07,1.462334875097779678e-07,1.520535956266336305e-07,1.582520408463405171e-07,1.648203903550323260e-07,1.717451681931563421e-07,1.790072625302201855e-07,1.865820614712902228e-07,1.944415360280459749e-07,2.025605526741689539e-07,2.100767433068505791e-07,2.192107212641390558e-07,2.300796189775155639e-07,2.428444136718340718e-07,2.577018209469225063e-07,2.748821458106096662e-07,2.946508734092091856e-07,3.173125468529832989e-07,3.432163465533580007e-07,3.727631920927515858e-07,4.064143799109217843e-07,4.447018807958400184e-07,4.882405143741783346e-07,5.377423319292384294e-07,5.940336934807713303e-07,6.580757282532533638e-07,7.309891256759319862e-07,8.140845316860447731e-07,9.089002581833705385e-07,1.017249619093160787e-06,1.141281093548875981e-06,1.283555850669741561e-06,1.447148492447338237e-06,1.635770473389595144e-06,1.836429636024129047e-06,2.024076085589196743e-06,2.197938847924367637e-06,2.357069614130419303e-06,2.500458137839047653e-06,2.627110191975587590e-06,2.736098389430898288e-06,2.826597309933777219e-06,2.897908766303269622e-06,2.949480091630884304e-06,2.980916938556381159e-06,2.991991432913857229e-06,2.982646238506514111e-06,2.952994936400570126e-06,2.903318986711405881e-06,2.834061390282730301e-06,2.745816994148091489e-06,2.639319152648176180e-06,2.515422048342609182e-06,2.375077158217150313e-06,2.219300727884878661e-06,2.049125815398496965e-06,1.865526256048553756e-06,1.669300021204546832e-06,1.486019910444302297e-06,1.325698688049380510e-06,1.185056640019967464e-06,1.061355208783106157e-06,9.523016042843774080e-07,8.559661517467921781e-07,7.707165325951397764e-07,6.951657464136942508e-07,6.281306767581649677e-07,5.685988107619166914e-07,5.157012281268257137e-07,4.686904186296479543e-07,4.269218304404528262e-07,3.898383211807771064e-07,3.569569001764867452e-07,3.278573259821866459e-07,3.021722659746612472e-07,2.795788427937089948e-07,2.597914988494654207e-07,2.425562276764581351e-07,2.276463859369156295e-07,2.148605926922604233e-07,2.040238002071419504e-07,1.949930306033292143e-07,1.860442859274876799e-07,1.775516135080930837e-07,1.695038893354364569e-07,1.618934272587711789e-07,1.547118629661636496e-07,1.479487359072137267e-07,1.415912891330590854e-07,1.356247209398682498e-07,1.300325673409580795e-07,1.247970982466268118e-07,1.198996930380524586e-07,1.153211896847021549e-07,1.110422077650866182e-07,1.070434456562915175e-07,1.033059525547043376e-07,9.981137808341037926e-08,9.654220459461530655e-08,9.348196835480692711e-08,9.061547590091863927e-08,8.792902385875610506e-08,8.541063935607343102e-08,8.305038194687848939e-08,8.084079885792412091e-08,7.877765454242599744e-08,7.670011787616696922e-08,7.461420555872891024e-08,7.252667575470827225e-08,7.044429640522272627e-08,6.837351028967130182e-08,6.632028272860003775e-08,6.429002471054030749e-08,6.228754721814585073e-08,6.031703167948144269e-08,5.838201326618208935e-08,5.648537773435563204e-08,5.462937317620485153e-08,5.281563742796891027e-08,5.104524083994558623e-08,4.931874304283738824e-08,4.763626141431579431e-08,4.599754823839207035e-08,4.440207308958098318e-08,4.284910676889878623e-08,4.133780315553758569e-08,3.986727558784254678e-08,3.843667677095166505e-08,3.704531201048249467e-08,3.569271527629001682e-08,3.437869947947559908e-08,3.310339484981664350e-08,3.186727566011174310e-08,3.067117093034190506e-08,2.951625044361826749e-08,2.840397419252175371e-08,2.733599244695261614e-08,2.631398653960596748e-08,2.533944873224266504e-08,2.441341390706662007e-08,2.353617519610303572e-08,2.270703596231858228e-08,2.192416461023938211e-08,2.118461790630436339e-08,2.048457665619802066e-08,1.981979606871686401e-08,1.918622429447720050e-08,1.858070860063595880e-08,1.800171419340870679e-08,1.745004239978566530e-08,1.692965165636184181e-08,1.644883494943113474e-08,1.602215685408671626e-08,1.567367962718598801e-08,1.544216387164173848e-08,1.538939200365771218e-08,1.561404707831390201e-08,1.627428863332551210e-08,1.760885947827117193e-08,1.988409315653232834e-08,2.310639107544050387e-08,2.650898912351285128e-08,2.855116885603013385e-08,2.874881231746289738e-08,2.924163192885449318e-08
2.885829097793420891e-08,2.780631910228569371e-08,2.730376905301904133e-08,2.986840314294187808e-08,3.413995098823732716e-08,3.901209625516010877e-08,4.387458754104810997e-08,4.834714039559449677e-08,5.228302259906786305e-08,5.568980193564613661e-08,5.863503912608589452e-08,6.119455776081770611e-08,6.343466730532769835e-08,6.540946238180664757e-08,6.716259833454237411e-08,6.872961819144488922e-08,7.013983449182471585e-08,7.141769860249993623e-08,7.258378724899488208e-08,7.365553102939216302e-08,7.464777106940591702e-08,7.557319813496327983e-08,7.644270781013309600e-08,7.726569280305093972e-08,7.805028596317862341e-08,7.880356310944202859e-08,7.953171204978178190e-08,8.024017250814050237e-08,8.093375065081126176e-08,8.161671127161471279e-08,8.229285029947101935e-08,8.296555003258485329e-08,8.363781931471179882e-08,8.431232070703898492e-08,8.499138654545555556e-08,8.567702558948075248e-08,8.637092175560616068e-08,8.707442617951553014e-08,8.778854356766077135e-08,8.851391348090990057e-08,8.925078684584929900e-08,8.999899762047843431e-08,9.075798976856680373e-08,9.152702913182354791e-08,9.230524168607137464e-08,9.309158815329287131e-08,9.388483325012327032e-08,9.468350824758023095e-08,9.548586514843970382e-08,9.628982030959123656e-08,9.709288471126343642e-08,9.789207725425439801e-08,9.868381638096053880e-08,9.946378386411452150e-08,1.002267526349795609e-07,1.009663678140168604e-07,1.016748664933278365e-07,1.023427179850659635e-07,1.029581677064140148e-07,1.035067016222381875e-07,1.039706230585231812e-07,1.043296121199038438e-07,1.050040859098649339e-07,1.059922309028794186e-07,1.072980814405721057e-07,1.089280537215344296e-07,1.108899057724064943e-07,1.131922768307611605e-07,1.158443677525254408e-07,1.188556820789312551e-07,1.222357983686319070e-07,1.259941499202762776e-07,1.301397856951017198e-07,1.346810831324465418e-07,1.396253842034433093e-07,1.449785307300445482e-07,1.507442807105524604e-07,1.569235898016429671e-07,1.635137372624682099e-07,1.705072629052950003e-07,1.778906666679758937e-07,1.856428248954081241e-07,1.937332209500160690e-07,2.021210714709491606e-07,2.107603990128669408e-07,2.187365902960476006e-07,2.283363062754912578e-07,2.396964478993323461e-07,2.529991736964374972e-07,2.684572203582518277e-07,2.863135539956810870e-07,3.068447634125371594e-07,3.303659255815828281e-07,3.572367203012120642e-07,3.878688481625548291e-07,4.227348651031179960e-07,4.623785772372485434e-07,5.074271839429176429e-07,5.586054552081123168e-07,6.167523953821755148e-07,6.828410774060448122e-07,7.580026241140340082e-07,8.435556714718728278e-07,9.410431148661553327e-07,1.052278625531945094e-06,1.179406608243202351e-06,1.324982455163677055e-06,1.492092974457713315e-06,1.684579347797285512e-06,1.889494012719823166e-06,2.081550395886501564e-06,2.259895560785187837e-06,2.423405915310491280e-06,2.570921144228437867e-06,2.701328960152362906e-06,2.813609488694462146e-06,2.906865900996438587e-06,2.980346523104785562e-06,3.033460386048240568e-06,3.065787478091067942e-06,3.077084733620569093e-06,3.067288711340199423e-06,3.036515714794561479e-06,2.985059734509556662e-06,2.913388137428460587e-06,2.822134630415130523e-06,2.712088777833018038e-06,2.584181210624051092e-06,2.439463375947299118e-06,2.279079917695919530e-06,2.104228405339562089e-06,1.916079268858855338e-06,1.715544565073167246e-06,1.528438105974688755e-06,1.364648016620542197e-06,1.220759035830910496e-06,1.094009355186285180e-06,9.821065182066949049e-07,8.831236519263107761e-07,7.954289931215570328e-07,7.176329825738053363e-07,6.485471385088106944e-07,5.871514742015029046e-07,5.325682454834614156e-07,4.840404314101313020e-07,4.409137744110838042e-07,4.026215229234094351e-07,3.686712704579088498e-07,3.386334849965907963e-07,3.121314772013844530e-07,2.888326684595045905e-07,2.684410994580025233e-07,2.506911888983826240e-07,2.353428303843673359e-07,2.221781261983331615e-07,2.110015289986717310e-07,2.016511945483990931e-07,1.923610195081759349e-07,1.835310259778943384e-07,1.751611516979635472e-07,1.672492230373363447e-07,1.597884223493815793e-07,1.527678267081792988e-07,1.461733556652872702e-07,1.399885640804187675e-07,1.341952509173747440e-07,1.287739399590297902e-07,1.237042859793861420e-07,1.189654402096723535e-07,1.145363884750908327e-07,1.103962628744305212e-07,1.065246254055058786e-07,1.029017259777233140e-07,9.950874193501226899e-08,9.632800672686024975e-08,9.334323099884570086e-08,9.053971457083132903e-08,8.790454859760291367e-08,8.542682806283875319e-08,8.309803838288455418e-08,8.091334133846777226e-08,7.871028078374058539e-08,7.649765048494937986e-08,7.428415514621554048e-08,7.207791257354209264e-08,6.988637205427055969e-08,6.771630300278619210e-08,6.557377822433214060e-08,6.346414711185344916e-08,6.139200783901197902e-08,5.936118763924825584e-08,5.737473771729540033e-08,5.543494669967225215e-08,5.354337423148520255e-08,5.170090440142690326e-08,4.990781710724383790e-08,4.816387425061553567e-08,4.646841677225618700e-08,4.482046800345908796e-08,4.321883860872699659e-08,4.166222850075046572e-08,4.014932148288596330e-08,3.867888363644662442e-08,3.724989653163325387e-08,3.586163853009732991e-08,3.451373843734796223e-08,3.320621906339632654e-08,3.193953023114043104e-08,3.071456521893489325e-08,2.953264935846900967e-08,2.839548545479897490e-08,2.730503932468183824e-08,2.626335201819798806e-08,2.527227520454446209e-08,2.433314386968236623e-08,2.344642465199081613e-08,2.261140381619053463e-08,2.182599689644112526e-08,2.108676124703607917e-08,2.038916497942451865e-08,1.972811250759482248e-08,1.909866358896091718e-08,1.849683674126140282e-08,1.792038921357301739e-08,1.736953334778721444e-08,1.684768012167397698e-08,1.636246679985697496e-08,1.592748247232866535e-08,1.556521565231282098e-08,1.531184085723175699e-08,1.522478852891486206e-08,1.539526393352911725e-08,1.596967046299444004e-08,1.717571200841440074e-08,1.929373148227949439e-08,2.240643041584238194e-08,2.586084729141992191e-08,2.809592913842951869e-08,2.831557466735751609e-08,2.864780155683066388e-08
2.840164035184550495e-08,2.720126677454544781e-08,2.699422210252354909e-08,2.990920244000924228e-08,3.438835815903898385e-08,3.938661704450164950e-08,4.431098833908752660e-08,4.880045785628951884e-08,5.273288172299066799e-08,5.613184211847171096e-08,5.907148790776760484e-08,6.162906334753119179e-08,6.387039871646872450e-08,6.584872966804385342e-08,6.760697971885466188e-08,6.918018230458431267e-08,7.059733129713648752e-08,7.188269673893153690e-08,7.305676527054986544e-08,7.413693490034362223e-08,7.513804850500702166e-08,7.607281762246978935e-08,7.695216782317350822e-08,7.778552501209292061e-08,7.858105503569076061e-08,7.934586484814044043e-08,8.008617102768453554e-08,8.080743994781181018e-08,8.151450300858736171e-08,8.221164978876939474e-08,8.290270164571169019e-08,8.359106807549971833e-08,8.427978798995062530e-08,8.497155793011784909e-08,8.566874909178402736e-08,8.637341487091314351e-08,8.708729043703211251e-08,8.781178560594510281e-08,8.854797200957524181e-08,8.929656525224071320e-08,9.005790240380074947e-08,9.083191481830912833e-08,9.161815641586364046e-08,9.241601710422221008e-08,9.322476352663348696e-08,9.404351683724059405e-08,9.487122580361853681e-08,9.570663406203386785e-08,9.654824000535023971e-08,9.739424731785856428e-08,9.824250353163719728e-08,9.909042307525248002e-08,9.993488995643512273e-08,1.007721331551772731e-07,1.015975643610706513e-07,1.024055614628820185e-07,1.031891689690563803e-07,1.039396607928183657e-07,1.046458547171248104e-07,1.052929510302391518e-07,1.058604940945620054e-07,1.063193526052085947e-07,1.070802910089771861e-07,1.081538311792477219e-07,1.095510453258157401e-07,1.112821790046692602e-07,1.133576609562610743e-07,1.157883554805721712e-07,1.185854791793012875e-07,1.217604548733455283e-07,1.253247567083739786e-07,1.292897490162519196e-07,1.336664998254270798e-07,1.384655346552373125e-07,1.436964934131281506e-07,1.493676605025526170e-07,1.554853478606087484e-07,1.620531124715308651e-07,1.690707712112834306e-07,1.765331242090698168e-07,1.844281968121523274e-07,1.927345618718220620e-07,2.014165778122391999e-07,2.104155035931561494e-07,2.196410097427658723e-07,2.281232304017897852e-07,2.381563118086550707e-07,2.499489375992349343e-07,2.637210661820437758e-07,2.797040829993436399e-07,2.981528373768725669e-07,3.193531450184434915e-07,3.436279165055198753e-07,3.713438186605945052e-07,4.029189748999249084e-07,4.388319481405300104e-07,4.796321575777195663e-07,5.259518364017593844e-07,5.785197058154553043e-07,6.381767222712811826e-07,7.058945231049226320e-07,7.827975208517583839e-07,8.701899474052638715e-07,9.695895424591576828e-07,1.082770077194127473e-06,1.211814898014581066e-06,1.359180901441607520e-06,1.527777598417792921e-06,1.721211595296491132e-06,1.927358271228192684e-06,2.121836174903033992e-06,2.303153114761533223e-06,2.469792248299052067e-06,2.620374775867944088e-06,2.753641472420604664e-06,2.868463444607022453e-06,2.963862666303081095e-06,3.039028708664708253e-06,3.093330113684114589e-06,3.126320947988361559e-06,3.137743605584637531e-06,3.127529316663971506e-06,3.095797632082262947e-06,3.042855449389931809e-06,2.969195258608794597e-06,2.875491568770160630e-06,2.762594268293729414e-06,2.631518052037210551e-06,2.483427625357887896e-06,2.319620664775749819e-06,2.141523009866272544e-06,1.950717283061799872e-06,1.748795603058880993e-06,1.560686313924171126e-06,1.395479477403919527e-06,1.249911700299226008e-06,1.121358713766180285e-06,1.007612839835540175e-06,9.068042627983496714e-07,8.173409463991679581e-07,7.378601800256138880e-07,6.671906288367725550e-07,6.043223685329690269e-07,5.483827425532167905e-07,4.986164689788349794e-07,4.543688445028440211e-07,4.150712212861012126e-07,3.802282088873291321e-07,3.494062774453440870e-07,3.222236051630330210e-07,2.983411117145050243e-07,2.774546462508806289e-07,2.592882904645212644e-07,2.435885948154099859e-07,2.301185583457824689e-07,2.186492452728179336e-07,2.089615541621907807e-07,1.992934553322281787e-07,1.900806328314641988e-07,1.813465679227112715e-07,1.730969550081829474e-07,1.653258380286852229e-07,1.580208000178359977e-07,1.511656097048658021e-07,1.447415689268733278e-07,1.387282807796014284e-07,1.331041545436397230e-07,1.278468045743722180e-07,1.229334157600915033e-07,1.183410927395361848e-07,1.140471839209605709e-07,1.100295702615458956e-07,1.062669209139099130e-07,1.027389295510063257e-07,9.942654550292493703e-08,9.631220027337655515e-08,9.338001232300052655e-08,9.061593162644576518e-08,8.800770071564694040e-08,8.554445111634668182e-08,8.321716868449773781e-08,8.086669120275973883e-08,7.850656374665762971e-08,7.614786561605474008e-08,7.380007859206747126e-08,7.147160832513465606e-08,6.916998958213627365e-08,6.690193350627648380e-08,6.467330974572114503e-08,6.248911052786570486e-08,6.035342070711261965e-08,5.826940625742023541e-08,5.623932730073464721e-08,5.426457776426730394e-08,5.234575097316096802e-08,5.048272842906549446e-08,4.867478750870716868e-08,4.692072277003606860e-08,4.521897495151151763e-08,4.356776157288811669e-08,4.196520326020039593e-08,4.040944046882375250e-08,3.889875340334308742e-08,3.743171674075853850e-08,3.600728683844224441e-08,3.462485970990413520e-08,3.328432115361683177e-08,3.198608779299330794e-08,3.073113108579744731e-08,2.952096988880348716e-08,2.835761201070048809e-08,2.724342315768050058e-08,2.618090524875875102e-08,2.517237790060518026e-08,2.421957857852002779e-08,2.332322718802752621e-08,2.248263355094403315e-08,2.169544957321442047e-08,2.095766739188893623e-08,2.026392960998768583e-08,1.960814956439868972e-08,1.898435796531481617e-08,1.838763149105385533e-08,1.781495550797059501e-08,1.726594886834267215e-08,1.674352801799024130e-08,1.625477458865966143e-08,1.581243959750216345e-08,1.543761686517550527e-08,1.516415407322967638e-08,1.504555824470635526e-08,1.516621560960820990e-08,1.566119762578072545e-08,1.674521633827834518e-08,1.870521062124134503e-08,2.169177057063854549e-08,2.517415949668184159e-08,2.760554084755749369e-08,2.788785638670545909e-08,2.804362217443756956e-08
2.792417148682639354e-08,2.658978988585925750e-08,2.672115167705638074e-08,2.997683578617053439e-08,3.465299326273020508e-08,3.976934095069505567e-08,4.474729761469947512e-08,4.924767840577656822e-08,5.317354700098783372e-08,5.656349981202709245e-08,5.949724582910740936e-08,6.205286258528300675e-08,6.429545284325799223e-08,6.627731459915615949e-08,6.804062716823535843e-08,6.961992218717356113e-08,7.104388602572904348e-08,7.233661711005616361e-08,7.351851951752662255e-08,7.460696438740220756e-08,7.561680079400325566e-08,7.656076463936135060e-08,7.744981450644976954e-08,7.829341214671982840e-08,7.909975880171293498e-08,7.987599479396393572e-08,8.062836760587957710e-08,8.136237235127839075e-08,8.208286776581323616e-08,8.279417038325093741e-08,8.350012929186836769e-08,8.420418369469033242e-08,8.490940537397655683e-08,8.561852804814486534e-08,8.633396548481623755e-08,8.705782008247057539e-08,8.779188344734269848e-08,8.853763026836600747e-08,8.929620653122794979e-08,9.006841281546156288e-08,9.085468309066945415e-08,9.165505907684947101e-08,9.246922027418015419e-08,9.329669937597222139e-08,9.413692619446976568e-08,9.498920951812390777e-08,9.585271524810695166e-08,9.672643987639351103e-08,9.760917807947088889e-08,9.849948280383131777e-08,9.939561565598099182e-08,1.002954845846777478e-07,1.011965645815655386e-07,1.020957950905274674e-07,1.029894443106378910e-07,1.038729240579498471e-07,1.047405255237982615e-07,1.055850154798195381e-07,1.063969491403641161e-07,1.071632847356022320e-07,1.078638349091036529e-07,1.084594493955247010e-07,1.092998309011316427e-07,1.104525075458310238e-07,1.119370106228102781e-07,1.137664474307172277e-07,1.159537092065141868e-07,1.185120157363938056e-07,1.214547953024021132e-07,1.247955968070221994e-07,1.285480043805226251e-07,1.327255537458334343e-07,1.373416318563891654e-07,1.424093078302553324e-07,1.479410392314926456e-07,1.539482154450039084e-07,1.604405235435448181e-07,1.674251360452127616e-07,1.749056998308226537e-07,1.828810311670644787e-07,1.913433319478322547e-07,2.002755728398405212e-07,2.096457605385158072e-07,2.193854886610266814e-07,2.292835225509479120e-07,2.384105063055941460e-07,2.487776318097007286e-07,2.609110296953416801e-07,2.750706419164081584e-07,2.914969398385180393e-07,3.104518925448138795e-07,3.322274986034807804e-07,3.571513359353985649e-07,3.855933343198627468e-07,4.179735962150450403e-07,4.547714724482035479e-07,4.965360056962695381e-07,5.438976565403605002e-07,5.975812650279156824e-07,6.584204258552305276e-07,7.273737925412480434e-07,8.055442185017580188e-07,8.942019739947372922e-07,9.948135420036049554e-07,1.109078415518775119e-06,1.238977392101085398e-06,1.386816313019272322e-06,1.555114278630874441e-06,1.745370720019072570e-06,1.948246098467816693e-06,2.143753331084604538e-06,2.326873117346507528e-06,2.495554700509101826e-06,2.648239119079069714e-06,2.783527433299868718e-06,2.900177211186490200e-06,2.997126310046952313e-06,3.073505578470217209e-06,3.128645384822200785e-06,3.162077331274960244e-06,3.173532385561035487e-06,3.162937950692594330e-06,3.130416160171381754e-06,3.076284327793256190e-06,3.001056815162009128e-06,2.905446215060848089e-06,2.790361506228000005e-06,2.656902126533779210e-06,2.506346856690846607e-06,2.340133138848340322e-06,2.159866656692854339e-06,1.967667693799292303e-06,1.768696177435105265e-06,1.583482361087171791e-06,1.418753829660542115e-06,1.272929912099132080e-06,1.143724457830746246e-06,1.029074839406998610e-06,9.272127660485525943e-07,8.366210563011804603e-07,7.559903338116463712e-07,6.841864431780881496e-07,6.202249957956374681e-07,5.632506834396240827e-07,5.125199664145841624e-07,4.673860870071625620e-07,4.272856664830819065e-07,3.917264536248087436e-07,3.602760525385029627e-07,3.325516519705250075e-07,3.082108650822023699e-07,2.869437194461256274e-07,2.684658381255115005e-07,2.525132014460545320e-07,2.388356770667853996e-07,2.271678117371054504e-07,2.170495321677581023e-07,2.069389824974176484e-07,1.972676242815142084e-07,1.881133107826358625e-07,1.794831016711728293e-07,1.713665170536012210e-07,1.637469116394928934e-07,1.566045253291727421e-07,1.499176404054555579e-07,1.436631808253995920e-07,1.378170779934852190e-07,1.323545870473547338e-07,1.272506331403680480e-07,1.224801775207749695e-07,1.180185592680709008e-07,1.138417819214391611e-07,1.099267484985765378e-07,1.062514776517412289e-07,1.027953355582371028e-07,9.953928495269079156e-08,9.646612179578689863e-08,9.356068688359082207e-08,9.080975787519272550e-08,8.819962163167325600e-08,8.569949041980753736e-08,8.317416159537952734e-08,8.064271139682491705e-08,7.811762446084783383e-08,7.560913788119538043e-08,7.312633403811293211e-08,7.067740170077068965e-08,6.826965218261995612e-08,6.590946157647491688e-08,6.360220131267002702e-08,6.135218439614481386e-08,5.916264046303893450e-08,5.703572550705196503e-08,5.497256762396257510e-08,5.297334697115229654e-08,5.103740579363308759e-08,4.916338262863585570e-08,4.734936360838026549e-08,4.559304312624686654e-08,4.389188600743889839e-08,4.224328369831855614e-08,4.064469779011677717e-08,3.909380513151583440e-08,3.758867571586252909e-08,3.612786649318922953e-08,3.471048471722726556e-08,3.333624622602569339e-08,3.200552658882502832e-08,3.071939495339816845e-08,2.947961244366825963e-08,2.828857036527338436e-08,2.714914047795207374e-08,2.606441332573481181e-08,2.503731459180670538e-08,2.407011605995349201e-08,2.316389579543935759e-08,2.231804399714384712e-08,2.152994157312892478e-08,2.079493869319761463e-08,2.010671602373669689e-08,1.945802406136542174e-08,1.884169114561721750e-08,1.825171175694811880e-08,1.768421821621505095e-08,1.713822571425297889e-08,1.661621326051106743e-08,1.612481650950321654e-08,1.567609443657285891e-08,1.528992499568393288e-08,1.499807021244426618e-08,1.485050412679477144e-08,1.492544058336060467e-08,1.534725230551250803e-08,1.631643333081235156e-08,1.811981157083307786e-08,2.096596961529570525e-08,2.445104986456669547e-08,2.707636069650960674e-08,2.746276894468634803e-08,2.743354618998556945e-08
2.742197545500566884e-08,2.597752350608106929e-08,2.648629275367858757e-08,3.006996998162845190e-08,3.493308915755762202e-08,4.015924595216589365e-08,4.518242845393609820e-08,4.968804215525736212e-08,5.360461952907554946e-08,5.698460059299975458e-08,5.991223316865859209e-08,6.246589297648551234e-08,6.470974787618693175e-08,6.669510187746533071e-08,6.846338788010136163e-08,7.004864753286818633e-08,7.147927219041883820e-08,7.277919860729902173e-08,7.396875564741466801e-08,7.506529298670325853e-08,7.608366998558004716e-08,7.703665013704240467e-08,7.793522770332804292e-08,7.878890258243387705e-08,7.960591346953533061e-08,8.039343595708195625e-08,8.115775023804991210e-08,8.190438192856842718e-08,8.263821886458831246e-08,8.336360635109743771e-08,8.408442312917134613e-08,8.480414019875419114e-08,8.552586454370511915e-08,8.625236971788980312e-08,8.698611514616899735e-08,8.772925585940628825e-08,8.848364421133824654e-08,8.925082491484927012e-08,9.003202448650143611e-08,9.082813590405963676e-08,9.163969896723710841e-08,9.246687651440377418e-08,9.330948654688979497e-08,9.416721995053822845e-08,9.503968813309968932e-08,9.592640969230798931e-08,9.682679452934955241e-08,9.774012478261286251e-08,9.866553176016591771e-08,9.960196777534417498e-08,1.005481713991110652e-07,1.015026240720352470e-07,1.024634951633333282e-07,1.034285712543290521e-07,1.043951634017119382e-07,1.053599831189284448e-07,1.063189740448615373e-07,1.072670855401676352e-07,1.081979991795207023e-07,1.091039846663093130e-07,1.099769479264769737e-07,1.108162782518778138e-07,1.116724232689429083e-07,1.128898674843524654e-07,1.144551076067928496e-07,1.163779587558270912e-07,1.186732843133619874e-07,1.213568365662191914e-07,1.244444025356056157e-07,1.279518035873794507e-07,1.318948798220817012e-07,1.362895019754708307e-07,1.411516086731237157e-07,1.464971697576187422e-07,1.523419790855917845e-07,1.587012240530425578e-07,1.655888325008543544e-07,1.730166483798333305e-07,1.809934860232732370e-07,1.895239769180545051e-07,1.986071078622512613e-07,2.082359378985402225e-07,2.184034740798408748e-07,2.291378342578014955e-07,2.397165825491752085e-07,2.500197802566591431e-07,2.603079586936471229e-07,2.726543046241824353e-07,2.871147851143341232e-07,3.039005561268004286e-07,3.232749858117189656e-07,3.455338530923146253e-07,3.710061725034383953e-07,4.000613231551976434e-07,4.331168654754342065e-07,4.706476925165743070e-07,5.131966967449722486e-07,5.613864376907120296e-07,6.159313528273149909e-07,6.776503997832305623e-07,7.474804846061510468e-07,8.264916122545147747e-07,9.159050166550045165e-07,1.017114942666870271e-06,1.131716603464271554e-06,1.261565788457927300e-06,1.408953829477286860e-06,1.577269567966178884e-06,1.757142961546568302e-06,1.947530652717070358e-06,2.146181496217724835e-06,2.330436770878602220e-06,2.500218785350099539e-06,2.654142881338278850e-06,2.790694141907046975e-06,2.908510707976432225e-06,3.006448875813268176e-06,3.083586701960923664e-06,3.139224255119038568e-06,3.172879248041130059e-06,3.184278011972977549e-06,3.173346886740905440e-06,3.140208428877391556e-06,3.085184025240734478e-06,3.008801467644999308e-06,2.911803227880972890e-06,2.795150489147074790e-06,2.660023063018871748e-06,2.507816506009001310e-06,2.340078288127202601e-06,2.158225152436892090e-06,1.962360326261639499e-06,1.775339433587044835e-06,1.599479292296446231e-06,1.435451519871018654e-06,1.290460094758959784e-06,1.161608515247171940e-06,1.046891328865766959e-06,9.446703552737448146e-07,8.535339134808720924e-07,7.722475154201078891e-07,6.997299710357875990e-07,6.350345797385407618e-07,5.773330973607574270e-07,5.259018782590621159e-07,4.801092726874805624e-07,4.394036174325149501e-07,4.033015642245127800e-07,3.713768103697677364e-07,3.432495652821537853e-07,3.185772044421879981e-07,2.970461560289295189e-07,2.783647848740580120e-07,2.622617539467235637e-07,2.485007958926964475e-07,2.369580646817879007e-07,2.260162985437202685e-07,2.154120941516651870e-07,2.051450277505823580e-07,1.955063957725230660e-07,1.864507613059698864e-07,1.779516051669433125e-07,1.699849578722409647e-07,1.625263630335425863e-07,1.555504925926500782e-07,1.490312460638138197e-07,1.429417898257195727e-07,1.372547122462008014e-07,1.319423616311467653e-07,1.269772703751341761e-07,1.223325389301807777e-07,1.179821095302550813e-07,1.139009420738894468e-07,1.100651727283540775e-07,1.064523452360137400e-07,1.030417132731616486e-07,9.981452276930478085e-08,9.675458754423634301e-08,9.385011464782781803e-08,9.110108390650463888e-08,8.836754862907062002e-08,8.563367538222057012e-08,8.290504566142614265e-08,8.019107496791932920e-08,7.750155994144352059e-08,7.484591401315495078e-08,7.223289285331840917e-08,6.967040519646611696e-08,6.716535057416768101e-08,6.472348716119464109e-08,6.234933956685723566e-08,6.004615335073880023e-08,5.781589902807139045e-08,5.565932479518784695e-08,5.357605425161657002e-08,5.156472296899418018e-08,4.962314585373448362e-08,4.774850591656190876e-08,4.593755435652025137e-08,4.418681182261075054e-08,4.249276131197967341e-08,4.085202431495514119e-08,3.926153548917853896e-08,3.771874545124882523e-08,3.622172184579303538e-08,3.476921913662972859e-08,3.336074677438522946e-08,3.199663285894665796e-08,3.067807061513795891e-08,2.940712512380941957e-08,2.818666927001525040e-08,2.702021344944727374e-08,2.591159718367916535e-08,2.486452711300144730e-08,2.388197840582885204e-08,2.296552453095162707e-08,2.211471429364176679e-08,2.132665557327377693e-08,2.059596687798177456e-08,1.991520134076012503e-08,1.927573566718525225e-08,1.866898188889020251e-08,1.808767822830821124e-08,1.752700171717834525e-08,1.698534704992879812e-08,1.646481850749773274e-08,1.597172811473788032e-08,1.551760153012626607e-08,1.512128401913992184e-08,1.481267937535869693e-08,1.463858032117372411e-08,1.467163973409930141e-08,1.502629908330217422e-08,1.588825821993663365e-08,1.753843570212918229e-08,2.023250504613564227e-08,2.369425344732240230e-08,2.650533491421898392e-08,2.703637568353143984e-08,2.682231489026861022e-08
2.689141731202423626e-08,2.537072711677195384e-08,2.629061804345605355e-08,3.018727480947769567e-08,3.522788390654656933e-08,4.055525134147057814e-08,4.561530878544780952e-08,5.012085222481992997e-08,5.402576181898776917e-08,5.739501151274967306e-08,6.031639354453848157e-08,6.286810388740662109e-08,6.511320769332910979e-08,6.710197878349475648e-08,6.887511002717022455e-08,7.046616806268028368e-08,7.190326262900898556e-08,7.321017880869814413e-08,7.440717735352176641e-08,7.551159153465936591e-08,7.653829471255225387e-08,7.750008082022992453e-08,7.840798209286426918e-08,7.927153850907647768e-08,8.009902791705152306e-08,8.089766272619858103e-08,8.167375729273663727e-08,8.243286913850142336e-08,8.317991659365615097e-08,8.391927515851013615e-08,8.465485472443450933e-08,8.539015970863587008e-08,8.612833409747375500e-08,8.687219332926829277e-08,8.762424486193022129e-08,8.838669915243684281e-08,8.916147261866725808e-08,8.995018395779981325e-08,9.075414496062645741e-08,9.157434669121940464e-08,9.241144160176895015e-08,9.326572183063223531e-08,9.413715365296020611e-08,9.502559767465803733e-08,9.593086052333824328e-08,9.685268681286725090e-08,9.779074986396007489e-08,9.874464092168579191e-08,9.971385653088387771e-08,1.006977836195193945e-07,1.016956816857293335e-07,1.027066612726242333e-07,1.037296576364380866e-07,1.047633981874113841e-07,1.058063620290587797e-07,1.068567301666931345e-07,1.079123269576931019e-07,1.089705602998271993e-07,1.100283854971052051e-07,1.110823402099388407e-07,1.121285830157751487e-07,1.131614756777802457e-07,1.141591116628007557e-07,1.154602781164905144e-07,1.171033531153328761e-07,1.191131697681208104e-07,1.215107851440817829e-07,1.243154057056810934e-07,1.275452467462998855e-07,1.312184883965378663e-07,1.353532868853820856e-07,1.399678840266003310e-07,1.450808814226158053e-07,1.507114326497751046e-07,1.568791745926400554e-07,1.636038209108347206e-07,1.709044361552375013e-07,1.787985463361728244e-07,1.873013411152555451e-07,1.964247693962181596e-07,2.061749067136001198e-07,2.165490255781903547e-07,2.275299760538109101e-07,2.390640832382404696e-07,2.504454866052740274e-07,2.616668047567546274e-07,2.725793039981810888e-07,2.852172646719820317e-07,2.999247859489053830e-07,3.169889372996222253e-07,3.366971099539963065e-07,3.593512238681950475e-07,3.852781555418432677e-07,4.148429145428514087e-07,4.484558904681748038e-07,4.865819943468467972e-07,5.297521766084817293e-07,5.785756197148010720e-07,6.337514426661904702e-07,6.960793918325218810e-07,7.664695994004813414e-07,8.459526433902760223e-07,9.356921065048608055e-07,1.036997048083597778e-06,1.151315926063532825e-06,1.280224423045636668e-06,1.425361836996388986e-06,1.588073491531837763e-06,1.758629297830559278e-06,1.938803419150127469e-06,2.131080814070124465e-06,2.313809873941914938e-06,2.483555565491866836e-06,2.637950871184431859e-06,2.775103591748496669e-06,2.893487132813545318e-06,2.991889238387358994e-06,3.069348296584494508e-06,3.125148599367158874e-06,3.158810002763530541e-06,3.170066801050456587e-06,3.158849160413430604e-06,3.125275715854794374e-06,3.069659772055107745e-06,2.992526758507101700e-06,2.894634442043138111e-06,2.776982662349431422e-06,2.640817800668329290e-06,2.487696386501276786e-06,2.319536971862474306e-06,2.138730942415933587e-06,1.948740527838954183e-06,1.771371791097882648e-06,1.604211780599943472e-06,1.445643834237279715e-06,1.303197164229490189e-06,1.175657783069125603e-06,1.061584948734905223e-06,9.595978583611347755e-07,8.684278223301772962e-07,7.869286569103169109e-07,7.140816267466035541e-07,6.489854057701681460e-07,5.908451410476806258e-07,5.389628236925244761e-07,4.927275806990995448e-07,4.516051598073740911e-07,4.151266346129159569e-07,3.828767133777562986e-07,3.544824850694779799e-07,3.296039443210973789e-07,3.079262085266843330e-07,2.891479015868066657e-07,2.729725670182261732e-07,2.590987629397309556e-07,2.471798703254819114e-07,2.356266356112144441e-07,2.244810444734959548e-07,2.136990449861885631e-07,2.035569354296755447e-07,1.940397813457993301e-07,1.851213488965427895e-07,1.767733579059606476e-07,1.689670390034889976e-07,1.616733620560609922e-07,1.548631746235849917e-07,1.485067359656087579e-07,1.425736516588496702e-07,1.370333053666797703e-07,1.318554643680849708e-07,1.270107661931469077e-07,1.224709559443564315e-07,1.182089144088724541e-07,1.141986665741737457e-07,1.104156166092413754e-07,1.068369984782897649e-07,1.034418905714260340e-07,1.002112028188739735e-07,9.712713656685703741e-08,9.416938704050747332e-08,9.120148434869754316e-08,8.823820880704274754e-08,8.528902837145490304e-08,8.236359437207446056e-08,7.947191221739497333e-08,7.662390819822075331e-08,7.382901774431036430e-08,7.109584549529195154e-08,6.843189249418554969e-08,6.584334926961005585e-08,6.333495656331439466e-08,6.090993496245293190e-08,5.856998258147243685e-08,5.631533730750720174e-08,5.414489744159200092e-08,5.205639207285008006e-08,5.004659040787626146e-08,4.811153773572685792e-08,4.624680490950539991e-08,4.444773827196450282e-08,4.270969784852858508e-08,4.102827326978983337e-08,3.939949318368021555e-08,3.782005470921384547e-08,3.628743222802450998e-08,3.479995457531783978e-08,3.335688487488961916e-08,3.195849942582746169e-08,3.060615018744314796e-08,2.930228317272757484e-08,2.805037410392623413e-08,2.685473619444329500e-08,2.572015790554903896e-08,2.465134723680351705e-08,2.365219880093527275e-08,2.272496043918980964e-08,2.186944623898178843e-08,2.108249718627964397e-08,2.035789512085025932e-08,1.968686380416742770e-08,1.905914613516049386e-08,1.846447317530316729e-08,1.789411104757542555e-08,1.734215341819782456e-08,1.680634976444519721e-08,1.628849964710647056e-08,1.579473008535787263e-08,1.533620935615105289e-08,1.493094248021107666e-08,1.460719364744907365e-08,1.440888913645965763e-08,1.440368143891951832e-08,1.469691669687993670e-08,1.545947545229020157e-08,1.696160731277628317e-08,1.949468183178820817e-08,2.290704635776660586e-08,2.589012087619073373e-08,2.660380740385365846e-08,2.621472834007536335e-08
2.632932634009932737e-08,2.477613782892080234e-08,2.613434716946411066e-08,3.032747401627603230e-08,3.553659977947325237e-08,4.095622091622482234e-08,4.604489353696644731e-08,5.054547930390508251e-08,5.443669583058578267e-08,5.779463719353550331e-08,6.070969055844558565e-08,6.325945432431334134e-08,6.550576058972124611e-08,6.749783455440333321e-08,6.927564255652665566e-08,7.087229360947988875e-08,7.231562980405233957e-08,7.362929446143480166e-08,7.483348701775538441e-08,7.594552902869957662e-08,7.698031118319152953e-08,7.795066031638306335e-08,7.886764854613981428e-08,7.974085748630403151e-08,8.057860546204812772e-08,8.138814287348639455e-08,8.217581931777579150e-08,8.294722524354192108e-08,8.370731047187017920e-08,8.446048170089105843e-08,8.521068101221671853e-08,8.596144735332800644e-08,8.671596294041414899e-08,8.747708648582472415e-08,8.824737508754684367e-08,8.902909651595198819e-08,8.982423349122742286e-08,9.063448136269715282e-08,9.146124038056901596e-08,9.230560349546907237e-08,9.316834033717511651e-08,9.404987771884803899e-08,9.495033651710322602e-08,9.586975432922277262e-08,9.680814134123391733e-08,9.776547779398171086e-08,9.874171157479799619e-08,9.973675606390633628e-08,1.007504884106937139e-07,1.017827484794850140e-07,1.028333388009915320e-07,1.039020260227911300e-07,1.049885446321452032e-07,1.060926042627399078e-07,1.072139029862090747e-07,1.083521512413532850e-07,1.095071156638287298e-07,1.106787010634044084e-07,1.118671044551364370e-07,1.130730967970253796e-07,1.142985122707757206e-07,1.155471637151499881e-07,1.168281827598632422e-07,1.181805136878531406e-07,1.198838501821640192e-07,1.219683758354491971e-07,1.244595040085998112e-07,1.273791180365114312e-07,1.307469849252852598e-07,1.345837130867337126e-07,1.389097474468005887e-07,1.437455102290506972e-07,1.491121598219130071e-07,1.550321914876151488e-07,1.615295841825256120e-07,1.686293980903495454e-07,1.763568174489492666e-07,1.847359373137232991e-07,1.937893087306853698e-07,2.035389020873680295e-07,2.140008621932897826e-07,2.251823130318988454e-07,2.370780138982989493e-07,2.491620423734149362e-07,2.613554951005487093e-07,2.736461019952607052e-07,2.860559368870603198e-07,2.987793906045542450e-07,3.136071143036868023e-07,3.308477836492540687e-07,3.508016824085611588e-07,3.737696947458050914e-07,4.000669112808526463e-07,4.300506737527040981e-07,4.641195018018161507e-07,5.027218356734678268e-07,5.463702292063350803e-07,5.956553624408754994e-07,6.512578937638146632e-07,7.139572349714773805e-07,7.846365090897597167e-07,8.642854227628040790e-07,9.540099655712281501e-07,1.055054175052377306e-06,1.168747473472427199e-06,1.296465890343644795e-06,1.439571716603807910e-06,1.591241214667739058e-06,1.750725198667311990e-06,1.918221236882843029e-06,2.093824611552896298e-06,2.275742766147185524e-06,2.445295333365378697e-06,2.599760928106917381e-06,2.737006974460652413e-06,2.855415740704067908e-06,2.953787865840087190e-06,3.031140864258247726e-06,3.086764071198676698e-06,3.120207671620663162e-06,3.131236421351505610e-06,3.119792785903833869e-06,3.085983604119807728e-06,3.030092162016514341e-06,2.952613810994772246e-06,2.854301101545132199e-06,2.736173896007262375e-06,2.599463933767829634e-06,2.445815032826006464e-06,2.277379264475226729e-06,2.096891139791609815e-06,1.923083045738421797e-06,1.757805946313840424e-06,1.600989262491425660e-06,1.452407366669989609e-06,1.312562744017478839e-06,1.186746857706474225e-06,1.073785439282834685e-06,9.724915014129755592e-07,8.817182306203053304e-07,8.003929320114027350e-07,7.275604392061182570e-07,6.623675835631948951e-07,6.040550546553976479e-07,5.519532917273704217e-07,5.054762655799238084e-07,4.641122757212452049e-07,4.274125061498523294e-07,3.949779955310026649e-07,3.664463557494405790e-07,3.414824410976418538e-07,3.197766895837984292e-07,3.010223917976974828e-07,2.849050078533256292e-07,2.710970769425715072e-07,2.581747285552485067e-07,2.459105138701293299e-07,2.342129300423011613e-07,2.230220669504706236e-07,2.123182612086190032e-07,2.022950439322209530e-07,1.929172311076326590e-07,1.841506991815872267e-07,1.759621478392029762e-07,1.683187039016286358e-07,1.611886218621923785e-07,1.545392991380402490e-07,1.483369179693255029e-07,1.425473090085892798e-07,1.371370255300420937e-07,1.320740463175532377e-07,1.273279184505436347e-07,1.228694359607063334e-07,1.186702500452619568e-07,1.147031265795711755e-07,1.109432071036335805e-07,1.073673409348700128e-07,1.039539908311625632e-07,1.006830674263651452e-07,9.743574288760602751e-08,9.420119203519601155e-08,9.098315495888039641e-08,8.778926636499265607e-08,8.462907861803011360e-08,8.151311314114834911e-08,7.845212096593078193e-08,7.545647645351024483e-08,7.253568681152145587e-08,6.969800674619088405e-08,6.695015246056195864e-08,6.429711188658892493e-08,6.174204837476861578e-08,5.928629383021742722e-08,5.692942513793320052e-08,5.466941509797178260e-08,5.250284634103673394e-08,5.042517417034426726e-08,4.843102234363394029e-08,4.651449479646390979e-08,4.466948642697743427e-08,4.288997735504508785e-08,4.117029739071957904e-08,3.950537625368142063e-08,3.789100132133424568e-08,3.632393417888180475e-08,3.480199580102189053e-08,3.332415967869485898e-08,3.189064883752715751e-08,3.050301835322605101e-08,2.916418980464763991e-08,2.787838991138929114e-08,2.665093612669589707e-08,2.548781347004212029e-08,2.439500775394254072e-08,2.337760839778803983e-08,2.243877059062802343e-08,2.157871840538789429e-08,2.079404440904344491e-08,2.007757070763503256e-08,1.941894454744011232e-08,1.880595318011161487e-08,1.822631836645148943e-08,1.766956635248941855e-08,1.712854770862101247e-08,1.660033267232444080e-08,1.608649545902728923e-08,1.559313719143337029e-08,1.513126701695707753e-08,1.471825672684420517e-08,1.438094614520503258e-08,1.416067707785780588e-08,1.412060233930264652e-08,1.435782216186141659e-08,1.502881282062320912e-08,1.638949152066079280e-08,1.875554795741438047e-08,2.209315934097644391e-08,2.522918351488112254e-08,2.615943196880832100e-08,2.561537255004641497e-08
2.573318726837470939e-08,2.420078189948796965e-08,2.601699633975896003e-08,3.048938173556599379e-08,3.585842171572776696e-08,4.136096977834370603e-08,4.647017664462503607e-08,5.096136479615740791e-08,5.483720013322612720e-08,5.818341573423641075e-08,6.109210458220822413e-08,6.363991092581435393e-08,6.588733819200097645e-08,6.788255989795315492e-08,6.966483508540077917e-08,7.126683427576797950e-08,7.271614616477374374e-08,7.403628202388119985e-08,7.524738642584005312e-08,7.636677351705863188e-08,7.740935425131942896e-08,7.838799043463220975e-08,7.931379558509873076e-08,8.019639411630430607e-08,8.104414576633565932e-08,8.186433971207028745e-08,8.266336147844989847e-08,8.344683506244223959e-08,8.421974235699431717e-08,8.498652181892842197e-08,8.575114828076548715e-08,8.651719580217132855e-08,8.728788545664338980e-08,8.806611993132436969e-08,8.885450676929979923e-08,8.965537199719154704e-08,9.047076575332091233e-08,9.130246136334850461e-08,9.215194910364716396e-08,9.302042565214529226e-08,9.390877995798981945e-08,9.481757597271107958e-08,9.574709192873527330e-08,9.669754526977182837e-08,9.766915259006302466e-08,9.866213251075795819e-08,9.967671001811553996e-08,1.007131227694489404e-07,1.017716300379632367e-07,1.028525251942417662e-07,1.039561529410797864e-07,1.050829329826096564e-07,1.062333925118778670e-07,1.074082110117503611e-07,1.086082826853768079e-07,1.098348048975098054e-07,1.110894062109398442e-07,1.123743363479628938e-07,1.136927548693126190e-07,1.150491800302282149e-07,1.164502103555822157e-07,1.179057748568678712e-07,1.194315555381395205e-07,1.210529851726631042e-07,1.227939323497767490e-07,1.249368892440557057e-07,1.275104912396247366e-07,1.305379783831365869e-07,1.340377976094828785e-07,1.380340816467760213e-07,1.425495153612545263e-07,1.476060355114023354e-07,1.532268534178797033e-07,1.594377625060194000e-07,1.662675969633796795e-07,1.737478375978168417e-07,1.819111212428142059e-07,1.907886841865703825e-07,2.004095879255053253e-07,2.108111831780418485e-07,2.220229728860036162e-07,2.340653361941212107e-07,2.464556955280091567e-07,2.591702787500089362e-07,2.721900656946074907e-07,2.855302870606530369e-07,2.992459769754630976e-07,3.134512416258466973e-07,3.282522659833989538e-07,3.455568614840636334e-07,3.656724235020327415e-07,3.888884364926684829e-07,4.154835577858944774e-07,4.458124005207283444e-07,4.802571859774781319e-07,5.192405384175192973e-07,5.632481342818063513e-07,6.128466680909022741e-07,6.686969011810153155e-07,7.315613606341282820e-07,8.023028183701719095e-07,8.818710805752112815e-07,9.713046684284010095e-07,1.071848654133301963e-06,1.184766466126328379e-06,1.311309501938130809e-06,1.445410875255241224e-06,1.586805837449409099e-06,1.735039296273585228e-06,1.889781250666599742e-06,2.050522723287091281e-06,2.216186118689637597e-06,2.385743537513282636e-06,2.540115761945199764e-06,2.677035017169782061e-06,2.794912619795387074e-06,2.892781276025777241e-06,2.969597066898596144e-06,3.024675820617189267e-06,3.057651026129387647e-06,3.068358307337102365e-06,3.056766688707958155e-06,3.022957651350657149e-06,2.967144807085178850e-06,2.889741252531166926e-06,2.791473586753345154e-06,2.673422826723112557e-06,2.536588613966687021e-06,2.382583199788465279e-06,2.213688433478178420e-06,2.048986502237183356e-06,1.889543560597040610e-06,1.736462719703648470e-06,1.590249799945131381e-06,1.451186501058281822e-06,1.319610177786741780e-06,1.195684436937727857e-06,1.084124969106873927e-06,9.838758586372234184e-07,8.938683272183254047e-07,8.130502888657233418e-07,7.405371617127825239e-07,6.755240478952924571e-07,6.172837932484785715e-07,5.651745288869546013e-07,5.186376972693994123e-07,4.771892531465489192e-07,4.404072605323385793e-07,4.079161064012815663e-07,3.793670729822856410e-07,3.544257734650358554e-07,3.328057813558633917e-07,3.142016619296961477e-07,2.982835178881500913e-07,2.835283073296788795e-07,2.697632948032221659e-07,2.568157036335362509e-07,2.445638744967991023e-07,2.329223784241391430e-07,2.218354766576250847e-07,2.112613994472595679e-07,2.013813562428305183e-07,1.921556826108133798e-07,1.835469454060566180e-07,1.755176905180800632e-07,1.680355272848812823e-07,1.610652651733200158e-07,1.545687397581881036e-07,1.485071476056537018e-07,1.428431560245542286e-07,1.375419798491136886e-07,1.325713044765962903e-07,1.279002008410799051e-07,1.234976191529309047e-07,1.193323309178891116e-07,1.153779641420659319e-07,1.116091177542564537e-07,1.080018505784543524e-07,1.044287437026126873e-07,1.008826182446395477e-07,9.735957306350459371e-08,9.386268577092695123e-08,9.039951151543704672e-08,8.698028080927866244e-08,8.361663679763537876e-08,8.032065570741010179e-08,7.710405679256337333e-08,7.397756733418019327e-08,7.095042705135528715e-08,6.803002326756868028e-08,6.522165091859698839e-08,6.252839203028785508e-08,5.995110836970592630e-08,5.748853893124380923e-08,5.513749103817703920e-08,5.289311048827562111e-08,5.074921286085750575e-08,4.869865543315907426e-08,4.673372769083932644e-08,4.484653854536886934e-08,4.302938018978595374e-08,4.127505182218632470e-08,3.957715768597658533e-08,3.793039436166060493e-08,3.633067428634982908e-08,3.477521874386952439e-08,3.326266540284157784e-08,3.179318636062025912e-08,3.036859535126797660e-08,2.899240400913813112e-08,2.766976868041987025e-08,2.640725553007161503e-08,2.521235036690931812e-08,2.409266188369313263e-08,2.305482450212991625e-08,2.210320399251768977e-08,2.123863040525453293e-08,2.045748497985353135e-08,1.975148588784497168e-08,1.910839970089768764e-08,1.851365770438078289e-08,1.795256366236369596e-08,1.741257144150136278e-08,1.688509006880521511e-08,1.636646568864964964e-08,1.585813854477934464e-08,1.536636849968614130e-08,1.490223202207287909e-08,1.448269506843015244e-08,1.413339068114748383e-08,1.389333044419973115e-08,1.382160473182844190e-08,1.400788749742457082e-08,1.459499230856494423e-08,1.582192597973068081e-08,1.801782089115990467e-08,2.125667726380624351e-08,2.452186386458785942e-08,2.569706797383486465e-08,2.502831378632785421e-08
2.510132812106429122e-08,2.365174570209645846e-08,2.593746479787888575e-08,3.067192315441187975e-08,3.619247712773039191e-08,4.176827443017535219e-08,4.689020244026186819e-08,5.136802250175202414e-08,5.522710632447082282e-08,5.856131453617462659e-08,6.146362973758214687e-08,6.400944618153504663e-08,6.625787455139934045e-08,6.825604663132111201e-08,7.004253788419068312e-08,7.164960065738945814e-08,7.310458456533169759e-08,7.443087826184268029e-08,7.564857753915258321e-08,7.677499305043973867e-08,7.782505855539367589e-08,7.881167250219003783e-08,7.974599092850966351e-08,8.063768181438836834e-08,8.149514684967237113e-08,8.232571437651198193e-08,8.313580613331284315e-08,8.393107987690570255e-08,8.471654972679710545e-08,8.549668600746292973e-08,8.627549637378474325e-08,8.705659003898186404e-08,8.784322695273714054e-08,8.863835378113825673e-08,8.944462850890008645e-08,9.026443541266032681e-08,9.109989204021905048e-08,9.195284967544116939e-08,9.282488857527460528e-08,9.371730903874510078e-08,9.463111911401329858e-08,9.556701947599302426e-08,9.652544494185806899e-08,9.750679130817497523e-08,9.851147903175337754e-08,9.953996113683177432e-08,1.005927337983356372e-07,1.016703504416649310e-07,1.027734404651355809e-07,1.039027340490517329e-07,1.050590950039130558e-07,1.062435642881381507e-07,1.074574177839178336e-07,1.087022433002284964e-07,1.099800437928955841e-07,1.112933767760309962e-07,1.126455442907853936e-07,1.140408541296814804e-07,1.154849817898813996e-07,1.169854739989712493e-07,1.185524467364980378e-07,1.201995265745278422e-07,1.219449522414477564e-07,1.238119631403039091e-07,1.258250928507177983e-07,1.280072493141271640e-07,1.306512990029407883e-07,1.337813364846634908e-07,1.374040898907066370e-07,1.415544560586738511e-07,1.462567620741310473e-07,1.515325363092228195e-07,1.574058410144314089e-07,1.639054260903454286e-07,1.710655059033625795e-07,1.789256162614447464e-07,1.875285547008327392e-07,1.969136217729720794e-07,2.071060641552086454e-07,2.181749292667845547e-07,2.301645049926646428e-07,2.426174751183177282e-07,2.555277918022028746e-07,2.688936980470978263e-07,2.827266114688364747e-07,2.970637887477967552e-07,3.119740527585241336e-07,3.275583331518511873e-07,3.439263385090969113e-07,3.611761195819358406e-07,3.813826983573950015e-07,4.048202097935458458e-07,4.316470899981308194e-07,4.622674126336935167e-07,4.970384489744741272e-07,5.363389260352033432e-07,5.806149124054882110e-07,6.304021688832729969e-07,6.863409737575676062e-07,7.491867085294394491e-07,8.198043210049052470e-07,8.991122913602208858e-07,9.879749515090985503e-07,1.087840040384367000e-06,1.199948937493677381e-06,1.318775731130268512e-06,1.444154622529790953e-06,1.575748238053848504e-06,1.713079809150307141e-06,1.855595702007819113e-06,2.002572100445895202e-06,2.153027464337988661e-06,2.305893629260248642e-06,2.460143705558799916e-06,2.596290637202121806e-06,2.712855666466878005e-06,2.809815982423756111e-06,2.885645027768451922e-06,2.939737383668330775e-06,2.971930934000493884e-06,2.982203468910802554e-06,2.970572087181173628e-06,2.937072152181645791e-06,2.881777262694125694e-06,2.804898463256191957e-06,2.707085409890593521e-06,2.589901257050808614e-06,2.453405904266425652e-06,2.299101762790931387e-06,2.146449533442017268e-06,1.996507488679474076e-06,1.850366928652997808e-06,1.709018054037154381e-06,1.573170312611504548e-06,1.443332802718470281e-06,1.319907150029054239e-06,1.203153381768530734e-06,1.093175907587958101e-06,9.942634875733576149e-07,9.053862357780330979e-07,8.253522209378407771e-07,7.534273544284283922e-07,6.888488458148990814e-07,6.309065034409124622e-07,5.789810157030047781e-07,5.325433711342039815e-07,4.911430501251688533e-07,4.543942767141874043e-07,4.219576271284794620e-07,3.935040469547228988e-07,3.686603454215745459e-07,3.472257999960343283e-07,3.288976617621084967e-07,3.120189546992279494e-07,2.964160631737748069e-07,2.819082964675987422e-07,2.683269440500208953e-07,2.555350455100899072e-07,2.434280422178808502e-07,2.319299578809642028e-07,2.209860587925986558e-07,2.105569369831091907e-07,2.008269791146883195e-07,1.917568171990825069e-07,1.832992078254883356e-07,1.754289171372771396e-07,1.681081297617615618e-07,1.612918642457433384e-07,1.549345463247082786e-07,1.489939166128360701e-07,1.434325463409105174e-07,1.382173510332906469e-07,1.333171274686307316e-07,1.286980546139764006e-07,1.243197052888075891e-07,1.201579707469167301e-07,1.161845336863074970e-07,1.122578092909515363e-07,1.083667432608644435e-07,1.045050856480909797e-07,1.006718042700538833e-07,9.687153275651251334e-08,9.311332468585556621e-08,8.940917405677900005e-08,8.577268483880064895e-08,8.221793724973257526e-08,7.875854249966086134e-08,7.540687443183292208e-08,7.217346873983597539e-08,6.906658211180053855e-08,6.609190455135419624e-08,6.325241826069552276e-08,6.054839559804841722e-08,5.797752647056137756e-08,5.553516205111157543e-08,5.321465725056100496e-08,5.100778966203129486e-08,4.890522869019569153e-08,4.689702624390884273e-08,4.497310037556085683e-08,4.312368578571587327e-08,4.133972984132724852e-08,3.961324637746626129e-08,3.793763295711982140e-08,3.630779911377362633e-08,3.472026554249495423e-08,3.317328609281943258e-08,3.166698933041965951e-08,3.020351564688735141e-08,2.878710275616125855e-08,2.742404861327324802e-08,2.612246102440508580e-08,2.489169691590806935e-08,2.374141623418931789e-08,2.268024301547870652e-08,2.171414883851910406e-08,2.084483569868817223e-08,2.006853885006483638e-08,1.937570395947659305e-08,1.875184046923062346e-08,1.817952288734609187e-08,1.764112616214717239e-08,1.712161839473085637e-08,1.661072142833066749e-08,1.610400015301817595e-08,1.560286768447202658e-08,1.511395892651015662e-08,1.464867919909896340e-08,1.422384286004876963e-08,1.386410213535643277e-08,1.360637089395162921e-08,1.350605148590927126e-08,1.364614965575964120e-08,1.415677556440609920e-08,1.525846409746251503e-08,1.728382810516653793e-08,2.040192746028991557e-08,2.376841816809249961e-08,2.521022970875814947e-08,2.445677561138882103e-08
2.443310101248787647e-08,2.313591142073902705e-08,2.589415094911649941e-08,3.087413942779565465e-08,3.653781871693443139e-08,4.217688567265402375e-08,4.730407599129685790e-08,5.176503884804659375e-08,5.560629484916976274e-08,5.892832615115246168e-08,6.182427110847449547e-08,6.436803687987714870e-08,6.661730540494415279e-08,6.861818743320865090e-08,7.040860193740690313e-08,7.202040412625796558e-08,7.348071873394236647e-08,7.481282089384353999e-08,7.603676331733298759e-08,7.716985668815917536e-08,7.822705971692122728e-08,7.922130876565942908e-08,8.016380310893627449e-08,8.106425465717804151e-08,8.193110718832937028e-08,8.277172819543990979e-08,8.359257551011031249e-08,8.439934044670794729e-08,8.519706907730191156e-08,8.599026325042116705e-08,8.678296302720312656e-08,8.757881227986487307e-08,8.838110925295818482e-08,8.919284391234110284e-08,9.001672389199413673e-08,9.085519079104570027e-08,9.171042847213318308e-08,9.258436486932987261e-08,9.347866863292928898e-08,9.439474172441757553e-08,9.533370883410281538e-08,9.629640423300061932e-08,9.728341524600266212e-08,9.829531046967407224e-08,9.933270666373475185e-08,1.003962810515499964e-07,1.014867873123178649e-07,1.026050763737821093e-07,1.037521234546212550e-07,1.049290632563603346e-07,1.061372358041847912e-07,1.073782462366856515e-07,1.086540429161507645e-07,1.099670196630897611e-07,1.113201498161080570e-07,1.127171622785302094e-07,1.141627727596035512e-07,1.156629868337688450e-07,1.172254943733679123e-07,1.188601748616857730e-07,1.205797230445159881e-07,1.224003644086869461e-07,1.243425088056358059e-07,1.264309111944885292e-07,1.286936918862779076e-07,1.311612050322495567e-07,1.338631420614217186e-07,1.371025825870254896e-07,1.408290310875535903e-07,1.451270385205251771e-07,1.500149131722113131e-07,1.555085409796433058e-07,1.616307904575609570e-07,1.684127202443627095e-07,1.758942207835957156e-07,1.841251196266259458e-07,1.931653282670645069e-07,2.030729549608569699e-07,2.138116968374253882e-07,2.255511725884949016e-07,2.378590297804282703e-07,2.507300244449575810e-07,2.641636100766256944e-07,2.781711959662037091e-07,2.927820190259073731e-07,3.080496962178328573e-07,3.240563743020223362e-07,3.409132229413668889e-07,3.587540090677438857e-07,3.777267377060913801e-07,3.979702847769764741e-07,4.217256870063994696e-07,4.486715053354016612e-07,4.795580986957277397e-07,5.146534141645519416e-07,5.542504916774534681e-07,5.987382463721264719e-07,6.486124398071137030e-07,7.044891616025502852e-07,7.671303123094655862e-07,8.374683959525951120e-07,9.165082365742371451e-07,1.004311554237691259e-06,1.103334214738997184e-06,1.208584102755078724e-06,1.319876748011146311e-06,1.436887893251091884e-06,1.559175193492181566e-06,1.686177444780463961e-06,1.817210511939197178e-06,1.951423026564234856e-06,2.087757991782987006e-06,2.224978758120956414e-06,2.361702118276556719e-06,2.496531999727543572e-06,2.610077690477538509e-06,2.706221249549108511e-06,2.780550507640654044e-06,2.833025870092371753e-06,2.863995665351589262e-06,2.873680955919707273e-06,2.862167861864912207e-06,2.829425309685531057e-06,2.775286826806210822e-06,2.699457530509140963e-06,2.602026519493120122e-06,2.487434713213067886e-06,2.351856851661654443e-06,2.214643400221911444e-06,2.077219424771267905e-06,1.940991346560188499e-06,1.807210039925305280e-06,1.676932998804316908e-06,1.550993285130722540e-06,1.430034611581546721e-06,1.314557019175003280e-06,1.204930781428080345e-06,1.101406195733678421e-06,1.004104999101538789e-06,9.168824877693265258e-07,8.377756787665014159e-07,7.666812653745673030e-07,7.027884644057713934e-07,6.453577867495567850e-07,5.937857850522332744e-07,5.475779021700006209e-07,5.063241549749931335e-07,4.696866067430666832e-07,4.373911662997353359e-07,4.091759129778998643e-07,3.844059761569185182e-07,3.632379318052055349e-07,3.438864845705202015e-07,3.261448848845478935e-07,3.097953603940382824e-07,2.946319561325758896e-07,2.804715365390015638e-07,2.671620226874422462e-07,2.545841548652893408e-07,2.426496445247260033e-07,2.312972690509353266e-07,2.204885734718882979e-07,2.102017487174121613e-07,2.006303259912405232e-07,1.916870862653208504e-07,1.833885117016266673e-07,1.756882712225162782e-07,1.685277728410735200e-07,1.618507439376655838e-07,1.556085476888196585e-07,1.497616608656385806e-07,1.442786971499185621e-07,1.391325895198317138e-07,1.342905300904557969e-07,1.296796683197487905e-07,1.252986005436264544e-07,1.209882073184242829e-07,1.167269188684628847e-07,1.125006497201528182e-07,1.083033173720620797e-07,1.041359830167947755e-07,1.000058042079548002e-07,9.592458445721654640e-08,9.190722747708302905e-08,8.797028442371932226e-08,8.413066803433548716e-08,8.040455855978060514e-08,7.680650710451833929e-08,7.334873366545436347e-08,7.004061371698163673e-08,6.688834631603840277e-08,6.389479677677156946e-08,6.105950651098097683e-08,5.837886049298886978e-08,5.584639845471767710e-08,5.345324963918632735e-08,5.118866382802677639e-08,4.904060501599267557e-08,4.699637017447223516e-08,4.504319519280355953e-08,4.316881364515784214e-08,4.136194093252104196e-08,3.961269256265265310e-08,3.791293023709671220e-08,3.625639011998993535e-08,3.463878418441999100e-08,3.305793472885416542e-08,3.151394089550430928e-08,3.000935118009553343e-08,2.854928756851950313e-08,2.714143631006306881e-08,2.579579222826220201e-08,2.452402895965634457e-08,2.333838603052227397e-08,2.225004071411216658e-08,2.126708700052584771e-08,2.039246161743901521e-08,1.962236251496526895e-08,1.894576695589442026e-08,1.834545832371438672e-08,1.780052348334840133e-08,1.728976691284863429e-08,1.679515616868816582e-08,1.630442305511421451e-08,1.581228062108874110e-08,1.532024187497371365e-08,1.483557229626236020e-08,1.437031079864985143e-08,1.394140851809572411e-08,1.357277757675286023e-08,1.329945128006351665e-08,1.317345930120416560e-08,1.327181450286239408e-08,1.371300251094178061e-08,1.469842681140800092e-08,1.655546426520587750e-08,1.953336031975757717e-08,2.297002691735378622e-08,2.469238925802079935e-08,2.390281992477777126e-08
2.372905275392659629e-08,2.265966821637682206e-08,2.588508846505104003e-08,3.109517795725936467e-08,3.689341166916517384e-08,4.258554367019729474e-08,4.771097203454462464e-08,5.215207173229337671e-08,5.597469036978480998e-08,5.928446424249448731e-08,6.217404221330979428e-08,6.471566278122649442e-08,6.696556759236653251e-08,6.896887569736816486e-08,7.076287907358733153e-08,7.237905716561291163e-08,7.384432378768608979e-08,7.518184928040254058e-08,7.641164858574876338e-08,7.755103555116326540e-08,7.861499558821334938e-08,7.961650384426911967e-08,8.056680314417866219e-08,8.147564928767096248e-08,8.235152787271503909e-08,8.320184512506731283e-08,8.403309444387555140e-08,8.485100008746025123e-08,8.566063938293993199e-08,8.646654491517616836e-08,8.727278826045674369e-08,8.808304693727097043e-08,8.890065632789200523e-08,8.972864836825752905e-08,9.056977880401799211e-08,9.142654476563591554e-08,9.230119432571953458e-08,9.319572956991086452e-08,9.411190454263038763e-08,9.505121922591182212e-08,9.601491047931606035e-08,9.700394061763229166e-08,9.801904246485076089e-08,9.906094829415263825e-08,1.001304592337305971e-07,1.012284611135590764e-07,1.023559447619801213e-07,1.035140320472284594e-07,1.047040093458633934e-07,1.059273706251900139e-07,1.071858729850697277e-07,1.084816083581730688e-07,1.098170961631942256e-07,1.111954030844405460e-07,1.126202978276992786e-07,1.140964506149368233e-07,1.156296890979709878e-07,1.172273237218275299e-07,1.188985551508140957e-07,1.206549719174520287e-07,1.225111341887045815e-07,1.244852149713606034e-07,1.265996366271706021e-07,1.288816511992969596e-07,1.313640986222649419e-07,1.340876774897111941e-07,1.371081081087095656e-07,1.405215140772550460e-07,1.442832285948635913e-07,1.487291045891908916e-07,1.538076979446808999e-07,1.595199226166512584e-07,1.658863498734940210e-07,1.729398439360953101e-07,1.807250422069652931e-07,1.893021362028033519e-07,1.987603030998576423e-07,2.092693392331436266e-07,2.204309212892453418e-07,2.323747953019331911e-07,2.450074231044067806e-07,2.582983946282342001e-07,2.722454329926755168e-07,2.868672733189336149e-07,3.022044586935722472e-07,3.183228661366086545e-07,3.353175326787459848e-07,3.533163619387207414e-07,3.724856147936167670e-07,3.930467125420318676e-07,4.153314869522867349e-07,4.399847028689045123e-07,4.665919148395055830e-07,4.978120414179281482e-07,5.333191435704905885e-07,5.732529728452657809e-07,6.179385135043715841e-07,6.678233762885353922e-07,7.234805913935757023e-07,7.856619578685593506e-07,8.554758524608928307e-07,9.350399208951483508e-07,1.020276558493369675e-06,1.112762080668229845e-06,1.211352965224443098e-06,1.315452448324478234e-06,1.424556039213732006e-06,1.538117063666096014e-06,1.655493785129923289e-06,1.775915688521518780e-06,1.898442016303487940e-06,2.021914029301223162e-06,2.144893186732390903e-06,2.265505949517017514e-06,2.380972745152120205e-06,2.485932916779724496e-06,2.584249803276836727e-06,2.656023698164311955e-06,2.705766748745909149e-06,2.734847971373977440e-06,2.743736259740696020e-06,2.732567932959261457e-06,2.701264434244551356e-06,2.649415113034273571e-06,2.575711783047127043e-06,2.475715057765296973e-06,2.369298044495386814e-06,2.252650771099522860e-06,2.131149702884825333e-06,2.007596228810882355e-06,1.883882420626363761e-06,1.761457019868158833e-06,1.641476360158721781e-06,1.524862424260826712e-06,1.412348061988471116e-06,1.304517876850015359e-06,1.201842406910315374e-06,1.104725746381903433e-06,1.013616039445378789e-06,9.293684451755753589e-07,8.507202407752393950e-07,7.807647547570498295e-07,7.178533696708891415e-07,6.611443270779551710e-07,6.100697677642047830e-07,5.641867454249993335e-07,5.231313210481652852e-07,4.866147231653666339e-07,4.544730125595179760e-07,4.268890937140544639e-07,4.017949525184068915e-07,3.794192721918854128e-07,3.591765379331009729e-07,3.407065865994237649e-07,3.237269496783339988e-07,3.079978581061791970e-07,2.933155965536839916e-07,2.795128435071500542e-07,2.664587675838687498e-07,2.540576974312724337e-07,2.422470077718402816e-07,2.309958383203464385e-07,2.203065490525803582e-07,2.102251737400609813e-07,2.006894369086775944e-07,1.919240036670599952e-07,1.838225252161559940e-07,1.762979961860312193e-07,1.692781800183264114e-07,1.627067064473622987e-07,1.565430235799306679e-07,1.507612657296243779e-07,1.453484468329724010e-07,1.403067862153869573e-07,1.354190346590581721e-07,1.306803949709381206e-07,1.260248849503849375e-07,1.214164412612113473e-07,1.168370527179443644e-07,1.122813184924967856e-07,1.077531214953962993e-07,1.032633147648459794e-07,9.882776318546097780e-08,9.446554084535585437e-08,9.019727728769329386e-08,8.604368950659293193e-08,8.202432885330085125e-08,7.815655479177847324e-08,7.445473435252038411e-08,7.092965981003573366e-08,6.758817612862221705e-08,6.443301131479399021e-08,6.146280405364553759e-08,5.867232152037736854e-08,5.605285480400399664e-08,5.359277020864132266e-08,5.127818354636283963e-08,4.909371414211713762e-08,4.702326850132844362e-08,4.505080248515999181e-08,4.316101595720275735e-08,4.133994418415061431e-08,3.957544967868472832e-08,3.785759318253744628e-08,3.617875327018242030e-08,3.453372182623786866e-08,3.291984581654365869e-08,3.133721811804568920e-08,2.978889069226427258e-08,2.828104898551748294e-08,2.682304742956954623e-08,2.542716654481615767e-08,2.410792473165546820e-08,2.288078717873194555e-08,2.176019758874487874e-08,2.075705044415896888e-08,1.987601615477092941e-08,1.911343153449100366e-08,1.845658048848207052e-08,1.788493189707826653e-08,1.737328358749604391e-08,1.689605858665495625e-08,1.643158155474696383e-08,1.596522258777503404e-08,1.549075867648284198e-08,1.500995645110415402e-08,1.453101615274863075e-08,1.406696791056250170e-08,1.363523049169988613e-08,1.325923815155444653e-08,1.297235196218256798e-08,1.282349100309536718e-08,1.288425584273412930e-08,1.326262221442587740e-08,1.414095960255457797e-08,1.583416695746627861e-08,1.865542593276736937e-08,2.212877402139244566e-08,2.413724160388896708e-08,2.336705777897359686e-08
2.299108236767250482e-08,2.222861597177013564e-08,2.590809118996584793e-08,3.133427010407141236e-08,3.725812621961626301e-08,4.299299445435626626e-08,4.811014222435189383e-08,5.252884808620245495e-08,5.633225684015308756e-08,5.962975973649428525e-08,6.251296275432296090e-08,6.505230550768599240e-08,6.730259861466534148e-08,6.930800547576305986e-08,7.110522215575640046e-08,7.272537375177603313e-08,7.419517678804272748e-08,7.553770515226188798e-08,7.677294094175463273e-08,7.791820391408880534e-08,7.898850753926038104e-08,7.999686622186796073e-08,8.095456624653673457e-08,8.187140685649753070e-08,8.275591479870440618e-08,8.361553421282888923e-08,8.445679314010096010e-08,8.528544776645219422e-08,8.610660556515643751e-08,8.692482864221603022e-08,8.774421874524673647e-08,8.856848553749181266e-08,8.940099984433078375e-08,9.024483364138884718e-08,9.110278856763577174e-08,9.197741471340022187e-08,9.287102135377114052e-08,9.378568117562273701e-08,9.472322938575892529e-08,9.568525889345622479e-08,9.667311253837077048e-08,9.768787308947084303e-08,9.873040943189693753e-08,9.980160547367537494e-08,1.009024312506946482e-07,1.020339613247168465e-07,1.031973980935743721e-07,1.043941014044920713e-07,1.056256262671450485e-07,1.068937709876598225e-07,1.082006387197465279e-07,1.095487162893085096e-07,1.109409752265837909e-07,1.123810012513309106e-07,1.138731599733997125e-07,1.154228081669553214e-07,1.170365613367282471e-07,1.187226287803411573e-07,1.204912258487513511e-07,1.223550680244477213e-07,1.243299414449378045e-07,1.264353318929751043e-07,1.286950955877388004e-07,1.311382248916365488e-07,1.338000097573167262e-07,1.367243311245072095e-07,1.399675569397486480e-07,1.436000444087609376e-07,1.476687448837784489e-07,1.523331212759157751e-07,1.576233901117399709e-07,1.635582073008712622e-07,1.701633056778815077e-07,1.774740210509615404e-07,1.855361531716320365e-07,1.944070887139686008e-07,2.041540224315617943e-07,2.148273597585233252e-07,2.262830537502606993e-07,2.385260116524263747e-07,2.515151079142377625e-07,2.652297863390897000e-07,2.796731857703124369e-07,2.948705996830684867e-07,3.108703855492572415e-07,3.277468955995191927e-07,3.456043989277054141e-07,3.645820972240994370e-07,3.848620027504064754e-07,4.066837716167880116e-07,4.303697473331719300e-07,4.563405891983930507e-07,4.849277309317865474e-07,5.171463578039450317e-07,5.533107065590640223e-07,5.936892558260783201e-07,6.386091868590750931e-07,6.884719944857377177e-07,7.437604655810859135e-07,8.050465606789942509e-07,8.729737052489742781e-07,9.480367272914370346e-07,1.029143907938387304e-06,1.116250782933107784e-06,1.208795618102522496e-06,1.306223850697135217e-06,1.407985171839038018e-06,1.513481373858856126e-06,1.622023785773388390e-06,1.732796832552218578e-06,1.844817925717586423e-06,1.956888183400533368e-06,2.067522140599933910e-06,2.174826724437188725e-06,2.276313626844561521e-06,2.368846412432052336e-06,2.450485711058207284e-06,2.514137099217319641e-06,2.559055356018492882e-06,2.585366838296860100e-06,2.593213924949607908e-06,2.582663710464652342e-06,2.553708996699589313e-06,2.506267196064721842e-06,2.440271113126221767e-06,2.356520574607012714e-06,2.262134037652710911e-06,2.159089104467561418e-06,2.050549709192195486e-06,1.939028528778151937e-06,1.826437874956541978e-06,1.714273947690172274e-06,1.603734350142894543e-06,1.495785151844137115e-06,1.391207665440083672e-06,1.290636887366689938e-06,1.194595723657299698e-06,1.103530795880881768e-06,1.017851685305241872e-06,9.379384289415879846e-07,8.638346511824221080e-07,7.961838915223908472e-07,7.346686241483504472e-07,6.788688762941546795e-07,6.283934210284336778e-07,5.828891689579204124e-07,5.420345570266149966e-07,5.055331571440389767e-07,4.731025242715287645e-07,4.444130942259971723e-07,4.187178569149909678e-07,3.956510436072993273e-07,3.747933671074948546e-07,3.557824012859725120e-07,3.383092612909912167e-07,3.221102055371450630e-07,3.069634439708402454e-07,2.926886745373693649e-07,2.791466791013243890e-07,2.662378992307320220e-07,2.539005268149757870e-07,2.421103571970601109e-07,2.308835118143010706e-07,2.202706289217152083e-07,2.102479295523317337e-07,2.010297227857057947e-07,1.925266792386946399e-07,1.846278476235382532e-07,1.772440974669389592e-07,1.703115523198263128e-07,1.637898590574192825e-07,1.576604667358271760e-07,1.519220070816292014e-07,1.465602219559694487e-07,1.413626402827015717e-07,1.362986240162722252e-07,1.313037967677286109e-07,1.263390425277871004e-07,1.213874873131029430e-07,1.164473831574890312e-07,1.115274204223900835e-07,1.066438176070805138e-07,1.018180597608478159e-07,9.707484424891083958e-08,9.244018499995322325e-08,8.793972857379662036e-08,8.359732589961544743e-08,7.943387393173736462e-08,7.546642065541744225e-08,7.170751900942506611e-08,6.816481701345637550e-08,6.484087754584765382e-08,6.173322667309350090e-08,5.883462999288328701e-08,5.613358975023117283e-08,5.361504170800788494e-08,5.126121277001360420e-08,4.905258294112827731e-08,4.696888345539246848e-08,4.499006041499147790e-08,4.309714095766350063e-08,4.127295486783642745e-08,3.950270853408174158e-08,3.777437208433774452e-08,3.607877525802322213e-08,3.440968272057200650e-08,3.276393249041019217e-08,3.114164680875841508e-08,2.954649008465954947e-08,2.798590740026980665e-08,2.647122817756558384e-08,2.501746559066993983e-08,2.364259552117179410e-08,2.236608955035061323e-08,2.120655766507086814e-08,2.017858950531066637e-08,1.928928311345318686e-08,1.853539734978127721e-08,1.790227031521368341e-08,1.736531156489099757e-08,1.689400124180351380e-08,1.645734801796103403e-08,1.602923008963476488e-08,1.559220239330462468e-08,1.513900969381033541e-08,1.467186191352627040e-08,1.420025869694366972e-08,1.373864337969999213e-08,1.330528524909664743e-08,1.292343174828557104e-08,1.262497773111384790e-08,1.245594745012679169e-08,1.248301053044872023e-08,1.280471572108966939e-08,1.358509131907121469e-08,1.512091187003863503e-08,1.777245099500356449e-08,2.124759701101848912e-08,2.353895975955076578e-08,2.284841774976982261e-08
2.222258228092544080e-08,2.184728487134818760e-08,2.596089542721371911e-08,3.159069915576791784e-08,3.763073616045870858e-08,4.339800709423469987e-08,4.850092050157752753e-08,5.289516030992748553e-08,5.667899243026408195e-08,5.996425722699142227e-08,6.284105665054212662e-08,6.537794763627654974e-08,6.762833631949183100e-08,6.963547150002218591e-08,7.143548532462380523e-08,7.305916977679321346e-08,7.453305733235246627e-08,7.588013337246804243e-08,7.712035169350436868e-08,7.827104032832368111e-08,7.934724177334539852e-08,8.036200976448694762e-08,8.132667355343686456e-08,8.225107497915738506e-08,8.314378086816021470e-08,8.401227206167088616e-08,8.486310992777514067e-08,8.570208117463582484e-08,8.653432191958396509e-08,8.736442217075183279e-08,8.819651208100272244e-08,8.903433150701838249e-08,8.988128453498801506e-08,9.074048071263510108e-08,9.161476475416905357e-08,9.250673646148646356e-08,9.341876253437659030e-08,9.435298182837996667e-08,9.531130546573581864e-08,9.629541301730446520e-08,9.730674575612451467e-08,9.834649774013670334e-08,9.941566264343248452e-08,1.005152618178874742e-07,1.016464162160537090e-07,1.028103662664416876e-07,1.040084968108249886e-07,1.052423684977060598e-07,1.065137574242892609e-07,1.078247053319127882e-07,1.091775833166817129e-07,1.105751728512711935e-07,1.120207689574946196e-07,1.135183116414478743e-07,1.150725531862165214e-07,1.166892704908790255e-07,1.183755330853189693e-07,1.201400381839240142e-07,1.219935231473572801e-07,1.239492613394395209e-07,1.260236373539427730e-07,1.282367804178010475e-07,1.306132163091318961e-07,1.331825175889003750e-07,1.359801320125387410e-07,1.390492277297801280e-07,1.424453183947335180e-07,1.462503913961050497e-07,1.504670971161144804e-07,1.553202658180590990e-07,1.608040887641491753e-07,1.669363336594127907e-07,1.737453767796723204e-07,1.812681726411078500e-07,1.895505687641997911e-07,1.986489345338385906e-07,2.086350888980583874e-07,2.196177245635360553e-07,2.313636802396667915e-07,2.439480395947456572e-07,2.573155008751317421e-07,2.714522579473021071e-07,2.863684297670170880e-07,3.020949854406986475e-07,3.186851966451908664e-07,3.362180044167364395e-07,3.548019355622085950e-07,3.745796588873909834e-07,3.957341570945009800e-07,4.184983352085066268e-07,4.431694816191974301e-07,4.701317488456179024e-07,4.996894669310781684e-07,5.325988387580857112e-07,5.691590091583869564e-07,6.096627635796227252e-07,6.544239319924107194e-07,7.037909863940822451e-07,7.581486697858106088e-07,8.179069079487023117e-07,8.834643530046602287e-07,9.551311011451238759e-07,1.032167475886054600e-06,1.114473096716515448e-06,1.201543410520552124e-06,1.292868966996605430e-06,1.387905781929187507e-06,1.486046637884999848e-06,1.586592297149520680e-06,1.688722132733757380e-06,1.791460874705991026e-06,1.893639633785856893e-06,1.993846883149870409e-06,2.090357466829616684e-06,2.181026952386616222e-06,2.263097120182929170e-06,2.335179342794111518e-06,2.391479438190373670e-06,2.431473442196652191e-06,2.454901135973652071e-06,2.461670114030867028e-06,2.451777709616206625e-06,2.425289730281286626e-06,2.382361529560905582e-06,2.323315831216992258e-06,2.248738732404698853e-06,2.164454848455610015e-06,2.071900731621385298e-06,1.973866264645450838e-06,1.872525262033519864e-06,1.769626687975009776e-06,1.666597296024299674e-06,1.564609425243319754e-06,1.464626830542939909e-06,1.367440996177310976e-06,1.273702944028738414e-06,1.183951602397879537e-06,1.098635765027890028e-06,1.018117244252250563e-06,9.426077601330316813e-07,8.725177168569627214e-07,8.075993252661705666e-07,7.480066711385621296e-07,6.936074387398733258e-07,6.441735014572332799e-07,5.994433166445021132e-07,5.591387118708266309e-07,5.229613642207567347e-07,4.905671152037723523e-07,4.614865266830662510e-07,4.354975677330247650e-07,4.120779499413785931e-07,3.908692877916272646e-07,3.715144362759261912e-07,3.536906384771049900e-07,3.371173805499252511e-07,3.215588700080349604e-07,3.068252427847788850e-07,2.927726487235287846e-07,2.793011786940355081e-07,2.663509499607984727e-07,2.539020851572065721e-07,2.419901915713990721e-07,2.307790225835767478e-07,2.199693630206974312e-07,2.103066465973203203e-07,2.014354538374775212e-07,1.931780863835998395e-07,1.854256639023237415e-07,1.781088717253171505e-07,1.711894027665008010e-07,1.646606060169699028e-07,1.585626631975790213e-07,1.530500062377810536e-07,1.475343183616761515e-07,1.421748713530058474e-07,1.368490618343830061e-07,1.315172891703211354e-07,1.261705244684469318e-07,1.208149714543707217e-07,1.154666837101303463e-07,1.101492007901315768e-07,1.048914265796277621e-07,9.972536822180027510e-08,9.468393956982077522e-08,8.979901258006845084e-08,8.509979567747479038e-08,8.061154665394371531e-08,7.635459476812136679e-08,7.234364064074807212e-08,6.858731218206014750e-08,6.508797079792838656e-08,6.184177620179343703e-08,5.883902335446731297e-08,5.606475707412334175e-08,5.349964863515907349e-08,5.112108899203158739e-08,4.890442358430718113e-08,4.682423320478480755e-08,4.485556059151904656e-08,4.297499458307476064e-08,4.116154901764816977e-08,3.939732497721686484e-08,3.766789717700132554e-08,3.596236102345364147e-08,3.427336387732383656e-08,3.259722141878282170e-08,3.093413848836643631e-08,2.928851328778981206e-08,2.766925558079004703e-08,2.608998978585805446e-08,2.456894185369248992e-08,2.312823447291024590e-08,2.179227240910675396e-08,2.058496126566561008e-08,1.952577286693392586e-08,1.862521156771438065e-08,1.788091477009980553e-08,1.727600402814380119e-08,1.678087710011088394e-08,1.635835879225681376e-08,1.597071505142858446e-08,1.558636927893166844e-08,1.518451240381046711e-08,1.475675409426935104e-08,1.430598642545172523e-08,1.384344840230286349e-08,1.338549650612724595e-08,1.295169638914686753e-08,1.256543645752693463e-08,1.225735542583704861e-08,1.207075950358647692e-08,1.206777069880265172e-08,1.233851108056842743e-08,1.302979155422962140e-08,1.441622724497857891e-08,1.688852047475059394e-08,2.033020983141184108e-08,2.289242888426406362e-08,2.234399798759704292e-08
2.142855878412884703e-08,2.151889840911370033e-08,2.604128908019837732e-08,3.186376187549686068e-08,3.800992343719086053e-08,4.379939076423090324e-08,4.888272647825562750e-08,5.325086175162141259e-08,5.701492443982631166e-08,6.028801168060332504e-08,6.315835035239815922e-08,6.569257197955054734e-08,6.794271869837065568e-08,6.995116927054921189e-08,7.175352428738014949e-08,7.338026350671047518e-08,7.485774817646660255e-08,7.620888272707031771e-08,7.745359682484812553e-08,7.860922876782506256e-08,7.969085066094459368e-08,8.071155525042656352e-08,8.168271386342162735e-08,8.261420968989027480e-08,8.351464817551353555e-08,8.439154526755094324e-08,8.525149396989399282e-08,8.610030973663004354e-08,8.694315545696243594e-08,8.778464704755169335e-08,8.862894091495863667e-08,8.947980475443886061e-08,9.034067330118831264e-08,9.121469074354768984e-08,9.210474154573648883e-08,9.301347141330423586e-08,9.394330007143895651e-08,9.489642741880988740e-08,9.587483447219931831e-08,9.688028033414475802e-08,9.791429620088983883e-08,9.897817718330933310e-08,1.000730292856810237e-07,1.011999957970029475e-07,1.023603291398127410e-07,1.035554111414379174e-07,1.047867782088697876e-07,1.060561527150688163e-07,1.073654822703469469e-07,1.087169890232468389e-07,1.101132317405988293e-07,1.115571841926386419e-07,1.130523343592228540e-07,1.146028102235118475e-07,1.162135394690324569e-07,1.178904522507190829e-07,1.196407382858598107e-07,1.214731715125525306e-07,1.233985167392497748e-07,1.254300312719829796e-07,1.275840660063740427e-07,1.298807428968315368e-07,1.323446082479915458e-07,1.350049877013189705e-07,1.378956429865650067e-07,1.410544055406512045e-07,1.445218064588639126e-07,1.484972775383609678e-07,1.529772485217568705e-07,1.580365031531183292e-07,1.637090548281856016e-07,1.700247964307584365e-07,1.770168488990666649e-07,1.847235618777136479e-07,1.931893135801098046e-07,2.024646639670709909e-07,2.126048009835610853e-07,2.236600252607662830e-07,2.356222631609448808e-07,2.486045634740473603e-07,2.623655907782116559e-07,2.769158804855008138e-07,2.922756295521279383e-07,3.084800553416977044e-07,3.255840046884263987e-07,3.436671227981144606e-07,3.628376749382958950e-07,3.832356679801053051e-07,4.050354952950597937e-07,4.284489034988983754e-07,4.537257004856570270e-07,4.813802806553284237e-07,5.116740774308564321e-07,5.450155503208387661e-07,5.817236872696422759e-07,6.220885030426240245e-07,6.663972580828886237e-07,7.149442074761052380e-07,7.680276270251141534e-07,8.259323935624186372e-07,8.888901935191876533e-07,9.570019785076390032e-07,1.030082820298799589e-06,1.108108053151664339e-06,1.190231028120274610e-06,1.276017050340219419e-06,1.364957166680950014e-06,1.456463923633811511e-06,1.549856844806769576e-06,1.644343436213235346e-06,1.738994624739960546e-06,1.832720406116737610e-06,1.924254038965070243e-06,2.012143756743761085e-06,2.094783249009915739e-06,2.167808741453637038e-06,2.230170142815927942e-06,2.279529109446820443e-06,2.314788117907376675e-06,2.335397556889028142e-06,2.341109080040548978e-06,2.331872054911265701e-06,2.307804582668116775e-06,2.269222185409823893e-06,2.216740757023776879e-06,2.151521576756181448e-06,2.075958720259917861e-06,1.991163809882468568e-06,1.901523131860441133e-06,1.808681212077352924e-06,1.714121847537076039e-06,1.619135308238562229e-06,1.524823448518205789e-06,1.432111751451681354e-06,1.341770092369886523e-06,1.254436783842466095e-06,1.170643975400676044e-06,1.090838065248979314e-06,1.015394329372623897e-06,9.440060910235959576e-07,8.771764420092051648e-07,8.150447485464186673e-07,7.577033239648037191e-07,7.051131181921406098e-07,6.571420862214174995e-07,6.135981901869972807e-07,5.742447970083508146e-07,5.388027763252724494e-07,5.069435584869696186e-07,4.782844064359203317e-07,4.524504862397589434e-07,4.289378835856485042e-07,4.076172131954763526e-07,3.881083759738012024e-07,3.700720377171935517e-07,3.532133777340461029e-07,3.372857946448034744e-07,3.220933994347715720e-07,3.074925030896036811e-07,2.933885210491372717e-07,2.797243630038420526e-07,2.664691623818991053e-07,2.536050081187018764e-07,2.419979614314972561e-07,2.312307370996879825e-07,2.213159443582378182e-07,2.121016051847211557e-07,2.034519611772085356e-07,1.952673300743584583e-07,1.874811815989271812e-07,1.800562744687127181e-07,1.729824272583056823e-07,1.662739348340968179e-07,1.599517491855194503e-07,1.539190158746682093e-07,1.483518262308043894e-07,1.427034903513309045e-07,1.369859260804517480e-07,1.312128182591373159e-07,1.254032596196738867e-07,1.195826366385478799e-07,1.137836053737540736e-07,1.080444846445105128e-07,1.024065735347062219e-07,9.691146240030611162e-08,9.159873501749193520e-08,8.650414237139848724e-08,8.165820958958350945e-08,7.708520441578163732e-08,7.280240251482239823e-08,6.881961191180449321e-08,6.513895322069600942e-08,6.175492227286436596e-08,5.865477620348282371e-08,5.581927509456127268e-08,5.322377783881720319e-08,5.083964086134000377e-08,4.863581694105469673e-08,4.658051559687346552e-08,4.464277804870497035e-08,4.279384042008926040e-08,4.100820072478915551e-08,3.926436953205423844e-08,3.754522503119720146e-08,3.583797066859772449e-08,3.413408420184821613e-08,3.242938147820799253e-08,3.072422855805453251e-08,2.902388890819408921e-08,2.733893734156111650e-08,2.568560202058410966e-08,2.408580374258008822e-08,2.256655087386664496e-08,2.115825085210252900e-08,1.989150771106458355e-08,1.879225786903041241e-08,1.787581463732478924e-08,1.714143792168799743e-08,1.656976985977224135e-08,1.612496333381127920e-08,1.576141932661321699e-08,1.543293155160065120e-08,1.510119878590702731e-08,1.474139123892366871e-08,1.434388562481008888e-08,1.391256346055696293e-08,1.346093711570188024e-08,1.300786994426782578e-08,1.257474505699916301e-08,1.218546486929944854e-08,1.186963228798704125e-08,1.166798039464537637e-08,1.163837404695438949e-08,1.186339118375473431e-08,1.247402373284012151e-08,1.372022625134722237e-08,1.600736872504792800e-08,1.938100037241059183e-08,2.219345062048325544e-08,2.184902224182281733e-08
2.061572486976729052e-08,2.124520813877742424e-08,2.614721891855969735e-08,3.215272721753821671e-08,3.839428857369118535e-08,4.419601098389335189e-08,4.925506681882491826e-08,5.359586142766209539e-08,5.734010432436622069e-08,6.060108547510762763e-08,6.346487142846147986e-08,6.599616103563612451e-08,6.824568378115644472e-08,7.025499520351767612e-08,7.205919664560794978e-08,7.368847607053310586e-08,7.516903588384743193e-08,7.652370673901269808e-08,7.777239797960789786e-08,7.893245978928247158e-08,8.001899408147502862e-08,8.104513190013108113e-08,8.202228536220370891e-08,8.296037737404014176e-08,8.386805015910209255e-08,8.475285280530877637e-08,8.562140790261661599e-08,8.647955752537586339e-08,8.733248911923258402e-08,8.818484217441148325e-08,8.904079685525392895e-08,8.990414598809787265e-08,9.077835197910997088e-08,9.166659034077075595e-08,9.257178155366981231e-08,9.349661298349646871e-08,9.444355251630350469e-08,9.541485547291743475e-08,9.641256622014136667e-08,9.743851571591548042e-08,9.849431601047093183e-08,9.958135247609670872e-08,1.007008304598741998e-07,1.018539992081849652e-07,1.030422227927440002e-07,1.042669997587305032e-07,1.055299872342423543e-07,1.068330306409969118e-07,1.081782004562065342e-07,1.095678378748640112e-07,1.110046117388296751e-07,1.124915897741016407e-07,1.140323280678372775e-07,1.156309839057580884e-07,1.172924587000565143e-07,1.190225799375286780e-07,1.208283340813680717e-07,1.227181663819918951e-07,1.247023686868253064e-07,1.267935823010934876e-07,1.290074479879783482e-07,1.313634280547614747e-07,1.338857352569883968e-07,1.366037927644912906e-07,1.395500441454683032e-07,1.427583556161475460e-07,1.464242530052933266e-07,1.505831410112706480e-07,1.552622191336264664e-07,1.605055213806927420e-07,1.663503088865109390e-07,1.728313231000038874e-07,1.799845102340304678e-07,1.878489093710834576e-07,1.964673846591249330e-07,2.058863629087419289e-07,2.161540485494502682e-07,2.273159559087529734e-07,2.394095915046295627e-07,2.525006742518539981e-07,2.666461788505482677e-07,2.815914404983406160e-07,2.973613972709079198e-07,3.139909293185885231e-07,3.315313146730152759e-07,3.500591093941756723e-07,3.696792293819382944e-07,3.905264151632689977e-07,4.127635511036097735e-07,4.365805699301420285e-07,4.624217493333282957e-07,4.905410532894377808e-07,5.211996736557802797e-07,5.546953126926586500e-07,5.913066447822209718e-07,6.312950286202846211e-07,6.749117597834941220e-07,7.224002310482377333e-07,7.739900719882619306e-07,8.298813010573070975e-07,8.902165274580927702e-07,9.550428832128625395e-07,1.024283851834374309e-06,1.097828864812784850e-06,1.175457665254041981e-06,1.256233156425748333e-06,1.339685680880902619e-06,1.425262076283473769e-06,1.512319600298262599e-06,1.600118403864730312e-06,1.687799875845325576e-06,1.774368569144041258e-06,1.858710648118233061e-06,1.939617038905207808e-06,2.013250581913398027e-06,2.078127052818062661e-06,2.132980230168735124e-06,2.176404136133698858e-06,2.207423802109599688e-06,2.225448798686941278e-06,2.230179564675921104e-06,2.221547139358157964e-06,2.199693409740423690e-06,2.164990652258324292e-06,2.118101356260538378e-06,2.060070951858639157e-06,1.992372926964349147e-06,1.916340352541566634e-06,1.833519663079249850e-06,1.747769849115424777e-06,1.660343352400799195e-06,1.572389789506939573e-06,1.484929193995392125e-06,1.398828311657234411e-06,1.314811190968566751e-06,1.233477354334658841e-06,1.155330541063072522e-06,1.080798269254720659e-06,1.009565550199551444e-06,9.420327058206291212e-07,8.785552945095977609e-07,8.193397063653339614e-07,7.644965460740251878e-07,7.140367794704262922e-07,6.678858707958101989e-07,6.258999671919302533e-07,5.878763027974795343e-07,5.535576925318828320e-07,5.226342772590466227e-07,4.947489673463524783e-07,4.695145850206786510e-07,4.465028459396516903e-07,4.253074175569658679e-07,4.058257641013635474e-07,3.877044980446726453e-07,3.706367169586854299e-07,3.543676961113429272e-07,3.386981978896374933e-07,3.234908270873550662e-07,3.086697349678697792e-07,2.941924646509187279e-07,2.800303098266265565e-07,2.671606142128587661e-07,2.553804777008700910e-07,2.444574184194055158e-07,2.342677175082376846e-07,2.246827308455728486e-07,2.155885926506526611e-07,2.068972708562598390e-07,1.985483303264264518e-07,1.905072790697762244e-07,1.827625231630616214e-07,1.753200209263571897e-07,1.681919688832553761e-07,1.613804187229091766e-07,1.549501167800440679e-07,1.489363199512043117e-07,1.427916683987027881e-07,1.365484003687629748e-07,1.302371177446148098e-07,1.238911299322117704e-07,1.175534797466716771e-07,1.112743190168765228e-07,1.051067156496494828e-07,9.910306373852477190e-08,9.331235030323549996e-08,8.777816009406814886e-08,8.253724667981098697e-08,7.761851101676766706e-08,7.304226858225009647e-08,6.881974340387634480e-08,6.495279196516813831e-08,6.143391732171725757e-08,5.824666585441680590e-08,5.536649053407076222e-08,5.276211096633448878e-08,5.039731446319363968e-08,4.823305186681800791e-08,4.622961902463316603e-08,4.434870133472332292e-08,4.255509631187225415e-08,4.081800084455831597e-08,3.911183726807740198e-08,3.741652372152298032e-08,3.571727804668883068e-08,3.400442593121681667e-08,3.227336529324048470e-08,3.052473913099336394e-08,2.876481497595074650e-08,2.700600851604028756e-08,2.526741057169278994e-08,2.357506569101823181e-08,2.196159655039451022e-08,2.046458940346679311e-08,1.912305463645303510e-08,1.797150605130968095e-08,1.703211130898362547e-08,1.630698646826536705e-08,1.577410299160537335e-08,1.538974876655448072e-08,1.509751276370350081e-08,1.484042907141726727e-08,1.457186635928079207e-08,1.426220223867682853e-08,1.390051080345268275e-08,1.349206689194001411e-08,1.305330782636969240e-08,1.260630939130513058e-08,1.217488193228303644e-08,1.178386929090104092e-08,1.146207508172462669e-08,1.124777872427285718e-08,1.119479302577742167e-08,1.137889533524749127e-08,1.191679165169405666e-08,1.303265481116189159e-08,1.513228470521750710e-08,1.840490547453390450e-08,2.143891120129617457e-08,2.135691060249636348e-08
1.979255429788561302e-08,2.102642422499284733e-08,2.627686962103095700e-08,3.245679578548136740e-08,3.878236630675606590e-08,4.458680438383072801e-08,4.961753467871152449e-08,5.393011818803417248e-08,5.765460294037021553e-08,6.090354578922251632e-08,6.376064740886508100e-08,6.628869658877798947e-08,6.853716961391758645e-08,7.054684682694737431e-08,7.235236225645015800e-08,7.398363197514551001e-08,7.546671149631066436e-08,7.682436449957128118e-08,7.807648345828153366e-08,7.924043169808347592e-08,8.033134076255297375e-08,8.136237889355648894e-08,8.234499732438003150e-08,8.328915666223720744e-08,8.420353369813338694e-08,8.509570834110029626e-08,8.597233037832822192e-08,8.683926605347845712e-08,8.770172483926788335e-08,8.856436715876882774e-08,8.943139413716756431e-08,9.030662072473400308e-08,9.119353371936168536e-08,9.209533633642246120e-08,9.301498103028415425e-08,9.395519227152332472e-08,9.491848093215755896e-08,9.590715183308130043e-08,9.692330586750157290e-08,9.796883793461367872e-08,9.904543170036257457e-08,1.001545519453031406e-07,1.012974904700104044e-07,1.024755868236664756e-07,1.036902975510990538e-07,1.049432143241465362e-07,1.062360858508462133e-07,1.075708444660303484e-07,1.089496385401208323e-07,1.103748721421000269e-07,1.118492537815643571e-07,1.133758565709512031e-07,1.149581928552638554e-07,1.166003073624060115e-07,1.183068944263815505e-07,1.200834471653923258e-07,1.219364502141301196e-07,1.238736335570920409e-07,1.259043143891771900e-07,1.280398690488545062e-07,1.302944069034177921e-07,1.326858022759346385e-07,1.352374748421380571e-07,1.379811363906947545e-07,1.409495117259844758e-07,1.443344641062291444e-07,1.481721838734661592e-07,1.524971706491054881e-07,1.573424177576415742e-07,1.627449209457206700e-07,1.687410218781689375e-07,1.753666688180659008e-07,1.826588324559447006e-07,1.906566046528070524e-07,1.994017028310635757e-07,2.089383189687113246e-07,2.193122586908527325e-07,2.305696778072873280e-07,2.427575350254770467e-07,2.559313382844067430e-07,2.701476165993896317e-07,2.854646099214391337e-07,3.016118180554351724e-07,3.186173506631740162e-07,3.365200582510025409e-07,3.553903506006386932e-07,3.753283600160669907e-07,3.964652806259046534e-07,4.189536297439307319e-07,4.431850009461756732e-07,4.693681115624150575e-07,4.977254036125587139e-07,5.284888682571978083e-07,5.619013618089886041e-07,5.981998625971643411e-07,6.376101386516949480e-07,6.803456828091319096e-07,7.266052162030507677e-07,7.765658999138463481e-07,8.303709997890918315e-07,8.881123617105352467e-07,9.498115964102335400e-07,1.015410963396865122e-06,1.084789611616836159e-06,1.157747175771235433e-06,1.234002716247223577e-06,1.312543522801086535e-06,1.392856817728787559e-06,1.474345104216009222e-06,1.556342793386092803e-06,1.638079720862497179e-06,1.718636374562118557e-06,1.797028463614561501e-06,1.869848500825495271e-06,1.935806492234587470e-06,1.993670191185667123e-06,2.042318523940282251e-06,2.080710556455314097e-06,2.108043101685312277e-06,2.123780529820000198e-06,2.127633596425129723e-06,2.119535439634150391e-06,2.099632271388858897e-06,2.068292659215510921e-06,2.026131355707200398e-06,1.974030053976721879e-06,1.913107071795504412e-06,1.844559869491614636e-06,1.769694624115734299e-06,1.689871380843555090e-06,1.608523341364003942e-06,1.526687378320801115e-06,1.445326236019883295e-06,1.365237480300745697e-06,1.287080658906529666e-06,1.211386614951650300e-06,1.138609396945570813e-06,1.068425007758403429e-06,1.001257261486165278e-06,9.374768362946621804e-07,8.773920148459360367e-07,8.212181171414432157e-07,7.690824982808352667e-07,7.210259281625890239e-07,6.770086034010408912e-07,6.369178333601078940e-07,6.005743941412345796e-07,5.677372656512711976e-07,5.381085004819035174e-07,5.113410346133911546e-07,4.870509162981109143e-07,4.648286595339608547e-07,4.442672735788978929e-07,4.249791652286619171e-07,4.068853139921242953e-07,3.896679627578333767e-07,3.730668447377712868e-07,3.568776122829090274e-07,3.409727623191641608e-07,3.253251225736710123e-07,3.099265293444891783e-07,2.958773436225032236e-07,2.829842529741772271e-07,2.710541766351019054e-07,2.599009979737008033e-07,2.493794162992241554e-07,2.393647879372747204e-07,2.297537887111138905e-07,2.204676451576641935e-07,2.114529285477982409e-07,2.026802118493021851e-07,1.941412062716580484e-07,1.858443893672817590e-07,1.778092605613067289e-07,1.700628816575820351e-07,1.626509069615981188e-07,1.556139905391929804e-07,1.489831794792374960e-07,1.422151012371038472e-07,1.353470076765181209e-07,1.284126286231236791e-07,1.214676960669480500e-07,1.145781412101381976e-07,1.078121916067398025e-07,1.012356162434244220e-07,9.490867090361218096e-08,8.888410415627737736e-08,8.320585129657558938e-08,7.790814236566180473e-08,7.301483286904259055e-08,6.853886325512128966e-08,6.448186309014826137e-08,6.083401919794890325e-08,5.757439293984628711e-08,5.467186848331880535e-08,5.208682704954587166e-08,4.977349107842081108e-08,4.768271957900295404e-08,4.576492476539659549e-08,4.397276138319689735e-08,4.226331283383718593e-08,4.059962521312812318e-08,3.895156903148742601e-08,3.729593377569300057e-08,3.561597825315130000e-08,3.390101075323334933e-08,3.214618629094746139e-08,3.035259483268243913e-08,2.852765196570616118e-08,2.668573993448902069e-08,2.484896673951348216e-08,2.304778925727500598e-08,2.132105086441378758e-08,1.971469830616173419e-08,1.827814662374228094e-08,1.705729050930257253e-08,1.608418466750906480e-08,1.536589390091686123e-08,1.487774794125473472e-08,1.456600331016307743e-08,1.436012223919665820e-08,1.418929270113686168e-08,1.399651573971990343e-08,1.374649586762537048e-08,1.342700631509428470e-08,1.304525707704394922e-08,1.262140883896032491e-08,1.218158689565154808e-08,1.175274117280312498e-08,1.136114802295454074e-08,1.103507000709958865e-08,1.081043224896334599e-08,1.073712362009192772e-08,1.088471565806871248e-08,1.135717791684480775e-08,1.235295145828797428e-08,1.426603570117690261e-08,1.740726675411988533e-08,2.062690896565870099e-08,2.085946395850077620e-08
1.896927911672474557e-08,2.086125640095838767e-08,2.642871090109071054e-08,3.277506335312712009e-08,3.917264551924339140e-08,4.497079145768614903e-08,4.996980733166250506e-08,5.425363453166203359e-08,5.795850609664005797e-08,6.119546234906933978e-08,6.404570486554462882e-08,6.657015944131566756e-08,6.881711430752475130e-08,7.082662301804946325e-08,7.263288362174367515e-08,7.426555964163275130e-08,7.575057122149339167e-08,7.711062151145723056e-08,7.836558922001038227e-08,7.953285171146898054e-08,8.062756960661800824e-08,8.166294686330391821e-08,8.265047177745443514e-08,8.360014027137609407e-08,8.452066113852969154e-08,8.541964245287423021e-08,8.630375849225837085e-08,8.717889691901153989e-08,8.805028642013496208e-08,8.892260544149479233e-08,8.980007301476882366e-08,9.068652295984079172e-08,9.158546294946677658e-08,9.250012005339882277e-08,9.343347444327362216e-08,9.438828294470529755e-08,9.536709407547568448e-08,9.637225611369590888e-08,9.740591960123916919e-08,9.847003550792223699e-08,9.956635006079857447e-08,1.006963969768698477e-07,1.018615422764954649e-07,1.030632011869096409e-07,1.043029050877610610e-07,1.055823174103094802e-07,1.069032524481234578e-07,1.082676976964864991e-07,1.096778404780333668e-07,1.111360997873377165e-07,1.126451645101908006e-07,1.142080394676536220e-07,1.158281011473807474e-07,1.175091656128983101e-07,1.192555721323035836e-07,1.210722879699225214e-07,1.229650433712339871e-07,1.249405124417720819e-07,1.270065669377486482e-07,1.291726452913076511e-07,1.314502941743851416e-07,1.338540197075963867e-07,1.364037013214064755e-07,1.391406195777599120e-07,1.422577720143176585e-07,1.457912509218909583e-07,1.497754288613035932e-07,1.542437966177798165e-07,1.592297103537802087e-07,1.647678720694517475e-07,1.708935291912323325e-07,1.776425070629102847e-07,1.850517918672461357e-07,1.931601195343367575e-07,2.020083141924994263e-07,2.116393023795825062e-07,2.220978666406535003e-07,2.334304646336921969e-07,2.456858766548560945e-07,2.589170661303176496e-07,2.731795658871829165e-07,2.885308591042711283e-07,3.050292087072725752e-07,3.223741577822217837e-07,3.405713270844620834e-07,3.596868371473324619e-07,3.798147240264947089e-07,4.010924132367622443e-07,4.238768697678869619e-07,4.483433408451285483e-07,4.746779599077979997e-07,5.030761117563855493e-07,5.337395703752245202e-07,5.668734049223555701e-07,6.026785326998443656e-07,6.413464899042280842e-07,6.830557539251067031e-07,7.279674499408104370e-07,7.762188814697743878e-07,8.279143336536729557e-07,8.831138971123390940e-07,9.418228871202976733e-07,1.003986113536828267e-06,1.069488817422187135e-06,1.138151464014892825e-06,1.209726340286386794e-06,1.283891955460858386e-06,1.359565409144183285e-06,1.436177798484340261e-06,1.513174244602778853e-06,1.589917711633146110e-06,1.665479793385921180e-06,1.736755841512644718e-06,1.802629133648410306e-06,1.862012820045086764e-06,1.913876394398757837e-06,1.957278001708084831e-06,1.991386854692661685e-06,2.015544021202376006e-06,2.029291587337530633e-06,2.032375818962437337e-06,2.024741902213701782e-06,2.006531154106508794e-06,1.978084014091827256e-06,1.939945419462519756e-06,1.892861631100846642e-06,1.837750996375404488e-06,1.775643153488477058e-06,1.707656098592734347e-06,1.634963013945802489e-06,1.558764215825184480e-06,1.482201785469386472e-06,1.406273247708991807e-06,1.331679634298324494e-06,1.259005661867478025e-06,1.188659758349446910e-06,1.120274085050353787e-06,1.054282773346060276e-06,9.910808515738557372e-07,9.310144848834896523e-07,8.743703307492847030e-07,8.213618305401116294e-07,7.721250498403386402e-07,7.267171974764587675e-07,6.851178405200649248e-07,6.472317656806209927e-07,6.128924923735421298e-07,5.818665081353646996e-07,5.538592308196619482e-07,5.285239640959111323e-07,5.054743306961614733e-07,4.842993759083276641e-07,4.645835648214765930e-07,4.459249930871904139e-07,4.279529460605907119e-07,4.106258169941224764e-07,3.936858560192751638e-07,3.769075187809055096e-07,3.601532715551914107e-07,3.435276881095929713e-07,3.283121527294442113e-07,3.143214858776438296e-07,3.013620574282228969e-07,2.892454197701210634e-07,2.777983100164479207e-07,2.668743571159981274e-07,2.563521727808784896e-07,2.461351962507707708e-07,2.361522923092660588e-07,2.263574563630021433e-07,2.167282930408811561e-07,2.072634023354197236e-07,1.979788754455221501e-07,1.889043978210873945e-07,1.800803029211192850e-07,1.715564277515667671e-07,1.633829863698769510e-07,1.556040995628919169e-07,1.482511203533981668e-07,1.407717244939643523e-07,1.331739740830094243e-07,1.255378319709302213e-07,1.179527007187473137e-07,1.105065477073868167e-07,1.032814265999233606e-07,9.635073798492227374e-08,8.977760905651813715e-08,8.361398560896181260e-08,7.790006274283818297e-08,7.266377454423552536e-08,6.792020298550815027e-08,6.367094063874304127e-08,5.990362305094526036e-08,5.659197959760549897e-08,5.369676832764511550e-08,5.116781923366137446e-08,4.894713859476932935e-08,4.697272720967116961e-08,4.518256662822806034e-08,4.351820928642330117e-08,4.192755733944139052e-08,4.036664645946698025e-08,3.880045120219204343e-08,3.720265124168890397e-08,3.555477681856572282e-08,3.384543699253206122e-08,3.206985777483393610e-08,3.022982463954454085e-08,2.833405140488518706e-08,2.639893482594771224e-08,2.444958275152310990e-08,2.252088955615886655e-08,2.065821659325985277e-08,1.891683853216744901e-08,1.735872582007917284e-08,1.604478755996081631e-08,1.502151685983924667e-08,1.430457396329164801e-08,1.386724374898096491e-08,1.364279565101706689e-08,1.354179684274571737e-08,1.347531642636652579e-08,1.337339649497409762e-08,1.319411832617659557e-08,1.292410550363186155e-08,1.257324349353588396e-08,1.216639691789939470e-08,1.173472895117423680e-08,1.130915684370582234e-08,1.091795290190722746e-08,1.058912345088557646e-08,1.035632254276060591e-08,1.026557428656311670e-08,1.038068950105859008e-08,1.079437344703666980e-08,1.168031513369882917e-08,1.341081333934348445e-08,1.639367123434316806e-08,1.975683865950750661e-08,2.034714943707599013e-08
1.815780359398207556e-08,2.074706661440741019e-08,2.660151169098751693e-08,3.310649129001030342e-08,3.956359235033519446e-08,4.534708688464215306e-08,5.031164217616880998e-08,5.456645026857741691e-08,5.825191047864770629e-08,6.147690552530054641e-08,6.432006870645465241e-08,6.684052925860730638e-08,6.908545614548547838e-08,7.109422427499417614e-08,7.290062630031577498e-08,7.453409195855080052e-08,7.602041713200298335e-08,7.738225053748662739e-08,7.863945988247472914e-08,7.980943711026432097e-08,8.090737099505730495e-08,8.194649935245673063e-08,8.293834511597149485e-08,8.389293677912540431e-08,8.481901223339899279e-08,8.572420474374347926e-08,8.661521007675165958e-08,8.749793428932680679e-08,8.837762221716524940e-08,8.925896718531829343e-08,9.014620286222933728e-08,9.104317848565766991e-08,9.195341890803730285e-08,9.288017104893303393e-08,9.382643841290390175e-08,9.479500534084185036e-08,9.578845261876600753e-08,9.680916597550519368e-08,9.785933886330646009e-08,9.894097073463348442e-08,1.000558618028176601e-07,1.012056049980914193e-07,1.023916294390751574e-07,1.036154130064515399e-07,1.048785465285925286e-07,1.061827469500162821e-07,1.075298724320485931e-07,1.089219396895322045e-07,1.103611439067854512e-07,1.118498816141770429e-07,1.133907769401024203e-07,1.149867116786438890e-07,1.166408596337149622e-07,1.183567257436730643e-07,1.201381906632713343e-07,1.219895621194474167e-07,1.239156364127438151e-07,1.259217792635043530e-07,1.280140491124836888e-07,1.301994057940374840e-07,1.324859825163795281e-07,1.348825032269814318e-07,1.373892774462151162e-07,1.402408722338191608e-07,1.434781618190433633e-07,1.471342221636857923e-07,1.512408512685249949e-07,1.558298631480141825e-07,1.609335756535221796e-07,1.665852805308713243e-07,1.728191830082648274e-07,1.796704891706524894e-07,1.871757019973183588e-07,1.953729581847859732e-07,2.043022750449895630e-07,2.140056661425131314e-07,2.245271825708334575e-07,2.359130513713837689e-07,2.482121353328398358e-07,2.614765999416614372e-07,2.757617404126714222e-07,2.911255999723133126e-07,3.076264427844430026e-07,3.253075504125957829e-07,3.437357226157887430e-07,3.630053896646377646e-07,3.831890384270725659e-07,4.046682983675425810e-07,4.276012594538882743e-07,4.521465677160359897e-07,4.784696581300643434e-07,5.067419836263567143e-07,5.371384672750361527e-07,5.698341170379981296e-07,6.049992929422567125e-07,6.427952450393387727e-07,6.833699901950632977e-07,7.268537796054455160e-07,7.733534923282480720e-07,8.229458169435114395e-07,8.756698331927319530e-07,9.315203948979758041e-07,9.904439650394249402e-07,1.052337071095619618e-06,1.117044333518418942e-06,1.184356720671227407e-06,1.254005940800023605e-06,1.325635444574895973e-06,1.397955980813051238e-06,1.470619530869124478e-06,1.543331320654206546e-06,1.612767751784053350e-06,1.677898795884373369e-06,1.737782440038740267e-06,1.791511339966468477e-06,1.838227149086735907e-06,1.877147378032676958e-06,1.907592873066082589e-06,1.929021725579141422e-06,1.941052100061241145e-06,1.943472108323073767e-06,1.936242375349122700e-06,1.919496427741544587e-06,1.893540757569041069e-06,1.858852668215520482e-06,1.816070761588357757e-06,1.765972464820540478e-06,1.709440515406372952e-06,1.647435772452847798e-06,1.580970483685563010e-06,1.511093505707431829e-06,1.438941074274571260e-06,1.367892233991074237e-06,1.298370417839384110e-06,1.230943714066945787e-06,1.164959453242165500e-06,1.100812751518864109e-06,1.038907378995723435e-06,9.796156996121564238e-07,9.232651949088234364e-07,8.701286703297838769e-07,8.204147879186924371e-07,7.742617628725502765e-07,7.317333380159654464e-07,6.928168415334979395e-07,6.574230851952009007e-07,6.253880164801359872e-07,5.964764664858250609e-07,5.703886362856693155e-07,5.467698552608888165e-07,5.252235820031320741e-07,5.053269937994829895e-07,4.866485694392923867e-07,4.687655130128226599e-07,4.512821032532761990e-07,4.338579523489511881e-07,4.165739470253201985e-07,3.991324136162532285e-07,3.812357606037401134e-07,3.647875211532081762e-07,3.496632895770744300e-07,3.356610945115801870e-07,3.225745203599358455e-07,3.102106289411457438e-07,2.983974954057187670e-07,2.869894341507755332e-07,2.758679387941126903e-07,2.649417553751253778e-07,2.541466298055449395e-07,2.434444014137778626e-07,2.328212791551311961e-07,2.222853417014847889e-07,2.118634230969110464e-07,2.015976880420384928e-07,1.915422988728043262e-07,1.817599930408718366e-07,1.723166078875007644e-07,1.632755109835718609e-07,1.546891332603671505e-07,1.465711450956170687e-07,1.382119394117155419e-07,1.297780363805149773e-07,1.213930115788181586e-07,1.131689129648663848e-07,1.052067028842034542e-07,9.759445076399497037e-08,9.040649478108124244e-08,8.370330815570461134e-08,7.753153501604390552e-08,7.192378077450600133e-08,6.689793569885004912e-08,6.245607701186661556e-08,5.858331150194118867e-08,5.524719185473956038e-08,5.239841890142084478e-08,4.997331444797748255e-08,4.789804493555796592e-08,4.609400520309226982e-08,4.448341244343773662e-08,4.299417002422965107e-08,4.156338027375666288e-08,4.013931605130181549e-08,3.868197925180443765e-08,3.716228881998324588e-08,3.556059900580394038e-08,3.386540847885073744e-08,3.207252437254486895e-08,3.018478625810416059e-08,2.821237047509951313e-08,2.617363812307782832e-08,2.409644132924280621e-08,2.201972612599489688e-08,1.999508570669691767e-08,1.808746380170212003e-08,1.637327158132759641e-08,1.493285177268130927e-08,1.383396206580306919e-08,1.310740201900239697e-08,1.272641722103845041e-08,1.260717290805482559e-08,1.263415116810134907e-08,1.269419140737412740e-08,1.270109137689767604e-08,1.260540086921873481e-08,1.239303235711840046e-08,1.207757266743368931e-08,1.168979323345833847e-08,1.126705101759606123e-08,1.084518255258065954e-08,1.045509840477622184e-08,1.012486364907590365e-08,9.885930583417827264e-09,9.780455469188134468e-09,9.866789004334168842e-09,1.022769789915734481e-08,1.101377649749181148e-08,1.256820473708870031e-08,1.536978146044744198e-08,1.882943125844739544e-08,1.980946461084657595e-08
1.737149613331351944e-08,2.068012012643055548e-08,2.679432285458462812e-08,3.344988607726269442e-08,3.995367523798376711e-08,4.571490714130307143e-08,5.064287135699202217e-08,5.486863621082784022e-08,5.853491999225871644e-08,6.174794476548917818e-08,6.458376165929042158e-08,6.709978450949494596e-08,6.934213374091735364e-08,7.134955301715214597e-08,7.315545933905239259e-08,7.478906684775440433e-08,7.627605787107075881e-08,7.763903244854124963e-08,7.889784971228004168e-08,8.006991637065628539e-08,8.117044806033385453e-08,8.221271422680370375e-08,8.320826965477991656e-08,8.416717232048905421e-08,8.509818598634652883e-08,8.600896583639405944e-08,8.690622585157126347e-08,8.779588721190310710e-08,8.868320761309745283e-08,8.957289191614643426e-08,9.046918498012857768e-08,9.137594785663717931e-08,9.229671875694980746e-08,9.323476035180241956e-08,9.419309503996702690e-08,9.517452983559542397e-08,9.618167248320861449e-08,9.721694031881050611e-08,9.828256325915675497e-08,9.938058211933890944e-08,1.005128432287138324e-07,1.016809900291328239e-07,1.028865050602021035e-07,1.041309178374968629e-07,1.054158660014864893e-07,1.067431054949248604e-07,1.081145216555980304e-07,1.095321412134750796e-07,1.109981451221711443e-07,1.125148820591850317e-07,1.140848822761813138e-07,1.157108712340361214e-07,1.173957820579422064e-07,1.191427651984523333e-07,1.209551926414131799e-07,1.228366524365608984e-07,1.247909274793350933e-07,1.268219531481141769e-07,1.289337670760000942e-07,1.311305793163958625e-07,1.334176923065809598e-07,1.358070523374170004e-07,1.383468040806602659e-07,1.412790374487028189e-07,1.446111273869182788e-07,1.483666921845526656e-07,1.525737372190662245e-07,1.572619879805371202e-07,1.624623315475381366e-07,1.682067901938775280e-07,1.745285225038216032e-07,1.814619051464218608e-07,1.890427107377633290e-07,1.973083240833955748e-07,2.062979393615230082e-07,2.160527204641791629e-07,2.266159585064034673e-07,2.380333057481143148e-07,2.503531632822719306e-07,2.636272034496828076e-07,2.779110059689316006e-07,2.932658500879645425e-07,3.097653583908765319e-07,3.275240042862160623e-07,3.460915277262657734e-07,3.654459669645274926e-07,3.857027900087862484e-07,4.072515460800577892e-07,4.302023277632479932e-07,4.546911653173676228e-07,4.808637961887344899e-07,5.088705294533853334e-07,5.388630699238587410e-07,5.709913482625909860e-07,6.053998782253417225e-07,6.422239905335387057e-07,6.815860100494954531e-07,7.235911455223327209e-07,7.683228780957135564e-07,8.158379009595514646e-07,8.661610474872989095e-07,9.192809784774418313e-07,9.751474111016487435e-07,1.033670142838114170e-06,1.094719659096418745e-06,1.158131133781255693e-06,1.223718333254940972e-06,1.291326747658721603e-06,1.359734047080383880e-06,1.428392418982484293e-06,1.496473687229485511e-06,1.560673750231761988e-06,1.620474394740509510e-06,1.675164160103281562e-06,1.724003302120776144e-06,1.766281104725288259e-06,1.801349145203402563e-06,1.828647941003592163e-06,1.847731444940311008e-06,1.858285364299885150e-06,1.860138064747674498e-06,1.853265800992499139e-06,1.837794406555172117e-06,1.813998310588787347e-06,1.782296010323116385e-06,1.743239886705448791e-06,1.697498678873781105e-06,1.645833936928229154e-06,1.589074547493954521e-06,1.528085039351238594e-06,1.463710563545633160e-06,1.396615748309718288e-06,1.330190023890278750e-06,1.265353514715731326e-06,1.202429255030950424e-06,1.140703346817656367e-06,1.080693548333730535e-06,1.022810196010897616e-06,9.674120331839263964e-07,9.148118472636954388e-07,8.652708717216739783e-07,8.189907984643241782e-07,7.761064933021953256e-07,7.366801589776938082e-07,7.006973093621441722e-07,6.680648707635628782e-07,6.386118023813704941e-07,6.120927179681544033e-07,5.881949144600019012e-07,5.665488718123657234e-07,5.467417427280449388e-07,5.283328167854683868e-07,5.108695640917712300e-07,4.939020955642598106e-07,4.769925726165436332e-07,4.597074604077659251e-07,4.421290021245192252e-07,4.240983738448358695e-07,4.058490495936372599e-07,3.893939470439196565e-07,3.742701359181745983e-07,3.601861028373489713e-07,3.469054078227656014e-07,3.342234122039855714e-07,3.219640939148258415e-07,3.099808955795470805e-07,2.981571767460193358e-07,2.864060730028050329e-07,2.746698454825789998e-07,2.629186453874584227e-07,2.511486369586666992e-07,2.393795032208225090e-07,2.276514336772388275e-07,2.160217552186030422e-07,2.045613706350547399e-07,1.933510230808126601e-07,1.824774318286305759e-07,1.720313484551492950e-07,1.621136758096053975e-07,1.528767191749728262e-07,1.435731031283665868e-07,1.342019856988259495e-07,1.248896051855795703e-07,1.157715869218924152e-07,1.069695440567663593e-07,9.858699379281877126e-08,9.070957298079621048e-08,8.340621770061148909e-08,7.673022154338272037e-08,7.071954820724081371e-08,6.539602038982635208e-08,6.076338958576206900e-08,5.680484446025606583e-08,5.348108056715135107e-08,5.073031217471937052e-08,4.847124791080592588e-08,4.660907624517738746e-08,4.504337289466770574e-08,4.367618812008937377e-08,4.241870958610007446e-08,4.119560785732881559e-08,3.994697876072658302e-08,3.862828668343923924e-08,3.720857816594064016e-08,3.566806186820115600e-08,3.399608964905550708e-08,3.218981944986850003e-08,3.025364951391678431e-08,2.819941603924065765e-08,2.604729896010855744e-08,2.382736793120855707e-08,2.158169834252609883e-08,1.936691876470881354e-08,1.725669655680173279e-08,1.534253719771563339e-08,1.372873459924152152e-08,1.251421434627820350e-08,1.175697085900809660e-08,1.143576975492629815e-08,1.144385878749777162e-08,1.162809255144461521e-08,1.184197435402830211e-08,1.197896580974075642e-08,1.198149029201923804e-08,1.183571350086677996e-08,1.156035523725061612e-08,1.119355788123991151e-08,1.078020079302774497e-08,1.036211526181317966e-08,9.973572719428483999e-09,9.643043378730552372e-09,9.399833287109911766e-09,9.282169990580080017e-09,9.343108895992744688e-09,9.656611464756957817e-09,1.035226840174046263e-08,1.173919032653193516e-08,1.434116051163762956e-08,1.784674905611384528e-08,1.923535262298292853e-08
1.662480977769145560e-08,2.065590929474373937e-08,2.700643209198668867e-08,3.380388932255276401e-08,4.034139061140588675e-08,4.607357525817579421e-08,5.096339526939763905e-08,5.516028805336548915e-08,5.880764255363634945e-08,6.200864733902782191e-08,6.483680391979171446e-08,6.734790248637165576e-08,6.958708623390029411e-08,7.159251390866183847e-08,7.339725571867737676e-08,7.503032783842448444e-08,7.651730935942943683e-08,7.788075706442847554e-08,7.914052359838013625e-08,8.031403026766298376e-08,8.141651791707266100e-08,8.246128503193445357e-08,8.345991511167547432e-08,8.442249219668325844e-08,8.535780238818799879e-08,8.627351923974170170e-08,8.717637142254072645e-08,8.807229174622814471e-08,8.896654728276151778e-08,8.986385091729343194e-08,9.076845511172993762e-08,9.168422901422901448e-08,9.261472029274921367e-08,9.356320322714036569e-08,9.453271467560603700e-08,9.552607954872148244e-08,9.654592738590890855e-08,9.759470154100605336e-08,9.867466234823366091e-08,9.978788545727417731e-08,1.009362562921693908e-07,1.021214612938063709e-07,1.033450283833810737e-07,1.046085299231664450e-07,1.059136407373600964e-07,1.072621452791670455e-07,1.086559447328449243e-07,1.100970637480628384e-07,1.115876563593301061e-07,1.131300104354974944e-07,1.147265496999621508e-07,1.163798319028339389e-07,1.180925410037033207e-07,1.198674700245759015e-07,1.217074891097678396e-07,1.236154892741601988e-07,1.255942838286683999e-07,1.276464294694318249e-07,1.297738741560192080e-07,1.319771591529408105e-07,1.342532046839480592e-07,1.365876215605394915e-07,1.392308854102496787e-07,1.422434163362738392e-07,1.456546578019551404e-07,1.494906849343325471e-07,1.537784452985460683e-07,1.585462062895387861e-07,1.638235255430179159e-07,1.696412327933077365e-07,1.760314394120011144e-07,1.830275994446685712e-07,1.906646275094461303e-07,1.989790524353338021e-07,2.080091829595063678e-07,2.177952791139202457e-07,2.283797471075826270e-07,2.398073920523068691e-07,2.521257537075165305e-07,2.653855068556673095e-07,2.796408658727149291e-07,2.949498596142650596e-07,3.113731493879721682e-07,3.289630776164945015e-07,3.476948236534934204e-07,3.670217995245595911e-07,3.873640293497096221e-07,4.088984385278485000e-07,4.317591639944670562e-07,4.560760468296835372e-07,4.819804733709515153e-07,5.096050049203687463e-07,5.390815239081573324e-07,5.705387548572349880e-07,6.040993582932294293e-07,6.398767906658286568e-07,6.779720098157072441e-07,7.184699973454769887e-07,7.614360850707297463e-07,8.069122094625171362e-07,8.549134094600119486e-07,9.054250305281781931e-07,9.584010923184597678e-07,1.013764093597095141e-06,1.071406390932723370e-06,1.131193438663295815e-06,1.192967894223822161e-06,1.256543717777928225e-06,1.321617702207955298e-06,1.387133803274739728e-06,1.450088323743023007e-06,1.509445136850140862e-06,1.564515616718029103e-06,1.614655831221927448e-06,1.659238361129166023e-06,1.697668850474498055e-06,1.729408171750824624e-06,1.753993709805112446e-06,1.771058422301672291e-06,1.780345852252998595e-06,1.781720289025663654e-06,1.775172507690234306e-06,1.760821877047799545e-06,1.738915199576190097e-06,1.709821944317396697e-06,1.674025125517300981e-06,1.632107473783936100e-06,1.584733822241635548e-06,1.532631719678773156e-06,1.476571988544578451e-06,1.417356523518144156e-06,1.355854214695272960e-06,1.293318289594052082e-06,1.233047982625406226e-06,1.174003645536440462e-06,1.116331213972593350e-06,1.060371478329631897e-06,1.006481413067714819e-06,9.549950292093618040e-07,9.062089523921751658e-07,8.603721632685073056e-07,8.176765860609442363e-07,7.782485420726724911e-07,7.421415231722730740e-07,7.093308581958915645e-07,6.797109064643297973e-07,6.530954056928872439e-07,6.292214641506874615e-07,6.077573626493687532e-07,5.883138433400033356e-07,5.704580308792516336e-07,5.537287269928227826e-07,5.376516509086555505e-07,5.217532838005070895e-07,5.055728589095160114e-07,4.886762140751269353e-07,4.706994998690062875e-07,4.516130683798575539e-07,4.338658957212007419e-07,4.175419405157907226e-07,4.024041646805846409e-07,3.881878702197879899e-07,3.746498095471459401e-07,3.615764919832405723e-07,3.487862142617435760e-07,3.361300154924383081e-07,3.234919395005043434e-07,3.107887116560730503e-07,2.979688823210624735e-07,2.850114194572662315e-07,2.719237264836791383e-07,2.587390950443262917e-07,2.455136443169785916e-07,2.323228311258534301e-07,2.192576182209819568e-07,2.064203531684767605e-07,1.939204133173908369e-07,1.818697011042687241e-07,1.703762985554537786e-07,1.595238654975111605e-07,1.492626258800858611e-07,1.388138580813953953e-07,1.284243745253261471e-07,1.182768106489979610e-07,1.085175085263003166e-07,9.926521277460818644e-08,9.061568659521884802e-08,8.264529209893053357e-08,7.541369414141215509e-08,6.896506699131128226e-08,6.332712686505820774e-08,5.850777931635657116e-08,5.449013304764654257e-08,5.122783697613250233e-08,4.864345665341148643e-08,4.663206993487385957e-08,4.507026508084538491e-08,4.382835020938606762e-08,4.278240292222165453e-08,4.182339800999556897e-08,4.086227716748021601e-08,3.983130845265189241e-08,3.868274622666251089e-08,3.738547558122861796e-08,3.592125190766623091e-08,3.428172392750601045e-08,3.246648366819412924e-08,3.048216876280880371e-08,2.834253591188464356e-08,2.606938859713913447e-08,2.369427005476457142e-08,2.126092850041710381e-08,1.882869754778520217e-08,1.647693171898061105e-08,1.430985554349819482e-08,1.245793524481858844e-08,1.106394504790383717e-08,1.023546404138099824e-08,9.971749730369106868e-09,1.013511357188099356e-08,1.051461747312504320e-08,1.091614921520131436e-08,1.120803993487678640e-08,1.132492737988433948e-08,1.125511898863100177e-08,1.102445417594913558e-08,1.068019175053643598e-08,1.027621357147827888e-08,9.861524586494855299e-09,9.474551315823594255e-09,9.144543853174396103e-09,8.898701010756168441e-09,8.771204512963257185e-09,8.809853465648046545e-09,9.080718952384301095e-09,9.694691600954195273e-09,1.092416828770457541e-08,1.331309807053580640e-08,1.681213649645359954e-08,1.861363910321348705e-08
1.593267733586993867e-08,2.066951629097752627e-08,2.723729650212979274e-08,3.416697885090405037e-08,4.072528799363827455e-08,4.642252270729373775e-08,5.127317523110473880e-08,5.544152058130557634e-08,5.907018733419615014e-08,6.225907736648659554e-08,6.507921294023724797e-08,6.758485939059905019e-08,6.982025352173258134e-08,7.182301420086222185e-08,7.362589281044041484e-08,7.525772464495784816e-08,7.674399549806811545e-08,7.810722398121458715e-08,7.936725800116991936e-08,8.054153294221940352e-08,8.164531284358997775e-08,8.269192228653454878e-08,8.369297001088179664e-08,8.465856238822866076e-08,8.559750403976205320e-08,8.651748308176146809e-08,8.742523912422938287e-08,8.832671291491553903e-08,8.922717724895471166e-08,9.013134938297363563e-08,9.104348568195660443e-08,9.196745959228906187e-08,9.290682429007668606e-08,9.386486151695762702e-08,9.484461820143276350e-08,9.584893248445062594e-08,9.688045073253628354e-08,9.794163703589653954e-08,9.903477655524982465e-08,1.001619738986585219e-07,1.013251474730328083e-07,1.025260204530793735e-07,1.037661597916529921e-07,1.050471741791804994e-07,1.063707690209988890e-07,1.077387508010069264e-07,1.091530305021925873e-07,1.106156255324513880e-07,1.121286593942995990e-07,1.136943580503522578e-07,1.153150415390782246e-07,1.169931088311002332e-07,1.187310130833141875e-07,1.205312231460206425e-07,1.223961649837916235e-07,1.243281326366322684e-07,1.263291502692806221e-07,1.284007495308651964e-07,1.305435880744060692e-07,1.327567538797485158e-07,1.350364740245834020e-07,1.373741133613898456e-07,1.400668334390967009e-07,1.431374486868191836e-07,1.466099315418673598e-07,1.505086366556755960e-07,1.548590722104131951e-07,1.596881462062050562e-07,1.650241774472913544e-07,1.708968694959098645e-07,1.773373049156031092e-07,1.843779804251645270e-07,1.920528862970712258e-07,2.003976214711773968e-07,2.094495345408754989e-07,2.192478887963371217e-07,2.298340606346655063e-07,2.412517866134570342e-07,2.535474666122902698e-07,2.667705037915575541e-07,2.809736127412608005e-07,2.962129054881678314e-07,3.125471940055049880e-07,3.300356789415871835e-07,3.487388462070409324e-07,3.680006119859964903e-07,3.882760678723994734e-07,4.096883935495688514e-07,4.323574612912403572e-07,4.564012713799989272e-07,4.819374265513859633e-07,5.090827978447380022e-07,5.379521322963097812e-07,5.686560639794533371e-07,6.012987485801487233e-07,6.359752670338586511e-07,6.727688852034350135e-07,7.117482186943195757e-07,7.529643698008426064e-07,7.964481774160412683e-07,8.422078178857225978e-07,8.902270659064416071e-07,9.404645266405499246e-07,9.928540866858050420e-07,1.047306779271196697e-06,1.103714264596095186e-06,1.161954014804199445e-06,1.221896950442719826e-06,1.283430059769174897e-06,1.345287041994183916e-06,1.404028731019466467e-06,1.459120569292056859e-06,1.510008299656836441e-06,1.556145534938228770e-06,1.597002434839039347e-06,1.632080585333251552e-06,1.660930514186900780e-06,1.683168908693928896e-06,1.698494029470121247e-06,1.706698190679705296e-06,1.707676724923074090e-06,1.701433424274576995e-06,1.688082695509735528e-06,1.667848566881699817e-06,1.641060450081448514e-06,1.608145474307117316e-06,1.569617482118002562e-06,1.526063389080297406e-06,1.478128225707820841e-06,1.426500706397388725e-06,1.371902910878307856e-06,1.315088962020906360e-06,1.256830562665737919e-06,1.200800476202522016e-06,1.145811668101080760e-06,1.092187523319490295e-06,1.040266933501482709e-06,9.903875758179151385e-07,9.428663661509157259e-07,8.979854169094322274e-07,8.559805113506668425e-07,8.170306125894057068e-07,7.812483084038366567e-07,7.486716914718092493e-07,7.192584317016712104e-07,6.928828597127963728e-07,6.693367551188059179e-07,6.483342073222636345e-07,6.295204224080056432e-07,6.124837930133269358e-07,5.967700830478228974e-07,5.818973428432642685e-07,5.673702145836070900e-07,5.526925634994862640e-07,5.373777506536572337e-07,5.209556070436381582e-07,5.029693955617863824e-07,4.835597469098839586e-07,4.658729258387662743e-07,4.495809067552815814e-07,4.343790967361318819e-07,4.199801457655316249e-07,4.061250911529685168e-07,3.925886432750938527e-07,3.791812142967452821e-07,3.657496699708079857e-07,3.521774070978581250e-07,3.383839145305282341e-07,3.243238352576622047e-07,3.099854955955586078e-07,2.953888645837221762e-07,2.805829298392716099e-07,2.656425067693369177e-07,2.506645238412964614e-07,2.357638391003280261e-07,2.210686405013677981e-07,2.067154675554115027e-07,1.928437889868561448e-07,1.795895744934567768e-07,1.670769736991126348e-07,1.554160998315391350e-07,1.436307310826433382e-07,1.319690916605891582e-07,1.206330081764844976e-07,1.097849139586550438e-07,9.955424338028642728e-08,9.004340822973491504e-08,8.133361670463912748e-08,7.348983701788107325e-08,6.656355718133341628e-08,6.059182402077226643e-08,5.559161913093515377e-08,5.155029192469916355e-08,4.841539273206910897e-08,4.608942271580929165e-08,4.443433620946559717e-08,4.328621594633864033e-08,4.247523940433136424e-08,4.184406567180573753e-08,4.126000512786541215e-08,4.062007190105315695e-08,3.985054420554980049e-08,3.890322670717329586e-08,3.774971473889052905e-08,3.637584255329970574e-08,3.477755115732956849e-08,3.295827816900785431e-08,3.092775873341783031e-08,2.870202321753028517e-08,2.630435088635215138e-08,2.376699466438348248e-08,2.113367434998975332e-08,1.846319832954179271e-08,1.583511300188837605e-08,1.335866339520721556e-08,1.118471497740741846e-08,9.509556302661358958e-09,8.529552807070247540e-09,8.305932711992547354e-09,8.661213130438131309e-09,9.287063365691810002e-09,9.917976839284141454e-09,1.039267430902307263e-08,1.064066281042002644e-08,1.065581634107210047e-08,1.047376921117941636e-08,1.015287917008654627e-08,9.757584517461359538e-09,9.345289348885707370e-09,8.959413717719843769e-09,8.630380063965756549e-09,8.383296052539952963e-09,8.248122182385760983e-09,8.267323508858291474e-09,8.499767394696880885e-09,9.039972514589255500e-09,1.012300375613965654e-08,1.229044441550655995e-08,1.573012778362507662e-08,1.793346427221117829e-08
1.530963951109242122e-08,2.071597868897621014e-08,2.748645961659749779e-08,3.453748062935393787e-08,4.110399338420588937e-08,4.676128852786748185e-08,5.157222561075216935e-08,5.571246231247027347e-08,5.932266245373602773e-08,6.249929510203503879e-08,6.531100333504461610e-08,6.781063047081507667e-08,7.004157651578366334e-08,7.204096408969565873e-08,7.384125284010496570e-08,7.547111374440592012e-08,7.695594886151308235e-08,7.831824337866557113e-08,7.957784187007263241e-08,8.075219292418020754e-08,8.185658140595299911e-08,8.290435470406987882e-08,8.390714299998488654e-08,8.487507096564567059e-08,8.581695765539856845e-08,8.674050170469762217e-08,8.765244970514672015e-08,8.855874647557231031e-08,8.946466673510956731e-08,9.037492834210664532e-08,9.129378777735483087e-08,9.222511893099282320e-08,9.317247651767002393e-08,9.413914561361364607e-08,9.512817889911639476e-08,9.614242321396479809e-08,9.718453700093902307e-08,9.825700012958423969e-08,9.936211746124414251e-08,1.005020173352224782e-07,1.016786459184971330e-07,1.028937580551158420e-07,1.041489549850687520e-07,1.054458773421259584e-07,1.067862573272565591e-07,1.081719206720071132e-07,1.096047869358866760e-07,1.110868673923777571e-07,1.126202595048044373e-07,1.142071366611660346e-07,1.158497314027431084e-07,1.175503098137798231e-07,1.193111339960517000e-07,1.211344085697647346e-07,1.230222058225043857e-07,1.249763623188078321e-07,1.269983373191551208e-07,1.290890205076427984e-07,1.312484764310504524e-07,1.334756323636415530e-07,1.357680246912806972e-07,1.381221533682300741e-07,1.408480060674617938e-07,1.439601093561336775e-07,1.474777988512766623e-07,1.514229970169633513e-07,1.558195890936435353e-07,1.606931790921555262e-07,1.660709431632958922e-07,1.719815383402944834e-07,1.784550609187827770e-07,1.855230525384324175e-07,1.932185498510564428e-07,2.015761712648021030e-07,2.106322353986744351e-07,2.204249108968211547e-07,2.309944036150842671e-07,2.423831912192086446e-07,2.546363139426331902e-07,2.678017237539774370e-07,2.819306874400200516e-07,2.970782457288160499e-07,3.133038295412818988e-07,3.306727622117973552e-07,3.492617897815897225e-07,3.683866958765199183e-07,3.884970394115809560e-07,4.096938557092319819e-07,4.320814920371115849e-07,4.557648121927919364e-07,4.808481538770866205e-07,5.074342795552693209e-07,5.356229825317333423e-07,5.655093657919568655e-07,5.971818694012722847e-07,6.307201285339537015e-07,6.661927359203184298e-07,7.036549796670583380e-07,7.431466472818883766e-07,7.846900305147362281e-07,8.282883180573194083e-07,8.739246010849585633e-07,9.215617228106498657e-07,9.711431826586369921e-07,1.022595291520980031e-06,1.075830809732740663e-06,1.130754473860066201e-06,1.187271646777567039e-06,1.245304005753985091e-06,1.303529770784403635e-06,1.358483829497014679e-06,1.409767877915775049e-06,1.456936091647689173e-06,1.499532585716963138e-06,1.537111827270623944e-06,1.569255383373459783e-06,1.595587687861277431e-06,1.615790666173760629e-06,1.629616604055593862e-06,1.636898654830924857e-06,1.637558599932304450e-06,1.631611743267396555e-06,1.619168974037339750e-06,1.600436044693425057e-06,1.575710064889936953e-06,1.545373232158074504e-06,1.509883987438264351e-06,1.469766065670338200e-06,1.425596149973522985e-06,1.377990865787514464e-06,1.327593388989539623e-06,1.275056943252282264e-06,1.221011039947043778e-06,1.169111396270109277e-06,1.118199256034363063e-06,1.068643167680249850e-06,1.020792200878506055e-06,9.749778324361146426e-07,9.315055094321500379e-07,8.906439506731993087e-07,8.526140785238417351e-07,8.175781482173471171e-07,7.856296890424773901e-07,7.567850972053649822e-07,7.309778454164017835e-07,7.080562112602553418e-07,6.877851383971125362e-07,6.698523546998110990e-07,6.538782779341210362e-07,6.394286971284985912e-07,6.260288809284927031e-07,6.131777233283528391e-07,6.003607837231047664e-07,5.870615148477292118e-07,5.727704293931317416e-07,5.569921192191867394e-07,5.392495601977115255e-07,5.197838221120029089e-07,5.021178757260453749e-07,4.858192378583569078e-07,4.705209712582587929e-07,4.559010680831686917e-07,4.416784509341573904e-07,4.276125684451734122e-07,4.135034868539626129e-07,3.991919401070093907e-07,3.845591881494861907e-07,3.695265618517568697e-07,3.540545746788969001e-07,3.381414954531745969e-07,3.218213046124139509e-07,3.051609912071571100e-07,2.882571817768945493e-07,2.712321208672166720e-07,2.542290467993104238e-07,2.374070321917848160e-07,2.209353996316811509e-07,2.049878972884908779e-07,1.897370295226587415e-07,1.753499236314110263e-07,1.619907179294804247e-07,1.486110691253937701e-07,1.354652745805846422e-07,1.227674531609689557e-07,1.106898897060131333e-07,9.936694530673795165e-08,8.890213094874263135e-08,7.937685933815968112e-08,7.085901234331600930e-08,6.340874412834372257e-08,5.707836440533724095e-08,5.190346159186004633e-08,4.788498861332723755e-08,4.496777753684944999e-08,4.302726556960823026e-08,4.187586942230570471e-08,4.128958121529205488e-08,4.104261555527247373e-08,4.093554337750704682e-08,4.081002936259901430e-08,4.055154657947933230e-08,4.008480701946930306e-08,3.936600904975237554e-08,3.837380007196037802e-08,3.710156095274247610e-08,3.555205034465868798e-08,3.373421850087177692e-08,3.166186380838491363e-08,2.935372468636476067e-08,2.683457233046401911e-08,2.413692338271517609e-08,2.130320709820797317e-08,1.838871545227658588e-08,1.546660531649666516e-08,1.263792334499189615e-08,1.005234994062264498e-08,7.944566906014447028e-09,6.648191015735022401e-09,6.404276016273033306e-09,7.003208592860596091e-09,7.947344151063456130e-09,8.857741791379020480e-09,9.543840252470595420e-09,9.937844521152726596e-09,1.004487668975620888e-08,9.913672779655570811e-09,9.615691907388970422e-09,9.227364940525925108e-09,8.815643809752882878e-09,8.429764381428907902e-09,8.101707896959849744e-09,7.854472209009663171e-09,7.713556516732541655e-09,7.715903881584534481e-09,7.913638606345816521e-09,8.387110802175954693e-09,9.335099211997974274e-09,1.127745976646179166e-08,1.460631278503774765e-08,1.718468869615431794e-08
1.476870686294024455e-08,2.079062472377613724e-08,2.775346055051550971e-08,3.491359054083858942e-08,4.147622995546736934e-08,4.708951590151065977e-08,5.186060569299643250e-08,5.597325065556301031e-08,5.956517310172371694e-08,6.272935643596871796e-08,6.553218688226307958e-08,6.802519020345466994e-08,7.025099741966021112e-08,7.224627708463064460e-08,7.404322335577124004e-08,7.567035894919032557e-08,7.715301137634748811e-08,7.851363680159432860e-08,7.977207752275555116e-08,8.094579410402053906e-08,8.205008951732473934e-08,8.309833033591754384e-08,8.410216407401502962e-08,8.507172939244208265e-08,8.601585544313566005e-08,8.694224712064718539e-08,8.785765385596531024e-08,8.876802051726478083e-08,8.967861982297824339e-08,9.059416636640453974e-08,9.151891288854936607e-08,9.245672983062634420e-08,9.341116947121796064e-08,9.438551612737203698e-08,9.538282399254725952e-08,9.640594421166893291e-08,9.745754276460294784e-08,9.854011065003923216e-08,9.965596773409109794e-08,1.008072614496335082e-07,1.019959612962541935e-07,1.032238497830135154e-07,1.044925590934778113e-07,1.058037592638044525e-07,1.071592079171582061e-07,1.085607503858400989e-07,1.100103176379314844e-07,1.115099211299171742e-07,1.130616434277851083e-07,1.146676230849143255e-07,1.163300318246693750e-07,1.180510415473599094e-07,1.198327780897233418e-07,1.216772581002913424e-07,1.235863051002568316e-07,1.255614413794468384e-07,1.276037552582992499e-07,1.297137517347996418e-07,1.318912160648743484e-07,1.341351700143642074e-07,1.364441063227042151e-07,1.388168648368001022e-07,1.415679040059661130e-07,1.447096451840528076e-07,1.482590578894372688e-07,1.522363109146597934e-07,1.566639699029654701e-07,1.615665453029131141e-07,1.669702298559931818e-07,1.729027477133798884e-07,1.793932788481734503e-07,1.864724402474872629e-07,1.941723125264495785e-07,2.025265039169844697e-07,2.115702468620445154e-07,2.213405269880926768e-07,2.318762495322174107e-07,2.432184533797821806e-07,2.554105879801749797e-07,2.684988772104536521e-07,2.825328164453597332e-07,2.975659051033142020e-07,3.136568496905065747e-07,3.308717416919720386e-07,3.492879308147877081e-07,3.682104235120194908e-07,3.880794642874472277e-07,4.089828289030976758e-07,4.310122980957771561e-07,4.542608099266147258e-07,4.788206592842361499e-07,5.047820711709447941e-07,5.322317862337637976e-07,5.612515299464968109e-07,5.919163489195404594e-07,6.242928476417930439e-07,6.584373808502139634e-07,6.943942716491818742e-07,7.321941462047586728e-07,7.718525049444235750e-07,8.133686811957033790e-07,8.567253603452650016e-07,9.018888379010836561e-07,9.488101839891925111e-07,9.974274628359773245e-07,1.047669130713591990e-06,1.099458681565302331e-06,1.152720411780217318e-06,1.207385102317569415e-06,1.262142594116754900e-06,1.313609787084690632e-06,1.361446940292672564e-06,1.405280609576874522e-06,1.444726447046870379e-06,1.479407921472173447e-06,1.508972218066089631e-06,1.533104389210439747e-06,1.551539974879845356e-06,1.564075910174843959e-06,1.570579428528547039e-06,1.570994726174595095e-06,1.565347270082568793e-06,1.553745723520683007e-06,1.536381504153759191e-06,1.513526007214783834e-06,1.485525568934113869e-06,1.452794337718654712e-06,1.415805328637784803e-06,1.375079962685285147e-06,1.331176201387483503e-06,1.284674790385462446e-06,1.236161840494426026e-06,1.186204899382757517e-06,1.138367061105374950e-06,1.091530908286294958e-06,1.046074945626450203e-06,1.002350495541046551e-06,9.606831422302242030e-07,9.213672653802409543e-07,8.846569312498909385e-07,8.507551978585686595e-07,8.198031583538853788e-07,7.918698653945526546e-07,7.669442841873219051e-07,7.449303675126675337e-07,7.256461041173459775e-07,7.088269326502876976e-07,6.941333051287134927e-07,6.811615717682436107e-07,6.694569102317997526e-07,6.585268587728473059e-07,6.478541665834629149e-07,6.369080930852680750e-07,6.251538813324146449e-07,6.120608382722057490e-07,5.971103221340407748e-07,5.798063307017727557e-07,5.604434690252979014e-07,5.428585917228931247e-07,5.265741721092701910e-07,5.111800408228974729e-07,4.963221320921447353e-07,4.816960228239987875e-07,4.670438908518780364e-07,4.521532868333074574e-07,4.368567583080097681e-07,4.210317398524549249e-07,4.046003144616670865e-07,3.875285667070880855e-07,3.698253335210850158e-07,3.515402282816034253e-07,3.327608703445043958e-07,3.136092949286997285e-07,2.942375498754242435e-07,2.748225144761877707e-07,2.555600169757470137e-07,2.366584057688619051e-07,2.183318786977285474e-07,2.007941479193994934e-07,1.842534655442565418e-07,1.689102773683722141e-07,1.536759138867067342e-07,1.388245304961626412e-07,1.245842989555259512e-07,1.111337163106889420e-07,9.860541160793502520e-08,8.709578733564446448e-08,7.667857192652962325e-08,6.741960010787551790e-08,5.938882346091471511e-08,5.266372000144064194e-08,4.731682314350459914e-08,4.338266359491881882e-08,4.081184253860440622e-08,3.943929271057083782e-08,3.899638203272868134e-08,3.916554951943691975e-08,3.964332227108478486e-08,4.018100081112444223e-08,4.059747202093890699e-08,4.077408756769649918e-08,4.064231530613673103e-08,4.017019713557842451e-08,3.934933832775950388e-08,3.818496249023302564e-08,3.668950784488641157e-08,3.487913869503920635e-08,3.277258555663977989e-08,3.039167803982224323e-08,2.776288210291259458e-08,2.491916717568183962e-08,2.190172361778279606e-08,1.876154656880771782e-08,1.556182581811674240e-08,1.238382370951368246e-08,9.343402213804988152e-09,6.640567189099656138e-09,4.700163516647516796e-09,4.227572269793877026e-09,5.155628487586001600e-09,6.524252803924207432e-09,7.766727807991325973e-09,8.685467622305484240e-09,9.232945323978741524e-09,9.433353930866923985e-09,9.351682966606255281e-09,9.073885806586575231e-09,8.689293028680697734e-09,8.275236926350067437e-09,7.887458855169383783e-09,7.559833451084551454e-09,7.313175491984605370e-09,7.168206576977742674e-09,7.156052165867711990e-09,7.322338188921973319e-09,7.735215556868980102e-09,8.559480933508011460e-09,1.027768670842098369e-08,1.344716326486690176e-08,1.635825728819988567e-08
1.432003701953781290e-08,2.088935144051300236e-08,2.803774318569384202e-08,3.529340440830580687e-08,4.184083529734707232e-08,4.740694647417978225e-08,5.213841154080843660e-08,5.622402763607238361e-08,5.979782005640241456e-08,6.294931258435819374e-08,6.574277260198343231e-08,6.822851250649860897e-08,7.044846002426064916e-08,7.243887038598839693e-08,7.423169769617361188e-08,7.585533197089181856e-08,7.733503497982369361e-08,7.869323790917908101e-08,7.994978147952590281e-08,8.112213664658708071e-08,8.222562142607051572e-08,8.327361762986240359e-08,8.427778570136072024e-08,8.524827371618751397e-08,8.619391635898481570e-08,8.712242032679487235e-08,8.804053358262330197e-08,8.895419688677275523e-08,8.986867692485007409e-08,9.078868107786877193e-08,9.171845443759653713e-08,9.266186007709874663e-08,9.362244386714348980e-08,9.460348530795589030e-08,9.560803594298093469e-08,9.663894695213983497e-08,9.769888749701384731e-08,9.879035531548245430e-08,9.991568094035190052e-08,1.010770267427251948e-07,1.022763817683275601e-07,1.035155530292100421e-07,1.047962014074558509e-07,1.061200252306727320e-07,1.074888080220143422e-07,1.089044174492408750e-07,1.103688017663671210e-07,1.118839827983424746e-07,1.134520442277028544e-07,1.150751135767807883e-07,1.167553358340980790e-07,1.184948361596905034e-07,1.202956685743194873e-07,1.221597471454047582e-07,1.240887563112971104e-07,1.260840385260254446e-07,1.281464623264849815e-07,1.302762863148504844e-07,1.324730620899328871e-07,1.347356732921393619e-07,1.370626946886886507e-07,1.394533317733318241e-07,1.422237872992108005e-07,1.453857648845626940e-07,1.489552598708931896e-07,1.529515404620320719e-07,1.573963613816999141e-07,1.623134637078290291e-07,1.677282738480279884e-07,1.736677290707969593e-07,1.801601863401130102e-07,1.872353899803554339e-07,1.949244833935133597e-07,2.032600552598361141e-07,2.122762147751550513e-07,2.220086950626951735e-07,2.324949891412977265e-07,2.437745287205230502e-07,2.558889239603731632e-07,2.688822967596269559e-07,2.828017708805976134e-07,2.976982448608511863e-07,3.136276807681323426e-07,3.306532433889399776e-07,3.488483890525741535e-07,3.675122159461400650e-07,3.870769514198317215e-07,4.076213718013403804e-07,4.292276915881894472e-07,4.519788823034591576e-07,4.759567861176991153e-07,5.012406719817123564e-07,5.279059280155725611e-07,5.560227362283471096e-07,5.856546830069071306e-07,6.168573179086417177e-07,6.496767043874778551e-07,6.841480260306176813e-07,7.202943308292552977e-07,7.581255170273124882e-07,7.976376845281069411e-07,8.388129902792136364e-07,8.816201498283898451e-07,9.260157180987697140e-07,9.719462566152860455e-07,1.019351432292015600e-06,1.068167924363755442e-06,1.118333524774775327e-06,1.169789408808062779e-06,1.221267685695865779e-06,1.269501338759105701e-06,1.314191410336521766e-06,1.355015321199486358e-06,1.391642855518221394e-06,1.423751900942651781e-06,1.451042402319277879e-06,1.473248654320997139e-06,1.490150080259958552e-06,1.501580454090269766e-06,1.507435422643017353e-06,1.507678185389948285e-06,1.502343240703620891e-06,1.491538164017018359e-06,1.475443424282647127e-06,1.454310277140067171e-06,1.428456812339161942e-06,1.398262282021433316e-06,1.364159866643747896e-06,1.326627982872542615e-06,1.286180020528623746e-06,1.243351962861515990e-06,1.198686910462372002e-06,1.152716477435667314e-06,1.108898990769001968e-06,1.066150900522749596e-06,1.024845355441159753e-06,9.853267146252617627e-07,9.479100693624068131e-07,9.128755358801800549e-07,8.804590516405607082e-07,8.508415273146842224e-07,8.241379149874463104e-07,8.003875855510766280e-07,7.795472925541062292e-07,7.614877780002578797e-07,7.459946596601022366e-07,7.327736480797222261e-07,7.214594907702898623e-07,7.116274962478528480e-07,7.028061954428287118e-07,6.944897173116559786e-07,6.861487616020005483e-07,6.772395615321094761e-07,6.672108734559786877e-07,6.555098319713312145e-07,6.415886650530109129e-07,6.249162265494714721e-07,6.058085375632951574e-07,5.884100598066971474e-07,5.722047749360157254e-07,5.567488207617671831e-07,5.416606990696774486e-07,5.266135684527983508e-07,5.113312085097011244e-07,4.955865547483881249e-07,4.792016244637742202e-07,4.620479648695897103e-07,4.440470167930609451e-07,4.251699797362609610e-07,4.054369105301512750e-07,3.849148996894183338e-07,3.637152492968423272e-07,3.419896259850327429e-07,3.199251895533425354e-07,2.977387162964901906e-07,2.756697699067845459e-07,2.539730563795868686e-07,2.329102729173567127e-07,2.127420474377868333e-07,1.937208622548629696e-07,1.760855025876568468e-07,1.587203586499747913e-07,1.419315966632528905e-07,1.259652154239973392e-07,1.110025403695523523e-07,9.716554434657190630e-08,8.453094783548404743e-08,7.315129020642516931e-08,6.308007137015092222e-08,5.439602547373663773e-08,4.721733463176030372e-08,4.168909842125397757e-08,3.792336132733358036e-08,3.589581308491735176e-08,3.536824940197210401e-08,3.592388921713852289e-08,3.709523186949756447e-08,3.847816882513483224e-08,3.977778143207099048e-08,4.080413443118264689e-08,4.144975418037207111e-08,4.166583797388309430e-08,4.144219349597807772e-08,4.079045589535761893e-08,3.973238003756673514e-08,3.829285284292359005e-08,3.649656226284774885e-08,3.436752619876507058e-08,3.193062305806426614e-08,2.921413337819190154e-08,2.625224109388034066e-08,2.308661915861437179e-08,1.976674828514594891e-08,1.634944689649810593e-08,1.289901715357300325e-08,9.490519840880691475e-09,6.223307598109854404e-09,3.295588776575118783e-09,1.749010364729920168e-09,3.201624221925893326e-09,5.132123806502240797e-09,6.724604490977306931e-09,7.866471232347692360e-09,8.555099652343517498e-09,8.838660067491427824e-09,8.798498649037892735e-09,8.534336500687837324e-09,8.147974485019595042e-09,7.727209337078583564e-09,7.334636745429030555e-09,7.006225112395578377e-09,6.760446173992770476e-09,6.612833479641511913e-09,6.588288850003813560e-09,6.725982468225154968e-09,7.083529967613280681e-09,7.794895330978055582e-09,9.293853280500555368e-09,1.225982217997359655e-08,1.544651210956382346e-08
1.396961574769573070e-08,2.100882698140171164e-08,2.833857297990515188e-08,3.567495421997086848e-08,4.219677466801577443e-08,4.771341278636181438e-08,5.240576808710149486e-08,5.646493621533545133e-08,6.002069856392636741e-08,6.315920993407891715e-08,6.594276689511147218e-08,6.842057097900700963e-08,7.063391001598648972e-08,7.261866526779129175e-08,7.440657545617288196e-08,7.602591297101419906e-08,7.750188225364270268e-08,7.885689318669091707e-08,8.011078524697947755e-08,8.128103784090880666e-08,8.238298062686839564e-08,8.343000639872426450e-08,8.443378384709263052e-08,8.540446564437506795e-08,8.635088723341811715e-08,8.728075248037145539e-08,8.820080342680556563e-08,8.911697245023060325e-08,9.003451607986622353e-08,9.095813047034144230e-08,9.189204911139710690e-08,9.284012376870387888e-08,9.380588993758397949e-08,9.479261827415135656e-08,9.580335356888564216e-08,9.684094286212295976e-08,9.790805428029143730e-08,9.900718810204239148e-08,1.001406814463279881e-07,1.013107078068788564e-07,1.025192724309727198e-07,1.037682042398037942e-07,1.050591912944106192e-07,1.063939600310508185e-07,1.077743215319973026e-07,1.092021700289761454e-07,1.106794788167215240e-07,1.122082926189613407e-07,1.137907151560853434e-07,1.154288902929316860e-07,1.171249746848136275e-07,1.188810992872776887e-07,1.206993164731613088e-07,1.225815288974624969e-07,1.245293959104135836e-07,1.265442138516801702e-07,1.286267694239084779e-07,1.307771739564721973e-07,1.329947084811733251e-07,1.352777615751000956e-07,1.376240525109459360e-07,1.400315198116825252e-07,1.428163964442375270e-07,1.459902440746566475e-07,1.495691432939794571e-07,1.535722967470971500e-07,1.580212034364086107e-07,1.629391963705481918e-07,1.683511749660277810e-07,1.742834498852376144e-07,1.807636605974605399e-07,1.878207442639893283e-07,1.954849422030297554e-07,2.037878339095035606e-07,2.127623920303627187e-07,2.224430561374599941e-07,2.328658283536435085e-07,2.440683992662170591e-07,2.560903186228101981e-07,2.689732356289694382e-07,2.827612574588218979e-07,2.975015314675801388e-07,3.132452884237231324e-07,3.300498496861727637e-07,3.479823117957410676e-07,3.663386857094464519e-07,3.855449763960982236e-07,4.056743437438151372e-07,4.268022621941081712e-07,4.490037741971268436e-07,4.723518683961015287e-07,4.969163237384480694e-07,5.227626616865617829e-07,5.499510720423340669e-07,5.785352840231709402e-07,6.085614023963509042e-07,6.400667519460979040e-07,6.730787883907297208e-07,7.076141480173176748e-07,7.436779239651983141e-07,7.812632724585550568e-07,8.203514637866329570e-07,8.609124974096435591e-07,9.029063969710425735e-07,9.462852880946417891e-07,9.909963329236478734e-07,1.036985529012818683e-06,1.084202189582509779e-06,1.132603072520665320e-06,1.180981905851752092e-06,1.226205095421594729e-06,1.268007658361048017e-06,1.306103098113799397e-06,1.340200816207954945e-06,1.370020395849958796e-06,1.395303464991915047e-06,1.415823966221434286e-06,1.431397122559499257e-06,1.441887106020371288e-06,1.447213314644276663e-06,1.447355155942704219e-06,1.442355268029541856e-06,1.432321150616242826e-06,1.417425212268040773e-06,1.397903269518960454e-06,1.374051564722982386e-06,1.346222402216280835e-06,1.314818516495483709e-06,1.280286235807960362e-06,1.243107311044846535e-06,1.203788797901572908e-06,1.162849411391879046e-06,1.120800018757366877e-06,1.080993580572961577e-06,1.042371530200617451e-06,1.005290232703405030e-06,9.700777644033630754e-07,9.370322879452700333e-07,9.064146233156400675e-07,8.784377713671031635e-07,8.532555076324505032e-07,8.309516602113672773e-07,8.115314587653479053e-07,7.949161313039509650e-07,7.809415678330035639e-07,7.693613312469184810e-07,7.598536524281858792e-07,7.520314452885973522e-07,7.454539712899107905e-07,7.396386655199477326e-07,7.340718093193797077e-07,7.282171205511856474e-07,7.215218268041651107e-07,7.134203266211069824e-07,7.033361788747894256e-07,6.906841531023403389e-07,6.748764127584436505e-07,6.562157865980316735e-07,6.391520974807377175e-07,6.231289361235656431e-07,6.076767813178353182e-07,5.923922332144832739e-07,5.769275362070447902e-07,5.609868001627340693e-07,5.443256455127728707e-07,5.267524562685974205e-07,5.081301248112469279e-07,4.883775333767842704e-07,4.674702677713828520e-07,4.454402572060433348e-07,4.223741867751431241e-07,3.984106303079057286e-07,3.737359010615858768e-07,3.485786262053321227e-07,3.232030370299820423e-07,2.979009610090876372e-07,2.729825546469919820e-07,2.487659968757468920e-07,2.255667735757304329e-07,2.036880008480714267e-07,1.834140140999455483e-07,1.636159374260959641e-07,1.446453600665742401e-07,1.267706870608272560e-07,1.101714310969898015e-07,9.494603415817899525e-08,8.113215237867101268e-08,6.873821507380710478e-08,5.778430712984497438e-08,4.834885166590002095e-08,4.061152219820976594e-08,3.486062444976490916e-08,3.139045754967174291e-08,3.024391473528007399e-08,3.100895225660556867e-08,3.296796932449277785e-08,3.542594762152356269e-08,3.788034730933244250e-08,4.002212700945121026e-08,4.168422619020225132e-08,4.279385920315460285e-08,4.333811451555547466e-08,4.333950141436792824e-08,4.283685305915165698e-08,4.187276088641221379e-08,4.048658282575018196e-08,3.871179435458764884e-08,3.657684037860552202e-08,3.410843520175013205e-08,3.133594291497560221e-08,2.829529194846283291e-08,2.503108490108491673e-08,2.159631437257844116e-08,1.805029380773309699e-08,1.445658662646330833e-08,1.088314698913175280e-08,7.406484462643947029e-09,4.125585479070297531e-09,1.317594898064393548e-09,1.982698952778688548e-09,4.150513272932200857e-09,5.915142028987972286e-09,7.181270503518651079e-09,7.954559052506666610e-09,8.288211602533287729e-09,8.269559140145726088e-09,8.006179376601977079e-09,7.609135561984867567e-09,7.175294745653884088e-09,6.773763496342559570e-09,6.442529091965278526e-09,6.197422426635230436e-09,6.048258384151441422e-09,6.013189401806675584e-09,6.124784810871525912e-09,6.431445276257589878e-09,7.039908561867250360e-09,8.327813599591247377e-09,1.105185981656600100e-08,1.444344949556489748e-08
1.371822151305009132e-08,2.114660630961143764e-08,2.865496809525793791e-08,3.605624823900912145e-08,4.254314993767098200e-08,4.800882921533898758e-08,5.266282165270713057e-08,5.669611720413239373e-08,6.023389753505592163e-08,6.335909001369170592e-08,6.613217372840596156e-08,6.860133916034393797e-08,7.080729529490928221e-08,7.278558746340425909e-08,7.456776294623133812e-08,7.618199109477097675e-08,7.765342702827071827e-08,7.900446261452866890e-08,8.025493604558829833e-08,8.142233288080409733e-08,8.252199068986540767e-08,8.356730869470548219e-08,8.456995889007614615e-08,8.554009350249287622e-08,8.648654376883337867e-08,8.741700593377045725e-08,8.833821153634591201e-08,8.925608019534701417e-08,9.017585408296238996e-08,9.110221405786022456e-08,9.203937801925802451e-08,9.299118246898635413e-08,9.396114855999808273e-08,9.495253409575769043e-08,9.596837304855992829e-08,9.701150420308274948e-08,9.808459051567176851e-08,9.919013071617671838e-08,1.003304645690769430e-07,1.015077730508166914e-07,1.027240744819386829e-07,1.039812173604164129e-07,1.052809157193285932e-07,1.066249242983660247e-07,1.080150838504000767e-07,1.094533199346575659e-07,1.109416392672902487e-07,1.124821227277779545e-07,1.140769138385712454e-07,1.157282011708362920e-07,1.174381926562850492e-07,1.192090791706163255e-07,1.210429839517811164e-07,1.229418933580706572e-07,1.249075630519500118e-07,1.269413917593595982e-07,1.290442521489740255e-07,1.312162654560247613e-07,1.334565067237728814e-07,1.357626488249462353e-07,1.381306693870452184e-07,1.405552037547525181e-07,1.433496935045988559e-07,1.465270010302643311e-07,1.501047296179225021e-07,1.541028906472144719e-07,1.585432444164915040e-07,1.634490431335457759e-07,1.688448784624863502e-07,1.747565850507163470e-07,1.812111880574355977e-07,1.882368869716567494e-07,1.958630669147391887e-07,2.041203272168800324e-07,2.130405184817386930e-07,2.226567839058280322e-07,2.330036064246025154e-07,2.441168676242337505e-07,2.560339250476787906e-07,2.687937115635298305e-07,2.824368577386582189e-07,2.970058475218600762e-07,3.125453155600711301e-07,3.291032137873692805e-07,3.467359615838066124e-07,3.647412726791096490e-07,3.835404013858162323e-07,4.032051061917678394e-07,4.238070085509159269e-07,4.454149890348543022e-07,4.680944873977815239e-07,4.919069917668500085e-07,5.169093845609363758e-07,5.431531471285159916e-07,5.706834708824902360e-07,5.995383267621431427e-07,6.297475446373312756e-07,6.613319560892270939e-07,6.943026611804007408e-07,7.286604920032144364e-07,7.643957597597498123e-07,8.014883838337792868e-07,8.399085080708370965e-07,8.796177126902212047e-07,9.205709371583804983e-07,9.627192552741142396e-07,1.006013766614983768e-06,1.050411513543270074e-06,1.095886499468056649e-06,1.141317507631421837e-06,1.183729352261970725e-06,1.222877954611622207e-06,1.258496628826390698e-06,1.290321276593045723e-06,1.318102489669900524e-06,1.341614479928816416e-06,1.360663025376750062e-06,1.375092606725008154e-06,1.384792610318220477e-06,1.389702458738127413e-06,1.389815566866151060e-06,1.385182069611992906e-06,1.375910306742503723e-06,1.362167075171981310e-06,1.344176677049535730e-06,1.322218814323276348e-06,1.296625414728387002e-06,1.267776515653762685e-06,1.236095359606710546e-06,1.202042824890748327e-06,1.166110971131657752e-06,1.128813250500696307e-06,1.090660208390086267e-06,1.054892174618313765e-06,1.020467388515154513e-06,9.877108719109977301e-07,9.569240842550138933e-07,9.283815588560233477e-07,9.023194942807582952e-07,8.789229134354902011e-07,8.583135898196695050e-07,8.405399463769012832e-07,8.255699761715204851e-07,8.132880160465615615e-07,8.034957823873583979e-07,7.959175076112049512e-07,7.902084216408189872e-07,7.859653515069236623e-07,7.827379782547780381e-07,7.800393318124072965e-07,7.773543764454318112e-07,7.741459352276825670e-07,7.698575937364754971e-07,7.639135245726675814e-07,7.557153658631011241e-07,7.446361678111513033e-07,7.300108605011787074e-07,7.120726105169681243e-07,6.955409547276715653e-07,6.798361162562215084e-07,6.644819237032657466e-07,6.490610630757001365e-07,6.332057427651587454e-07,6.165976973150246419e-07,5.989709616878274019e-07,5.801157360807648826e-07,5.598823168750761354e-07,5.381843005942979033e-07,5.150005191688471466e-07,4.903754089032416762e-07,4.644177145202154934e-07,4.372975519509893423e-07,4.092418925966049678e-07,3.805285030030455626e-07,3.514782979754554616e-07,3.224459733376121745e-07,2.938087453609706166e-07,2.659531233501724950e-07,2.392600194885356251e-07,2.140903054865787925e-07,1.907791855180188543e-07,1.682098609674779524e-07,1.467987324647054330e-07,1.268424004046534075e-07,1.085119550874919999e-07,9.186428486398605274e-08,7.686947454562108769e-08,6.345476990757731773e-08,5.156559196478027306e-08,4.124683625124018885e-08,3.275188216599203073e-08,2.665381469937848343e-08,2.372019352754081682e-08,2.413742533053543643e-08,2.693469250108740061e-08,3.078373206311016190e-08,3.475837573572078388e-08,3.835454496127333491e-08,4.132573856332776313e-08,4.357187484552277440e-08,4.507907973479743378e-08,4.588462510063676516e-08,4.605291079711499275e-08,4.565581303261249425e-08,4.475984071362530478e-08,4.341936825433124241e-08,4.167502612455099620e-08,3.955657051334026452e-08,3.708896295984062634e-08,3.429973281061894463e-08,3.122532731210102714e-08,2.791442901320460717e-08,2.442736594324166736e-08,2.083268262883946684e-08,1.720413390902651354e-08,1.362299995578326281e-08,1.019218128338862290e-08,7.077283181673395362e-09,4.634745865060465694e-09,3.650676076138239443e-09,4.389262826739746396e-09,5.683190060051592449e-09,6.793732492214659868e-09,7.513613382259402310e-09,7.824456903821750961e-09,7.787274927794081332e-09,7.501734189256506653e-09,7.079979977599327581e-09,6.623955228365230129e-09,6.207683659654559430e-09,5.870589341568839897e-09,5.625345964462888399e-09,5.475362262912079150e-09,5.431378723680284950e-09,5.519042790041561090e-09,5.778505758072846465e-09,6.293003207396814339e-09,7.380531512133127837e-09,9.831002231798316164e-09,1.334492068909340616e-08
1.356096455213616175e-08,2.130115685544059634e-08,2.898565012129107137e-08,3.643531259644197068e-08,4.287920413563264807e-08,4.829318185377586802e-08,5.290973304824507718e-08,5.691770675151819623e-08,6.043749901479232934e-08,6.354898956353154452e-08,6.631099485404323883e-08,6.877079080413857023e-08,7.096856630008051194e-08,7.293956755132632815e-08,7.471517364272495737e-08,7.632346498412920380e-08,7.778955495352704518e-08,7.913582028999997731e-08,8.038209747659659320e-08,8.154587557180178464e-08,8.264249600374252813e-08,8.368535958585035440e-08,8.468613643097032230e-08,8.565497307229597236e-08,8.660069140709038700e-08,8.753097513026730798e-08,8.845254058765213946e-08,8.937129017834221115e-08,9.029244745309062139e-08,9.122067385957625950e-08,9.216016768821242637e-08,9.311474620409552887e-08,9.408791224570546470e-08,9.508290675953237416e-08,9.610274884626885348e-08,9.715026493632051450e-08,9.822810870178864020e-08,9.933877325503485485e-08,1.004845970818347879e-07,1.016677650064748146e-07,1.028903052780332691e-07,1.041540835861532490e-07,1.054608386211387647e-07,1.068123534402076554e-07,1.082105002939870982e-07,1.096572404010443960e-07,1.111546216444529014e-07,1.127047734096496570e-07,1.143098975328093526e-07,1.159722539955399308e-07,1.176941395495344319e-07,1.194778568248426560e-07,1.213256705608348656e-07,1.232397461905544765e-07,1.252220636674430876e-07,1.272742951702799500e-07,1.293976268913458712e-07,1.315924871746550681e-07,1.338581037750175804e-07,1.361917298898233072e-07,1.385872514813744945e-07,1.410330734516748827e-07,1.438311015309025514e-07,1.470019578472085589e-07,1.505671451782334378e-07,1.545481933420719005e-07,1.589674364065015570e-07,1.638482580178248905e-07,1.692151023143928712e-07,1.750934479090517452e-07,1.815097929977528272e-07,1.884916629141513709e-07,1.960676365599317739e-07,2.042673784584456573e-07,2.131216623042725375e-07,2.226623784300269346e-07,2.329225267184988227e-07,2.439362021016362638e-07,2.557385750861005332e-07,2.683658496097914502e-07,2.818551394149144368e-07,2.962440894243020645e-07,3.115697001607949646e-07,3.278655410852092465e-07,3.451621321318368200e-07,3.627760347344190001e-07,3.811204377755314132e-07,4.002744299927180573e-07,4.203085227461692913e-07,4.412862757833970461e-07,4.632662340224483211e-07,4.863023943331871951e-07,5.104439430265098744e-07,5.357346911974524492e-07,5.622123736525831754e-07,5.899078996318797179e-07,6.188446133282429019e-07,6.490376076673115035e-07,6.804931353968418883e-07,7.132081734922554292e-07,7.471702135852972963e-07,7.823573658522541075e-07,8.187388714521638347e-07,8.562761215171345250e-07,8.949242923230180534e-07,9.346347094151444340e-07,9.753579406760141483e-07,1.017048100881309785e-06,1.059677760155438590e-06,1.102257803125367596e-06,1.142046094747616007e-06,1.178764037678803027e-06,1.212140664449831167e-06,1.241927413511299306e-06,1.267898104858130848e-06,1.289852738754218258e-06,1.307622937525161769e-06,1.321077372596480407e-06,1.330126637785111599e-06,1.334727335156561820e-06,1.334885259414659809e-06,1.330657651362716906e-06,1.322154533012133690e-06,1.309539143956317906e-06,1.293027492256801900e-06,1.272887036757272131e-06,1.249434555834177255e-06,1.223033345011753348e-06,1.194090029183953394e-06,1.163051656727075189e-06,1.130405089591466744e-06,1.096681774324487496e-06,1.062450734978487170e-06,1.030786741159179955e-06,1.000671949991631638e-06,9.723691874871628801e-07,9.461427152217529898e-07,9.222391422172435587e-07,9.008662164612053942e-07,8.821768253461236019e-07,8.662568197074728651e-07,8.531163119209302364e-07,8.426848404343895777e-07,8.348107206644496619e-07,8.292644995981008865e-07,8.257459360211667916e-07,8.238934737541332320e-07,8.232948735335978852e-07,8.234975877466883063e-07,8.240176049854839567e-07,8.243458050613730652e-07,8.239512416131336048e-07,8.222810411853932704e-07,8.187566528830652910e-07,8.127661506104471176e-07,8.036512476311737974e-07,7.906765500353681408e-07,7.738987487067152950e-07,7.581315357167375047e-07,7.428982814098226240e-07,7.277590406528048099e-07,7.122890823886774124e-07,6.960973471579325795e-07,6.788370883891454986e-07,6.602136750700430576e-07,6.399922738782072954e-07,6.180049018772754569e-07,5.941560009540102605e-07,5.684259645486688597e-07,5.408723736114477040e-07,5.116289744441385164e-07,4.809025795138493179e-07,4.489680833717466245e-07,4.161616972798163321e-07,3.828723368320307134e-07,3.495308544628015521e-07,3.165966038295755206e-07,2.845407258562489453e-07,2.538247793575124408e-07,2.248731702254885475e-07,1.980527496860477673e-07,1.723249992437129510e-07,1.482004819528942132e-07,1.260097540754432219e-07,1.059066472277725196e-07,8.788395188282988535e-08,7.180678087885359121e-08,5.746790020446956798e-08,4.466676285369790122e-08,3.332324716194626339e-08,2.369046364074973064e-08,1.687215076305179971e-08,1.518347253107541316e-08,1.877101634636591521e-08,2.454865064859440405e-08,3.053700484979335354e-08,3.597718239818732672e-08,4.057013775094480774e-08,4.420570588922003284e-08,4.687504141302684179e-08,4.863280241844312268e-08,4.957265486199641175e-08,4.980616847019762738e-08,4.944215983693779155e-08,4.857262068687275363e-08,4.726547825926427840e-08,4.556399591843412420e-08,4.349243202992628483e-08,4.106630643816597151e-08,3.830439972650781678e-08,3.523895704585272400e-08,3.192093046494248863e-08,2.841872604381746095e-08,2.481174369482553871e-08,2.118328481598086138e-08,1.761958505823762291e-08,1.422114299199145206e-08,1.112925826325827621e-08,8.564735177450678540e-09,6.841865420044565119e-09,6.195498990258291910e-09,6.407393697155828467e-09,6.929340604363376661e-09,7.353167650561091735e-09,7.510153092775875939e-09,7.383868271091937146e-09,7.037781988608076758e-09,6.569689755393903129e-09,6.078563931925530550e-09,5.639689301525987525e-09,5.292473050574432853e-09,5.045570360411076847e-09,4.895088134632041488e-09,4.843528860994896043e-09,4.909127924090986558e-09,5.124407393157799464e-09,5.552667099661173506e-09,6.452110867597377720e-09,8.604840346366724491e-09,1.214877754735067403e-08
1.348758212381667773e-08,2.147179668908767290e-08,2.932901785469036290e-08,3.681023205004874617e-08,4.320432171641629187e-08,4.856651774862163753e-08,5.314667137591472784e-08,5.712983437283615915e-08,6.063157788038781834e-08,6.372894068165136093e-08,6.647923005415053485e-08,6.892890016295647581e-08,7.111767633943088222e-08,7.308054133853115035e-08,7.484872862601864217e-08,7.645024326657195670e-08,7.791016403159668491e-08,7.925085499788914377e-08,8.049215012433390688e-08,8.165153896071019557e-08,8.274436242938141501e-08,8.378401783178324382e-08,8.478216798886193865e-08,8.574894830871843483e-08,8.669316606637008791e-08,8.762248736054626600e-08,8.854360856147730512e-08,8.946241031824667861e-08,9.038409324492460969e-08,9.131329522728226281e-08,9.225419090432130706e-08,9.321057431540937057e-08,9.418592600113357165e-08,9.518346603638581800e-08,9.620619458316598169e-08,9.725692159651374155e-08,9.833828731179415040e-08,9.945277509158971393e-08,1.006027181170356015e-07,1.017903012680103899e-07,1.030175593402854593e-07,1.042863724803913853e-07,1.055985022168628791e-07,1.069557592327107822e-07,1.083600481265094406e-07,1.098133687660438161e-07,1.113178161189551090e-07,1.128755779612417995e-07,1.144889296682513914e-07,1.161602250259247782e-07,1.178918816277217172e-07,1.196863588840992997e-07,1.215461258538751458e-07,1.234736147880518333e-07,1.254711539907455316e-07,1.275408692984505948e-07,1.296845345525386133e-07,1.319033305340620216e-07,1.341974146519015306e-07,1.365650165252905105e-07,1.390000480828800854e-07,1.414840030033958171e-07,1.442717544562650346e-07,1.474223475090040642e-07,1.509620909640840673e-07,1.549133099435912239e-07,1.592987239206771981e-07,1.641418974417891831e-07,1.694672169142030114e-07,1.752998869209413611e-07,1.816659415646628458e-07,1.885922793775951434e-07,1.961067182531664547e-07,2.042380452617842508e-07,2.130160344101667818e-07,2.224714188288882988e-07,2.326358223631485502e-07,2.435416692533835948e-07,2.552220856191971496e-07,2.677107746442603618e-07,2.810418203520155292e-07,2.952493161227367752e-07,3.103655281824261970e-07,3.264093688328669627e-07,3.433174504538315124e-07,3.605057944891497011e-07,3.783402771249486729e-07,3.969382747120614154e-07,4.163677021211248023e-07,4.366849985485081378e-07,4.579414854951148154e-07,4.801840714791396447e-07,5.034549541283714390e-07,5.277911204086163464e-07,5.532237449081351535e-07,5.797775635955825033e-07,6.074702718684153971e-07,6.363119652887018024e-07,6.663046391554951028e-07,6.974417814965888734e-07,7.297081203322788462e-07,7.630796090683818025e-07,7.975237402278792043e-07,8.330002669908936781e-07,8.694624458124591071e-07,9.068590019070434164e-07,9.451359593585195696e-07,9.842299635511558594e-07,1.023998793850880833e-06,1.063693739445918935e-06,1.101089994945766760e-06,1.135613949229147897e-06,1.166976725547869556e-06,1.194946471271373157e-06,1.219317578772978065e-06,1.239911542517308139e-06,1.256581556999366078e-06,1.269216772505602565e-06,1.277746072503406406e-06,1.282141229772058385e-06,1.282419350652362213e-06,1.278644645243034487e-06,1.270929597778385883e-06,1.259435577098185045e-06,1.244372870353212051e-06,1.226000080733228001e-06,1.204622854169856972e-06,1.180592023651432650e-06,1.154301330900784242e-06,1.126184941762512843e-06,1.096719241024289135e-06,1.066458702002444734e-06,1.036279636665942136e-06,1.008807316436523985e-06,9.831789101499463350e-07,9.594869052086175647e-07,9.379622248127462549e-07,9.188282033069211401e-07,9.022635623380052001e-07,8.883864222220971413e-07,8.772442321546859887e-07,8.688076719778855923e-07,8.629687186735704059e-07,8.595427559255709744e-07,8.582742002607560329e-07,8.588447988754455232e-07,8.608834926767556392e-07,8.639765819253250199e-07,8.676769245792677375e-07,8.715110499370090156e-07,8.749833808758794445e-07,8.775771682361769770e-07,8.787519566986701027e-07,8.779370388928911926e-07,8.745210684135346484e-07,8.678451576473129415e-07,8.572553373316615877e-07,8.424610620502052068e-07,8.276021511794546170e-07,8.129706126035015547e-07,7.981817335502734232e-07,7.827817194126884421e-07,7.663421120401060076e-07,7.484763180783392983e-07,7.288499647051855212e-07,7.071931155617073499e-07,6.833114539856485379e-07,6.570949193128998133e-07,6.285231563187981405e-07,5.976676405310144239e-07,5.646907693959962075e-07,5.298423909998290346e-07,4.934541826140410150e-07,4.559321181422616060e-07,4.177469869898679715e-07,3.794224218498131075e-07,3.415194648426971094e-07,3.046172219882911114e-07,2.692860411242550051e-07,2.360331488273556448e-07,2.051022922819303964e-07,1.757645764945592012e-07,1.486464634254086709e-07,1.241088957084455517e-07,1.022783329369213519e-07,8.306214135277174075e-08,6.618288292767915257e-08,5.124265580864770062e-08,3.781296364861448075e-08,2.553778036528055915e-08,1.428392769980056593e-08,5.303166660491494600e-09,8.968618377012710230e-09,1.780468264104976866e-08,2.622483359654960613e-08,3.371676083485840343e-08,4.009594900114628452e-08,4.527543288879612393e-08,4.924399482983769420e-08,5.205821666435711491e-08,5.382986091655210568e-08,5.470729574067499668e-08,5.485237428953233934e-08,5.441449853160867075e-08,5.351217040627381858e-08,5.222332441172853569e-08,5.058526986790341131e-08,4.860422901619064423e-08,4.627205765431495296e-08,4.358560474699148412e-08,4.056315264834228424e-08,3.725292539775453766e-08,3.373088212164856391e-08,3.008887220119314642e-08,2.641906586455753688e-08,2.280423441149073533e-08,1.932239614689129541e-08,1.606647969388701495e-08,1.316766654584585887e-08,1.079925457395936969e-08,9.126557909137559121e-09,8.184669759501135429e-09,7.785978289628446251e-09,7.618316789827097107e-09,7.429821860881027078e-09,7.104095786286833758e-09,6.637159401868091126e-09,6.090109301478084443e-09,5.545653465987601334e-09,5.073608626307123413e-09,4.710503376045814435e-09,4.459573188388851187e-09,4.308447271154989378e-09,4.250361840214307318e-09,4.295480592108177407e-09,4.468994248459864975e-09,4.817471914031473931e-09,5.541874215413624502e-09,7.380533416410165889e-09,1.085496628619683821e-08
1.348347032187602055e-08,2.165855310457255556e-08,2.968314555544921218e-08,3.717918781901437616e-08,4.351802483960033309e-08,4.882893390545955463e-08,5.337380860585290557e-08,5.733262146824561961e-08,6.081620172502898966e-08,6.389897102571803388e-08,6.663687740268171991e-08,6.907564228037494747e-08,7.125458192186609849e-08,7.320845023876639254e-08,7.496835700331777314e-08,7.656224501630242917e-08,7.801516510908461246e-08,7.934947072649132022e-08,8.058499209082287026e-08,8.173921588500200706e-08,8.282747786165466918e-08,8.386316645664555470e-08,8.485793158488692311e-08,8.582189193423992658e-08,8.676383474666119928e-08,8.769140337985743781e-08,8.861126937240627552e-08,8.952928703949205356e-08,9.045062970554123976e-08,9.137990751757561301e-08,9.232126740242900512e-08,9.327847617018739772e-08,9.425498806454073629e-08,9.525399825215798263e-08,9.627848385421877976e-08,9.733123417277599550e-08,9.841487176485211008e-08,9.953186597446015450e-08,1.006845404483878659e-07,1.018750760320427023e-07,1.031055102581952891e-07,1.043777343893498491e-07,1.056935301270710447e-07,1.070547339293962066e-07,1.084632820176180872e-07,1.099212137676804528e-07,1.114306742812285000e-07,1.129939157683928023e-07,1.146132972532416496e-07,1.162912819474004677e-07,1.180304314057099953e-07,1.198333952435688125e-07,1.217028946975779548e-07,1.236416975482515271e-07,1.256525807441617541e-07,1.277382753192917896e-07,1.299013861309867006e-07,1.321442793664531625e-07,1.344689496087306416e-07,1.368769964835901951e-07,1.393704630060531310e-07,1.419574561897731178e-07,1.446826811071372338e-07,1.477943596430002714e-07,1.512949179136666958e-07,1.552031543146309901e-07,1.595417810892266490e-07,1.643346280022537125e-07,1.696060914164833500e-07,1.753811574266234841e-07,1.816854309237677796e-07,1.885452015093035600e-07,1.959875522650026325e-07,2.040404544960760143e-07,2.127327933724651031e-07,2.220942998892691626e-07,2.321554023436449517e-07,2.429470463063620957e-07,2.545005349978567330e-07,2.668473667102577311e-07,2.800190693788896955e-07,2.940481253508582427e-07,3.089736961866066590e-07,3.248690644238216332e-07,3.412402401787383787e-07,3.580140018683266368e-07,3.752447244538799057e-07,3.932436554819891332e-07,4.120382633815454364e-07,4.316716400423110627e-07,4.521873120322915608e-07,4.736255334349193722e-07,4.960221518531827089e-07,5.194080736756940786e-07,5.438086841858946560e-07,5.692432954970436140e-07,5.957246638747439122e-07,6.232585415503355024e-07,6.518432305261431539e-07,6.814691437236559695e-07,7.121184259332692171e-07,7.437647319073372927e-07,7.763732645821019967e-07,8.099010902940257853e-07,8.442977936790313185e-07,8.795079141598296335e-07,9.154799036819243169e-07,9.522027887861038741e-07,9.888903657897587599e-07,1.025249565789516084e-06,1.060789014472530705e-06,1.093382068543463908e-06,1.122950981468914096e-06,1.149312527016295188e-06,1.172281943000869499e-06,1.191698772367474606e-06,1.207434702285406021e-06,1.219396782543549619e-06,1.227530251529543020e-06,1.231820854279208161e-06,1.232296508791730247e-06,1.229028519163133267e-06,1.222132541925288314e-06,1.211769384998293014e-06,1.198145570830728558e-06,1.181513450584262910e-06,1.162170630457202384e-06,1.140458782123448817e-06,1.116761862609258709e-06,1.091499253019297306e-06,1.065099726905255279e-06,1.037893948554112132e-06,1.012283809517722481e-06,9.889694738223632070e-07,9.681643920840543672e-07,9.492514204469184282e-07,9.325588689605301250e-07,9.183071210056233004e-07,9.066464630482136610e-07,8.976581711802937043e-07,8.913501340053835369e-07,8.876542573464372907e-07,8.864278364559209521e-07,8.874583175438319617e-07,8.904705449438237929e-07,8.951356537976048304e-07,9.010807031673356222e-07,9.078980332922381014e-07,9.151532613207180235e-07,9.223908538552865556e-07,9.291364695403788266e-07,9.348959368143341026e-07,9.391512510879745630e-07,9.413515653493546706e-07,9.408932978139855320e-07,9.370638590358159119e-07,9.300380028119360183e-07,9.192548511253571147e-07,9.046963068162745754e-07,8.907569623231009904e-07,8.764957006939270431e-07,8.613319541105082510e-07,8.447796332059266965e-07,8.263981244653228560e-07,8.057974956429391887e-07,7.826583893805323849e-07,7.567490337266208440e-07,7.279377279284929583e-07,6.962004690655421466e-07,6.616237631522659874e-07,6.244034129714162367e-07,5.848402812100787837e-07,5.433337611564408641e-07,5.003734044450979067e-07,4.565288758798157373e-07,4.124373100956617723e-07,3.687856195824151415e-07,3.262910699735327176e-07,2.856877995684698794e-07,2.477627797178428590e-07,2.117858345836493441e-07,1.783305423399087003e-07,1.479614393413980471e-07,1.210369034815119917e-07,9.765313636771110882e-08,7.762895363121391677e-08,6.053311338137063187e-08,4.577064211237161113e-08,3.273131034567333509e-08,2.101228433886880947e-08,1.106806691564002834e-08,8.347734652547753006e-09,1.580366128210133355e-08,2.494977862176566696e-08,3.366647936387286934e-08,4.142878308193087672e-08,4.798014085119875633e-08,5.319401193301574474e-08,5.705213504112944528e-08,5.963222143978003083e-08,6.108894492979013809e-08,6.162673567664811890e-08,6.146585543376983994e-08,6.080450787549429243e-08,5.979091229092358472e-08,5.850784663782332744e-08,5.697231059148680136e-08,5.515096173554885910e-08,5.298742542568586703e-08,5.043389790206035376e-08,4.747815132359704780e-08,4.415814935579334591e-08,4.055946809070734521e-08,3.679564617699413892e-08,3.297866078907157242e-08,2.919395419531304429e-08,2.549588602656738909e-08,2.192914207314367029e-08,1.856278516740463682e-08,1.551057285529346893e-08,1.291470288391679459e-08,1.088770858854459511e-08,9.437026419925639987e-09,8.434791145229501695e-09,7.680626198380417797e-09,7.005837393499756121e-09,6.330330227315343951e-09,5.656617985650489739e-09,5.033252237313829205e-09,4.513922051611034221e-09,4.127301844750608204e-09,3.868974225231421387e-09,3.716532896480388143e-09,3.652662127937596220e-09,3.678615321437892709e-09,3.812259481044687740e-09,4.086143902228337424e-09,4.648491987266293306e-09,6.164532204410971108e-09,9.465573117258029714e-09
1.353123563756150848e-08,2.186195428160998279e-08,3.004580502400013318e-08,3.754049074074858447e-08,4.381996610498095284e-08,4.908056642869972815e-08,5.359131496241007846e-08,5.752618027462514083e-08,6.099143088773624676e-08,6.405910405436293006e-08,6.678393353866491791e-08,6.921099328769888098e-08,7.137924308924582802e-08,7.332324164321966930e-08,7.507399631341134886e-08,7.665940018490258758e-08,7.810448232521700034e-08,7.943158712645398895e-08,8.066053946033419541e-08,8.180881944001162641e-08,8.289175269767548115e-08,8.392271321788239849e-08,8.491333221176714458e-08,8.587370590986464076e-08,8.681259600320308302e-08,8.773761788522509529e-08,8.865541335145937888e-08,8.957180576202267953e-08,9.049193677490653674e-08,9.142038460675484379e-08,9.236126440127137055e-08,9.331831172528035740e-08,9.429495051043116186e-08,9.529434695007464158e-08,9.631945097331630349e-08,9.737302697103684638e-08,9.845767545408640180e-08,9.957584728829377012e-08,1.007298520756523194e-07,1.019218621325513456e-07,1.031539133457313739e-07,1.044279039505742871e-07,1.057456320485318260e-07,1.071089565157833712e-07,1.085198424367295301e-07,1.099803668167070240e-07,1.114927242683269840e-07,1.130592325656507607e-07,1.146823379279803117e-07,1.163646198530452047e-07,1.181087952649683170e-07,1.199177216738916796e-07,1.217943989669045203e-07,1.237419693950549132e-07,1.257637154005669221e-07,1.278630554860204104e-07,1.300435403244395810e-07,1.323088571212492802e-07,1.346628641436259795e-07,1.371096964792591268e-07,1.396539123541096537e-07,1.422997042246472281e-07,1.450412319186939454e-07,1.481191522889405141e-07,1.515702359314276362e-07,1.554222614303769053e-07,1.597007886179245181e-07,1.644305254968372826e-07,1.696359196234643399e-07,1.753417763111688201e-07,1.815732745284721627e-07,1.883560579676653589e-07,1.957164548852516921e-07,2.036816732211482740e-07,2.122798589162741916e-07,2.215399743934230297e-07,2.314915206127129540e-07,2.421642149626249718e-07,2.535877935456624603e-07,2.657918105145980333e-07,2.788044096810335356e-07,2.926508374580204489e-07,3.073498246726768327e-07,3.228974102798995901e-07,3.388093310283433731e-07,3.551189637398360208e-07,3.718273725041325277e-07,3.892241851503379996e-07,4.073667183587479738e-07,4.263000262121087371e-07,4.460636758785387104e-07,4.666925334113297165e-07,4.882167669225029294e-07,5.106619217152882765e-07,5.340482890228868649e-07,5.583903866367579544e-07,5.836966308869316633e-07,6.099690326482228641e-07,6.372028005340268579e-07,6.653858180608884620e-07,6.944980412293290545e-07,7.245109671164463650e-07,7.553873818731056458e-07,7.870812107447306103e-07,8.195361474497367932e-07,8.526838319611110366e-07,8.864387760031309999e-07,9.206755901917058964e-07,9.546237634476969874e-07,9.881928954050819426e-07,1.021341806911961092e-06,1.052063782221461601e-06,1.080018205988469562e-06,1.104967532440947321e-06,1.126723115714058559e-06,1.145135877164118849e-06,1.160093987746513871e-06,1.171520811721946644e-06,1.179376903364963262e-06,1.183661630330604724e-06,1.184413858035749788e-06,1.181712393873025434e-06,1.175676664941660370e-06,1.166467764666500081e-06,1.154289735461059766e-06,1.139390585086683967e-06,1.122062237949596506e-06,1.102639823510071566e-06,1.081504651560920438e-06,1.059086678697487913e-06,1.035872581660280251e-06,1.012456594502550293e-06,9.911258098234170855e-07,9.721579233880089857e-07,9.559200780034605708e-07,9.418224811749339549e-07,9.300487789410632470e-07,9.207625915639827759e-07,9.140717668836471432e-07,9.100167570701282736e-07,9.085658404278866736e-07,9.096142690759511461e-07,9.129890963440961510e-07,9.184562487491398427e-07,9.257285069548941743e-07,9.344740743747774411e-07,9.443253899117969694e-07,9.548875680064272481e-07,9.657455403129057727e-07,9.764686312286306221e-07,9.866112547227382351e-07,9.957098994279956546e-07,1.003280153182958581e-06,1.008811579352311869e-06,1.011764302054816680e-06,1.011585917907978906e-06,1.008465466599475334e-06,1.001505141903579784e-06,9.895202613926136707e-07,9.769360316017094024e-07,9.635203213050564686e-07,9.488279112280525560e-07,9.323598296503892001e-07,9.136120128284577059e-07,8.921151726527695209e-07,8.674802088932960304e-07,8.394228844954138623e-07,8.077806822114698586e-07,7.725227288154472816e-07,7.337526392128266697e-07,6.917061234151231807e-07,6.467453551883126587e-07,5.993511575000124343e-07,5.501136210881164141e-07,4.997222593944542631e-07,4.489546517756479655e-07,3.986521120443406109e-07,3.496906454260923144e-07,3.029343877778127322e-07,2.591375620993327979e-07,2.177908726794442560e-07,1.798980252925184595e-07,1.461338837805450457e-07,1.169006427842905905e-07,9.230241005196157357e-08,7.211490048356326339e-08,5.580867226843750106e-08,4.269629769533401767e-08,3.227080494522167682e-08,2.478440126627664646e-08,2.174972226064176247e-08,2.432254920980161782e-08,3.079957246013559431e-08,3.878842437131409032e-08,4.684457333668218277e-08,5.417227180551065167e-08,6.031596062618438865e-08,6.504324907963444984e-08,6.829929530569811455e-08,7.017687423414424546e-08,7.088329130587913200e-08,7.069884080306306191e-08,6.992605153815288037e-08,6.883267666497031672e-08,6.760693944483387910e-08,6.633058718865759450e-08,6.497696492636741814e-08,6.343656005012703219e-08,6.156300545905724656e-08,5.922591611676927222e-08,5.635603745731638411e-08,5.297108970162387015e-08,4.917467323191325371e-08,4.512596747911869674e-08,4.098751364777411402e-08,3.687228487876133778e-08,3.282037507888337353e-08,2.882426098324135491e-08,2.488837949226379113e-08,2.108076407214264929e-08,1.753952082117060881e-08,1.442855594552033516e-08,1.186719149300708076e-08,9.872459182576254135e-09,8.351564348454490984e-09,7.155584238488565331e-09,6.156007996627480321e-09,5.289079085316471090e-09,4.551327520884116647e-09,3.965916168774083580e-09,3.545844460734313298e-09,3.275564651504592774e-09,3.120550335422066722e-09,3.051310576246006620e-09,3.059149409852287655e-09,3.154365987679564677e-09,3.357640004141407948e-09,3.770172818578560602e-09,4.962377785237701865e-09,7.984826872193765637e-09
1.361245277577020744e-08,2.208277115533443710e-08,3.041450892953069396e-08,3.789260840671748890e-08,4.410991829496701759e-08,4.932158012062045795e-08,5.379935512013421459e-08,5.771061318915116449e-08,6.115731859421963073e-08,6.420935929469411265e-08,6.692039394621500221e-08,6.933493070293268736e-08,7.149162374596150659e-08,7.342486928095631415e-08,7.516559291054600734e-08,7.674164999876834874e-08,7.817805351379411270e-08,7.949713991042076545e-08,8.071872669230505005e-08,8.186028336274940423e-08,8.293712021063391504e-08,8.396259097024168859e-08,8.494830218875990036e-08,8.590432178222781889e-08,8.683938028727955173e-08,8.776105985180812505e-08,8.867596758039381011e-08,8.958989123667775937e-08,9.050793642666018181e-08,9.143464524310222169e-08,9.237409697593982895e-08,9.332999193214514354e-08,9.430571970464706348e-08,9.530441342055952817e-08,9.632899161216781936e-08,9.738218940958474251e-08,9.846658076412079899e-08,9.958459338256462166e-08,1.007385179859710944e-07,1.019305133987561074e-07,1.031626088167108381e-07,1.044367043824184837e-07,1.057546095547117202e-07,1.071182005505543337e-07,1.085294662399398980e-07,1.099905162662640525e-07,1.115035899604426999e-07,1.130710662124480079e-07,1.146954745227030999e-07,1.163795075401653899e-07,1.181260355185850591e-07,1.199381233144905430e-07,1.218190508631494529e-07,1.237723386104888191e-07,1.258017803735413707e-07,1.279114880046120511e-07,1.301059559196239184e-07,1.323901604804467303e-07,1.347697210457377961e-07,1.372511657063867053e-07,1.398423617022604070e-07,1.425532603584571794e-07,1.453983003011101467e-07,1.484132095979351794e-07,1.517954500167977303e-07,1.555750757732824197e-07,1.597791926730159567e-07,1.644328600493714287e-07,1.695600232046135884e-07,1.751853575226192901e-07,1.813335935735136012e-07,1.880295799061899715e-07,1.952987681121327225e-07,2.031676210864036454e-07,2.116637474129906771e-07,2.208157027995386860e-07,2.306524697561953079e-07,2.412028238783614526e-07,2.524952248693626985e-07,2.645586027776500886e-07,2.774192938852747725e-07,2.910990105947670685e-07,3.056122992176279864e-07,3.206068276756228482e-07,3.360306510441577907e-07,3.518800633583456679e-07,3.681658634679718551e-07,3.849272242231691288e-07,4.023979971937112901e-07,4.206185474757521357e-07,4.396238242602682007e-07,4.594434324692470401e-07,4.801019188073574346e-07,5.016202371560360956e-07,5.240142465908542798e-07,5.472941454126365210e-07,5.714644662044986457e-07,5.965240340210395236e-07,6.224656529315054173e-07,6.492754528862528696e-07,6.769319128934270210e-07,7.054048114058875327e-07,7.346548631768776209e-07,7.646344315934986399e-07,7.952833619987630453e-07,8.265257071159758784e-07,8.582650796497783082e-07,8.899168025318673503e-07,9.212666084263123913e-07,9.521430752860816048e-07,9.823513659475806089e-07,1.011532796709452281e-06,1.038114040799944864e-06,1.061858568633693512e-06,1.082584351933382984e-06,1.100157217562878158e-06,1.114485130091931595e-06,1.125507051766168744e-06,1.133198565031700835e-06,1.137573359690153919e-06,1.138682218864945234e-06,1.136612206117451567e-06,1.131486907116575589e-06,1.123467840828362370e-06,1.112756931854993896e-06,1.099599154799702574e-06,1.084282462174662696e-06,1.067132983634924696e-06,1.048526722747179992e-06,1.028894693800456856e-06,1.008726911754355127e-06,9.898793391452497969e-07,9.729523207341946976e-07,9.583461203079661540e-07,9.463783436471905111e-07,9.372314832216814016e-07,9.304632470426257762e-07,9.262026547033932201e-07,9.245173816251869171e-07,9.254079361781135091e-07,9.288059094271663913e-07,9.345728182013091211e-07,9.425108249700706884e-07,9.523717907463780424e-07,9.638645125038647604e-07,9.766617293128428150e-07,9.904075385116452774e-07,1.004725091955526173e-06,1.019223807759694728e-06,1.033504247840154177e-06,1.047157235198659603e-06,1.059755505974936677e-06,1.070854432000705440e-06,1.079987305969002346e-06,1.086660053028634741e-06,1.091031548654657683e-06,1.092509297455508562e-06,1.090365588474888253e-06,1.083852998391945733e-06,1.072598405342152547e-06,1.060227328189607115e-06,1.046267099979825078e-06,1.030152795801248352e-06,1.011272411669582443e-06,9.890275751414881195e-07,9.629311887617767275e-07,9.326270616351891470e-07,8.979105093098397998e-07,8.587409585374112300e-07,8.152432017220238587e-07,7.677020590791642585e-07,7.165545691027205306e-07,6.623805858661048310e-07,6.058916116652108154e-07,5.479224205632896048e-07,4.894322320720718689e-07,4.314641810794026151e-07,3.751163332481244043e-07,3.214900993442773792e-07,2.704972190114020334e-07,2.232963579169608783e-07,1.808118111591386913e-07,1.437057440214074617e-07,1.124048860398787510e-07,8.706824852188693165e-08,6.752835182110980529e-08,5.327675598370361833e-08,4.360459259519613688e-08,3.794288813186321235e-08,3.611863058828467282e-08,3.803731956552014187e-08,4.308084123167012790e-08,5.012671172484889459e-08,5.799370314241256692e-08,6.569833903493770952e-08,7.250779828074607759e-08,7.793419335021876893e-08,8.172180708045137148e-08,8.383086868242005043e-08,8.441287691570870084e-08,8.377320031434238649e-08,8.231827927156763284e-08,8.048532416838183157e-08,7.865745109745314799e-08,7.708919056981912504e-08,7.585616070500296474e-08,7.484864121804734275e-08,7.381662750528044695e-08,7.245146809741031923e-08,7.047665454331082657e-08,6.772338140221750858e-08,6.417527689387061269e-08,5.997206940074402074e-08,5.536531643368249814e-08,5.062977760352618424e-08,4.595865732992618993e-08,4.139857837785518082e-08,3.687430714683771265e-08,3.229330770000491398e-08,2.765534069939337508e-08,2.309259541463088658e-08,1.882487810934689344e-08,1.506942906775431955e-08,1.195925305964161244e-08,9.506085875902051756e-09,7.618238204668819750e-09,6.159361561212382947e-09,5.012488943092403305e-09,4.112325112591220132e-09,3.435890414085568893e-09,2.969539334361371589e-09,2.681360071222889378e-09,2.521889567945573918e-09,2.447375580608287568e-09,2.437893942148867910e-09,2.495729345762713777e-09,2.631275819271273347e-09,2.904967587772114303e-09,3.778736575201733083e-09,6.419067745516969300e-09
1.370934636540088301e-08,2.232173062717837208e-08,3.078657123193085111e-08,3.823418538205944478e-08,4.438776174897129452e-08,4.955215880573587909e-08,5.399808517869114471e-08,5.788601240179003570e-08,6.131391117817906855e-08,6.434975262556672441e-08,6.704625323778834829e-08,6.944743372987773795e-08,7.159169198382254870e-08,7.351329356654379225e-08,7.524310232481388845e-08,7.680894732096470189e-08,7.823583055699234101e-08,7.954608119210713107e-08,8.075950694176223802e-08,8.189356233190479603e-08,8.296353682910344214e-08,8.398275792504119792e-08,8.496280140209439889e-08,8.591370090675206012e-08,8.684415015393180850e-08,8.776169272737799905e-08,8.867289607574096742e-08,8.958350772252529961e-08,9.049859284394278336e-08,9.142265322857214128e-08,9.235972825592783576e-08,9.331347896615356962e-08,9.428725658594282806e-08,9.528415706441632146e-08,9.630706328573509701e-08,9.735867668260861331e-08,9.844153998898645535e-08,9.955805284735496591e-08,1.007104819273455186e-07,1.019009671143957764e-07,1.031315251820761351e-07,1.044040521564785007e-07,1.057203624930588176e-07,1.070823428863982365e-07,1.084919985107390386e-07,1.099514634316285893e-07,1.114630125905833206e-07,1.130290757789620245e-07,1.146522541587997995e-07,1.163353400845654054e-07,1.180813412565277694e-07,1.198935106360215262e-07,1.217753841474247943e-07,1.237308291066076988e-07,1.257641077709021336e-07,1.278799627797132820e-07,1.300837351685935241e-07,1.323815320381716690e-07,1.347804712285742573e-07,1.372890472139733515e-07,1.399176960548025337e-07,1.426797308168881608e-07,1.455930746937006899e-07,1.486830472779589112e-07,1.519746571455497038e-07,1.556639981505495213e-07,1.597788894910897300e-07,1.643438751458057392e-07,1.693806177237897462e-07,1.749144045446550595e-07,1.809695229058028179e-07,1.875696100971139614e-07,1.947389041731089739e-07,2.025030637285197373e-07,2.108894380530332926e-07,2.199267800527337341e-07,2.296442738722085391e-07,2.400699493460171729e-07,2.512302904319423340e-07,2.631567583004333493e-07,2.758759971327176126e-07,2.894088020042629488e-07,3.034355595970192150e-07,3.179332066294290962e-07,3.328772844018339072e-07,3.482607825198287792e-07,3.640904193927528832e-07,3.803860719095166835e-07,3.971695975597161649e-07,4.146688039085464840e-07,4.329140768011084543e-07,4.519296021705045391e-07,4.717329698918788151e-07,4.923421832626047291e-07,5.137693776363928376e-07,5.360205835713123429e-07,5.590966452428983208e-07,5.829936775714922878e-07,6.077029052208670952e-07,6.332098630882500562e-07,6.594927925834736707e-07,6.865203119242331173e-07,7.142505533892587299e-07,7.426387052961952444e-07,7.716242621991726761e-07,8.011285672724781287e-07,8.306264348243554420e-07,8.599547516885635616e-07,8.889302325654048164e-07,9.173672543913590860e-07,9.450584819686891286e-07,9.717502639914563569e-07,9.972055688195272834e-07,1.019953085746548097e-06,1.039825226915637753e-06,1.056709679186512040e-06,1.070546639663324469e-06,1.081286338517681464e-06,1.088919289240445391e-06,1.093475963063375153e-06,1.095021332492601734e-06,1.093651923795244284e-06,1.089495489227503894e-06,1.082712869729204540e-06,1.073502510057502284e-06,1.062107533650865275e-06,1.048817450748330109e-06,1.033937711330627519e-06,1.017833089345014609e-06,1.000929289761977993e-06,9.849912550771204778e-07,9.705103081429287418e-07,9.579683546409821832e-07,9.477580088326893821e-07,9.401869104964208818e-07,9.354714928714300479e-07,9.337661229205809149e-07,9.345620839995476990e-07,9.378875492748200439e-07,9.437055421188484101e-07,9.519184569689579145e-07,9.623543697407274052e-07,9.747959462413081245e-07,9.889896804924869992e-07,1.004649164488249615e-06,1.021458722607372240e-06,1.039078833896886461e-06,1.057153494237762660e-06,1.075319276735394790e-06,1.093214058131250015e-06,1.110476521751890244e-06,1.126716363209024129e-06,1.141533730213023872e-06,1.154510303456050500e-06,1.165920473350873627e-06,1.175230083480561766e-06,1.181843928028897120e-06,1.185088208096187676e-06,1.184256960663796826e-06,1.178686649354802827e-06,1.167604413972974114e-06,1.154717699755422175e-06,1.139345493240201396e-06,1.120701804238038178e-06,1.097956474433390747e-06,1.070500779522873151e-06,1.037883107212523182e-06,9.998426546264046647e-07,9.563283988736968562e-07,9.074943330625791945e-07,8.536874781246763412e-07,7.954375911788370613e-07,7.334471491597398004e-07,6.685749337898288532e-07,6.018237211036794500e-07,5.344064009068487691e-07,4.676355680156434683e-07,4.029248882420336367e-07,3.404084431412481228e-07,2.820060242583911048e-07,2.291401687914657592e-07,1.825421148206030949e-07,1.426478935152641478e-07,1.097657935354889041e-07,8.406834461470160290e-08,6.552528726845209248e-08,5.380771331710041472e-08,4.819500950295304520e-08,4.763325851513392951e-08,5.098976624049462381e-08,5.721633047243972711e-08,6.531363378570993624e-08,7.429135993724176285e-08,8.320617501327435321e-08,9.123140395309402973e-08,9.771843081919217867e-08,1.022383888044543579e-07,1.046039395340066858e-07,1.048726466489115721e-07,1.033324780651484426e-07,1.004678983083644726e-07,9.690204686180608647e-08,9.330623877106227596e-08,9.027362271572375259e-08,8.818701686886667659e-08,8.711502222265645051e-08,8.679267574861865146e-08,8.670943749010857216e-08,8.626505363474970111e-08,8.492963224849746569e-08,8.236683144186260643e-08,7.850587039123928387e-08,7.355418425808641649e-08,6.793672093105281697e-08,6.215266635825927544e-08,5.657836207843470999e-08,5.131229738666137050e-08,4.618121624361120637e-08,4.092205427285896320e-08,3.540259025842276859e-08,2.972535929752190605e-08,2.417681937717026909e-08,1.909152192514813155e-08,1.472436519772180295e-08,1.118612548659135629e-08,8.447364368951305696e-09,6.387043716219335367e-09,4.856582735705213325e-09,3.731701677435745359e-09,2.931435595846743727e-09,2.402344230514759275e-09,2.088717565705089591e-09,1.922330541315434976e-09,1.842391489862090901e-09,1.816153185302403999e-09,1.837323037148316879e-09,1.907092507260904406e-09,2.051449816008172783e-09,2.618325456521890435e-09,4.776709422797714299e-09
1.380622582292380573e-08,2.257922432180382276e-08,3.115917939514294986e-08,3.856405606540070929e-08,4.465347003036310747e-08,4.977249658491878359e-08,5.418765036124996614e-08,5.805245977583256211e-08,6.146124835747609064e-08,6.448029656871447175e-08,6.716150543798267852e-08,6.954848355537619711e-08,7.167942039994381574e-08,7.358848193230602521e-08,7.530648959660118439e-08,7.686125697546682396e-08,7.827777968958524565e-08,7.957837976402840158e-08,8.078285230706450001e-08,8.190863218432401517e-08,8.297098232241558372e-08,8.398319780543762582e-08,8.495681743157342015e-08,8.590183454726370297e-08,8.682690033648829358e-08,8.773951448399577826e-08,8.864619982045878976e-08,8.955265900231385753e-08,9.046391242403429566e-08,9.138441742033463092e-08,9.231816943465304856e-08,9.326878625987100940e-08,9.423957674528087709e-08,9.523359554922498166e-08,9.625368562871711870e-08,9.730251021572463120e-08,9.838257604696853156e-08,9.949624959618870231e-08,1.006457680058337861e-07,1.018332463256682748e-07,1.030606825311558424e-07,1.043299616023208665e-07,1.056428953791357767e-07,1.070013724726700131e-07,1.084074045933739847e-07,1.098631389466180485e-07,1.113708728778937431e-07,1.129330713983752146e-07,1.145523884295005995e-07,1.162316928875102423e-07,1.179741011154367906e-07,1.197830177053548979e-07,1.216621875048471325e-07,1.236157626703058989e-07,1.256483901679143290e-07,1.277653273487996986e-07,1.299725964232726461e-07,1.322771931434115181e-07,1.346873709962881853e-07,1.372130295762659734e-07,1.398662428818500720e-07,1.426619582735198464e-07,1.456188044432553114e-07,1.487594093881186129e-07,1.521079320356255103e-07,1.556881990129674307e-07,1.596993774837921031e-07,1.641651677433383118e-07,1.690985016171485370e-07,1.745299724757194246e-07,1.804831415210397683e-07,1.869792501364397792e-07,1.940405715974356203e-07,2.016917633640910418e-07,2.099602816542839783e-07,2.188761335813955932e-07,2.284703783188807749e-07,2.387707776892192473e-07,2.497953972716955110e-07,2.615881224383433275e-07,2.741770222904663194e-07,2.872634293348703371e-07,3.008306344816710010e-07,3.148601836833936236e-07,3.293362834505177922e-07,3.442523804058612165e-07,3.596117373643551165e-07,3.754261852671844190e-07,3.917117191190615918e-07,4.084850280460868413e-07,4.259735348116991832e-07,4.441965297470182374e-07,4.631577593748361632e-07,4.828787014741400260e-07,5.033681468241902536e-07,5.246271856949225185e-07,5.466526711985499648e-07,5.694383351318665567e-07,5.929748012504761595e-07,6.172488049490770189e-07,6.422408814619562369e-07,6.679195556264154755e-07,6.942330349406419838e-07,7.211523239945370960e-07,7.486192450528759823e-07,7.761540158413258819e-07,8.036178384567879654e-07,8.308553243133113412e-07,8.576968058138018476e-07,8.839624054904923461e-07,9.094575506040084997e-07,9.339712031034949467e-07,9.572967114404577245e-07,9.792469466503037449e-07,9.984262216282974658e-07,1.014748087875319454e-06,1.028228803000955601e-06,1.038800848196829721e-06,1.046471457989543029e-06,1.051294841507108908e-06,1.053354575985365092e-06,1.052758391795605393e-06,1.049637682517993446e-06,1.044149329933058239e-06,1.036482324277449229e-06,1.026877124232893923e-06,1.015655651553812406e-06,1.003058606446123739e-06,9.894366964538096839e-07,9.764926503057599502e-07,9.646823016629410452e-07,9.544630300649067232e-07,9.462649509896493278e-07,9.404549247458734983e-07,9.373234259549809055e-07,9.370788824494236564e-07,9.398536522400938195e-07,9.457084894033596181e-07,9.540218813071281741e-07,9.647198338824538552e-07,9.776989709804017217e-07,9.927380438552674599e-07,1.009606348242848779e-06,1.028057092005320156e-06,1.047819117038189693e-06,1.068595104023744293e-06,1.090064566383800106e-06,1.111891074638766303e-06,1.133735297011099810e-06,1.155276615176580703e-06,1.176233259515191387e-06,1.196232960508632276e-06,1.214929339896107096e-06,1.232732277427392869e-06,1.249211072283751562e-06,1.263865367620496450e-06,1.276114137515951149e-06,1.285290308605284022e-06,1.290653864528682940e-06,1.291402643891938599e-06,1.286627979651330486e-06,1.275288678585607983e-06,1.261234155722503655e-06,1.243437040481834406e-06,1.220563240136301649e-06,1.191942196201426701e-06,1.156989864851121121e-06,1.115369012671847876e-06,1.067023994661995335e-06,1.012153914077521439e-06,9.511857402093300462e-07,8.847640348833365262e-07,8.137486923778510853e-07,7.391854267048192071e-07,6.622192748769481625e-07,5.844861144049778871e-07,5.076480882475000317e-07,4.318702870336421344e-07,3.599709698852446495e-07,2.947068211167292191e-07,2.378634773054584247e-07,1.891669363361698490e-07,1.481292391202328420e-07,1.144189485290287841e-07,8.784733149049973524e-08,6.846873824544574800e-08,5.678892397403956059e-08,5.339837073050250031e-08,5.756525421981188683e-08,6.696683835797254935e-08,7.916987806569391102e-08,9.235406402929884472e-08,1.051796626743791091e-07,1.166061141832463620e-07,1.258293818538373882e-07,1.322838387138561174e-07,1.356621119055606142e-07,1.359319967827748189e-07,1.333430509707909734e-07,1.284203821605172339e-07,1.219422057199416855e-07,1.148906231136444139e-07,1.083493694474069864e-07,1.033176961582438283e-07,1.004554390532642503e-07,9.983857611585925303e-08,1.008993953770453073e-07,1.026252872423872952e-07,1.038859713966152584e-07,1.037197375968172215e-07,1.015190197397408324e-07,9.713040251276902282e-08,9.087900212804629820e-08,8.349345928808934142e-08,7.589140009664540996e-08,6.882976737428903972e-08,6.256287967862179383e-08,5.677333978797599079e-08,5.088411193907013105e-08,4.449858302940380549e-08,3.763170770164545766e-08,3.064826078070993103e-08,2.404301358518371953e-08,1.822994912970852963e-08,1.343337209086198994e-08,9.685034527223977852e-09,6.881267470148039128e-09,4.853624221883923508e-09,3.428136481903072254e-09,2.461800088986526842e-09,1.848978083282825583e-09,1.500678402030454751e-09,1.324794984432686355e-09,1.239459437460910138e-09,1.196981604742833633e-09,1.182068447716243411e-09,1.187547116946964961e-09,1.211559304460647022e-09,1.492124638172908370e-09,3.068336288747811084e-09
1.389062313111025199e-08,2.285503856388624496e-08,3.152947244677234110e-08,3.888125017072251750e-08,4.490709454783192246e-08,4.998279015967257039e-08,5.436818336246964077e-08,5.821002691981708366e-08,6.159936354443817038e-08,6.460100058193536218e-08,6.726614426578381917e-08,6.963806364280321357e-08,7.175478640531172480e-08,7.365040914270575754e-08,7.535572958282530495e-08,7.689855603207205220e-08,7.830388175259420262e-08,7.959402131363871249e-08,8.078875400538516152e-08,8.190549004889544860e-08,8.295945989336523189e-08,8.396391989908941568e-08,8.493036556464926944e-08,8.586874385306413315e-08,8.678765768832333424e-08,8.769455752639136453e-08,8.859591664137457294e-08,8.949738823234057021e-08,9.040394360549423484e-08,9.131999154228231845e-08,9.224947957567432059e-08,9.319597831889244212e-08,9.416275027248517927e-08,9.515280471655977278e-08,9.616894040459424709e-08,9.721377783351987121e-08,9.828978288385929812e-08,9.939928360948528005e-08,1.005444819098476282e-07,1.017274617348270747e-07,1.029501953461665214e-07,1.042145489778007643e-07,1.055223231674992207e-07,1.068753984164243564e-07,1.082757812249031650e-07,1.097256180006699931e-07,1.112272117398719819e-07,1.127830422724824176e-07,1.143957911176089997e-07,1.160683723326655762e-07,1.178039711924336975e-07,1.196060931381914259e-07,1.214786262434829479e-07,1.234259215138634836e-07,1.254528967418741229e-07,1.275651714312671189e-07,1.297692424757226676e-07,1.320727126262763172e-07,1.344845856359561547e-07,1.370156415020673533e-07,1.396788975545194494e-07,1.424901328358448363e-07,1.454683702051996423e-07,1.486360225946478161e-07,1.520182713213124811e-07,1.556423852411644467e-07,1.595359861110214112e-07,1.639005896327456266e-07,1.687120032475246462e-07,1.740309037721872340e-07,1.798754793247782183e-07,1.862612839657316151e-07,1.932073377190481705e-07,2.007369532685444053e-07,2.088780210567692825e-07,2.176633891370490473e-07,2.271304345629648137e-07,2.373131381514338737e-07,2.481856869971845411e-07,2.598461589903289788e-07,2.720162567960956623e-07,2.846765898490763018e-07,2.978066992956316323e-07,3.113883623596931482e-07,3.254079013877969448e-07,3.398586860421915303e-07,3.547418259749546306e-07,3.700655783718094311e-07,3.858436237210689103e-07,4.020932880524559946e-07,4.188326031567101131e-07,4.362878940586278435e-07,4.544158920614218955e-07,4.732721293679758838e-07,4.928572043804181166e-07,5.131639462890540079e-07,5.341842559667020393e-07,5.559096386637914146e-07,5.783310842123623096e-07,6.014390442328152019e-07,6.252223760912362738e-07,6.496580359526399837e-07,6.746413671612874547e-07,7.002114612371368797e-07,7.259322909268472056e-07,7.516777406591565653e-07,7.773089580093752209e-07,8.026764442410501744e-07,8.276205903247069749e-07,8.519723276668692998e-07,8.755522451172958712e-07,8.981716723666039912e-07,9.196398831714850964e-07,9.397713312516099338e-07,9.583986045370705815e-07,9.742137095853336421e-07,9.874968272951061723e-07,9.980052254728819949e-07,1.005792284231683769e-06,1.010955080602208067e-06,1.013602422137169384e-06,1.013855043616331896e-06,1.011847336962143424e-06,1.007726616698232226e-06,1.001653882610030031e-06,9.938375646933924089e-07,9.847947321299691909e-07,9.745084857680629200e-07,9.646067016330714755e-07,9.555405896186317417e-07,9.477675593377325852e-07,9.417268389570905526e-07,9.378188709116841067e-07,9.363840306245286470e-07,9.376885579062794419e-07,9.419162996892733532e-07,9.491660921461207870e-07,9.594518921918100414e-07,9.727104925266420642e-07,9.881992646631927029e-07,1.005909581323077743e-06,1.025476202461528383e-06,1.046677235632691447e-06,1.069294762550565835e-06,1.093086505477051104e-06,1.117780256452534628e-06,1.143075067710195610e-06,1.168646904468558527e-06,1.194163095591372144e-06,1.219327000863279063e-06,1.244066679740427517e-06,1.267911327677492605e-06,1.291407293546625217e-06,1.314266720607093119e-06,1.336127987134581880e-06,1.356534778308866123e-06,1.374924916809285266e-06,1.390624326556943873e-06,1.402847672901556952e-06,1.410698546480530598e-06,1.413158818598159404e-06,1.409083419597232638e-06,1.397180636436159498e-06,1.381356944314180939e-06,1.358794036255042450e-06,1.329331970730233938e-06,1.292089829536964612e-06,1.246617723375277604e-06,1.192883935276456207e-06,1.131164964361912224e-06,1.061988114041365314e-06,9.861316910853644532e-07,9.046689554794434467e-07,8.189606897122061938e-07,7.299689538426125254e-07,6.403252444968523974e-07,5.498891910476648595e-07,4.619727700938744279e-07,3.807265749955742118e-07,3.109261157346761258e-07,2.554366743883557868e-07,2.096655863551017018e-07,1.705353893857723080e-07,1.362599515815761946e-07,1.059170916703934581e-07,7.972123144345739655e-08,6.026951790799963050e-08,5.379016961784238677e-08,6.348405330849714999e-08,8.283912041315396854e-08,1.051708509028153552e-07,1.270080981819645473e-07,1.464588873516983650e-07,1.623253266726420031e-07,1.738273622140191547e-07,1.805283360719152031e-07,1.823194840851566840e-07,1.794190180103995918e-07,1.723734897983805706e-07,1.620601814035486031e-07,1.496907383663843025e-07,1.368051492333947911e-07,1.252047590937315950e-07,1.167118539813612580e-07,1.126473103264867210e-07,1.131658901684964066e-07,1.170524391939088033e-07,1.222641862763386776e-07,1.266969832536618343e-07,1.286797211963823970e-07,1.271949254823057625e-07,1.219763024809431271e-07,1.135411453075398430e-07,1.031150302495690301e-07,9.234928342326922885e-08,8.275161245972754986e-08,7.497578584099979308e-08,6.851089889001195263e-08,6.219408948413623889e-08,5.510088966657425128e-08,4.703859749110797148e-08,3.846110537582526273e-08,3.009517684660277596e-08,2.258551916289482192e-08,1.631075857673112027e-08,1.137254259568845682e-08,7.677939684775257718e-09,5.034769811158988562e-09,3.222832668147728192e-09,2.038317525240461906e-09,1.315432714310299776e-09,9.224874016634716730e-10,7.376822729024898743e-10,6.504316728168041283e-10,5.942926135109221672e-10,5.463305913479664500e-10,4.941159774285239081e-10,4.258429026776365760e-10,5.111051570935543557e-10,1.308610761438026991e-09
1.395416489282415032e-08,2.314813048631672880e-08,3.189461880150285447e-08,3.918499118726014835e-08,4.514874876371614147e-08,5.018323230420880716e-08,5.453980326018053365e-08,5.835877540007005015e-08,6.172828417405401418e-08,6.471187135020127146e-08,6.736016341356890348e-08,6.971616001994160247e-08,7.181777252170709553e-08,7.369905758843623560e-08,7.539080723288640622e-08,7.692083405057289396e-08,7.831413239577696325e-08,7.959300857811023625e-08,8.077722247688372550e-08,8.188415439934866157e-08,8.292899618011751929e-08,8.392495901024417753e-08,8.488348869994978194e-08,8.581447971514292322e-08,8.672648099297406317e-08,8.762688845729116971e-08,8.852212093136811554e-08,8.941777762384806270e-08,9.031877651236556884e-08,9.122947379755638738e-08,9.215376520188299771e-08,9.309517030004975707e-08,9.405690134136063509e-08,9.504191819947152626e-08,9.605297119110494702e-08,9.709263356227823170e-08,9.816332546032372586e-08,9.926733119800871599e-08,1.004068115729408243e-07,1.015838129275376696e-07,1.028002745146323193e-07,1.040580355596888774e-07,1.053588758090381798e-07,1.067046565200551722e-07,1.080973657307514758e-07,1.095391330849344868e-07,1.110322477631768515e-07,1.125791804092100437e-07,1.141826102196241807e-07,1.158454587306201633e-07,1.175709323147388143e-07,1.193625760235300247e-07,1.212243422119483401e-07,1.231606783847423461e-07,1.251766399196212858e-07,1.272780346930449523e-07,1.294716079802016541e-07,1.317652768879147122e-07,1.341684231232921702e-07,1.366922494802372084e-07,1.393501964289565262e-07,1.421583976690117207e-07,1.451361301234886209e-07,1.483062206683806047e-07,1.516955621452583517e-07,1.553366098839371878e-07,1.592719678003092445e-07,1.635703025293999449e-07,1.682109407585069306e-07,1.734121539577396940e-07,1.791469545883744180e-07,1.854191563777692144e-07,1.922437556975346980e-07,1.996425031319236413e-07,2.076434237696858700e-07,2.162827294127692152e-07,2.256121484618006189e-07,2.357283855701866592e-07,2.463780188456917997e-07,2.576273895557592440e-07,2.694014068656251965e-07,2.816598210637708687e-07,2.943751459135164413e-07,3.075271104733329166e-07,3.211016849860721391e-07,3.350915128144815212e-07,3.494961971570828638e-07,3.643222119009210205e-07,3.795827782140477474e-07,3.952988879979313228e-07,4.115040887047964798e-07,4.282629528360938470e-07,4.455319654685314317e-07,4.635546559151983372e-07,4.822763885283981327e-07,5.016750270951627117e-07,5.217371420607175129e-07,5.424523055853241059e-07,5.638120906842248788e-07,5.858119380776494872e-07,6.084595734613164536e-07,6.318103423367561205e-07,6.554814803214678094e-07,6.794765803081185862e-07,7.036159995025651238e-07,7.277538916768966071e-07,7.517497057800538502e-07,7.754597892842363703e-07,7.987344770103637596e-07,8.214169819427775943e-07,8.433426054584583890e-07,8.643384982495995663e-07,8.842233369932513652e-07,9.028010157136567441e-07,9.198339564725315197e-07,9.349400113900219517e-07,9.483647912792127298e-07,9.588727292115165238e-07,9.668177101822006803e-07,9.723730110371028305e-07,9.756737143506131687e-07,9.768529637756952671e-07,9.760498467435331764e-07,9.734020709638120687e-07,9.690093940419479749e-07,9.627874646520465646e-07,9.562898118812192480e-07,9.495580719912419257e-07,9.432796867056256002e-07,9.379858775537810051e-07,9.341484930283424865e-07,9.321959352135144743e-07,9.325064805798291710e-07,9.353950356494662848e-07,9.411008148873921261e-07,9.497778360900131958e-07,9.614876681034718244e-07,9.761910784606638458e-07,9.937323792824100416e-07,1.013792997948756780e-06,1.036319968663529977e-06,1.060318231999370761e-06,1.085729321120980863e-06,1.112404061887243450e-06,1.140143905419942863e-06,1.168707951440572825e-06,1.197814860719281007e-06,1.227142835153232842e-06,1.256324305691038822e-06,1.284899934434301264e-06,1.313631027873720849e-06,1.342170482515802310e-06,1.370556962274760762e-06,1.398651300089587497e-06,1.426180974254260460e-06,1.452744042978871053e-06,1.477802559632956940e-06,1.500674367461949921e-06,1.520528447145728474e-06,1.536384922790976900e-06,1.547121775010746181e-06,1.551510139555899811e-06,1.548363761289811701e-06,1.537145767324293731e-06,1.514831476611518745e-06,1.485150207928912119e-06,1.445765948923650175e-06,1.396127278329076238e-06,1.336338893822502206e-06,1.266819271173538218e-06,1.188209017197226438e-06,1.101398390243637843e-06,1.007718141826120504e-06,9.095916975582727410e-07,8.058324149358689475e-07,6.998492552521581159e-07,5.942149204833668474e-07,4.930998441569548394e-07,4.031372803434673886e-07,3.342039589683920420e-07,2.937642457901014786e-07,2.594183445779933706e-07,2.247492803911410012e-07,1.876379984796098493e-07,1.476292729868251592e-07,1.055776060554780451e-07,6.491687437233505481e-08,4.114511049087010251e-08,6.148363233093382531e-08,1.002905725960421598e-07,1.397149986809454796e-07,1.752824205016069382e-07,2.050014983035273782e-07,2.276928515344226944e-07,2.426909948597899687e-07,2.497695021242842834e-07,2.491110515724564039e-07,2.412882635267276079e-07,2.272533828786510588e-07,2.083469700547443248e-07,1.863439124257499036e-07,1.635551878838316066e-07,1.429509777028861144e-07,1.280575071762586419e-07,1.219518470086487688e-07,1.251765103495357483e-07,1.349154845389550697e-07,1.468415040381040018e-07,1.570921726925437495e-07,1.629344064855135005e-07,1.628091829062818537e-07,1.563283618884405313e-07,1.443067640625466472e-07,1.287229101533778393e-07,1.124237678612597952e-07,9.832407612808199461e-08,8.804813224240658652e-08,8.091406261682246069e-08,7.465886633333047758e-08,6.729860847676410807e-08,5.819372714114179533e-08,4.789719313943698287e-08,3.748585489298724618e-08,2.795631034644014998e-08,1.991700665073415778e-08,1.356481518497935963e-08,8.811730569166045177e-09,5.427599465921077346e-09,3.137418642844931223e-09,1.674687624138847495e-09,8.109156389732832028e-10,3.764523871635935174e-10,2.477875895545361463e-10,2.428147748083483879e-10,2.533461612928582907e-10,2.892772347606872866e-10,3.779531361374177301e-10,5.761822849380509076e-10,9.219626106957887972e-10,5.263900062263986562e-10
1.399324043652722432e-08,2.345647187372868579e-08,3.225188809508772071e-08,3.947468847657625947e-08,4.537859256697703559e-08,5.037400650444121415e-08,5.470261489884049945e-08,5.849875704999682634e-08,6.184803203781968620e-08,6.481291307184661984e-08,6.744355682143239124e-08,6.978276155938121035e-08,7.186836666468658910e-08,7.373441755791771355e-08,7.541171783246701765e-08,7.692809328307064762e-08,7.830854222871302686e-08,7.957536143838258555e-08,8.074828741896183023e-08,8.184466502796671686e-08,8.287964116973540338e-08,8.386637531389520514e-08,8.481625714292210833e-08,8.573912250400745051e-08,8.664346064465316982e-08,8.753660770099734883e-08,8.842492321648773589e-08,8.931394795454565594e-08,9.020854241179205887e-08,9.111300627534122683e-08,9.203117965668109864e-08,9.296652733525904787e-08,9.392220750881410294e-08,9.490112671541399746e-08,9.590598269353437724e-08,9.693929700094897873e-08,9.800343923220005199e-08,9.910064466315231254e-08,1.002330271098153470e-07,1.014025887133487936e-07,1.026112282463610130e-07,1.038607493658146525e-07,1.051529010807979833e-07,1.064895136174087900e-07,1.078725423904525645e-07,1.093040830722650598e-07,1.107863898897664528e-07,1.123218980704456180e-07,1.139132516401514956e-07,1.155633381432067445e-07,1.172753323312363728e-07,1.190527514763065290e-07,1.208995257296287824e-07,1.228200878803129332e-07,1.248194879478089773e-07,1.269035391736438499e-07,1.290790029323433210e-07,1.313538203921986563e-07,1.337373976124669844e-07,1.362409470007736076e-07,1.388778806797253015e-07,1.416642418856755874e-07,1.446191606917982555e-07,1.477653687204417142e-07,1.511299815862792688e-07,1.547460638959715645e-07,1.586552982060914897e-07,1.629089168138324912e-07,1.675411230802730749e-07,1.726644587143708958e-07,1.782998137936252552e-07,1.844589008077224712e-07,1.911571681450495711e-07,1.984153482789099355e-07,2.062597693268208115e-07,2.147227787424843043e-07,2.238411370664655832e-07,2.336376039363622660e-07,2.440007222620226407e-07,2.549171467699188882e-07,2.663387401446286755e-07,2.782264963521884300e-07,2.905514782052405093e-07,3.032923723634155550e-07,3.164344017902638580e-07,3.299692415159955662e-07,3.438951319889062762e-07,3.582169527114600784e-07,3.729465187228219542e-07,3.881037913614039465e-07,4.037194659773147502e-07,4.198356003862453892e-07,4.364733582904650099e-07,4.537482979010354399e-07,4.716620810403174526e-07,4.902015243650781931e-07,5.093537266680554230e-07,5.291075051472952773e-07,5.494533504978572359e-07,5.703835046533122321e-07,5.918894938135590542e-07,6.139388684618085305e-07,6.363263234177009938e-07,6.589618491364880863e-07,6.817055425615139790e-07,7.044207424799029761e-07,7.269740589461754081e-07,7.492311053773768199e-07,7.710538243086135034e-07,7.922991049460571865e-07,8.128178529653470771e-07,8.324540600485473527e-07,8.510428721154635791e-07,8.684051596328351437e-07,8.843372818008273792e-07,8.986111399377110273e-07,9.111157343487728622e-07,9.213907938362966312e-07,9.294639400532047977e-07,9.354432282393297687e-07,9.394548062170101868e-07,9.416372661125894080e-07,9.421424049357986416e-07,9.411352848849227039e-07,9.388008478115740480e-07,9.354090878313343627e-07,9.317367705221959046e-07,9.282039290412653526e-07,9.253505144885041461e-07,9.236807895837404053e-07,9.236531483150925770e-07,9.256787986343573161e-07,9.301141648353512239e-07,9.372495234071751651e-07,9.472978420656903955e-07,9.603856665086295608e-07,9.765452658328064687e-07,9.957041650939294124e-07,1.017669421892885326e-06,1.042128411309304227e-06,1.068862982843839231e-06,1.097032986611225171e-06,1.126471947592186062e-06,1.157066828009444687e-06,1.188662637622986209e-06,1.221053224354165427e-06,1.253980979945828025e-06,1.287134749662050567e-06,1.320160508061185822e-06,1.352786718895059595e-06,1.385649101098758580e-06,1.418652513260446827e-06,1.451890040538845408e-06,1.485325510456740485e-06,1.518770529342227039e-06,1.551883311401569681e-06,1.584157816660405845e-06,1.614908220500238125e-06,1.643257868744944150e-06,1.668137033962400679e-06,1.688285013168398991e-06,1.702240252084028728e-06,1.708315543502069851e-06,1.704669314927151918e-06,1.690312502274381259e-06,1.662494222946130477e-06,1.621208912334774493e-06,1.566929806674992192e-06,1.500244312889885049e-06,1.421813901937110044e-06,1.332381335700084267e-06,1.232785820786147260e-06,1.124012050374725724e-06,1.007444351958009226e-06,8.862552560210708904e-07,7.627241380529126845e-07,6.403553802934011695e-07,5.246727673935844776e-07,4.261910486241324386e-07,3.657476723183690082e-07,3.742881150969638218e-07,3.593788631911637797e-07,3.278345800143698963e-07,2.824487903334555328e-07,2.254789181041282456e-07,1.595210834337209702e-07,8.759319921801435879e-08,1.301175446125688883e-08,6.104117007122140719e-08,1.312385106979453257e-07,1.948375515167475900e-07,2.494994770841912760e-07,2.934510098828636366e-07,3.255229299812219216e-07,3.451520412945639485e-07,3.523534105963705239e-07,3.476733711499344021e-07,3.321361594049853496e-07,3.072008133117182185e-07,2.747533777722707651e-07,2.371803524981174347e-07,1.976189761184160364e-07,1.605565435468870172e-07,1.327918714225530505e-07,1.225935076112308373e-07,1.323910846685881170e-07,1.544727608173014944e-07,1.791058251195019655e-07,1.996302984930779598e-07,2.120686493523949703e-07,2.143167576294326891e-07,2.059171457505092549e-07,1.881207674051491690e-07,1.639493232621673264e-07,1.380095561021180344e-07,1.156445249976091420e-07,1.007366290847822027e-07,9.285340383075802688e-08,8.767053661527531197e-08,8.102146610755378627e-08,7.134342370746951709e-08,5.930448839235629828e-08,4.653157880757648548e-08,3.457396540087253789e-08,2.439735350764365696e-08,1.634271918128469055e-08,1.032559620787011360e-08,6.057947443668878878e-09,3.191265206732496214e-09,1.386358105882643997e-09,3.630438196327828629e-10,3.064626864549050895e-10,5.466263857217780835e-10,6.665959227710330034e-10,7.537089837009410785e-10,8.697082557796005327e-10,1.055160412341264279e-09,1.385934980003243216e-09,1.980317459732907825e-09,2.342892477967657608e-09
1.400951578191891431e-08,2.377697668879134795e-08,3.259871200546880912e-08,3.974992388440124885e-08,4.559681731365852300e-08,5.055528273105136180e-08,5.485670865223418182e-08,5.863001433959060368e-08,6.195862361440873015e-08,6.490412773792865246e-08,6.751631894554013542e-08,6.983786024958236217e-08,7.190656241037726806e-08,7.375648748403812440e-08,7.541846721353367815e-08,7.692034883357652690e-08,7.828713692054518495e-08,7.954111695344027799e-08,8.070199775236057038e-08,8.178708294262438340e-08,8.281146802623252085e-08,8.378825411523450846e-08,8.472876829697301640e-08,8.564278169247731466e-08,8.653871820226969530e-08,8.742384898785034208e-08,8.830446956984520218e-08,8.918605791091521624e-08,9.007341298400286090e-08,9.097077414848033795e-08,9.188192223037927356e-08,9.281026358971025027e-08,9.375889871055206363e-08,9.473067700897094842e-08,9.572823964921503514e-08,9.675405220922917913e-08,9.781042905342225693e-08,9.889955125850340899e-08,1.000234798968683943e-07,1.011841664072445286e-07,1.023834616662952299e-07,1.036231252061801321e-07,1.049048652896180731e-07,1.062304691849282560e-07,1.076018452887795712e-07,1.090210377389244075e-07,1.104902441623877208e-07,1.120118374446347802e-07,1.135883926723181383e-07,1.152227207489254907e-07,1.169179106302651388e-07,1.186773826991439664e-07,1.205049565192578835e-07,1.224049370922970771e-07,1.243822247797341682e-07,1.264424551748083016e-07,1.285921762397575668e-07,1.308390705698816894e-07,1.331922299781697173e-07,1.356624864816309841e-07,1.382627964533946607e-07,1.410086617206583083e-07,1.439185564831210280e-07,1.470143413362434016e-07,1.503217973142061496e-07,1.538719380887705647e-07,1.577046034911814202e-07,1.618801842763978060e-07,1.663923969019923417e-07,1.714180596580657820e-07,1.769434718809692027e-07,1.829753418765427828e-07,1.895280350000214101e-07,1.966209693512551310e-07,2.042783700907184099e-07,2.125303475933000186e-07,2.214171352458743053e-07,2.310078026614887881e-07,2.411005462626583825e-07,2.517352871729970093e-07,2.628469354167448160e-07,2.743968161634996062e-07,2.863570153229983353e-07,2.987062975102924780e-07,3.114292607838764692e-07,3.245165443445568633e-07,3.379650077115109527e-07,3.517777056551806502e-07,3.659639135688823979e-07,3.805400637520347166e-07,3.955334752804989853e-07,4.109960779867996018e-07,4.268985154242740429e-07,4.434368222185626295e-07,4.605700248984748813e-07,4.782789145455991171e-07,4.965498536421591086e-07,5.153711429554017092e-07,5.347323308927282632e-07,5.546251744987315179e-07,5.750485490003931638e-07,5.960314635479345863e-07,6.172582186577611628e-07,6.387108655534915032e-07,6.602364637000025021e-07,6.817079325496033070e-07,7.030037840093727872e-07,7.240020892397682718e-07,7.445783453481577980e-07,7.646046630903115313e-07,7.839491504119475015e-07,8.024752953051951846e-07,8.200409351920413545e-07,8.364950258583595894e-07,8.516687300126953309e-07,8.653470262112164679e-07,8.775304323397222858e-07,8.876977624617236112e-07,8.959593175110909928e-07,9.024215998360322461e-07,9.072086682421498527e-07,9.104647909822183200e-07,9.123550762794509168e-07,9.130655014620384680e-07,9.128003404535126998e-07,9.117585830183031128e-07,9.107994240882894781e-07,9.102369618088542250e-07,9.106107388612069878e-07,9.123977212738495988e-07,9.160323495215843885e-07,9.219039904977097682e-07,9.303470905571895438e-07,9.416290357181132508e-07,9.559395221649978181e-07,9.733834754279101966e-07,9.939767587965983851e-07,1.017635924943329671e-06,1.044139901444340662e-06,1.072979432926885570e-06,1.104500672435883869e-06,1.136734542278274252e-06,1.170036831861334575e-06,1.204431450415948246e-06,1.239820519192845021e-06,1.276036371354594092e-06,1.312849770937726955e-06,1.349951328569582476e-06,1.386876461716001465e-06,1.422716914490112850e-06,1.459619502419272822e-06,1.496820389942455828e-06,1.534783893179374496e-06,1.573598394558166925e-06,1.613159736934792041e-06,1.653196431962652075e-06,1.693249483218699012e-06,1.732640390074832946e-06,1.770449390462361655e-06,1.805515363237787610e-06,1.836449500607812099e-06,1.861583123572769155e-06,1.878657766997271192e-06,1.883522172696783925e-06,1.879837730914538986e-06,1.853867871122391360e-06,1.810206323528617391e-06,1.750717125258385703e-06,1.676514235561351000e-06,1.588502320739301859e-06,1.487524784410685683e-06,1.374345910267331229e-06,1.249398719759929971e-06,1.111737587922397025e-06,9.717752072448496051e-07,8.289968237201850401e-07,6.881309028676233633e-07,5.556616198548507807e-07,4.451272138388928195e-07,3.857004907904378024e-07,4.169594474694007796e-07,4.186962040142808214e-07,3.948343240977826062e-07,3.499276482149512884e-07,2.888865747526700370e-07,2.176231100160617477e-07,1.451649189975969548e-07,9.418629019718578960e-08,1.091491905670674828e-07,1.685524759719485905e-07,2.330646449197821274e-07,2.904507666105511252e-07,3.363047320973607464e-07,3.686191375571428769e-07,3.866164957284794579e-07,3.903651172705460186e-07,3.805746318489019152e-07,3.584462553245042556e-07,3.255536299549077635e-07,2.837588284087635202e-07,2.351875912819583688e-07,1.823404569466735787e-07,1.286536189845134082e-07,8.127362715877938381e-08,6.196877278065440037e-08,8.757660763541919020e-08,1.284173370159219522e-07,1.668223244226021220e-07,1.967388946402066243e-07,2.150430843314642572e-07,2.200402818412478617e-07,2.114515086794018399e-07,1.906655470033247294e-07,1.609466597507796956e-07,1.274896863895539841e-07,9.723347697347301034e-08,7.749665820841470582e-08,7.068135881630601750e-08,7.029140991335430874e-08,6.860407578943393012e-08,6.266652009418962080e-08,5.312183676466381542e-08,4.196117732001566608e-08,3.109557720821878075e-08,2.172859615465136730e-08,1.431297754575765448e-08,8.800368985300960367e-09,4.915870727911377689e-09,2.328021320355360180e-09,7.261498275067264535e-10,2.853815315434853078e-10,7.226701040149498994e-10,9.354930076179739981e-10,1.034941837949039868e-09,1.114829877078228141e-09,1.232095139494692711e-09,1.425030984510192790e-09,1.762343274422914908e-09,2.410226012822085136e-09,3.394571960930695481e-09
1.401065259755492587e-08,2.410552096092986789e-08,3.293273009017033764e-08,4.001043387122781605e-08,4.580363194861111284e-08,5.072721427024188831e-08,5.500216047681355005e-08,5.875258077588755491e-08,6.206007039112344920e-08,6.498551540349293036e-08,6.757844501927337207e-08,6.988145145474574165e-08,7.193235924392324473e-08,7.376527416414769318e-08,7.541107192911805542e-08,7.689762877429450110e-08,7.824995724868710522e-08,7.949032933603379388e-08,8.063842152113878340e-08,8.171149018989820931e-08,8.272457283647509564e-08,8.369070551817344447e-08,8.462114625419330441e-08,8.552559536771477118e-08,8.641240582126627765e-08,8.728877870374932739e-08,8.816094087611341326e-08,8.903430326449915589e-08,8.991359940687159615e-08,9.080300466265261242e-08,9.170623705045469560e-08,9.262664105010892819e-08,9.356725594504942135e-08,9.453087043064553254e-08,9.552006530223046969e-08,9.653724608209891174e-08,9.758466745817962250e-08,9.866445139261835028e-08,9.977860071543697007e-08,1.009290099421333559e-07,1.021174749364542413e-07,1.033457028689980290e-07,1.046153515948571604e-07,1.059281538956376629e-07,1.072859572220090575e-07,1.086907371751666410e-07,1.101446138264866249e-07,1.116498716638365083e-07,1.132089841873919309e-07,1.148246444824537175e-07,1.164998034922951165e-07,1.182377182264632176e-07,1.200420128007707616e-07,1.219167560501764127e-07,1.238665605189264753e-07,1.258967089302609275e-07,1.280133157322218671e-07,1.302235328308735819e-07,1.325358096620941146e-07,1.349602170508966267e-07,1.375088385087855718e-07,1.401962123258024302e-07,1.430397485789982928e-07,1.460599096794168925e-07,1.492798378655692723e-07,1.527249115094071836e-07,1.564214135919328659e-07,1.605261323587492044e-07,1.650278746068788375e-07,1.699792933682215478e-07,1.753987624505305560e-07,1.813007605973392211e-07,1.877012124736888779e-07,1.946185164024092283e-07,2.020737760836716300e-07,2.100906999115188279e-07,2.186943754243624972e-07,2.279038867097482928e-07,2.376891720867188298e-07,2.481104901916615797e-07,2.589543938069461867e-07,2.701982193761664010e-07,2.818191869599989027e-07,2.937970172260449057e-07,3.061155141076166711e-07,3.187641486591693401e-07,3.317384816789486558e-07,3.450397862832699886e-07,3.586739420291640070e-07,3.726502151117941918e-07,3.869789328487107395e-07,4.018279184110344475e-07,4.171651685860508375e-07,4.330345514110221539e-07,4.494350393405513268e-07,4.663577331096276995e-07,4.837920583014235768e-07,5.017266800338678785e-07,5.201494604670227945e-07,5.390470130765093265e-07,5.584028453641774426e-07,5.781877693938578513e-07,5.983054994798903212e-07,6.187658530503080590e-07,6.392423636496004670e-07,6.596382344317775815e-07,6.798503861953115704e-07,6.997719966134187322e-07,7.192934911027042687e-07,7.383034306996942545e-07,7.566884068941188433e-07,7.743331537907342954e-07,7.911222128208409248e-07,8.069423725455920530e-07,8.216888353995539682e-07,8.348988555721996814e-07,8.466108827538204177e-07,8.567062731604894298e-07,8.652130645760235386e-07,8.722157584726538893e-07,8.778344311471213107e-07,8.822188335921479450e-07,8.855472703425993982e-07,8.880282987935085764e-07,8.899068928431224686e-07,8.914852097848526645e-07,8.932141486783750831e-07,8.953694934824904184e-07,8.987699401960036238e-07,9.038345805892655798e-07,9.109653033475734771e-07,9.205285043492596075e-07,9.328390987446745652e-07,9.481450113123611716e-07,9.666160974453265521e-07,9.883404608097041480e-07,1.013332410467524219e-06,1.041543808655167058e-06,1.072886517918179730e-06,1.105524611741766723e-06,1.139855437285623436e-06,1.175436884082565987e-06,1.212215594750102563e-06,1.250145395410921020e-06,1.289136989214624912e-06,1.329056017815229740e-06,1.369722718029155958e-06,1.410906641067596370e-06,1.452323472273224525e-06,1.493693296102962594e-06,1.535231782571166409e-06,1.576009409928844857e-06,1.618465053985919683e-06,1.662626487840934966e-06,1.708447561569706388e-06,1.755746611651246123e-06,1.804143380423506137e-06,1.852988545980908345e-06,1.901319851848596593e-06,1.947871960464690693e-06,1.991181139574741470e-06,2.029682510560198898e-06,2.061850801383003150e-06,2.071522418484231577e-06,2.063212120517975812e-06,2.034889014788176389e-06,1.987670200405901095e-06,1.922803880227227313e-06,1.841377402721711710e-06,1.744385458226302169e-06,1.632792570397841003e-06,1.507556972074757813e-06,1.369657305041762974e-06,1.220371034536196162e-06,1.063246402014655383e-06,8.986870476526485117e-07,7.376519366091297410e-07,5.861756899492974626e-07,4.590382901407137757e-07,3.909834050184244369e-07,4.287647935564067366e-07,4.424991117154461172e-07,4.314673160606794184e-07,3.999855123594732082e-07,3.546259414705300179e-07,3.038000364410109123e-07,2.582074794120806762e-07,2.303637754406848406e-07,2.290205339379879505e-07,2.509361915685833025e-07,2.842922877060105355e-07,3.183255137786944297e-07,3.463600413202676860e-07,3.648726706327790949e-07,3.723354526620233528e-07,3.684844311938559385e-07,3.538732545052943051e-07,3.295788579192736346e-07,2.969989705925913919e-07,2.577235488005939030e-07,2.134886104399802281e-07,1.662650933571079855e-07,1.187023115670700985e-07,7.613422247050227461e-08,5.487649515208515294e-08,7.279531964335719491e-08,1.072632695548427204e-07,1.407727455409808198e-07,1.673023116208087258e-07,1.838009538411105268e-07,1.884978826515139933e-07,1.808072515091716973e-07,1.615062349631120816e-07,1.328433833421969764e-07,9.843465556044072617e-08,6.296569242175541660e-08,3.235036649813807057e-08,1.861805982620744512e-08,2.669349762284356141e-08,3.397775165450123829e-08,3.512435728253149441e-08,3.145988787665403900e-08,2.530041616477524341e-08,1.865349408147747925e-08,1.276127841668495623e-08,8.114977711540496056e-09,4.718618389136732031e-09,2.372668053837530367e-09,8.526788661314384313e-10,2.634168080732586038e-10,6.872666526822940362e-10,9.317299287471271658e-10,1.034914960487374058e-09,1.078627402046425009e-09,1.120142168382834781e-09,1.195274174638180898e-09,1.328707790426059159e-09,1.560035997064761269e-09,2.053392789375136494e-09,3.315085782620845458e-09
1.400811589060364447e-08,2.443708717853801853e-08,3.325181796589826209e-08,4.025608819952271508e-08,4.599925052440153287e-08,5.088993550188356176e-08,5.513903217452959548e-08,5.886648131188070455e-08,6.215237917226106202e-08,6.505707444987480412e-08,6.762993130592511825e-08,6.991353416164684477e-08,7.194576278753757611e-08,7.376079295151168965e-08,7.538955939168362929e-08,7.685997421820342930e-08,7.819705909701299721e-08,7.942306987125379619e-08,8.055764572878064464e-08,8.161798960725635260e-08,8.261907427761235908e-08,8.357386400719893380e-08,8.449354129044574938e-08,8.538772963770490719e-08,8.626470556884482853e-08,8.713159511057131257e-08,8.799455195263319391e-08,8.885891588820846076e-08,8.972935126094407525e-08,9.060996592262934822e-08,9.150441174051514482e-08,9.241596804675108509e-08,9.334760964799938955e-08,9.430206115170541658e-08,9.528183944527457036e-08,9.628928620368605386e-08,9.732659230981084778e-08,9.839581605351148910e-08,9.949889692925402820e-08,1.006376667723600284e-07,1.018138598526790363e-07,1.030291233695088838e-07,1.042850558561812188e-07,1.055833249956202450e-07,1.069257045080956903e-07,1.083140858986697204e-07,1.097504925659061512e-07,1.112370969092311155e-07,1.127762412579505607e-07,1.143704636869257966e-07,1.160225301015054589e-07,1.177354743952667740e-07,1.195126490495831814e-07,1.213577893162313561e-07,1.232750951970989528e-07,1.252693369460492553e-07,1.273459919537806199e-07,1.295114238565293512e-07,1.317731187262211171e-07,1.341399982645189412e-07,1.366228350448974865e-07,1.392347916896741560e-07,1.419920396188555866e-07,1.449140229723868588e-07,1.480216975535674370e-07,1.513361479587051389e-07,1.550087584981441303e-07,1.590617540329623462e-07,1.635091000600810568e-07,1.683775158285033752e-07,1.736871061603993994e-07,1.794548157942199981e-07,1.856971421034047076e-07,1.924312795290082240e-07,1.996753658252241718e-07,2.074479953967470305e-07,2.157665613763793000e-07,2.246433691883848891e-07,2.340805991197797940e-07,2.440975300313371044e-07,2.546999199364011121e-07,2.656644285999639516e-07,2.769708215131014689e-07,2.885982246610710391e-07,3.005281017978181611e-07,3.127483810768814167e-07,3.252537617592789726e-07,3.380449137751480760e-07,3.511256257454488218e-07,3.645004224491315014e-07,3.783276210064186829e-07,3.926180617893106018e-07,4.073708807490089909e-07,4.225987388155592282e-07,4.383036770340300762e-07,4.544810648971545062e-07,4.711226502982547304e-07,4.882177014540421500e-07,5.057530626961143101e-07,5.237123160717594198e-07,5.420734874454201427e-07,5.608039584102293359e-07,5.798539043794380648e-07,5.991899519494924761e-07,6.187568797502839681e-07,6.382277488527063226e-07,6.575158150649637612e-07,6.765288729211090703e-07,6.951719313641156022e-07,7.133506993172013579e-07,7.309707750756329936e-07,7.479371497860023642e-07,7.641593499216992746e-07,7.795565670794251293e-07,7.936945774787755682e-07,8.065144961422050701e-07,8.180053010159996103e-07,8.281480040682101072e-07,8.369793279993127042e-07,8.445832921314497595e-07,8.510822636809935504e-07,8.566325305365794183e-07,8.614231560008139528e-07,8.656773875911466804e-07,8.696569391596140219e-07,8.736699108033702039e-07,8.780764692143805330e-07,8.832178162692269959e-07,8.894694621040955753e-07,8.976280815068883371e-07,9.080712060780667768e-07,9.211488015187175288e-07,9.371639503753622178e-07,9.563510633786011772e-07,9.788622938375192566e-07,1.004763430429435123e-06,1.034062025254147971e-06,1.066731407739985551e-06,1.100946699039132298e-06,1.136652660495639282e-06,1.173891949534335714e-06,1.212527419347200579e-06,1.252480519832313029e-06,1.293687920976926943e-06,1.336073424551209607e-06,1.379538564439238685e-06,1.423960180345457323e-06,1.469191463414756990e-06,1.515071246881846207e-06,1.561456136730105257e-06,1.608270215144919899e-06,1.655182409087886953e-06,1.701970441924008123e-06,1.751401046410115203e-06,1.803546573167061403e-06,1.858377558481592207e-06,1.915662639543018244e-06,1.974825722318265485e-06,2.034852950785582395e-06,2.094271308621727800e-06,2.151446282360724463e-06,2.204777252059252613e-06,2.236336187922225926e-06,2.246118981696455590e-06,2.235326460216795398e-06,2.203971390054113303e-06,2.152694446242663633e-06,2.082403375531718394e-06,1.994079573421336223e-06,1.888739928203906467e-06,1.767448921042588093e-06,1.631349348261894141e-06,1.481734183588654388e-06,1.320237444620326446e-06,1.149179733990455115e-06,9.707504080335422714e-07,7.890472594607989443e-07,6.174114395773500445e-07,4.703947636806762439e-07,3.857720809743133795e-07,4.189462138515456773e-07,4.423248094079839347e-07,4.512009535256287105e-07,4.472429511666055947e-07,4.346795224826484112e-07,4.182289218728782621e-07,4.018946466490299162e-07,3.882149034954067585e-07,3.779623173705414102e-07,3.703848082754785494e-07,3.638743797133312233e-07,3.567335059506101488e-07,3.477392070716378621e-07,3.364012829908991770e-07,3.229608347563007724e-07,3.082145210574402360e-07,2.932349635196948841e-07,2.790465855953335607e-07,2.663289976674393485e-07,2.552383137959703827e-07,2.454177743932684590e-07,2.361935993789266527e-07,2.268476505969119481e-07,2.168154534254742596e-07,2.058609629264737461e-07,1.941470320068585928e-07,1.821831963973065020e-07,1.706560760622953035e-07,1.601606747943346163e-07,1.509031658506330236e-07,1.425166694912792900e-07,1.341270746344608153e-07,1.246695302573596118e-07,1.132997167643216135e-07,9.971456289122433947e-08,8.427721724244870274e-08,6.792918542564645219e-08,5.193083535736294298e-08,3.751389532272938368e-08,2.555974241811098305e-08,1.641700664026167246e-08,9.923388158025196520e-09,5.604520005139406734e-09,2.932119381428528233e-09,1.513480316778154890e-09,1.062248639811947382e-09,1.040172980617356713e-09,1.035963852171477729e-09,9.914193174709938618e-10,9.336271484321485620e-10,8.811665497253086260e-10,8.385590792906900230e-10,8.050420938599204012e-10,7.804695537328577125e-10,7.678600934230268801e-10,7.736432964481185501e-10,8.021366802286116070e-10,8.539694424445055353e-10,1.058883466355287866e-09,2.183687823519946889e-09
1.401297890171053774e-08,2.476602183164120216e-08,3.355409753755594554e-08,4.048686616358568057e-08,4.618388133139829577e-08,5.104356049106763807e-08,5.526737179389399482e-08,5.897173274742835861e-08,6.223555237213499682e-08,6.511880183737942697e-08,6.767077534168171091e-08,6.993411121162529406e-08,7.194678500625569889e-08,7.374306791663960568e-08,7.535396797411344629e-08,7.680743934776099520e-08,7.812851340421045328e-08,7.933942677950905902e-08,8.045977611282686834e-08,8.150670450752798214e-08,8.249511321000608115e-08,8.343788794727489875e-08,8.434612927024259061e-08,8.522937793831851463e-08,8.609582862941511211e-08,8.695252744503278064e-08,8.780555053539289737e-08,8.866016262165234922e-08,8.952095526470029105e-08,9.039196548617689904e-08,9.127677585938117398e-08,9.217859752176243717e-08,9.310033777059849214e-08,9.404465402961390794e-08,9.501399604460963045e-08,9.601063819816551100e-08,9.703670383642975434e-08,9.809418347792810352e-08,9.918494872341797245e-08,1.003107636014805356e-07,1.014732949578582542e-07,1.026741233153282967e-07,1.039147800775042530e-07,1.051968585989869455e-07,1.065220478324417635e-07,1.078921418533503633e-07,1.093090511267226564e-07,1.107748159595573054e-07,1.122916227059930305e-07,1.138618234522569208e-07,1.154879601205228973e-07,1.171727942192724318e-07,1.189193438758553686e-07,1.207309303927369988e-07,1.226112375144167653e-07,1.245643881301501138e-07,1.265950456966985296e-07,1.287085519200549732e-07,1.309111192205795638e-07,1.332101083336733906e-07,1.356144457815151197e-07,1.381353047540030838e-07,1.407873603913376763e-07,1.435908078289249907e-07,1.465658087378023663e-07,1.498585198845494602e-07,1.534921371000845689e-07,1.574873131674236421e-07,1.618621911649141932e-07,1.666369851242445235e-07,1.718301226050017959e-07,1.774583432334510154e-07,1.835376153174915515e-07,1.900837292242589538e-07,1.971123936789898373e-07,2.046388010990916611e-07,2.126765920761500568e-07,2.212363799911643730e-07,2.303253877364772214e-07,2.399526037695335028e-07,2.501218203898064187e-07,2.608312517607683842e-07,2.718483784354332030e-07,2.831487851406675862e-07,2.947075045656998163e-07,3.065106645114616642e-07,3.185529664961908048e-07,3.308374078205657423e-07,3.433681596308501568e-07,3.562946890403045129e-07,3.696308315630629865e-07,3.833863332438134373e-07,3.975663518945682020e-07,4.121766493552607020e-07,4.272185434147359105e-07,4.426887870001231864e-07,4.585804892048274373e-07,4.748836676975850900e-07,4.915852155157251453e-07,5.086682366738228307e-07,5.261106604781882708e-07,5.438833344041746825e-07,5.619495359903093975e-07,5.802714176545215745e-07,5.988014664134036539e-07,6.174822564250426406e-07,6.359919313107644069e-07,6.542507017244898590e-07,6.721751814037604527e-07,6.896895953816409551e-07,7.067196266913686051e-07,7.231859731894503100e-07,7.390186409195314495e-07,7.538114078312665606e-07,7.675038313069044790e-07,7.800619400941517964e-07,7.914821125672079656e-07,8.017820142225285490e-07,8.110159820287747699e-07,8.192767999154874470e-07,8.266934944595431887e-07,8.334294332851915203e-07,8.396816480094915416e-07,8.456813365305566247e-07,8.516951383289262681e-07,8.580257715805321088e-07,8.650072309708124643e-07,8.729846976329224116e-07,8.823188518708873966e-07,8.933749900426264113e-07,9.069244948687058409e-07,9.233124022065338487e-07,9.428456974572337421e-07,9.657554191557216000e-07,9.921801455576001789e-07,1.022139047232640355e-06,1.055616054980039677e-06,1.090812327049159392e-06,1.127642598230269883e-06,1.166050386879145832e-06,1.206005258260706141e-06,1.247440164242834093e-06,1.290297121756778402e-06,1.334525825312013978e-06,1.380074444161995021e-06,1.426884392228689975e-06,1.474889280526265517e-06,1.524017491566296968e-06,1.574199228340230748e-06,1.625377499345533055e-06,1.677507387696489400e-06,1.730492792870949025e-06,1.784265732099833214e-06,1.838779991391203251e-06,1.897172229634237280e-06,1.959664450465139734e-06,2.026316587990207042e-06,2.096718976377168090e-06,2.169828528099833529e-06,2.243668567293527214e-06,2.316240228730497069e-06,2.368249495507437655e-06,2.398677706133878454e-06,2.407198528358799096e-06,2.394071513359947477e-06,2.359537197377139899e-06,2.304112301595107282e-06,2.228546978633816838e-06,2.133746036907039434e-06,2.020731742349914958e-06,1.890640406155143175e-06,1.744744083432783999e-06,1.584504018910328329e-06,1.411670146998642409e-06,1.228405498744626241e-06,1.037328778889755383e-06,8.424429676874402746e-07,6.509309242869922685e-07,4.832822424470213769e-07,3.778648514880542345e-07,3.994904824182813739e-07,4.311763802563623279e-07,4.646338099737665979e-07,4.948327422165153709e-07,5.187985021591487879e-07,5.344390126050154933e-07,5.401183264099425697e-07,5.346867634721309661e-07,5.176558922639453316e-07,4.893647799891379250e-07,4.511050242311384792e-07,4.052401053376543367e-07,3.553923584732474574e-07,3.067665506965226227e-07,2.664565544902746988e-07,2.426475640459662248e-07,2.406824585280049538e-07,2.582393999096791387e-07,2.869878123868368318e-07,3.183165373871729290e-07,3.459959192732295030e-07,3.660723100192430634e-07,3.761934218027296343e-07,3.750275709200864322e-07,3.619969600167962094e-07,3.372180913509864800e-07,3.015800057623528892e-07,2.569493800919887398e-07,2.065618320763232733e-07,1.558737845881352828e-07,1.145601843028886394e-07,9.736653705225464267e-08,1.079549222821260129e-07,1.283909949744131296e-07,1.434479682358908059e-07,1.471109394282051881e-07,1.387163147030672144e-07,1.207261080603631544e-07,9.732222187266168652e-08,7.308816033260838177e-08,5.180102096030340240e-08,3.557392776412277959e-08,2.455982893054122836e-08,1.742330639842196932e-08,1.251810018572235028e-08,8.827391208351287455e-09,5.976557156489590704e-09,3.849922876343316876e-09,2.355948064213896639e-09,1.377685254765646377e-09,7.935730208602541800e-10,4.941081393478538546e-10,3.682807529208739790e-10,3.099444632841937346e-10,2.657023438873343623e-10,2.310187091112989014e-10,2.203394541977637820e-10,2.906206434535433011e-10,5.312739620453434729e-10,8.734331216348949706e-10
1.403174106224092032e-08,2.508636286667515825e-08,3.383793163887616499e-08,4.070283124715191844e-08,4.635771775077037560e-08,5.118818224556225628e-08,5.538721410925416120e-08,5.906834411077940954e-08,6.230958829160706110e-08,6.517069334775435922e-08,6.770097616757733991e-08,6.994318951597668802e-08,7.193544438965394715e-08,7.371213197713640456e-08,7.530434707258188131e-08,7.674009139973911746e-08,7.804440606311370633e-08,7.923950502555543850e-08,8.034493686051775338e-08,8.137777829899067056e-08,8.235285219985902743e-08,8.328295900687437600e-08,8.417911096742142662e-08,8.505076024794070629e-08,8.590601440829826901e-08,8.675183490516958453e-08,8.759421614032957569e-08,8.843834399738120376e-08,8.928873385360908336e-08,9.014934878112540680e-08,9.102369913816117358e-08,9.191492506424875145e-08,9.282586358598191216e-08,9.375910215286513326e-08,9.471702048269209467e-08,9.570182261969649913e-08,9.671556110498612032e-08,9.776015512986933116e-08,9.883740448624857738e-08,9.994900103818024254e-08,1.010965393056090148e-07,1.022815275626642342e-07,1.035054236756688235e-07,1.047697392028470240e-07,1.060760695286217234e-07,1.074261008235921879e-07,1.088216180321460359e-07,1.102645141105221682e-07,1.117568007893314236e-07,1.133006211980965796e-07,1.148982647712311274e-07,1.165521849678369478e-07,1.182650205105590884e-07,1.200396211463332629e-07,1.218790794974756296e-07,1.237867717092354421e-07,1.257664119088861763e-07,1.278221299880824447e-07,1.299585900674398112e-07,1.321811778868154025e-07,1.344962971551079396e-07,1.369118814257380761e-07,1.394390980033492942e-07,1.421044559908730608e-07,1.450526499222066110e-07,1.483068246993506909e-07,1.518878630924394014e-07,1.558148581911744465e-07,1.601055910003044717e-07,1.647776752725450340e-07,1.698478070768135415e-07,1.753316465224797642e-07,1.812440819023304949e-07,1.875994473621488752e-07,1.944115036872729558e-07,2.016931250615498427e-07,2.094557231501479395e-07,2.177086272224988572e-07,2.264589846324921787e-07,2.357125034113989905e-07,2.454714305104167465e-07,2.557334156753694660e-07,2.664901788718268820e-07,2.774935128800322522e-07,2.887004028258043562e-07,3.000977495168725616e-07,3.116806023764567085e-07,3.234614950676399577e-07,3.355860440596273068e-07,3.480701795970875338e-07,3.609265152048142086e-07,3.741643261820787111e-07,3.877897266016303688e-07,4.018067779562999636e-07,4.162163545915167368e-07,4.310158418892411337e-07,4.461993437844723222e-07,4.617578672682573116e-07,4.776792501062383719e-07,4.939477647411467229e-07,5.105434436985028215e-07,5.274414090873435949e-07,5.446119251160192666e-07,5.620215982919604771e-07,5.796312752724470646e-07,5.973952103710336547e-07,6.152601903521975363e-07,6.329076964589212606e-07,6.502551850624181799e-07,6.672520669589033674e-07,6.838510590072147644e-07,6.999747415788004096e-07,7.152356733682326098e-07,7.295763983904865385e-07,7.429610914089701823e-07,7.553776165930619891e-07,7.668395947079729668e-07,7.773864749685850563e-07,7.870887001099273386e-07,7.960499764702271678e-07,8.044074019546416375e-07,8.123309933974315888e-07,8.200233123526732357e-07,8.277192340888835382e-07,8.356854138912672555e-07,8.442183780075221464e-07,8.536394368332973336e-07,8.642857046380602304e-07,8.765055465637511372e-07,8.906510707396799534e-07,9.070702012118448161e-07,9.265263016791193074e-07,9.493636077992501054e-07,9.758240296754586577e-07,1.006060536521194390e-06,1.039966288162560759e-06,1.075728010265433331e-06,1.113244618051292561e-06,1.152442834154473741e-06,1.193270884803554238e-06,1.235691097749671041e-06,1.279663489486640984e-06,1.325154018608838277e-06,1.372136209143466539e-06,1.420589135826113221e-06,1.470496149030574765e-06,1.521845748181296305e-06,1.574634810121005211e-06,1.628873901057485654e-06,1.684592797286576823e-06,1.741840539461088931e-06,1.800676376239492462e-06,1.861192371791805370e-06,1.923521217291331135e-06,1.987839565992067541e-06,2.057838613103668158e-06,2.134176460644395971e-06,2.216773740500118882e-06,2.304859498567459544e-06,2.395044396658912061e-06,2.466500496659865046e-06,2.517358569741561868e-06,2.546484783084688110e-06,2.553339672893570731e-06,2.537841582673544441e-06,2.500160581028331405e-06,2.440726311086245349e-06,2.360202559409327762e-06,2.259447748397072856e-06,2.139488893788532892e-06,2.001514942852190545e-06,1.846889612333477571e-06,1.677186479585719033e-06,1.494251586986063412e-06,1.300301234634228724e-06,1.098112548168044252e-06,8.916655388017510988e-07,6.877808959252131876e-07,5.014104950297430692e-07,3.757075548591360308e-07,3.826949541281089342e-07,4.186375791349423552e-07,4.727519284365091125e-07,5.310602317429529628e-07,5.825958142047236262e-07,6.200582370716487357e-07,6.390521902962967289e-07,6.374398462207803483e-07,6.149340801126995252e-07,5.728372097639859460e-07,5.138837943172416236e-07,4.422411464513210145e-07,3.638818208197708058e-07,2.878896876385987277e-07,2.294548304870536634e-07,2.100018143011954567e-07,2.372437798167751792e-07,2.921673982071654515e-07,3.541261146068489141e-07,4.115756457682170758e-07,4.585224077039607200e-07,4.916600935361148561e-07,5.091292087807569528e-07,5.098863876074567106e-07,4.934992090707882453e-07,4.601756765232086186e-07,4.109360985491422389e-07,3.479014751232368770e-07,2.747361653475638189e-07,1.975706293087057306e-07,1.281898382000226811e-07,9.411457605273455392e-08,1.159301964491391039e-07,1.556117136487516616e-07,1.854686673664249850e-07,1.975810112817413308e-07,1.915464727251832393e-07,1.709640554762253842e-07,1.416776540554566718e-07,1.100552103522193374e-07,8.133451418183521372e-08,5.844794431787430972e-08,4.175040187673862969e-08,2.985837993187457318e-08,2.109371933720577167e-08,1.439554852862657232e-08,9.301441861214593238e-09,5.585451148460735927e-09,3.034730491285600628e-09,1.407061072155013644e-09,4.742849162548006416e-10,2.352936959652183835e-10,4.067422369678994482e-10,5.086623921811716461e-10,5.831735482823251898e-10,6.842591987895480693e-10,8.477607003772476013e-10,1.136165526602134940e-09,1.623674365205283009e-09,1.915049370723535094e-09
1.406444484064633901e-08,2.539217750930099615e-08,3.410190760873556351e-08,4.090410499263874495e-08,4.652093084279242999e-08,5.132387248771320899e-08,5.549858112987760160e-08,5.915631701341807615e-08,6.237448137768965954e-08,6.521274381584687215e-08,6.772053454906611085e-08,6.994078025306987339e-08,7.191176610798279141e-08,7.366802699495810286e-08,7.524075713079893080e-08,7.665801060637502540e-08,7.794483777194672413e-08,7.912342607529258330e-08,8.021327026799444003e-08,8.123137404450290065e-08,8.219247497591393152e-08,8.310928150953386735e-08,8.399271130812086094e-08,8.485212221739004331e-08,8.569552954277517949e-08,8.652980553507465873e-08,8.736085881237712191e-08,8.819379284256283875e-08,8.903304361999341324e-08,8.988249736565136494e-08,9.074558953909850212e-08,9.162538674079745183e-08,9.252465325813510542e-08,9.344590410705621391e-08,9.439144646996149162e-08,9.536341144541529320e-08,9.636377801410123630e-08,9.739439109008350973e-08,9.845697546385092006e-08,9.955314734724055654e-08,1.006844250903784915e-07,1.018522404444110706e-07,1.030579729412197153e-07,1.043030469043009101e-07,1.055889579281880967e-07,1.069172770990785450e-07,1.082896554876174172e-07,1.097078289064505120e-07,1.111736229013791821e-07,1.126889579060119443e-07,1.142558544287646639e-07,1.158764380498157270e-07,1.175529438785105169e-07,1.192877199680479246e-07,1.210832290662706235e-07,1.229420482198778206e-07,1.248668667928050172e-07,1.268604870375009598e-07,1.289258403856837482e-07,1.310660447114099936e-07,1.332844732064847547e-07,1.355841211103368879e-07,1.379605463334314703e-07,1.405874346377936007e-07,1.434914187960920468e-07,1.466925166523850340e-07,1.502088708083929157e-07,1.540575799538911798e-07,1.582549593602335239e-07,1.628168154337960774e-07,1.677582727742475581e-07,1.730936888282572257e-07,1.788366953480128904e-07,1.850002315424983378e-07,1.915964667878600066e-07,1.986365771132926234e-07,2.061304091026370815e-07,2.140861496526737333e-07,2.225101678767969130e-07,2.314069544686547741e-07,2.407783840754879771e-07,2.506229050868693761e-07,2.609334860307627947e-07,2.716877773773882793e-07,2.825614513937972966e-07,2.935640064266867751e-07,3.046815764481462846e-07,3.160892933597439418e-07,3.278099649301521815e-07,3.398584999734184506e-07,3.522464257410192528e-07,3.649824928995941112e-07,3.780727945156115276e-07,3.915209730986544936e-07,4.053279205286297312e-07,4.194916196518486599e-07,4.340071737178788147e-07,4.488668603725522087e-07,4.640600909348243619e-07,4.795732403930422922e-07,4.953894028697233111e-07,5.114882369814359958e-07,5.278461302937095171e-07,5.444366185959435667e-07,5.612301353537571333e-07,5.781938962031468920e-07,5.952906395764249465e-07,6.124690677454285740e-07,6.293557615721041521e-07,6.459544447843271620e-07,6.622787138376375140e-07,6.778853583245251491e-07,6.927128288022737165e-07,7.067286832601102820e-07,7.199204286292304632e-07,7.322963669394325016e-07,7.438878367493048379e-07,7.547512097193032345e-07,7.649707674021325212e-07,7.746606305629877394e-07,7.839655566919486504e-07,7.930610448709734973e-07,8.021530501491553741e-07,8.114773031016673744e-07,8.212979313391031698e-07,8.319048271746058545e-07,8.436091943266289899e-07,8.567375187112151618e-07,8.716259676861898727e-07,8.886142916446826150e-07,9.080417706369995196e-07,9.302577520737378888e-07,9.561489801051852409e-07,9.859531733989161288e-07,1.020009982295841901e-06,1.056061758047007701e-06,1.093939311527998202e-06,1.133565753065371678e-06,1.174889953754694334e-06,1.217875198875130137e-06,1.262495515433120046e-06,1.308731761497083379e-06,1.356573757486937272e-06,1.406022040715676429e-06,1.457088728198302667e-06,1.509798806704452781e-06,1.564192719837320810e-06,1.620330516086172603e-06,1.678297301789232203e-06,1.738209022020734782e-06,1.800217073607946178e-06,1.864512647827473611e-06,1.931339052944117995e-06,2.001003438867638256e-06,2.073902861420862571e-06,2.150662955406146357e-06,2.236680353672068443e-06,2.332159888043470218e-06,2.438530932372008405e-06,2.528859217597845826e-06,2.599913325321996011e-06,2.649933903905589694e-06,2.677828041104278205e-06,2.682986629768631226e-06,2.665193941306595282e-06,2.624540167343856140e-06,2.561389183370758169e-06,2.476352156745008466e-06,2.370261406548333093e-06,2.244151901365370152e-06,2.099254928971299818e-06,1.937006258122950522e-06,1.759072089942092380e-06,1.567400261802585542e-06,1.364318006890653129e-06,1.152749096795369865e-06,9.367828354905265887e-07,7.232251086378454958e-07,5.265897443590088037e-07,3.853625075722793807e-07,3.788212916080110737e-07,4.104912856956039648e-07,4.712400655119992300e-07,5.414936333047579117e-07,6.050452961329149452e-07,6.516508349777828553e-07,6.756838413346288191e-07,6.748133852039832578e-07,6.491747463340252653e-07,6.008699459676344170e-07,5.337016675452043832e-07,4.532049347550791162e-07,3.673145850745110339e-07,2.885319399714073969e-07,2.377783001327435920e-07,2.381241968395487676e-07,2.856748955100178721e-07,3.547008080288881506e-07,4.261924561872227053e-07,4.903252346633928626e-07,5.418960593760221182e-07,5.779543518257014988e-07,5.968123953676757349e-07,5.974933568425318503e-07,5.795766160998476208e-07,5.432822506301250025e-07,4.897107885909910955e-07,4.212190744937625423e-07,3.419754291208966265e-07,2.589747895426897776e-07,1.845801947643974367e-07,1.412485794422253713e-07,1.472212076289293501e-07,1.794435930611656599e-07,2.078531413231400886e-07,2.198750832269259087e-07,2.131944517365001418e-07,1.908942068689742453e-07,1.589578890195767916e-07,1.241704970107294548e-07,9.222265237027689230e-08,6.639482900497778271e-08,4.724462476721101385e-08,3.345618970254153678e-08,2.330377102573808000e-08,1.561902274412097153e-08,9.837639967328846888e-09,5.660087949911426132e-09,2.819719975936715302e-09,1.029889131738785035e-09,1.537089464187015884e-10,5.851135182864980743e-10,8.306359722830223943e-10,9.453829825745117018e-10,1.032211522704326851e-09,1.154452736283376886e-09,1.353887706569594215e-09,1.693183278717864540e-09,2.283469209972443068e-09,3.003900827226905238e-09
1.410606620487016348e-08,2.567785399636414399e-08,3.434481535937588118e-08,4.109084080741772165e-08,4.667366358988789259e-08,5.145068179375229467e-08,5.560148260157023467e-08,5.923564597401721288e-08,6.243022246615560445e-08,6.524494734975605634e-08,6.772945318182125953e-08,6.992689904560906375e-08,7.187578214136334476e-08,7.361080384019399985e-08,7.516326962533704777e-08,7.656129009318699103e-08,7.782992383850720467e-08,7.899132760209463399e-08,8.006493634563575340e-08,8.106767396316242168e-08,8.201418582471322391e-08,8.291708171954847007e-08,8.378717854294279044e-08,8.463373422344865792e-08,8.546466683043618110e-08,8.628675501973979346e-08,8.710581777632648535e-08,8.792687277280058385e-08,8.875427363361599447e-08,8.959182705561392702e-08,9.044289116491779091e-08,9.131045675620425584e-08,9.219721321596279592e-08,9.310560101487234535e-08,9.403785269134319995e-08,9.499602425370672972e-08,9.598201890958657318e-08,9.699760498873991713e-08,9.804442985666533522e-08,9.912403151348385448e-08,1.002378494259046786e-07,1.013872359364403573e-07,1.025734891690063681e-07,1.037979429444801195e-07,1.050619895993903362e-07,1.063670814675841748e-07,1.077147318930975890e-07,1.091065155467419398e-07,1.105440677253517727e-07,1.120290821781816355e-07,1.135633068091451709e-07,1.151485363138731196e-07,1.167866003742780550e-07,1.184793453663332586e-07,1.202286065145014549e-07,1.220361659174486603e-07,1.239036900184200113e-07,1.258326398386879257e-07,1.278241598956016458e-07,1.298790347845863023e-07,1.319982445255994553e-07,1.341869106759213336e-07,1.364760129596714691e-07,1.390429301433235802e-07,1.418883611799397012e-07,1.450244999719556682e-07,1.484659580737752535e-07,1.522276187447356357e-07,1.563240959427865987e-07,1.607696009970976795e-07,1.655778116416490351e-07,1.707617803505669523e-07,1.763338885651800473e-07,1.823057978178105980e-07,1.886883502742975919e-07,1.954914010807269900e-07,2.027236030674777665e-07,2.103921991539373883e-07,2.185028801417723209e-07,2.270596959738617597e-07,2.360649959880563344e-07,2.455201139615952424e-07,2.554291312394071682e-07,2.658162911379314005e-07,2.763528194348669450e-07,2.869805733371838649e-07,2.977174641203476660e-07,3.087461274163895796e-07,3.200659709920637541e-07,3.316864686921013302e-07,3.436175694663590015e-07,3.558675026991172918e-07,3.684422658199975016e-07,3.813455277708564523e-07,3.945785149431633381e-07,4.081399511900997448e-07,4.220260747376622800e-07,4.362306837443952373e-07,4.507451645489055301e-07,4.655584954069552205e-07,4.806572688712525905e-07,4.960258234650319578e-07,5.116465835970643113e-07,5.275006252126882485e-07,5.435684650835796327e-07,5.598319309583653869e-07,5.762796554196507098e-07,5.929273458873974092e-07,6.094145087599358811e-07,6.256724804996864540e-07,6.416296361741812731e-07,6.568513778829843353e-07,6.713576275232069235e-07,6.851508535837667839e-07,6.982416795303707785e-07,7.106571063535445339e-07,7.224445237002875580e-07,7.336744215852030204e-07,7.444427289836263377e-07,7.548724966374539515e-07,7.651148145411555256e-07,7.753490670567821455e-07,7.857826157643139288e-07,7.966498745895787615e-07,8.082106073955689265e-07,8.207472098147515433e-07,8.345608358273131085e-07,8.499665778559894780e-07,8.672881500486004660e-07,8.868511517154623368e-07,9.089708442255644605e-07,9.339137692143621649e-07,9.625935220411633759e-07,9.953327312434142536e-07,1.031947075460479089e-06,1.070065679099741354e-06,1.109871820484241122e-06,1.151383606818358905e-06,1.194586494312376744e-06,1.239464922853767676e-06,1.286010493383216870e-06,1.334224309137184456e-06,1.384119435032526804e-06,1.435723357329518682e-06,1.489080449697542833e-06,1.544254979601632292e-06,1.601335151184221782e-06,1.660438430363282565e-06,1.721718122804080388e-06,1.785370935344609434e-06,1.851645287106827415e-06,1.920850791021853882e-06,1.993368855836536559e-06,2.069653408216169831e-06,2.150181374542877983e-06,2.235164505096555504e-06,2.330575782131227215e-06,2.437427498604314133e-06,2.551311534007740769e-06,2.643559389651839654e-06,2.714831275235318337e-06,2.764307861644329894e-06,2.791134826160953799e-06,2.794732420986035265e-06,2.774841863346120551e-06,2.731505714435225218e-06,2.665045705132484836e-06,2.576041958302525374e-06,2.465314308265637739e-06,2.333909055706917319e-06,2.183094436128080746e-06,2.014367931343462930e-06,1.829480333954095091e-06,1.630487441280252040e-06,1.419857307190129656e-06,1.200709591515974099e-06,9.774024175012378181e-07,7.571205668083787917e-07,5.547812748272581272e-07,4.080340203195154978e-07,3.940281847343383027e-07,4.124696134376254610e-07,4.607554281389434098e-07,5.219992092393554487e-07,5.795469822137624051e-07,6.223082428273049087e-07,6.442756248204577161e-07,6.431873633153675657e-07,6.195589360611114969e-07,5.761086397644129050e-07,5.175124859590662840e-07,4.505388567185246445e-07,3.846973190823171626e-07,3.330839019125071431e-07,3.105649273324291199e-07,3.245562656496177772e-07,3.674232431711723375e-07,4.244871376774497004e-07,4.837485095237614648e-07,5.375601863388828908e-07,5.812883133721895667e-07,6.121434675115571353e-07,6.284912046648719061e-07,6.293569221605127141e-07,6.142924473326949667e-07,5.834762535069760536e-07,5.379671844203638647e-07,4.800815369422325764e-07,4.138708418669368116e-07,3.456675180926344287e-07,2.844649812679244725e-07,2.408216535955815514e-07,2.211744801645863763e-07,2.201011385780898132e-07,2.237104070741060425e-07,2.204527082277300704e-07,2.054403799021544008e-07,1.794234327565768000e-07,1.466024514321619268e-07,1.124302754804639412e-07,8.169961200370824978e-08,5.723882476696247677e-08,3.950694589583883016e-08,2.719958196223587428e-08,1.851416480489944616e-08,1.214542186602474521e-08,7.435899703445611581e-09,4.064550059985698718e-09,1.791325502063033807e-09,3.789746747131504898e-10,4.463407070831691924e-10,8.482460224122545995e-10,1.025408815942265086e-09,1.101968519192075216e-09,1.162093657135788730e-09,1.257165792335298967e-09,1.421260869257394944e-09,1.695962775038121921e-09,2.196539067330058823e-09,3.042944246303802524e-09
1.415010045944455375e-08,2.593831057140575602e-08,3.456562511179962347e-08,4.126319843723601241e-08,4.681602663163894938e-08,5.156863996465890136e-08,5.569591647354165477e-08,5.930631870946244575e-08,6.247679900722584914e-08,6.526729753867566193e-08,6.772773688235251842e-08,6.990156611657404771e-08,7.182753138090348260e-08,7.354052242073670642e-08,7.507196701196504007e-08,7.645003573396410159e-08,7.769979393841835698e-08,7.884336314448859395e-08,7.990011237213007184e-08,8.088687887799891913e-08,8.181820892897718960e-08,8.270660706757338132e-08,8.356278335545018865e-08,8.439589035474034455e-08,8.521374408540582489e-08,8.602302540272430305e-08,8.682946000476402155e-08,8.763797659641630565e-08,8.845284366503078358e-08,8.927778594558611880e-08,9.011608205105266501e-08,9.097064498404754771e-08,9.184408738134525388e-08,9.273877341060172712e-08,9.365685926325292411e-08,9.460032418315476545e-08,9.557099394348899985e-08,9.657055863523039642e-08,9.760058655512557635e-08,9.866253587226053529e-08,9.975776559953600169e-08,1.008875471866307209e-07,1.020530960107932758e-07,1.032556543000520087e-07,1.044965104175217256e-07,1.057769977729799111e-07,1.070984925912808997e-07,1.084624101179005148e-07,1.098701986916704626e-07,1.113233309052519069e-07,1.128232907759743312e-07,1.143715554141694787e-07,1.159695690148714075e-07,1.176187059431478184e-07,1.193202178881893042e-07,1.210751567612545566e-07,1.228842583279134927e-07,1.247477562148467189e-07,1.266650545113044112e-07,1.286340526007465396e-07,1.306493949870555608e-07,1.326966170266370957e-07,1.349556321710030574e-07,1.374669149386608175e-07,1.402471809834246173e-07,1.433099069408126837e-07,1.466683536256052571e-07,1.503357655697757155e-07,1.543252249403541594e-07,1.586495155962378426e-07,1.633209969817773297e-07,1.683514995064251240e-07,1.737522406478710202e-07,1.795337416660682077e-07,1.857057236277226009e-07,1.922769749212773771e-07,1.992552011207740946e-07,2.066468820228466023e-07,2.144571571332938026e-07,2.226897334272926542e-07,2.313467874577269517e-07,2.404288133875238981e-07,2.499336357243632727e-07,2.598495047805384669e-07,2.701126519737435797e-07,2.803538514990857744e-07,2.907814068190528338e-07,3.014482414779644541e-07,3.123754287805836696e-07,3.235766992018603190e-07,3.350627295169089338e-07,3.468418615906111679e-07,3.589202256788405889e-07,3.713017752831933192e-07,3.839882885838649684e-07,3.969793854013149371e-07,4.102725817105132848e-07,4.238633749432105161e-07,4.377453506353235528e-07,4.519103186202550331e-07,4.663485127740589338e-07,4.810489101716510146e-07,4.959997284604572353e-07,5.111891391152167702e-07,5.266062340242614845e-07,5.422423289229376785e-07,5.580920395963694562e-07,5.741494012348776707e-07,5.903697063187257966e-07,6.064282869519558060e-07,6.219348758174371000e-07,6.368210606346468882e-07,6.510816105339651175e-07,6.647288665883651388e-07,6.777888205393213267e-07,6.903034877728314089e-07,7.023337201975556758e-07,7.139616334834486238e-07,7.252926111335918660e-07,7.364567634167259449e-07,7.476097669140333663e-07,7.589330840514151091e-07,7.706335685332754116e-07,7.829424212562175031e-07,7.961134216201951633e-07,8.104203709884675366e-07,8.261537943668052036e-07,8.436171646563186772e-07,8.631231595354466764e-07,8.849907669202235405e-07,9.095460318425616097e-07,9.371391057089584989e-07,9.682429456878421399e-07,1.004023217831273565e-06,1.042006430319581261e-06,1.081763354827423086e-06,1.123222366568549612e-06,1.166366740580193019e-06,1.211189330020058574e-06,1.257689503201057224e-06,1.305875612818349773e-06,1.355767685019841525e-06,1.407400364311310773e-06,1.460826111632812611e-06,1.516118769639063894e-06,1.573377805348530026e-06,1.632733568390911273e-06,1.694353822287961790e-06,1.758451716508540110e-06,1.825295364755933532e-06,1.895219433508932925e-06,1.968639795623738256e-06,2.046073396946545171e-06,2.128168372709356478e-06,2.215767664212004344e-06,2.310120407908317617e-06,2.413836492113611154e-06,2.536390709339430289e-06,2.647016133887710642e-06,2.739048152530091561e-06,2.810222223360437551e-06,2.859224468190160072e-06,2.885141474614844712e-06,2.887385041179140196e-06,2.865677524548768229e-06,2.820037064734939025e-06,2.750762198576775944e-06,2.658416942059481276e-06,2.543817652030637794e-06,2.408024021401677701e-06,2.252337136211862472e-06,2.078308458705167262e-06,1.887766447972482231e-06,1.682875135328642563e-06,1.466258636717665106e-06,1.241278054308916612e-06,1.012698010296439763e-06,7.884662107220513119e-07,5.850009620408526170e-07,4.418583790435274980e-07,4.279118142555609980e-07,4.304080642453978516e-07,4.513619333486174369e-07,4.836432251002401097e-07,5.171273964449100405e-07,5.436044510240946164e-07,5.582448404379956902e-07,5.593399823219776236e-07,5.476810974460732789e-07,5.260133561719091294e-07,4.985973030859450865e-07,4.707580458638875962e-07,4.481990960175489936e-07,4.358587389446961253e-07,4.364710477616399325e-07,4.496849887605042196e-07,4.725377016418407972e-07,5.008822406024409558e-07,5.306800880346413575e-07,5.586327994144861584e-07,5.822984889531760627e-07,5.999897766801561765e-07,6.105970195668188982e-07,6.133088351129834881e-07,6.075551794682587166e-07,5.930834473653481515e-07,5.700952284475158854e-07,5.393944473341441738e-07,5.024767477785137942e-07,4.614718594425763918e-07,4.188523243928380336e-07,3.768824975871475449e-07,3.369447076941996425e-07,2.990995854903914734e-07,2.622782430584708125e-07,2.251389217719849478e-07,1.870948528815586600e-07,1.488856286623587224e-07,1.124177536375402310e-07,8.004503482367285458e-08,5.369178351830306257e-08,3.420694655753641462e-08,2.116071018127295548e-08,1.310237491007517652e-08,8.208267156308474484e-09,5.038292026868635957e-09,2.835919151015026301e-09,1.297656357135719586e-09,2.859501253255329684e-10,3.599401700330882919e-10,6.914960325506983106e-10,8.440427808640188842e-10,8.967599639774510750e-10,9.085946214731298477e-10,9.184159518800169959e-10,9.515981258833479585e-10,1.023883835995317694e-09,1.143415709652071585e-09,1.397089894094474660e-09,1.950098621502394262e-09
1.419211700860047132e-08,2.616911395908841209e-08,3.476346835609173976e-08,4.142131989456911445e-08,4.694809526299468252e-08,5.167775650873813554e-08,5.578186931162980456e-08,5.936831639228961880e-08,6.251419527436320206e-08,6.527978764749921682e-08,6.771539276203157675e-08,6.986480642249875853e-08,7.176705970079794890e-08,7.345725167743367554e-08,7.496694263312480873e-08,7.632436596359859359e-08,7.755459182867726083e-08,7.867970171704437381e-08,7.971899239989957853e-08,8.068920761321937398e-08,8.160478765368570287e-08,8.247812532196211611e-08,8.331981791427762788e-08,8.413890733891276155e-08,8.494310293335565757e-08,8.573898373986307193e-08,8.653217871903885147e-08,8.732752464845001015e-08,8.812920233498648200e-08,8.894085235185681920e-08,8.976567187526648331e-08,9.060649440948885642e-08,9.146585430355635200e-08,9.234603801433422349e-08,9.324912408267248350e-08,9.417701377490488004e-08,9.513145430676351594e-08,9.611405651068127346e-08,9.712630872610399681e-08,9.816958857815603555e-08,9.924517415232522593e-08,1.003542558587672372e-07,1.014979666358388434e-07,1.026774580838630056e-07,1.038939164601433331e-07,1.051485593385278073e-07,1.064426305614767434e-07,1.077773929138493600e-07,1.091541177589580777e-07,1.105740706220059498e-07,1.120384913551560789e-07,1.135485670253986775e-07,1.151053949487704291e-07,1.167099321954838973e-07,1.183629260879466455e-07,1.200648170022146815e-07,1.218155985462284739e-07,1.236146071466827759e-07,1.254601847250990263e-07,1.273490990312933141e-07,1.292755170118681167e-07,1.312294651971291136e-07,1.334223686750188199e-07,1.358662472405474339e-07,1.385733488003907848e-07,1.415554407330190375e-07,1.448242654606242546e-07,1.483916077210935211e-07,1.522691874445880480e-07,1.564685213617392697e-07,1.610007899751227278e-07,1.658767206767681682e-07,1.711064858481923594e-07,1.766996064978164973e-07,1.826648515801051686e-07,1.890101297363275024e-07,1.957423793450914981e-07,2.028674687691343344e-07,2.103901156573654490e-07,2.183138191632523232e-07,2.266407722680938335e-07,2.353716540157273509e-07,2.445049733858570043e-07,2.540354641875511208e-07,2.639544854262283503e-07,2.738397765624670972e-07,2.839205143631708048e-07,2.942207777644523797e-07,3.047588985457393674e-07,3.155486779874934646e-07,3.266009129912745576e-07,3.379240549320558775e-07,3.495244627058691448e-07,3.614065152379151593e-07,3.735726806936981826e-07,3.860235897315993047e-07,3.987581359939912740e-07,4.117736123675253862e-07,4.250658895615845881e-07,4.386296521744041492e-07,4.524587207748281318e-07,4.665464997641661898e-07,4.808865936623537079e-07,4.954736282565957215e-07,5.103043056348038223e-07,5.253786963562094271e-07,5.407016201050307268e-07,5.562839763748316394e-07,5.721478949162180509e-07,5.879038395185980061e-07,6.030880968284189857e-07,6.177113466292024398e-07,6.317893540923438039e-07,6.453487031235157723e-07,6.584287051388999182e-07,6.710837315967152091e-07,6.833855989545397982e-07,6.954256824703086193e-07,7.073166347908268874e-07,7.191936186795714284e-07,7.312149933558567005e-07,7.435624261429577026e-07,7.564404130102078374e-07,7.700751889677133698e-07,7.847130153893808028e-07,8.006178724850096247e-07,8.180686815433584527e-07,8.373563375720108012e-07,8.587810442868472772e-07,8.826507925092270429e-07,9.092826380617078727e-07,9.390094676839116212e-07,9.721893841985191261e-07,1.010042766850881003e-06,1.049597454585505970e-06,1.090823926186394229e-06,1.133701571820147197e-06,1.178226492673288454e-06,1.224403906062611047e-06,1.272247141542502030e-06,1.321779752867255457e-06,1.373038555309982101e-06,1.426077089476701670e-06,1.480969469957579838e-06,1.537814758340189057e-06,1.596742113151733967e-06,1.657917006735415714e-06,1.721548789420776118e-06,1.787899880613183512e-06,1.857296946758751283e-06,1.930144692731379357e-06,2.006943507927618987e-06,2.088313515951666063e-06,2.175030758047683202e-06,2.268089430347902186e-06,2.368816233145501625e-06,2.479020414275464477e-06,2.608830668972704032e-06,2.721093382360036868e-06,2.813709854498712896e-06,2.884972605911399356e-06,2.933641590895437969e-06,2.958832618697648840e-06,2.959972652706405930e-06,2.936785072039188448e-06,2.889280627284663362e-06,2.817748360338658829e-06,2.722746134374911662e-06,2.605092083845235148e-06,2.465859232469690251e-06,2.306376378508100893e-06,2.128239912655558770e-06,1.933344999591353565e-06,1.723953715293845740e-06,1.502840462068021680e-06,1.273614681130675552e-06,1.041491861472948170e-06,8.153202813109432915e-07,6.133431934745173866e-07,4.773131285160711765e-07,4.716339857105001813e-07,4.633920499573385443e-07,4.546865274978615134e-07,4.472749179649977467e-07,4.426217342205659161e-07,4.420162369699995141e-07,4.465018691810101846e-07,4.565999638183129953e-07,4.720196481707189688e-07,4.915753769944031477e-07,5.133826576282404312e-07,5.352296148990534079e-07,5.549701554426374273e-07,5.708402114022878884e-07,5.816699299586569083e-07,5.870013788097393286e-07,5.871264718484684040e-07,5.830511632900326109e-07,5.763813253576796921e-07,5.691197352919491703e-07,5.633700628717809287e-07,5.609723114678316943e-07,5.630979650685468654e-07,5.698102903499780109e-07,5.799763027856558432e-07,5.914356943877589294e-07,6.013087769018251092e-07,6.063552578653893538e-07,6.033390038112510310e-07,5.894005787215937231e-07,5.624510716027733990e-07,5.215751103638415587e-07,4.673844819108814398e-07,4.022186021623963021e-07,3.300692161592864037e-07,2.561385912168424331e-07,1.860354741952965056e-07,1.247545797371336674e-07,7.571822979628169800e-08,4.020621283409450335e-08,1.742633093730210803e-08,5.567482922823794506e-09,4.043336691437278590e-09,4.899974776535045238e-09,4.504450019280900644e-09,3.574548120351889382e-09,2.631882080047350688e-09,1.867987698000056745e-09,1.312256106812473175e-09,9.401584831519397117e-10,7.131534227477931798e-10,5.856404914957375214e-10,5.119269830713866496e-10,4.596774900067681416e-10,4.148893576993033093e-10,3.762807639786332205e-10,3.404957202798545607e-10,2.986011705692654633e-10,3.530123268653019188e-10,9.195895256996218444e-11
1.423154855678882068e-08,2.636652722991551488e-08,3.493762332510849072e-08,4.156530770174034411e-08,4.706990742308106305e-08,5.177802113491103924e-08,5.585931664557359769e-08,5.942161387460508733e-08,6.254239255604033458e-08,6.528241079713601661e-08,6.769243038313474003e-08,6.981664976288556393e-08,7.169442000068234609e-08,7.336106954453773840e-08,7.484830058688821732e-08,7.618441154958954351e-08,7.739447501783901738e-08,7.850052737640639441e-08,7.952178671452404629e-08,8.047489634452683062e-08,8.137418378443463170e-08,8.223192371165716711e-08,8.305859487612552378e-08,8.386312342009108308e-08,8.465310755625617287e-08,8.543502070230508968e-08,8.621439183933887965e-08,8.699596307382189098e-08,8.778382521344060397e-08,8.858153270604467226e-08,8.939219961965464659e-08,9.021857852728048447e-08,9.106312425316030668e-08,9.192804447188197731e-08,9.281533915088061553e-08,9.372683080228241807e-08,9.466418746680529336e-08,9.562894028976423685e-08,9.662249746245304910e-08,9.764615618344212037e-08,9.870111413321424288e-08,9.978848173935895716e-08,1.009093112772379438e-07,1.020646665017104927e-07,1.032556356956149365e-07,1.044833265153965342e-07,1.057488587064222790e-07,1.070533540142447511e-07,1.083979224096902991e-07,1.097836434729456380e-07,1.112115414247582829e-07,1.126825518244806716e-07,1.141974773375231311e-07,1.157569291545335274e-07,1.173612495397799028e-07,1.190104094801311165e-07,1.207038733944528501e-07,1.224404206346743938e-07,1.242179136742986662e-07,1.260330185408488408e-07,1.278809676006648299e-07,1.297557871889256520e-07,1.318749008820471875e-07,1.342439628650034812e-07,1.368714901899079756e-07,1.397671136384254577e-07,1.429410191669673186e-07,1.464036691520081975e-07,1.501655909532256708e-07,1.542371992734702653e-07,1.586286452801748282e-07,1.633496885277298456e-07,1.684095864538130597e-07,1.738169947760934403e-07,1.795798733405520977e-07,1.857053961506239397e-07,1.921998696538087592e-07,1.990686672964312538e-07,2.063161888013553983e-07,2.139458497470012252e-07,2.219601044125437611e-07,2.303605105849580449e-07,2.391479047579113046e-07,2.483231382411497942e-07,2.578903009522512391e-07,2.674240389792150114e-07,2.771490236228613034e-07,2.870803960766771357e-07,2.972326294039491420e-07,3.076181730105932465e-07,3.182473954414431395e-07,3.291287234904679791e-07,3.402687609790969418e-07,3.516723828861243483e-07,3.633428262019430347e-07,3.752817975395112465e-07,3.874896124338379999e-07,3.999653774152174693e-07,4.127072266557390697e-07,4.257126303946796899e-07,4.389788000967501864e-07,4.525032221568576343e-07,4.662843554838693568e-07,4.803225289649539766e-07,4.946210770876734229e-07,5.091877628354836564e-07,5.240365928981443430e-07,5.391904698180553215e-07,5.546863765407025112e-07,5.701251198754850086e-07,5.850342471160476882e-07,5.994437284807125290e-07,6.133850097583251613e-07,6.268973223944127478e-07,6.400311396280049412e-07,6.528507951817392284e-07,6.654367108793122993e-07,6.778872609649345906e-07,6.903202322482346498e-07,7.028738285260812672e-07,7.157071766445201487e-07,7.290003077380556784e-07,7.429536014697846478e-07,7.577866953634052850e-07,7.737368854002487647e-07,7.910570885116267622e-07,8.100135068198953329e-07,8.308832199736243140e-07,8.539520155621213426e-07,8.795128159828997976e-07,9.078649462180185775e-07,9.393135390460882652e-07,9.741645182695334676e-07,1.013604154562452063e-06,1.054535806963782355e-06,1.097017073221198031e-06,1.141073009019902306e-06,1.186721962156941916e-06,1.233983961284958094e-06,1.282885305962408771e-06,1.333462537861750537e-06,1.385766346081439710e-06,1.439865610123539913e-06,1.495851774891780554e-06,1.553843788597123366e-06,1.613993872528611377e-06,1.676494411297960686e-06,1.741586258533720223e-06,1.809568769030287680e-06,1.880811925098444300e-06,1.955771055733450181e-06,2.035004878914462392e-06,2.119197934033291248e-06,2.209188791652448363e-06,2.306004608897522691e-06,2.410894393877895822e-06,2.525317341460308514e-06,2.659212164701822663e-06,2.773424592918721419e-06,2.866866108304205436e-06,2.938333915462810532e-06,2.986790835467810193e-06,3.011439474517444297e-06,3.011745645789998603e-06,2.987448081582198998e-06,2.938561172795013994e-06,2.865373075144581297e-06,2.768441229092876307e-06,2.648587544335542851e-06,2.506895919007763270e-06,2.344715599960863711e-06,2.163675787885676787e-06,1.965721324092641622e-06,1.753189748463820925e-06,1.528975588436710342e-06,1.296894599553565275e-06,1.062550980690379130e-06,8.355930597411768168e-07,6.359236183682668848e-07,5.074703877844050830e-07,5.123107094746710604e-07,4.999972967044827175e-07,4.702759327170702602e-07,4.280864003838068620e-07,3.832954601540662336e-07,3.504585232872647838e-07,3.450304517169620465e-07,3.733085057267729321e-07,4.274107901488644464e-07,4.935252712306999027e-07,5.599072185394830751e-07,6.185288385332615437e-07,6.643474099467785556e-07,6.945248204416361123e-07,7.079461173527429859e-07,7.049473364005395342e-07,6.871674514875668251e-07,6.574857653209405553e-07,6.200257933510753172e-07,5.801775437689534821e-07,5.444720670513389166e-07,5.199266882818352055e-07,5.123892250364688369e-07,5.241348211785027576e-07,5.526567800373822568e-07,5.916874213034872345e-07,6.333204753839881841e-07,6.696474772316618938e-07,6.935912275795378874e-07,6.993693491093769569e-07,6.829401299561063767e-07,6.425135903937311427e-07,5.790227064068451464e-07,4.963541537206784465e-07,4.011240787846867207e-07,3.018630930752747868e-07,2.076510823619689064e-07,1.264881681058339756e-07,6.397836528339725876e-08,2.391479500431534855e-08,1.625143925434322063e-08,2.288696117979158317e-08,2.382610588839993350e-08,2.055274735359085077e-08,1.575235867826912280e-08,1.108168711318137527e-08,7.252694957769652104e-09,4.414074209825879491e-09,2.462856437624043399e-09,1.219769320938876142e-09,5.181529926661719587e-10,2.766108776809635121e-10,3.147667668538594070e-10,3.641344680278641294e-10,4.086124592220962392e-10,4.827546930195938941e-10,6.129030045533319503e-10,8.496433814894216554e-10,1.258022714322725361e-09,1.893214036346901298e-09
1.427133344488053663e-08,2.652752408631219230e-08,3.508750414391241675e-08,4.169520634178890817e-08,4.718146238564894503e-08,5.186940417547695283e-08,5.592822324273714127e-08,5.946617987877701447e-08,6.256136933011730242e-08,6.527516012937688958e-08,6.765886189554885960e-08,6.975713086469522761e-08,7.160967221770921766e-08,7.325206287548470420e-08,7.471615555792752489e-08,7.603031532321025401e-08,7.721961439430127692e-08,7.830603874447907381e-08,7.930872125085135444e-08,8.024419790603276285e-08,8.112667672259509716e-08,8.196830800635799019e-08,8.277944634676839937e-08,8.356889719537455067e-08,8.434414339755997614e-08,8.511154914183630881e-08,8.587654039952358470e-08,8.664376207855046234e-08,8.741721289103510046e-08,8.820035942705466354e-08,8.899623121883287022e-08,8.980749873640671014e-08,9.063653632644160483e-08,9.148547212370521121e-08,9.235622695071304491e-08,9.325054418648078107e-08,9.417001253421857716e-08,9.511608354901309959e-08,9.609008569506974351e-08,9.709323658003662517e-08,9.812665485105786719e-08,9.919137302129074990e-08,1.002883656941589636e-07,1.014186130452384569e-07,1.025831113383968011e-07,1.037828664802332180e-07,1.050188851815523160e-07,1.062921629984061012e-07,1.076036683122682138e-07,1.089543210389359974e-07,1.103449645194124765e-07,1.117763286396811675e-07,1.132489817637269205e-07,1.147632686039251735e-07,1.163192308621325385e-07,1.179165077777974218e-07,1.195542156440103717e-07,1.212308113248017300e-07,1.229439603794022362e-07,1.246904674254180495e-07,1.264664056964380620e-07,1.282677183431227008e-07,1.303116074036325204e-07,1.326020475900510625e-07,1.351455960314230710e-07,1.379503300676706206e-07,1.410251844729472646e-07,1.443795387266313346e-07,1.480229344695089600e-07,1.519648654105993646e-07,1.562146123800283148e-07,1.607811091603618001e-07,1.656728299768822699e-07,1.708976920568103613e-07,1.764629692450775252e-07,1.823752162173221642e-07,1.886402069763502944e-07,1.952628952808010926e-07,2.022474084085344680e-07,2.095970913115051874e-07,2.173146315717578229e-07,2.254023287358808313e-07,2.338626506436131496e-07,2.426993838683303810e-07,2.519198268241565455e-07,2.611055200763497381e-07,2.704744324944979364e-07,2.800381161568563205e-07,2.898086367030614347e-07,2.997972507123237404e-07,3.100138680941786389e-07,3.204668892585778783e-07,3.311631950617601945e-07,3.421082022852179898e-07,3.533059571906276005e-07,3.647592636568019124e-07,3.764698513105874183e-07,3.884385926807897916e-07,4.006657816299645506e-07,4.131514898178669214e-07,4.258960232928242082e-07,4.389005062235030651e-07,4.521676224108384630e-07,4.657025482105448880e-07,4.795141153909252748e-07,4.936162532882266862e-07,5.080297837148799097e-07,5.227846787557555145e-07,5.379227479904164619e-07,5.530526639183771205e-07,5.677121842326901422e-07,5.819384539884598497e-07,5.957725853280229856e-07,6.092631830488730563e-07,6.224692973968084451e-07,6.354628399213474645e-07,6.483305771141509887e-07,6.611757334630676993e-07,6.741191920921522988e-07,6.873002661450218664e-07,7.008770156814131093e-07,7.150260958573176613e-07,7.299421381211359388e-07,7.458366870630267816e-07,7.629367441178668801e-07,7.814830068230008548e-07,8.017279336287529664e-07,8.239337925995588626e-07,8.483708336771027558e-07,8.753155960627900673e-07,9.050490030407887700e-07,9.378530971490469432e-07,9.740040263630848082e-07,1.014660134732062007e-06,1.056690370439338824e-06,1.100171429445087736e-06,1.145149861195257167e-06,1.191659215688545594e-06,1.239730815968931195e-06,1.289400781788989451e-06,1.340715316062984106e-06,1.393735283308308002e-06,1.448540646560223608e-06,1.505235145204075769e-06,1.563951531935470407e-06,1.624857670804210003e-06,1.688163795939642711e-06,1.754131230603525652e-06,1.823082868054705270e-06,1.895415715021888425e-06,1.971615766251872992e-06,2.052275322213904488e-06,2.138112348159644766e-06,2.229990053311936882e-06,2.328931297279249587e-06,2.436114357989313886e-06,2.552822887464747552e-06,2.688860154927679252e-06,2.804300707301330391e-06,2.898295765768794257e-06,2.969883296715618440e-06,3.018169374074758108e-06,3.042431737067132987e-06,3.042173867896769909e-06,3.017152321887440909e-06,2.967389070069351364e-06,2.893175181430970535e-06,2.795069889089325628e-06,2.673898230690409852e-06,2.530750401829108405e-06,2.366986684572565404e-06,2.184253842030617331e-06,1.984523668822850266e-06,1.770175611986769190e-06,1.544172715200626733e-06,1.310451512931672573e-06,1.074848873387567979e-06,8.474998617922921302e-07,6.493269523013010670e-07,5.256343411034624803e-07,5.375413472405605305e-07,5.245272950078197358e-07,4.847443352986514165e-07,4.235028252452587383e-07,3.532963696395314524e-07,2.968025432844963151e-07,2.856649189700307911e-07,3.329553516828402248e-07,4.168458775410242986e-07,5.114938256189526382e-07,6.011414464964292279e-07,6.769451694528215723e-07,7.338910480790514730e-07,7.694044609341679410e-07,7.827350694538326162e-07,7.746503054898695534e-07,7.472776798255710943e-07,7.040653539441751939e-07,6.498865519549577962e-07,5.913170121104738924e-07,5.369812440792863546e-07,4.973574044195043509e-07,4.825518884918274667e-07,4.973828974203411568e-07,5.380253988030094584e-07,5.943555688380180283e-07,6.546884099206217341e-07,7.084351628932896639e-07,7.467646531922436454e-07,7.627432763683361796e-07,7.516355462383308405e-07,7.114161948653598400e-07,6.432966157839209983e-07,5.519875587431054364e-07,4.454306223599694335e-07,3.338433750372122658e-07,2.281539170281804779e-07,1.382554031968330620e-07,7.214408442921069331e-08,3.811398074506760408e-08,3.583973733507439617e-08,3.873579245647970386e-08,3.616606903281881420e-08,2.973525619278783889e-08,2.218167089544231988e-08,1.526010742978361087e-08,9.710871253459384687e-09,5.643740508303935420e-09,2.876196948548038201e-09,1.132902412298916974e-09,2.132764765505570892e-10,4.770977567670244286e-10,7.141691756396329922e-10,8.277268596538205363e-10,9.135971617615480057e-10,1.033775331559599623e-09,1.229773777896884058e-09,1.559542910026605758e-09,2.132426169784049556e-09,3.305166933546619849e-09
1.431605385287258857e-08,2.664980792426599547e-08,3.521265156139170275e-08,4.181098775567499986e-08,4.728271987639066620e-08,5.195185687629560758e-08,5.598854330367106159e-08,5.950197715502538778e-08,6.257110142018957374e-08,6.525802895505263381e-08,6.761470215284097214e-08,6.968628944099807784e-08,7.151288330800161325e-08,7.313032733422202414e-08,7.457063261121785142e-08,7.586223187149846043e-08,7.703019381429338432e-08,7.809644849088448190e-08,7.908003696854173163e-08,7.999738105728369071e-08,8.086256264173286042e-08,8.168760155953461762e-08,8.248272280694540130e-08,8.325660641875893024e-08,8.401661583796562851e-08,8.476900263071365330e-08,8.551908694140191423e-08,8.627141416666865968e-08,8.702988904425883481e-08,8.779788879699707701e-08,8.857835722537211971e-08,8.937388176921065229e-08,9.018675560674986695e-08,9.101902685999182770e-08,9.187253694814802399e-08,9.274895008646288276e-08,9.364977586906219557e-08,9.457638680007113442e-08,9.553003254188396066e-08,9.651185252531124222e-08,9.752288840345303899e-08,9.856409761801132152e-08,9.963638099875112798e-08,1.007406404902970869e-07,1.018777875926481900e-07,1.030487361941326131e-07,1.042543929159974244e-07,1.054956442341846380e-07,1.067733394365683628e-07,1.080882682160038447e-07,1.094411313874336832e-07,1.108325028590647366e-07,1.122627806208607906e-07,1.137321242458768583e-07,1.152403764982848584e-07,1.167869677252730710e-07,1.183708051433825103e-07,1.199901577493937305e-07,1.216425667109881401e-07,1.233248486418723878e-07,1.250333193031809094e-07,1.267644182587489681e-07,1.287332012128555745e-07,1.309430428162551351e-07,1.333996207420842297e-07,1.361101435779903571e-07,1.390827320226062863e-07,1.423259913512603749e-07,1.458487150572790907e-07,1.496596693109763892e-07,1.537674281050015068e-07,1.581802419742383221e-07,1.629059299793000241e-07,1.679517883838979031e-07,1.733245124627847641e-07,1.790301311959156844e-07,1.850739583352767236e-07,1.914605673596443005e-07,1.981938027965136036e-07,2.052768487853320468e-07,2.127123929741563386e-07,2.205029584232103828e-07,2.286515350067807988e-07,2.371626975881301042e-07,2.460442685646021150e-07,2.548868379754453545e-07,2.639026065700725536e-07,2.731018549593923763e-07,2.824956561847303817e-07,2.920947109164092895e-07,3.019087396842309516e-07,3.119462407998924436e-07,3.222144395981293844e-07,3.327193336451576725e-07,3.434657934011626158e-07,3.544577063582734455e-07,3.656981658133064376e-07,3.771897115906274071e-07,3.889346340700612225e-07,4.009353568681326215e-07,4.131949177059856083e-07,4.257175708130040895e-07,4.385095372674689587e-07,4.515799323934059240e-07,4.649419027326818553e-07,4.786140085186370587e-07,4.926218802187459579e-07,5.070001048856019907e-07,5.217939572259787784e-07,5.366264191825413060e-07,5.510519338499980111e-07,5.651125823146584513e-07,5.788557940356470896e-07,5.923366530506884673e-07,6.056202777267886182e-07,6.187838792441691867e-07,6.319184459818067225e-07,6.451300527108024517e-07,6.585407875095270203e-07,6.722892829618233647e-07,6.865308408646872020e-07,7.014371506907362551e-07,7.171956195925830650e-07,7.340083549513102247e-07,7.520908686916740605e-07,7.716706028505045521e-07,7.929853995426521289e-07,8.162820368573946764e-07,8.418148906809006124e-07,8.698446022212141190e-07,9.006362484214105298e-07,9.344558882271654260e-07,9.715638313779210337e-07,1.013102782411558082e-06,1.055938152237697388e-06,1.100148234392270819e-06,1.145784976597234280e-06,1.192887308536525239e-06,1.241491609965717134e-06,1.291639129186752561e-06,1.343381545452200816e-06,1.396785653223101341e-06,1.451937813475973513e-06,1.508948618571890003e-06,1.567958125172843525e-06,1.629141974207279976e-06,1.692718704839164425e-06,1.758958564292473119e-06,1.828194107590024553e-06,1.900832852300379725e-06,1.977372150416303877e-06,2.058416129353575288e-06,2.144693740657644146e-06,2.237075050895255865e-06,2.336578954565501529e-06,2.444358725621940227e-06,2.561644876889142674e-06,2.698201765013246117e-06,2.813895371062344280e-06,2.907927575882440100e-06,2.979408007151956591e-06,3.027494927731264023e-06,3.051497897535108216e-06,3.050938832876953248e-06,3.025584827280879518e-06,2.975463791114655840e-06,2.900870030998320190e-06,2.802364445252725977e-06,2.680772869990964989e-06,2.537185882131064652e-06,2.372964016767522280e-06,2.189754383126733911e-06,1.989529505007113336e-06,1.774670520086392413e-06,1.548144368649876348e-06,1.313896319493310844e-06,1.077782340911683979e-06,8.499783289835147984e-07,6.514874592783899378e-07,5.277174751105471326e-07,5.397637216501038309e-07,5.263047963043318189e-07,4.855810822663694605e-07,4.231485385011273144e-07,3.519295509612817679e-07,2.953815577720035880e-07,2.859088546459825527e-07,3.356260241482813477e-07,4.212879787234728166e-07,5.168700418716923381e-07,6.068217949528508936e-07,6.825027876296007298e-07,7.390807526489370337e-07,7.741500169784215072e-07,7.871104045097881508e-07,7.788466297734358594e-07,7.515548966724915403e-07,7.086892346975437048e-07,6.550530919098281271e-07,5.970632766404594516e-07,5.430865054094254475e-07,5.032798871351195473e-07,4.875430693019863559e-07,5.008719048484849561e-07,5.399519185147412704e-07,5.950875875703036823e-07,6.547327674383589449e-07,7.082369952191995265e-07,7.466294322379805905e-07,7.628251949838595183e-07,7.519563036157295849e-07,7.118995099692920230e-07,6.438111059368894092e-07,5.523913869755271938e-07,4.456107195842485908e-07,3.337424105230239223e-07,2.277805724224442118e-07,1.376792322628525805e-07,7.149698653077058831e-08,3.770754890581870544e-08,3.584171645336003151e-08,3.878170833159543482e-08,3.610344856822918032e-08,2.953821645550163438e-08,2.187025869743474223e-08,1.487032774993856321e-08,9.280176850172024129e-09,5.203856814919914272e-09,2.449501266294657620e-09,7.283730098699966826e-10,2.645036662957105041e-10,7.629533949706597626e-10,9.883385749224150927e-10,1.087888916134230345e-09,1.161960109616689117e-09,1.271992424263866761e-09,1.458645821475006046e-09,1.766662832105480271e-09,2.325135858967663975e-09,3.660881355869609410e-09
1.436951366214285120e-08,2.673186041772580150e-08,3.531272318250724538e-08,4.191254155704934049e-08,4.737359938670976776e-08,5.202531150998785784e-08,5.604022057640322220e-08,5.952896260560992026e-08,6.257156213297229977e-08,6.523101088415159211e-08,6.755996880645940124e-08,6.960417022301631090e-08,7.140412719731408121e-08,7.299596725249313655e-08,7.441186694936961027e-08,7.568032719139867006e-08,7.682640965132819886e-08,7.787198277693354442e-08,7.883598918986802533e-08,7.973472971392780956e-08,8.058215360965298188e-08,8.139014431963895608e-08,8.216879200963278888e-08,8.292664678031145890e-08,8.367094885112651710e-08,8.440783398716438420e-08,8.514251390171880095e-08,8.587943237861013816e-08,8.662239851308771385e-08,8.737469886353000204e-08,8.813919051944474855e-08,8.891837718753900417e-08,8.971447042222206447e-08,9.052943811002196006e-08,9.136504227723101633e-08,9.222286823579162106e-08,9.310434701657149737e-08,9.401077295969660170e-08,9.494331823317299725e-08,9.590304592595285950e-08,9.689092320043131764e-08,9.790783578138306574e-08,9.895461518961754471e-08,1.000320911277922226e-07,1.011410983150356972e-07,1.022824691776762081e-07,1.034570241211517898e-07,1.046655586850568124e-07,1.059088266889659086e-07,1.071875182342507122e-07,1.085022311310596000e-07,1.098534339716952001e-07,1.112414186927378268e-07,1.126662401255306351e-07,1.141276399023392641e-07,1.156249525830267695e-07,1.171569939717722560e-07,1.187219375396773468e-07,1.203171996297342268e-07,1.219393880408477094e-07,1.235844393131597085e-07,1.252481877104525119e-07,1.271424560832715718e-07,1.292704654246063782e-07,1.316378027982271209e-07,1.342514472662964209e-07,1.371191559528814980e-07,1.402490810656572329e-07,1.436495096091530464e-07,1.473286722152351052e-07,1.512945952823723221e-07,1.555549827541783433e-07,1.601171190738767167e-07,1.649877874848867798e-07,1.701732002408074787e-07,1.756789402812933834e-07,1.815099173701576914e-07,1.876703451604322421e-07,1.941637493397893912e-07,2.009930227675014825e-07,2.081605560889191210e-07,2.156685015122630671e-07,2.235192934777230969e-07,2.317166797997980059e-07,2.402676121098930884e-07,2.487725207953944367e-07,2.574389856517482622e-07,2.662776703910328572e-07,2.752999097953837610e-07,2.845165528611358824e-07,2.939374761704990500e-07,3.035714374557860294e-07,3.134260801769296607e-07,3.235080096909693439e-07,3.338229136946051725e-07,3.443757218463317693e-07,3.551708084247289379e-07,3.662122456916253632e-07,3.775041183939184901e-07,3.890509130745717578e-07,4.008579994431445017e-07,4.129322241560925020e-07,4.252826393920878964e-07,4.379213900224659140e-07,4.508647857610437459e-07,4.641345914794671741e-07,4.777595849618390891e-07,4.917774523727928010e-07,5.062369668437221778e-07,5.207790083015791293e-07,5.349781563183266527e-07,5.488808794628372661e-07,5.625386802112080189e-07,5.760106882999450490e-07,5.893658287513579781e-07,6.026845386223245212e-07,6.160601050446505304e-07,6.295996515725892738e-07,6.434247749248550854e-07,6.576718280624814376e-07,6.724918505326036195e-07,6.880501598770658418e-07,7.045256369087538242e-07,7.221097616014080887e-07,7.410054835648627297e-07,7.614260381239483798e-07,7.835938389320639280e-07,8.077395775634804157e-07,8.341016140214505960e-07,8.629255968442728086e-07,8.944638934258008856e-07,9.289736341405543047e-07,9.667109481340706015e-07,1.008813459029286369e-06,1.052163607005337447e-06,1.096832485696167720e-06,1.142864740290793498e-06,1.190294878430137002e-06,1.239157495762325423e-06,1.289493835713702844e-06,1.341356627005904966e-06,1.394814222387010515e-06,1.449954617688492629e-06,1.506889749261638848e-06,1.565760400519334569e-06,1.626742028013667742e-06,1.690051813060520856e-06,1.755957244850488964e-06,1.824786542387430514e-06,1.896941218455872512e-06,1.972911048893269557e-06,2.053291544205882926e-06,2.138803499236961968e-06,2.230312777442463045e-06,2.328844926807157352e-06,2.435581176861061858e-06,2.551808687990210030e-06,2.687331883005651633e-06,2.802253324850820803e-06,2.895737666511799454e-06,2.966836574687014046e-06,3.014669666335290780e-06,3.038527666509284477e-06,3.037926021960202490e-06,3.012631704677428137e-06,2.962675003914160397e-06,2.888352669245484435e-06,2.790226463524759303e-06,2.669120294306879741e-06,2.526118991497942940e-06,2.362572456944282998e-06,2.180110833877719160e-06,1.980680922887809095e-06,1.766624777489978851e-06,1.540847437730224937e-06,1.307188613806181652e-06,1.071305792909384589e-06,8.429632278826844900e-07,6.422977444903151294e-07,5.135498934124463602e-07,5.187355350793552885e-07,5.050999265689655694e-07,4.727091719181224235e-07,4.273451599095233196e-07,3.802004362393594637e-07,3.475458587433529068e-07,3.457952440938472723e-07,3.796981901693481349e-07,4.387754048697709309e-07,5.080324257078820958e-07,5.757498044574908403e-07,6.343391550690786666e-07,6.792935829983532792e-07,7.083087725946224362e-07,7.207443250483922623e-07,7.172966077234262477e-07,6.997986716930021262e-07,6.711149505755158363e-07,6.351172428809949845e-07,5.967037141879995605e-07,5.617281393213274150e-07,5.365348433613221723e-07,5.266765955424636015e-07,5.348459540658597653e-07,5.595103764139497124e-07,5.953329640551115400e-07,6.348735299426258662e-07,6.702269369851692404e-07,6.940445931489688736e-07,7.001702763906077060e-07,6.841995701142117793e-07,6.440600677220028271e-07,5.805205454274430847e-07,4.974329169264970962e-07,4.014935904358098633e-07,3.013914163811510378e-07,2.063902420042440469e-07,1.246438433275938310e-07,6.183404023855737577e-08,2.185986424135056518e-08,1.613765594058448167e-08,2.316471833765212048e-08,2.376466125049426698e-08,2.008291259401970635e-08,1.494659696280818157e-08,1.005117964207136001e-08,6.106667638743819325e-09,3.242245645051063497e-09,1.328752059016548077e-09,1.729085452898162799e-10,5.138758100689060434e-10,8.297898118768062912e-10,9.593545276433799272e-10,1.006003751922416957e-09,1.037767987590337640e-09,1.096835632416442394e-09,1.209489401412427380e-09,1.393940684015641937e-09,1.766652152572214437e-09,2.866758289330768870e-09
1.443266751463211778e-08,2.677302205887514720e-08,3.538748232123440565e-08,4.199967036420445353e-08,4.745397952347063549e-08,5.208968128354595939e-08,5.608318838672784124e-08,5.954708737470892813e-08,6.256272237548160561e-08,6.519409993650022968e-08,6.749468237691313885e-08,6.951082296492857371e-08,7.128348470088893902e-08,7.284909545364459503e-08,7.424000363465315305e-08,7.548477830755559122e-08,7.660847030904021342e-08,7.763288066349461151e-08,7.857684690268540740e-08,7.945654214555570434e-08,8.028577668032735046e-08,8.107629181460584032e-08,8.183803785474406708e-08,8.257943066773146375e-08,8.330758364768160239e-08,8.402851379635983431e-08,8.474732200331884832e-08,8.546834854448049427e-08,8.619530540682257244e-08,8.693138738710185254e-08,8.767936408448616053e-08,8.844165497175555202e-08,8.922038973068338570e-08,9.001745600270463353e-08,9.083453665273620540e-08,9.167313858007907968e-08,9.253461503755960557e-08,9.342018333600218180e-08,9.433093971035615079e-08,9.526787299888827492e-08,9.623187862893382696e-08,9.722377420202270318e-08,9.824432661049249260e-08,9.929429949295500541e-08,1.003744589171461952e-07,1.014855664816063640e-07,1.026283702229156622e-07,1.038035927074177605e-07,1.050119155125487125e-07,1.062539590813965872e-07,1.075302566522479797e-07,1.088412206060873503e-07,1.101870991165217245e-07,1.115679203940345898e-07,1.129834210332695138e-07,1.144329539052432794e-07,1.159153695763606750e-07,1.174288635352428374e-07,1.189707815604636886e-07,1.205373882182778434e-07,1.221236746894409827e-07,1.237235693657447254e-07,1.255439411228630291e-07,1.275888351553216513e-07,1.298647387444030549e-07,1.323790354399159496e-07,1.351395240901468296e-07,1.381541880516991865e-07,1.414310241426751548e-07,1.449779013804994301e-07,1.488024435994351618e-07,1.529119326276232281e-07,1.573132279623313401e-07,1.620126980790557283e-07,1.670161594541187806e-07,1.723288222097088376e-07,1.779552448674642747e-07,1.838993034223250012e-07,1.901641805204707491e-07,1.967523789086341151e-07,2.036657614774311782e-07,2.109056239028984014e-07,2.184728524376692488e-07,2.263685222910748190e-07,2.345964707180324791e-07,2.427686451521896961e-07,2.510888870878307981e-07,2.595702265908273052e-07,2.682255046381530441e-07,2.770662986210415360e-07,2.861028873843979425e-07,2.953443901911363589e-07,3.047989065990936766e-07,3.144736514124279574e-07,3.243751004505442461e-07,3.345091621815606915e-07,3.448813868757895573e-07,3.554972222966271876e-07,3.663623249127106306e-07,3.774829382289458914e-07,3.888663536404561891e-07,4.005214721879249351e-07,4.124594861681084226e-07,4.246946978920169794e-07,4.372454916699179640e-07,4.501354803979856775e-07,4.633948923532462299e-07,4.770625297119222723e-07,4.911896039232664772e-07,5.054397397943105572e-07,5.194125571517345984e-07,5.331572198348833858e-07,5.467266658691311353e-07,5.601817516831776295e-07,5.735931991742270544e-07,5.870428633154349675e-07,6.006246641798162194e-07,6.144452203350357540e-07,6.286241797842719804e-07,6.432942470266087318e-07,6.586009155150912885e-07,6.747019306822857666e-07,6.917665288807604342e-07,7.099745214279866760e-07,7.295153193084419097e-07,7.505870211632345712e-07,7.733957133305539626e-07,7.981551549575071056e-07,8.250870424658008367e-07,8.544220536936195903e-07,8.864017491022408882e-07,9.212805151621763331e-07,9.593230320260771571e-07,1.001672811411371531e-06,1.045259814040837249e-06,1.090130642936156835e-06,1.136306720292231504e-06,1.183808410185951062e-06,1.232662406600272418e-06,1.282905422633138289e-06,1.334587256709774263e-06,1.387773800970538939e-06,1.442550229898077846e-06,1.499024599305956922e-06,1.557332112292844404e-06,1.617640336017994553e-06,1.680155668638482782e-06,1.745131364123553819e-06,1.812877440657947820e-06,1.883772849527632650e-06,1.958280395305471937e-06,2.036965105344315174e-06,2.120517062332922616e-06,2.209780028276378355e-06,2.305786387671817273e-06,2.409790785309957436e-06,2.523258927526886498e-06,2.656130924230594786e-06,2.769307906278234641e-06,2.861728725228086462e-06,2.932218531718807458e-06,2.979767720251929669e-06,3.003605367514401854e-06,3.003221735264749957e-06,2.978376910404797078e-06,2.929102426439687765e-06,2.855698290762098809e-06,2.758727507648131284e-06,2.639010313544017593e-06,2.497620659487655611e-06,2.335888191324629602e-06,2.155410694779086272e-06,1.958086039818863395e-06,1.746182255667018339e-06,1.522487795782719554e-06,1.290645263920522533e-06,1.055946859791076009e-06,8.274150185683979258e-07,6.236624354299567358e-07,4.869726544852898102e-07,4.816498254171687844e-07,4.713385509501536152e-07,4.588762235964180805e-07,4.475748487027539480e-07,4.406536360014341586e-07,4.406377307241509971e-07,4.487277216880364590e-07,4.644639516954425346e-07,4.859525113880905748e-07,5.105217380157464480e-07,5.354293238497048631e-07,5.583531432800709010e-07,5.776215529496740954e-07,5.922550776713510280e-07,6.019040239985302874e-07,6.067430970665451351e-07,6.073600500697543574e-07,6.046573889683929863e-07,5.997716922684338201e-07,5.940019324883841284e-07,5.887272178948724363e-07,5.852905859104045376e-07,5.847892709030082027e-07,5.876779152169673166e-07,5.935400863445917971e-07,6.009928112368982968e-07,6.077371877421926364e-07,6.107747274169486369e-07,6.067708665240630344e-07,5.925285338126079382e-07,5.655265990148978869e-07,5.244621684286200610e-07,4.697063313823788035e-07,4.035527312463336891e-07,3.301322209302617810e-07,2.549111256416607058e-07,1.837974252666307726e-07,1.220293569348559517e-07,7.315680461393190375e-08,3.847275620951723722e-08,1.718982312049683274e-08,7.500682102882550769e-09,5.693373691379639090e-09,5.025536004191487082e-09,3.736823117899954862e-09,2.325986655605699940e-09,1.165120217867704935e-09,3.534455774780072849e-10,1.983068201284826665e-10,4.754191409712636808e-10,6.103145605025340189e-10,6.530716982304394238e-10,6.470252838238545047e-10,6.214390054733346562e-10,5.948246110111805092e-10,5.799222483738594817e-10,5.805874328298662346e-10,5.884007153967639382e-10,6.935388019757127203e-10,1.365363862241078529e-09
1.450275056494859954e-08,2.677358473909965993e-08,3.543678645606320464e-08,4.207209031502052969e-08,4.752369732137228276e-08,5.214486002595151764e-08,5.611736958141043677e-08,5.955629690236327924e-08,6.254455075046725128e-08,6.514729063156241725e-08,6.741886630086012734e-08,6.940630242094266135e-08,7.115104341264240706e-08,7.268983304367013433e-08,7.405519727693542065e-08,7.527577285542571893e-08,7.637659569950371952e-08,7.737939348529339602e-08,7.830289203158384865e-08,7.916313014425963770e-08,7.997377295984290491e-08,8.074641411444147685e-08,8.149085924678911373e-08,8.221538591664365571e-08,8.292697731486190086e-08,8.363152893513273736e-08,8.433402865990309498e-08,8.503871156293216275e-08,8.574919125033579695e-08,8.646856984702868876e-08,8.719952886480589057e-08,8.794440322089261626e-08,8.870524065273197639e-08,8.948384872250571059e-08,9.028183153856247022e-08,9.110061824749016978e-08,9.194148527113560537e-08,9.280557417462989144e-08,9.369390694899115832e-08,9.460740036802398675e-08,9.554688092584232534e-08,9.651310166975863386e-08,9.750676942200546945e-08,9.852858769067968385e-08,9.957926161266712479e-08,1.006594919602125195e-07,1.017699673146464192e-07,1.029113539008858967e-07,1.040842824329868824e-07,1.052893311330929440e-07,1.065270038348315262e-07,1.077977017351377087e-07,1.091016868543997307e-07,1.104390344784436797e-07,1.118095705139282098e-07,1.132127871660253970e-07,1.146477251684533237e-07,1.161127994519324977e-07,1.176055196275915160e-07,1.191220021044058305e-07,1.206560848950063313e-07,1.221979625967703541e-07,1.239441040282207503e-07,1.259035557926155942e-07,1.280852697802561468e-07,1.304975358014370733e-07,1.331484475652590753e-07,1.360460141665511328e-07,1.391981079813512145e-07,1.426123790262304185e-07,1.462961712376984754e-07,1.502564510191117769e-07,1.544997484459143536e-07,1.590321054673217896e-07,1.638590248025550018e-07,1.689854170431978909e-07,1.744155488002610516e-07,1.801529980290649608e-07,1.862006201573212678e-07,1.925605176867269008e-07,1.992339839252174106e-07,2.062213323662496521e-07,2.135213369526228548e-07,2.211298658196659832e-07,2.290400447303123554e-07,2.368830675185682569e-07,2.448574098525928267e-07,2.529827097724529795e-07,2.612744746765158312e-07,2.697451353235353757e-07,2.784053296485046896e-07,2.872645007631771731e-07,2.963311783224698822e-07,3.056131567851236352e-07,3.151176516691774500e-07,3.248514716735612246e-07,3.348212253246849074e-07,3.450335698485766013e-07,3.554955071038257856e-07,3.662147348858824461e-07,3.772000680037033319e-07,3.884619479655713379e-07,4.000130590689160553e-07,4.118690612856190631e-07,4.240494393503438568e-07,4.365784390207517359e-07,4.494859515288435515e-07,4.628082330859959156e-07,4.765913761313010354e-07,4.905341115717553616e-07,5.042746289231628471e-07,5.178558122252673086e-07,5.313277579803945759e-07,5.447508753456235904e-07,5.581960543849963682e-07,5.717451095494247585e-07,5.854912420759440634e-07,5.995393037420625827e-07,6.140058126240722551e-07,6.290187174763270275e-07,6.447169265593779493e-07,6.612496355918525934e-07,6.787755097294456713e-07,6.974617969153472165e-07,7.174834743888994998e-07,7.390225561222829870e-07,7.622677201703834272e-07,7.874144642152497346e-07,8.146660993419692889e-07,8.442361641319860530e-07,8.763535932796540614e-07,9.112730096605052705e-07,9.492873582105639705e-07,9.915500691690410885e-07,1.035126166560499377e-06,1.079971451281505177e-06,1.126060385866906755e-06,1.173392261147094732e-06,1.221982542215193694e-06,1.271860575251718157e-06,1.323070308017257615e-06,1.375671928794374856e-06,1.429743996343087287e-06,1.485386084780378996e-06,1.542722122301636540e-06,1.601904690770600648e-06,1.663120584547151871e-06,1.726597927587840349e-06,1.792615159320809741e-06,1.861512276883036025e-06,1.933704958243043607e-06,2.009702755150848883e-06,2.090133805661220416e-06,2.175781675605718879e-06,2.267648134071491712e-06,2.367067851768916306e-06,2.475858706177180877e-06,2.604149236165452709e-06,2.714865416355747437e-06,2.805952280128566064e-06,2.875745762896790665e-06,2.923048350022661582e-06,2.947016797163092127e-06,2.947116054757564796e-06,2.923102849676234763e-06,2.875014909134216374e-06,2.803160248669861939e-06,2.708106273783634385e-06,2.590669976742008871e-06,2.451911282040772178e-06,2.293132287739267941e-06,2.115886521493981630e-06,1.922005716834850881e-06,1.713659884762921685e-06,1.493486990145724397e-06,1.264882652855917178e-06,1.032696806661716469e-06,8.050881050945504493e-07,5.989732215183310724e-07,4.547298093589759427e-07,4.408187249230720772e-07,4.409575465088767395e-07,4.583812000176032152e-07,4.876683565665603180e-07,5.198230355063677341e-07,5.469604757541982402e-07,5.640527585074377161e-07,5.689107802872576722e-07,5.616985569051768986e-07,5.444804810204924404e-07,5.208734803112563408e-07,4.957035412778216242e-07,4.744544670185525837e-07,4.622587687174608771e-07,4.624605847571264622e-07,4.754532017708480019e-07,4.987247076326369803e-07,5.280829804593858422e-07,5.590758193239720249e-07,5.878776027636998116e-07,6.116117256647227300e-07,6.283603727009774904e-07,6.370173305963226018e-07,6.369743364367807693e-07,6.279976672735555034e-07,6.102183019468280383e-07,5.841783996115457671e-07,5.509011650866560040e-07,5.119298924889748994e-07,4.692643426531690050e-07,4.251236831946586571e-07,3.815147060665465654e-07,3.397100148755219611e-07,2.999055660959430509e-07,2.613627212584764213e-07,2.230809843070563842e-07,1.846418914074709911e-07,1.467144931091281922e-07,1.109556702884223932e-07,7.941245556464830203e-08,5.376304860890137197e-08,3.474273393697793306e-08,2.194855930593873031e-08,1.403880141677998282e-08,9.278145402193142463e-09,6.234273465071450050e-09,4.116947590857295521e-09,2.603035705971860224e-09,1.556516660028953315e-09,8.886788981427617043e-10,5.222053173487392462e-10,3.697277428231966792e-10,3.166648893082906214e-10,2.874894931449972056e-10,2.744063655019941753e-10,2.974919363646203396e-10,3.745563398588073818e-10,5.421504132801426370e-10,8.306323484437426844e-10,1.333215226057528908e-09
1.457412600754169926e-08,2.673486184095481373e-08,3.546057800440378402e-08,4.212943649768650298e-08,4.758254753790109439e-08,5.219072165474148073e-08,5.614267638056990257e-08,5.955653094008460956e-08,6.251701362824023159e-08,6.509057805587201519e-08,6.733254695312458393e-08,6.929066829427104636e-08,7.100689756394341111e-08,7.251830917033616558e-08,7.385761168888943804e-08,7.505350863153400807e-08,7.613101668929444880e-08,7.711178419433279034e-08,7.801441868033831299e-08,7.885481816746590651e-08,7.964649665038029558e-08,8.040089477638468767e-08,8.112766894047587199e-08,8.183495455513011706e-08,8.252960145772910750e-08,8.321738110707116077e-08,8.390316640161279745e-08,8.459108571349973526e-08,8.528465317921958287e-08,8.598687751553407467e-08,8.670035171489039923e-08,8.742732597423639174e-08,8.816976616374566932e-08,8.892940007175594306e-08,8.970775358279804383e-08,9.050617886271483625e-08,9.132587653893637942e-08,9.216791377182709936e-08,9.303324000924492165e-08,9.392270209429896470e-08,9.483706024836349031e-08,9.577700627022332929e-08,9.674319104415647552e-08,9.773626324854581436e-08,9.875687390485557666e-08,9.980567169397001552e-08,1.008832969129612596e-07,1.019903737134004686e-07,1.031275001612729901e-07,1.042952355228724596e-07,1.054940839926330949e-07,1.067244738045452504e-07,1.079867302441042010e-07,1.092810403703696929e-07,1.106074059815217209e-07,1.119655788530365077e-07,1.133549668874945140e-07,1.147744868256175145e-07,1.162223029742493984e-07,1.176952717845392929e-07,1.191874459459417323e-07,1.206849272837566709e-07,1.223513736530972478e-07,1.242204425579780556e-07,1.263041406429931085e-07,1.286112202871660762e-07,1.311499813700463975e-07,1.339285343073517131e-07,1.369547367593230228e-07,1.402361280600451336e-07,1.437798687313178229e-07,1.475926939627030137e-07,1.516808819917507351e-07,1.560502254891040281e-07,1.607059927910411385e-07,1.656528735770059610e-07,1.708949142340325580e-07,1.764354557973034716e-07,1.822770844082048429e-07,1.884215865218356096e-07,1.948698849568100848e-07,2.016218998631862970e-07,2.086756883948186153e-07,2.160217758655667476e-07,2.236090245101811080e-07,2.311268485688194503e-07,2.387486015448222833e-07,2.465160818239741541e-07,2.544464914332059302e-07,2.625519166920133121e-07,2.708428482859053999e-07,2.793288693284043358e-07,2.880188647677688376e-07,2.969211619139185506e-07,3.060436592881040075e-07,3.153939804850175295e-07,3.249796704044674005e-07,3.348084320559499621e-07,3.448883982281720666e-07,3.552284404473541423e-07,3.658385303594068397e-07,3.767301784244009047e-07,3.879169730207705979e-07,3.994152271134340796e-07,4.112447328516381941e-07,4.234296265129859635e-07,4.359988848670625383e-07,4.489828944273347959e-07,4.623843918787055030e-07,4.759762531325181106e-07,4.894814673332580596e-07,5.028927279325074301e-07,5.162540114509981121e-07,5.296248334001497554e-07,5.430753999442825492e-07,5.566864615882004482e-07,5.705495029355865133e-07,5.847666720087310163e-07,5.994504807604176661e-07,6.147233010310108803e-07,6.307166809246699751e-07,6.475705254953769156e-07,6.654322032684506228e-07,6.844556591391009733e-07,7.048006348378995845e-07,7.266321173844046136e-07,7.501201583233273920e-07,7.754402466206601161e-07,8.027744837546926356e-07,8.323140389005743794e-07,8.642651812700572233e-07,8.988705928558356626e-07,9.365081196058611396e-07,9.782536416698881700e-07,1.021667849660574150e-06,1.066313103471261872e-06,1.112111464720786697e-06,1.159050277895534257e-06,1.207136372166336800e-06,1.256391172979824532e-06,1.306851175651645058e-06,1.358568644501951698e-06,1.411612664838917049e-06,1.466070658222828431e-06,1.522050526506471177e-06,1.579683729571730982e-06,1.639129623290851099e-06,1.700581336446685287e-06,1.764273416104831245e-06,1.830491479866409243e-06,1.899584304998784421e-06,1.971979334957028354e-06,2.048203582209772164e-06,2.128914759102554860e-06,2.214965665293984210e-06,2.307615794795567704e-06,2.409484764361553231e-06,2.530045054068506415e-06,2.638618596520574315e-06,2.728612546897554225e-06,2.797822363656402721e-06,2.844992693775874492e-06,2.869267027684822464e-06,2.870110333036301244e-06,2.847291935061012530e-06,2.800868304498378465e-06,2.731165430537780751e-06,2.638762104408909187e-06,2.524475431077780554e-06,2.389350649320739577e-06,2.234657743422523002e-06,2.061898146187582598e-06,1.872827454439381981e-06,1.669507093258108583e-06,1.454416078675819514e-06,1.230703123287244041e-06,1.002802811593145077e-06,7.781161285865326945e-07,5.721997971800455416e-07,4.244351876058588628e-07,4.092439506995495944e-07,4.259346967948323625e-07,4.723879799526250119e-07,5.324620676304034489e-07,5.897120572009769385e-07,6.329461292460485129e-07,6.559836879451855989e-07,6.563904043650674943e-07,6.345321690325830659e-07,5.930253877677598276e-07,5.365257175646632666e-07,4.718860488618340901e-07,4.087428811827242382e-07,3.600379693912863185e-07,3.397372969474356619e-07,3.543939207537915252e-07,3.969923996058295460e-07,4.538360375473215787e-07,5.131575197317666628e-07,5.671025090508584372e-07,6.107766567996901185e-07,6.412165214357317474e-07,6.567217976474488775e-07,6.563364990036183314e-07,6.396850276125597144e-07,6.070386525704855791e-07,5.595343248403619244e-07,4.995169582528358857e-07,4.309804830911598203e-07,3.600738585053028911e-07,2.954793917806517798e-07,2.475787652037216056e-07,2.235142343497120584e-07,2.193175574656996540e-07,2.216092013869027041e-07,2.183011585008377517e-07,2.038535142647236081e-07,1.785663276650665605e-07,1.463747122244558162e-07,1.126081358296252141e-07,8.205157274146629965e-08,5.761315371757492002e-08,3.987032502073094614e-08,2.760306176676392493e-08,1.901221648411320850e-08,1.274547557414370754e-08,8.105136029919925907e-09,4.757782016606019203e-09,2.472075712398044702e-09,1.030048953760963030e-09,3.040620120390874177e-10,4.190297829906887739e-10,5.978562446666859836e-10,6.901141193832787009e-10,7.653542012224751765e-10,8.756944360242601258e-10,1.057936229883366630e-09,1.360835814970441215e-09,1.859266184677808183e-09,2.643525844314309737e-09
1.464051778421680200e-08,2.665919902489135151e-08,3.545888098636593785e-08,4.217127276172794307e-08,4.763028203872562594e-08,5.222711943386377182e-08,5.615901013496820515e-08,5.954772352494387072e-08,6.248007519272792945e-08,6.502395790657670652e-08,6.723575364274895367e-08,6.916398515776292547e-08,7.085114785236629765e-08,7.233466075134838952e-08,7.364741950996753700e-08,7.481819311285301924e-08,7.587197451571862154e-08,7.683032667526726363e-08,7.771173234886921551e-08,7.853194245859834764e-08,7.930431407609838705e-08,8.004012977680768111e-08,8.074889237868489507e-08,8.143859154716344898e-08,8.211594084690026713e-08,8.278658539298027627e-08,8.345528132649302059e-08,8.412604900739905856e-08,8.480230218863357983e-08,8.548695560412057262e-08,8.618251344402305373e-08,8.689114115679441670e-08,8.761472294547898571e-08,8.835490723740355510e-08,8.911314231379060561e-08,8.989070419349089166e-08,9.068871877264166498e-08,9.150818012611245155e-08,9.234996677173817572e-08,9.321485757822573315e-08,9.410354885567218863e-08,9.501667399761432350e-08,9.595483140448379915e-08,9.691861927320374404e-08,9.790864001307785568e-08,9.892549716286145703e-08,9.996979149960888175e-08,1.010421161520555791e-07,1.021430504830518647e-07,1.032731524401696938e-07,1.044329489811267094e-07,1.056229240434404895e-07,1.068435033144630702e-07,1.080950347153342599e-07,1.093777629606276610e-07,1.106917957265107802e-07,1.120370580708152213e-07,1.134132327160283359e-07,1.148196971461495441e-07,1.162555468815804563e-07,1.177201993409825281e-07,1.192171204600985692e-07,1.207736560026950367e-07,1.225441885587492366e-07,1.245254099913214758e-07,1.267237566344938043e-07,1.291474946972691878e-07,1.318049227624004489e-07,1.347039731890070057e-07,1.378521592171360790e-07,1.412565287933691888e-07,1.449236420519611630e-07,1.488595788055165823e-07,1.530699463010056478e-07,1.575598581711066148e-07,1.623338733690037812e-07,1.673959057621619913e-07,1.727491346869715303e-07,1.783959475331453253e-07,1.843379045659133415e-07,1.905757233572548594e-07,1.971098178208744199e-07,2.039432236838038784e-07,2.110952711555485239e-07,2.183048427262017693e-07,2.255216515036645085e-07,2.327615467870997787e-07,2.401673032818041258e-07,2.477384109718057936e-07,2.554831740666560217e-07,2.634113357521009617e-07,2.715325025261751929e-07,2.798558718393778572e-07,2.883902776292210744e-07,2.971442548283336878e-07,3.061261573464212138e-07,3.153443453231456655e-07,3.248074149534223478e-07,3.345244425191342910e-07,3.445052346512724913e-07,3.547606038360493638e-07,3.653027118849512864e-07,3.761455240817857485e-07,3.873053687990950889e-07,3.988015952634640527e-07,4.106578473551101701e-07,4.229057318818748986e-07,4.355989408081911687e-07,4.485154437400511329e-07,4.616384836012133974e-07,4.749523056237546899e-07,4.881894751096172674e-07,5.014234423527630618e-07,5.147173555071178644e-07,5.281404416912473107e-07,5.417716212859444700e-07,5.557000028974111188e-07,5.700244368713871192e-07,5.848528789873515355e-07,6.003016088034596717e-07,6.164943197436629328e-07,6.335611353970397105e-07,6.516376170522672419e-07,6.708638409015087262e-07,6.913836414351485788e-07,7.133441241548696891e-07,7.368955493441506924e-07,7.621917123424599610e-07,7.893908391523501278e-07,8.186557814213409704e-07,8.501491829780971311e-07,8.840035219697918329e-07,9.209853813701346212e-07,9.613376437108093805e-07,1.004838234679562982e-06,1.049167163548258006e-06,1.094489861437875615e-06,1.140827876289069320e-06,1.188184512264898594e-06,1.236572923218786999e-06,1.286021458065780968e-06,1.336573295298705585e-06,1.388286316237409177e-06,1.441233332711353792e-06,1.495502734988743130e-06,1.551200018585589802e-06,1.608450612144150955e-06,1.667404265462076829e-06,1.728241088290838078e-06,1.791179147424670932e-06,1.856483498788108883e-06,1.924476976401781476e-06,1.995552387203407103e-06,2.070174809504292171e-06,2.148833415398283632e-06,2.231754461892433323e-06,2.324918707881260448e-06,2.429351940319829187e-06,2.540674051432237184e-06,2.630374565250396708e-06,2.699181079006758056e-06,2.746349387412932769e-06,2.771100263149316906e-06,2.772924715812811686e-06,2.751626837015694135e-06,2.707300950871941388e-06,2.640306416064380783e-06,2.551244724270701834e-06,2.440939678984166670e-06,2.310423529295790313e-06,2.160931735528964408e-06,1.993908980643607871e-06,1.811030931362729128e-06,1.614252229532728221e-06,1.405908127012636781e-06,1.188946008736811713e-06,9.675057417269810832e-07,7.485316737533270957e-07,5.469139535159439788e-07,4.018624652508165885e-07,3.954031279511402525e-07,4.273490445568535396e-07,4.887538586439666429e-07,5.598037343015641796e-07,6.239840165615593548e-07,6.708615855617103148e-07,6.947581820393143245e-07,6.933983184267377813e-07,6.670567115994951117e-07,6.180530937869854602e-07,5.505031583215680979e-07,4.703990828745700235e-07,3.863475742344913334e-07,3.115985756540651603e-07,2.664054116499375829e-07,2.696720388836567856e-07,3.162396176370397337e-07,3.835478827059473906e-07,4.539390939749192447e-07,5.175823468126373148e-07,5.690500785563031240e-07,6.052021098981505057e-07,6.242078265058561271e-07,6.249698525409351021e-07,6.069571542939228442e-07,5.702862432920403737e-07,5.159611604976348691e-07,4.462463799287944001e-07,3.651979632548526100e-07,2.795710817212307257e-07,2.009631875856952128e-07,1.501567566050744662e-07,1.479029554688335501e-07,1.769119717864961281e-07,2.053701426866047525e-07,2.184394518388247046e-07,2.128655863388061136e-07,1.913681227008628696e-07,1.598232488583981053e-07,1.250519754297107088e-07,9.286636960052643552e-08,6.670644900121787729e-08,4.727348826283311840e-08,3.332227115218788787e-08,2.311160283086309916e-08,1.542213819094191083e-08,9.652403152096589821e-09,5.488492549343799195e-09,2.661157160152009849e-09,8.825901228708548752e-10,1.829793309187125017e-10,6.887699957666882421e-10,9.290567293206442216e-10,1.038181450359144734e-09,1.119914221546390884e-09,1.238972520338631789e-09,1.438784688334034335e-09,1.762505463589096133e-09,2.315191163730779718e-09,3.126594160957977283e-09
1.469737027700282033e-08,2.654989949798880520e-08,3.543180668605006764e-08,4.219710521511152211e-08,4.766660945376577748e-08,5.225388504948146678e-08,5.616626098394670266e-08,5.952980290821601054e-08,6.243369745927340150e-08,6.494742650953281762e-08,6.712851858226917894e-08,6.902632234605703335e-08,7.068390124089958254e-08,7.213903217262105823e-08,7.342480180074258689e-08,7.457004294741498613e-08,7.559972017577765901e-08,7.653530503569768546e-08,7.739514912800810268e-08,7.819485014912575358e-08,7.894760269466445080e-08,7.966452643371061452e-08,8.035496652671187697e-08,8.102676353879419230e-08,8.168649207646942545e-08,8.233966882015244420e-08,8.299093158083395042e-08,8.364419157911777179e-08,8.430276143719694625e-08,8.496946148221375526e-08,8.564670695418762265e-08,8.633657864386503265e-08,8.704087938869080944e-08,8.776117874848746458e-08,8.849884807649008780e-08,8.925508809948755579e-08,9.003095102187898170e-08,9.082735906864380341e-08,9.164512127623307443e-08,9.248495022231981247e-08,9.334748024944264281e-08,9.423328857886802698e-08,9.514292371853998704e-08,9.607693654747933527e-08,9.703588476092906924e-08,9.802033154757320682e-08,9.903084404776576126e-08,1.000679915887064142e-07,1.011323437027451153e-07,1.022244679497855374e-07,1.033449275857892886e-07,1.044942791503951753e-07,1.056730700979205674e-07,1.068818366976357554e-07,1.081211026693529422e-07,1.093913796491129541e-07,1.106931722718514385e-07,1.120269950639061572e-07,1.133934185028012548e-07,1.147931764687956563e-07,1.162273274012931555e-07,1.176968717150853380e-07,1.191968106569980789e-07,1.208757951480670509e-07,1.227522143519772306e-07,1.248381227961863685e-07,1.271435736883047728e-07,1.296774760845899081e-07,1.324479136202621082e-07,1.354624433142508558e-07,1.387280467171273998e-07,1.422511250924742905e-07,1.460375758985470499e-07,1.500928660866723118e-07,1.544220399715508541e-07,1.590296406118116923e-07,1.639195631298803572e-07,1.690949066674792964e-07,1.745579189151460569e-07,1.803099732995065481e-07,1.863510668396908128e-07,1.926792067668785972e-07,1.992887663088585504e-07,2.061626833624341810e-07,2.130498757949148133e-07,2.199553374753897422e-07,2.268699428516704996e-07,2.339273385852488216e-07,2.411445169576420806e-07,2.485334531881024015e-07,2.561048018754026437e-07,2.638685528776011832e-07,2.718342622994297152e-07,2.800113017635969049e-07,2.884088234409581444e-07,2.970358259882444709e-07,3.059013591346264763e-07,3.150147741260385749e-07,3.243859468438660695e-07,3.340254487707753507e-07,3.439446923255916512e-07,3.541561352695855980e-07,3.646736546655987704e-07,3.755130267352910611e-07,3.866919702204286543e-07,3.982300534636751727e-07,4.101474771780256358e-07,4.224575125804244170e-07,4.349453012475370289e-07,4.476579026080441754e-07,4.606535772226087199e-07,4.736792712071726052e-07,4.867614076940931226e-07,4.999500169436393100e-07,5.133092816893974897e-07,5.269152261269483777e-07,5.408543197905249171e-07,5.552218987056738629e-07,5.701211569488502618e-07,5.856620903881168252e-07,6.019603384954402979e-07,6.191360156755047728e-07,6.373125952619927671e-07,6.566159138494138612e-07,6.771733939732697559e-07,6.991135727773220350e-07,7.225659663203341713e-07,7.476614627047688095e-07,7.745341565801440647e-07,8.033235968657635367e-07,8.341791981248981034e-07,8.672779260377993896e-07,9.033292584693938275e-07,9.424733321424603652e-07,9.849778989213727620e-07,1.028636717859057937e-06,1.073271017251403996e-06,1.118810977801012901e-06,1.165228519328498528e-06,1.212523304825146544e-06,1.260715894025338472e-06,1.309840387455677900e-06,1.359943027398641878e-06,1.411081084939227529e-06,1.463321562089939340e-06,1.516740748453556525e-06,1.571425273933364440e-06,1.627474901449383369e-06,1.685007027149533013e-06,1.744162315137870232e-06,1.805110316698189807e-06,1.868055853107396371e-06,1.933253759682933715e-06,2.001022932507449553e-06,2.071774186419005143e-06,2.146149768898561974e-06,2.229555675136337201e-06,2.322213402340765688e-06,2.425564388160100349e-06,2.512844399023106758e-06,2.580923785348279961e-06,2.628143371446178178e-06,2.653508045037936433e-06,2.656500533661323964e-06,2.636986919924998093e-06,2.595125391648600479e-06,2.531329610765225087e-06,2.446239865509853754e-06,2.340696517251335276e-06,2.215722082185894588e-06,2.072515525121580937e-06,1.912460635842812540e-06,1.737151960071002832e-06,1.548446755332720848e-06,1.348566776630052610e-06,1.140329125291025906e-06,9.277595531045568575e-07,7.177998256609508557e-07,5.258488262575006531e-07,3.932619760141705802e-07,4.006081175043626820e-07,4.387418509386735583e-07,4.957640345122892943e-07,5.566068233416421322e-07,6.096589593373485036e-07,6.473793067882046441e-07,6.654183765600753080e-07,6.618824116566457810e-07,6.368646079669478608e-07,5.921396790825370682e-07,5.309817305097122235e-07,4.581692410350035096e-07,3.803962924645869712e-07,3.075425749113318863e-07,2.548081421969534508e-07,2.402026014809494422e-07,2.674893060943223519e-07,3.199799398496161075e-07,3.797069653788421614e-07,4.357849345753320480e-07,4.822064841319430954e-07,5.155192360088510521e-07,5.336750976004395810e-07,5.354028020760015033e-07,5.200137496765303002e-07,4.874548639034430642e-07,4.385099620285274823e-07,3.751154217266200135e-07,3.008094656366368153e-07,2.215615551295998355e-07,1.482870537069592841e-07,1.047901108342342953e-07,1.162022966850483903e-07,1.533271130867194648e-07,1.838919820956366412e-07,1.973563283047932479e-07,1.924540297612817239e-07,1.725060367580382341e-07,1.433355119370984173e-07,1.114232303123660492e-07,8.217825565526042136e-08,5.870880438317540806e-08,4.150871500877732908e-08,2.926050106504915202e-08,2.027655946005507803e-08,1.345733427864641357e-08,8.311908806108475007e-09,4.599160979566927822e-09,2.093982386951319081e-09,5.425558865688325151e-10,3.741990056575188622e-10,8.050469442475959611e-10,9.936374903841785344e-10,1.069087811030772551e-09,1.120245756104461630e-09,1.202199011578155122e-09,1.349459469690180254e-09,1.586224967221573673e-09,2.010771696790697008e-09,2.454042982574443293e-09
1.474293567106134377e-08,2.641105766629172259e-08,3.537956968525436074e-08,4.220639867553665674e-08,4.769119533397041293e-08,5.227082754616057745e-08,5.616430741068075583e-08,5.950269143402382894e-08,6.237784026138083458e-08,6.486098081034509934e-08,6.701087682947530801e-08,6.887775381921935693e-08,7.050527072818916414e-08,7.193157495779867983e-08,7.318994760932000817e-08,7.430928341838038489e-08,7.531451379055698913e-08,7.622701287445709685e-08,7.706499487542220967e-08,7.784389834552453131e-08,7.857675009802979229e-08,7.927450232337002810e-08,7.994633870618279170e-08,8.059994761021387758e-08,8.124176223481161893e-08,8.187716895250376915e-08,8.251068586957479584e-08,8.314611411877802611e-08,8.378666460426333196e-08,8.443506296418800775e-08,8.509363546435249478e-08,8.576437843375278170e-08,8.644901373040928497e-08,8.714903260067077285e-08,8.786573017572033407e-08,8.860023273733824364e-08,8.935351977925398902e-08,9.012644278648311245e-08,9.091974254762886297e-08,9.173406669876412516e-08,9.256998906725253753e-08,9.342803223597098281e-08,9.430869644157570245e-08,9.521248709285037417e-08,9.613991930268074847e-08,9.709151834508030158e-08,9.806782047676158402e-08,9.906937429899004931e-08,1.000967429031050097e-07,1.011505071363198037e-07,1.022312704551481224e-07,1.033396660226890252e-07,1.044763669914461681e-07,1.056421013707553436e-07,1.068376736593940648e-07,1.080639968347621458e-07,1.093221409116047134e-07,1.106134090801191795e-07,1.119394604738338389e-07,1.133025094150271499e-07,1.147056412152472214e-07,1.161533354230020654e-07,1.176530163286752863e-07,1.192255808299463043e-07,1.209890678623909819e-07,1.229568460865252140e-07,1.251399246522875622e-07,1.275475288465046701e-07,1.301876183316264929e-07,1.330678661495935635e-07,1.361952152721676161e-07,1.395758543473891543e-07,1.432154479842703197e-07,1.471193380701268542e-07,1.512926016227438229e-07,1.557399359432697265e-07,1.604653885668084078e-07,1.654720563671463572e-07,1.707620920422081219e-07,1.763372059366845574e-07,1.821973079762938564e-07,1.883396612192848579e-07,1.947577940235390421e-07,2.012673210743985546e-07,2.078320410828781448e-07,2.144406879652579253e-07,2.210906753227282779e-07,2.277951212414396723e-07,2.346595988185683612e-07,2.416961349271006479e-07,2.489157193481705273e-07,2.563285767981247776e-07,2.639444582060471615e-07,2.717733963530527969e-07,2.798251847729770007e-07,2.881093537148146372e-07,2.966354847095124013e-07,3.054135539629100232e-07,3.144541577571450218e-07,3.237685754785697100e-07,3.333686980517408639e-07,3.432669816884861505e-07,3.534768056296181351e-07,3.640134152491925818e-07,3.748930497128486742e-07,3.861324751036853118e-07,3.977481169933315446e-07,4.095835156994919684e-07,4.216323491568457214e-07,4.339157321507049356e-07,4.464619030059469224e-07,4.592822066474605787e-07,4.721970688459300688e-07,4.852525055880965786e-07,4.985095252330600625e-07,5.120420993138234457e-07,5.259349578057249309e-07,5.402801244115306839e-07,5.551761713390032908e-07,5.707269646956162533e-07,5.870401999392695164e-07,6.042260285135990058e-07,6.223958006514226252e-07,6.416609515705511745e-07,6.621321664735156467e-07,6.839189384930315259e-07,7.071292513372948616e-07,7.318690893165989250e-07,7.582462331867391042e-07,7.863727799966017495e-07,8.163676345351468836e-07,8.487503114680612910e-07,8.837018721618318052e-07,9.213366552655762280e-07,9.617196951704410454e-07,1.004705464529441132e-06,1.048536559265073193e-06,1.093119558605506130e-06,1.138409313879898021e-06,1.184398972140664559e-06,1.231108629071369110e-06,1.278564577851423611e-06,1.326802340420763366e-06,1.375864697319230603e-06,1.425797420608807188e-06,1.476646229877036188e-06,1.528455825526212031e-06,1.581271106450404912e-06,1.635140682416949005e-06,1.690121669994668529e-06,1.746281098369208271e-06,1.803690265630840634e-06,1.862451033763113045e-06,1.922707073460951902e-06,1.984649827409981769e-06,2.051983887361707315e-06,2.125386111631092621e-06,2.204802607691054242e-06,2.289495290211976263e-06,2.376122983653826472e-06,2.444077633913740281e-06,2.491616729049452761e-06,2.517730905732058211e-06,2.521997674604740004e-06,2.504439682243767886e-06,2.465315322253639596e-06,2.405118447803960644e-06,2.324550150435448582e-06,2.224480681098831123e-06,2.105926230987266975e-06,1.970044816759515945e-06,1.818151008099731316e-06,1.651753098583749609e-06,1.472620594351160429e-06,1.282895575154125237e-06,1.085317775917025830e-06,8.839508604584723260e-07,6.860664200355914100e-07,5.080973340338885383e-07,3.960380433372671183e-07,4.185823448148609546e-07,4.533776285501092787e-07,4.908796268037992529e-07,5.247681773334581419e-07,5.511309468557328520e-07,5.673976997391919711e-07,5.719016774664898707e-07,5.638290675001688169e-07,5.432800682452227749e-07,5.113159197155546086e-07,4.699759569436516910e-07,4.223044168663140056e-07,3.724435957179424622e-07,3.257963607275370828e-07,2.889767636767168509e-07,2.685837697300912086e-07,2.679213797504605562e-07,2.842346399927126528e-07,3.105382579717061422e-07,3.396068861316893124e-07,3.659195625251900566e-07,3.857185105767289417e-07,3.965532584797080573e-07,3.968191197931894016e-07,3.855682400041587191e-07,3.625144822785195615e-07,3.281689718954230190e-07,2.840880062167156736e-07,2.332642400742095762e-07,1.808364057035507860e-07,1.355436010114578621e-07,1.106845624416946618e-07,1.134797221899329557e-07,1.305047873876084288e-07,1.450036487090697424e-07,1.490193382144564084e-07,1.409711413533296370e-07,1.229964078341472392e-07,9.925389137291130901e-08,7.444457424479484359e-08,5.249581412995559580e-08,3.563702767081175482e-08,2.408565883797987723e-08,1.653192695330289358e-08,1.132710429180533139e-08,7.442641831744247157e-09,4.498877633513819058e-09,2.376885077855953283e-09,9.841516153893990123e-10,3.330287451958357647e-10,5.215627190910768044e-10,7.000162292494671691e-10,7.634325949809254212e-10,7.708293130526476418e-10,7.669622023553672068e-10,7.800546248900398161e-10,8.237447738807420817e-10,8.983096153276773779e-10,1.057326428075504673e-09,8.400285511039286687e-10
1.477761590398794860e-08,2.624731821638373700e-08,3.530251315148352661e-08,4.219859540356891338e-08,4.770366306293411452e-08,5.227773218317496502e-08,5.615301569361681265e-08,5.946630536298236328e-08,6.231246120329975300e-08,6.476461833668998683e-08,6.688286620098123253e-08,6.871835799792001327e-08,7.031537509047697743e-08,7.171244741025850953e-08,7.294305351160400953e-08,7.403614788387564376e-08,7.501662394781600932e-08,7.590575253102992084e-08,7.672160437608255897e-08,7.747945320464758444e-08,7.819215300591149797e-08,7.887048419443061576e-08,7.952346543161505766e-08,8.015863003618857393e-08,8.078226759009543293e-08,8.139963250249580041e-08,8.201512199647305014e-08,8.263242634335686729e-08,8.325465429651467187e-08,8.388443665785574055e-08,8.452401081042864963e-08,8.517528891290064380e-08,8.583991230345587114e-08,8.651929451666639723e-08,8.721465518361214888e-08,8.792704696377512944e-08,8.865737754436459861e-08,8.940642863422837738e-08,9.017487377013085346e-08,9.096329663785321807e-08,9.177221148512390022e-08,9.260208706520390367e-08,9.345337596907933741e-08,9.432653864294379952e-08,9.522204796141974634e-08,9.614039134678136493e-08,9.708207378779913469e-08,9.804762209570775901e-08,9.903759085239585513e-08,1.000525706656251495e-07,1.010931995658278800e-07,1.021601786872917781e-07,1.032542938206151908e-07,1.043764450840889781e-07,1.055276879788899374e-07,1.067092907037854080e-07,1.079228151907358818e-07,1.091702334413066030e-07,1.104540971478076186e-07,1.117777886427467143e-07,1.131459004651132367e-07,1.145648447132458506e-07,1.160439445924035262e-07,1.175971434289603743e-07,1.192380534352385683e-07,1.210808429864656943e-07,1.231369292431620164e-07,1.254153602056795552e-07,1.279230153879285712e-07,1.306681506018100309e-07,1.336577167468199435e-07,1.368974811296881386e-07,1.403926958080471017e-07,1.441485418842036169e-07,1.481702665945276030e-07,1.524630143140635425e-07,1.570313079999689814e-07,1.618782564881530194e-07,1.670054353266110823e-07,1.724162703249638993e-07,1.781114479116957926e-07,1.840885887817255581e-07,1.901805931705693341e-07,1.963662585651925369e-07,2.026245662564336034e-07,2.089442703351973489e-07,2.153223257715283394e-07,2.217637700180147886e-07,2.282762390271495687e-07,2.349629581584604001e-07,2.418350562254466723e-07,2.489027786173345303e-07,2.561753942203228806e-07,2.636641999920118526e-07,2.713797356890509566e-07,2.793318293542212024e-07,2.875303321985948364e-07,2.959857008010233993e-07,3.047092669888943076e-07,3.137131622219977568e-07,3.230098663694230658e-07,3.326115308888238090e-07,3.425301410220681391e-07,3.527813259820557185e-07,3.633803445016592261e-07,3.743420594090118353e-07,3.855215423129086439e-07,3.969205338627700893e-07,4.085434730403994245e-07,4.204058506963641803e-07,4.325299341060460316e-07,4.449400537273679370e-07,4.576723759300806440e-07,4.705657066700663757e-07,4.836794886107510382e-07,4.970873210222946840e-07,5.108750148399644025e-07,5.251312666135461757e-07,5.399504365173188156e-07,5.554308145254162107e-07,5.716725818974164012e-07,5.887762502957054598e-07,6.068412817290199638e-07,6.259647675009402703e-07,6.462404645643394970e-07,6.677586850183690076e-07,6.906061163754463554e-07,7.148600046610929081e-07,7.405994580827291722e-07,7.679069358152792151e-07,7.972330459065949082e-07,8.286965625428407826e-07,8.624072612038977396e-07,8.984376697173968890e-07,9.368131436239107064e-07,9.774892840512264848e-07,1.020432498012616498e-06,1.063923708668752752e-06,1.107911083714731361e-06,1.152392728718730386e-06,1.197408947656378025e-06,1.242975055963675564e-06,1.289117649763286628e-06,1.335869072489549077e-06,1.383256689491814083e-06,1.431296412831229926e-06,1.479989614462683524e-06,1.529322649601208964e-06,1.579270369389452668e-06,1.629804722631123004e-06,1.680895604077021353e-06,1.732454220633558291e-06,1.784417810216245430e-06,1.836748267659370250e-06,1.892592302422517737e-06,1.952188018767757939e-06,2.015619837493342571e-06,2.082512747596993629e-06,2.151869777077791132e-06,2.221773077614305682e-06,2.290290430581730927e-06,2.338426121844405153e-06,2.365318494837542363e-06,2.370788627745338765e-06,2.355225897017432090e-06,2.318987218544663105e-06,2.262670488504165493e-06,2.187069942047342164e-06,2.093103528245363007e-06,1.981782519250238977e-06,1.854213120448746111e-06,1.711621318706748714e-06,1.555408995495588055e-06,1.387259475838736151e-06,1.209281022558803293e-06,1.024101298563683819e-06,8.358854986461259736e-07,6.523694290256577440e-07,4.954552775385468673e-07,4.046928567992101453e-07,4.390072647729005043e-07,4.650384951294000393e-07,4.773885416761324200e-07,4.770039287254268667e-07,4.673316432288635055e-07,4.523369543380072810e-07,4.355251996768997999e-07,4.194422702285459317e-07,4.054653329599489487e-07,3.938491614128200061e-07,3.839998642659918312e-07,3.748815796638728617e-07,3.654216417017472847e-07,3.548112186857467137e-07,3.426653514162651909e-07,3.290558399464477255e-07,3.144467242285947517e-07,2.995593326556988743e-07,2.851906694141467734e-07,2.720158677501144971e-07,2.604210515673943365e-07,2.504217540429598154e-07,2.416829972953703380e-07,2.335913544206080312e-07,2.254594941395537067e-07,2.167330924214438390e-07,2.071264284179555853e-07,1.966598510856554698e-07,1.855897887160424599e-07,1.742403968298114813e-07,1.627830807613032950e-07,1.510622498228198848e-07,1.385852112406055495e-07,1.247262746304713877e-07,1.090646614363597616e-07,9.168745092876705755e-08,7.330710393516192014e-08,5.513605188784647996e-08,3.856610771074901251e-08,2.477793094008761902e-08,1.443190374148828640e-08,7.554058447700967904e-09,3.637133432697511261e-09,1.841782584044035493e-09,1.156722842216904166e-09,8.400359847933113760e-10,6.873044491531545813e-10,6.394073571163671075e-10,6.172425912266396641e-10,5.813332154768481668e-10,5.288316555409641814e-10,4.667983619042026664e-10,4.015090699713892550e-10,3.376907740784950910e-10,2.811733667302300958e-10,2.409926123712314680e-10,2.288493471125998651e-10,2.861921364438307512e-10,4.573803435918218522e-10,1.169934077930364628e-09
1.480233745708221783e-08,2.606359612296356574e-08,3.520113979677368484e-08,4.217313555221232023e-08,4.770359577642419621e-08,5.227435928900225572e-08,5.613223925667818342e-08,5.942055463569566260e-08,6.223751557505406142e-08,6.465833713019117479e-08,6.674452715697444655e-08,6.854821757028201050e-08,7.011433859597106837e-08,7.148181422888912551e-08,7.268432312726620860e-08,7.375087719497434542e-08,7.470632702560979209e-08,7.557183431927837902e-08,7.636532049065186033e-08,7.710188900092599776e-08,7.779421625529889776e-08,7.845290688249262926e-08,7.908681125224335578e-08,7.970330505686422385e-08,8.030853229167008226e-08,8.090761396490638108e-08,8.150482543265916336e-08,8.210374550349466782e-08,8.270738049812845877e-08,8.331826636542690524e-08,8.393855180764541946e-08,8.457006519458296938e-08,8.521436787202076904e-08,8.587279630670191359e-08,8.654649536270119729e-08,8.723644487181133145e-08,8.794348154008175296e-08,8.866831811898262453e-08,8.941156165758896216e-08,9.017373253695217605e-08,9.095528586596117997e-08,9.175663668790594514e-08,9.257818963346716289e-08,9.342035943504352402e-08,9.428357540184735178e-08,9.516828495947637922e-08,9.607495853792256506e-08,9.700409627707328200e-08,9.795623717450757397e-08,9.893197150864721833e-08,9.993195765053714627e-08,1.009569447578111063e-07,1.020078033660957885e-07,1.030855666173125576e-07,1.041914858798842024e-07,1.053271059450200061e-07,1.064943669747216071e-07,1.076957430647560868e-07,1.089344306846301946e-07,1.102146040536463328e-07,1.115417573286842919e-07,1.129231477046914976e-07,1.143682928520648086e-07,1.158891406057103667e-07,1.174984800096335358e-07,1.192087912012219958e-07,1.211332149233668539e-07,1.232804452544783723e-07,1.256527569217153743e-07,1.282616940919186811e-07,1.311141155175344430e-07,1.342147186311059291e-07,1.375679187173068323e-07,1.411786201317534548e-07,1.450524315546607543e-07,1.491954856641484681e-07,1.536135951933971316e-07,1.583100187800310846e-07,1.632823871584278184e-07,1.685404534828817583e-07,1.740860211292708180e-07,1.797630550259317622e-07,1.855539490605155497e-07,1.914410050253898573e-07,1.974088246529965070e-07,2.034477830345459377e-07,2.095545277159330829e-07,2.157315443833139897e-07,2.219851433098930403e-07,2.283239698402811619e-07,2.348522927115722798e-07,2.415805421246952976e-07,2.485145711238885785e-07,2.556698032719431430e-07,2.630575492155873855e-07,2.706872693407198403e-07,2.785685726113712756e-07,2.867121957923214739e-07,2.951303479913040568e-07,3.038365224515806168e-07,3.128445112938483748e-07,3.221660312976911928e-07,3.318078866539772102e-07,3.417901294136085010e-07,3.521270666091948456e-07,3.626803142809882413e-07,3.734496732952853508e-07,3.844374975106192998e-07,3.956506686677820486e-07,4.071033329389692706e-07,4.188164857031241096e-07,4.308175709125784896e-07,4.431436603070494682e-07,4.558435911170512058e-07,4.687692759922861791e-07,4.819953998960602074e-07,4.956175717788698406e-07,5.097176628714925887e-07,5.243867842071944562e-07,5.397188646373214862e-07,5.558072936606761956e-07,5.727435113049560110e-07,5.906156667811457273e-07,6.095068315467633165e-07,6.294934490001934659e-07,6.506465041825942474e-07,6.730370601826332465e-07,6.967023867459953744e-07,7.216916837749378599e-07,7.484040851054179089e-07,7.769264859937047131e-07,8.073402651066725072e-07,8.397130956343990342e-07,8.740867613053767291e-07,9.104707973146162587e-07,9.488424383853408256e-07,9.891739654919149063e-07,1.031452283667175677e-06,1.073965457439576601e-06,1.116724394280970372e-06,1.159856584489585845e-06,1.203329965327690519e-06,1.247167595406642070e-06,1.291401912021695039e-06,1.336048181206573729e-06,1.381095494936179947e-06,1.426502354353754719e-06,1.472193114936193193e-06,1.518060371942944445e-06,1.563990153972177344e-06,1.609911948989233864e-06,1.655492474257530082e-06,1.700505901101522595e-06,1.747718128054211718e-06,1.797208149612518052e-06,1.848963524038633417e-06,1.902782259953818958e-06,1.958131465136958920e-06,2.014055441019004405e-06,2.069154727945632046e-06,2.121881919769813736e-06,2.170733460212992854e-06,2.198176126820927799e-06,2.204392150090809686e-06,2.190733303476783670e-06,2.157377948614654468e-06,2.105066502905735936e-06,2.034751485589084805e-06,1.947422347071846229e-06,1.844080568324332597e-06,1.725759460236050893e-06,1.593558256474226917e-06,1.448714310956236271e-06,1.292793959554039737e-06,1.128049224536581486e-06,9.566825027998220153e-07,7.829113762637264900e-07,6.203919856311534313e-07,4.842318342893457380e-07,4.107642639900085213e-07,4.495488755949975998e-07,4.645492368195815048e-07,4.549733361134315106e-07,4.251799328090349610e-07,3.817336120277662074e-07,3.328533398089609421e-07,2.885916744884224938e-07,2.601427101841180519e-07,2.554518696370813569e-07,2.728846171040975551e-07,3.027622106460801664e-07,3.348929607725685276e-07,3.622111604404056602e-07,3.806205552852841157e-07,3.880927665526560742e-07,3.839873686037576409e-07,3.686152179114401037e-07,3.429483509386634699e-07,3.084189639046348424e-07,2.667904578249461252e-07,2.201208127008214245e-07,1.709155829190513271e-07,1.228445112514984937e-07,8.359744960810604090e-08,7.098522527199878885e-08,9.271189877014941160e-08,1.274701687933089725e-07,1.610328219325840121e-07,1.875733927060389935e-07,2.039685621409334620e-07,2.084015319372096183e-07,2.002487259687458018e-07,1.802401635609916815e-07,1.505683208700392337e-07,1.147915279074511502e-07,7.750540440600005852e-08,4.409598483952288989e-08,2.255559531449956490e-08,2.298817618621859895e-08,2.999995956110765272e-08,3.230947959792424883e-08,2.986470559707531620e-08,2.468705340528971922e-08,1.873274349215407842e-08,1.327897832582929599e-08,8.880001873382915794e-09,5.600536192917522644e-09,3.287468806960807626e-09,1.743902265574953396e-09,8.060111205421749291e-10,4.046509628053833882e-10,4.226477368941576020e-10,4.980353485038423766e-10,5.451641777922682999e-10,5.973506779458481570e-10,6.887843537163892280e-10,8.472183497669952029e-10,1.112291058384828792e-09,1.582695537912047561e-09,2.846056676091342983e-09
1.481723593982251652e-08,2.586480064750998831e-08,3.507614326185395418e-08,4.212947886422479755e-08,4.769053951985685158e-08,5.226044321049512379e-08,5.610181792624685266e-08,5.936534257122970131e-08,6.215295622627880347e-08,6.454213564603430182e-08,6.659590265654676312e-08,6.836741927060233422e-08,6.990229069245274905e-08,7.123984609899915140e-08,7.241396661331094581e-08,7.345371909422842201e-08,7.438390649978644632e-08,7.522557574863831282e-08,7.599649329512330156e-08,7.671158718873992092e-08,7.738335178916115642e-08,7.802221222804270680e-08,7.863684760145426529e-08,7.923447366059181241e-08,7.982108708805386108e-08,8.040167427197688239e-08,8.098038791155066811e-08,8.156069492185461000e-08,8.214549905787337619e-08,8.273724152690302127e-08,8.333798266089039206e-08,8.394946751094699555e-08,8.457317802556395347e-08,8.521037429149770684e-08,8.586212715438734761e-08,8.652934439301822908e-08,8.721279249246491718e-08,8.791311594180804083e-08,8.863085586643235569e-08,8.936646968862263375e-08,9.012035339037188813e-08,9.089286782829586309e-08,9.168436854692485993e-08,9.249522273172269273e-08,9.332581336904748525e-08,9.417654386207887961e-08,9.504784432802186838e-08,9.594018013852200989e-08,9.685406344539942936e-08,9.779006867117052349e-08,9.874885325637937907e-08,9.973118536668830947e-08,1.007379808008242084e-07,1.017703520391891146e-07,1.028296732643715361e-07,1.039176662834742373e-07,1.050365135455316588e-07,1.061890056892768497e-07,1.073787317643856151e-07,1.086103191858435916e-07,1.098897244866578214e-07,1.112245568305019966e-07,1.126243636493076606e-07,1.141006925377158956e-07,1.156666665366130593e-07,1.173365491943804880e-07,1.191247573771222241e-07,1.211431273952610417e-07,1.233736512315048063e-07,1.258451472227059823e-07,1.285618769653426019e-07,1.315256056406945888e-07,1.347391584266121578e-07,1.382069676937016410e-07,1.419352060933584490e-07,1.459318621526551250e-07,1.502062952250108613e-07,1.547650041698061353e-07,1.595839296975098627e-07,1.646992579258729381e-07,1.699652808883347339e-07,1.753631900243484991e-07,1.808744087867250814e-07,1.864823839736903942e-07,1.921738945917999471e-07,1.979404695188670436e-07,2.037789191774689784e-07,2.096912344981234763e-07,2.156839388850374108e-07,2.217674537699811182e-07,2.279549728672563450e-07,2.343522416536048546e-07,2.409476087357950241e-07,2.477743853230116463e-07,2.548424455149073576e-07,2.621589407242784238e-07,2.697323186656975514e-07,2.775733118530977660e-07,2.856952509755527255e-07,2.941140231388862584e-07,3.028471376569847266e-07,3.119087227490135151e-07,3.212822369903024694e-07,3.310111641934477514e-07,3.409634663994092048e-07,3.511327495654537989e-07,3.615155080888280091e-07,3.721127872613909395e-07,3.829311976300259148e-07,3.939839486848208035e-07,4.052911240621537415e-07,4.168800002780912511e-07,4.287862476357269813e-07,4.410550361487384555e-07,4.537428385537543107e-07,4.667164429620847943e-07,4.801153319632499881e-07,4.939908856998698922e-07,5.084367002443540885e-07,5.235449533610290090e-07,5.394029098201790814e-07,5.560935792481801882e-07,5.736949576130583391e-07,5.922771247129712991e-07,6.118976603450904360e-07,6.326024684719512396e-07,6.544807829079547324e-07,6.774843461827361795e-07,7.019627894543759215e-07,7.279818647154197203e-07,7.556034393765733757e-07,7.848803636486493783e-07,8.158512046412971311e-07,8.485342775385846741e-07,8.829242925588448887e-07,9.189935810080100918e-07,9.567013044572351108e-07,9.960025287718771268e-07,1.036864766621766929e-06,1.077607841989585021e-06,1.118721950266874228e-06,1.159913003449364693e-06,1.201246161310835982e-06,1.242780278662106614e-06,1.284527386249681353e-06,1.326454169983804633e-06,1.368479956489909915e-06,1.410465009161454754e-06,1.452194896802373302e-06,1.493420103015964180e-06,1.534336162109283305e-06,1.573996313372425092e-06,1.614818190130749808e-06,1.656818115541333807e-06,1.699951326406819407e-06,1.744053053693076888e-06,1.788776534575908640e-06,1.833523477488881619e-06,1.877401309447782485e-06,1.919234242328248239e-06,1.957668926606205865e-06,1.991271927603864841e-06,2.018665806414360567e-06,2.024194688472161822e-06,2.012495351534483691e-06,1.981831155787861621e-06,1.933426419681784233e-06,1.868556784174877501e-06,1.788299856347797869e-06,1.693623588561108069e-06,1.585457886457400139e-06,1.464720855656538924e-06,1.332341123194627765e-06,1.189519473080212135e-06,1.039643855731224186e-06,8.831128781782845358e-07,7.307414886665660020e-07,5.884942454190613358e-07,4.701497508294577590e-07,4.061203874580394328e-07,4.380162496093717542e-07,4.394629537978384490e-07,4.147200712181662959e-07,3.687214387159704912e-07,3.068201497639302818e-07,2.356063158892648752e-07,1.653439398175195849e-07,1.186429449012530426e-07,1.299376632173347084e-07,1.839207956087524616e-07,2.462072987395437496e-07,3.027912374893980750e-07,3.482710705681707997e-07,3.801997464549307104e-07,3.975897522931568878e-07,4.004049964328081370e-07,3.893069079877665053e-07,3.654811967902546464e-07,3.305037647270058874e-07,2.862426720600813760e-07,2.348140919154326445e-07,1.786594468161361914e-07,1.210575044107538562e-07,6.935412776816423811e-08,5.317964388016667164e-08,8.975265751048745712e-08,1.368790146964040084e-07,1.793212157741054558e-07,2.122037692627070251e-07,2.326975411994918096e-07,2.391424025515585142e-07,2.312063117603448979e-07,2.101928553967053513e-07,1.792548291323737410e-07,1.434033700070797620e-07,1.092529743755268201e-07,8.404107597598544037e-08,7.187899917956529478e-08,6.864008405634576805e-08,6.633282702476578447e-08,6.075844976603537670e-08,5.181675257534044620e-08,4.119527066093166200e-08,3.071923899476288668e-08,2.159884936178697085e-08,1.432317001348820050e-08,8.881158822817705643e-09,5.026402680047446541e-09,2.446547449080648728e-09,8.431037743901200219e-10,2.414352373581002962e-10,6.393831561234716532e-10,8.542976194476558154e-10,9.565220632628308798e-10,1.038170685475755612e-09,1.159549665524182957e-09,1.362925017930933958e-09,1.691003954948390952e-09,2.292821511420918298e-09,3.620570103959791006e-09
1.482134172344599662e-08,2.565560096036496277e-08,3.492843430917678601e-08,4.206712718947706115e-08,4.766400783315208375e-08,5.223569147035438083e-08,5.606157711010369870e-08,5.930056549651250220e-08,6.205873339506835358e-08,6.441601261841482709e-08,6.643703798301884905e-08,6.817605363020080591e-08,6.967936566898713658e-08,7.098671925976030737e-08,7.213220013716024156e-08,7.314492759715846346e-08,7.404965223817764401e-08,7.486730073588805761e-08,7.561547921495165322e-08,7.630893546317728365e-08,7.695997764738688938e-08,7.757884800040617933e-08,7.817405165598382770e-08,7.875264238021293547e-08,7.932046806203208915e-08,7.988237946924268563e-08,8.044240604789390668e-08,8.100390255882444531e-08,8.156967020637913013e-08,8.214205569586408519e-08,8.272303140872001136e-08,8.331425963859877275e-08,8.391714360409444716e-08,8.453286775154615608e-08,8.516242968452953037e-08,8.580666590209587024e-08,8.646627339031904136e-08,8.714182898550777132e-08,8.783380830713898657e-08,8.854260593991492474e-08,8.926855842489997114e-08,9.001197149946956029e-08,9.077314987552289989e-08,9.155241053282909617e-08,9.235008629058723634e-08,9.316653108236718691e-08,9.400212710935071707e-08,9.485729448339159954e-08,9.573250416225049949e-08,9.662829522782687020e-08,9.754529787992871221e-08,9.848426393084622022e-08,9.944610710723400743e-08,1.004319561068486351e-07,1.014432241104243195e-07,1.024816992597250616e-07,1.035496613342054903e-07,1.046500301682226528e-07,1.057865506260224389e-07,1.069640161097779938e-07,1.081885259740455254e-07,1.094677601818669876e-07,1.108112391809585361e-07,1.122305411092100856e-07,1.137395647677925433e-07,1.153553516338361894e-07,1.171006260148920609e-07,1.190125239883261808e-07,1.210772830365602320e-07,1.234124393356212390e-07,1.259976081553491200e-07,1.288280771461096450e-07,1.319045488857566371e-07,1.352308693276176562e-07,1.388137220286468781e-07,1.426634224710445583e-07,1.467971356538078451e-07,1.512523177595806553e-07,1.558923822352542292e-07,1.607397340074800520e-07,1.657480181408802093e-07,1.708886868838891921e-07,1.761404316435784286e-07,1.814865667904098301e-07,1.869146627219708566e-07,1.924169042120247520e-07,1.979904031468478993e-07,2.036373466093877657e-07,2.093651532459345288e-07,2.151871968430475806e-07,2.211251531498220650e-07,2.272168487139410361e-07,2.334549568221181821e-07,2.399591610811492106e-07,2.467172166755442856e-07,2.537299943118411230e-07,2.610038437726389289e-07,2.685492320034282858e-07,2.763807011396293504e-07,2.845175046516435769e-07,2.929858911403713080e-07,3.018296735657943731e-07,3.109182357609398144e-07,3.202792723759895736e-07,3.298746966333512209e-07,3.396861895578648318e-07,3.497053208552777970e-07,3.599308474971155598e-07,3.703680868682063282e-07,3.810290199276932011e-07,3.919324473878747819e-07,4.031041746340920442e-07,4.145772042740026839e-07,4.263910190031069027e-07,4.385871665901954070e-07,4.511900013917350125e-07,4.643345848028161680e-07,4.779108880368329244e-07,4.920580179342204640e-07,5.068691997334710725e-07,5.224242643442244470e-07,5.387979579481913735e-07,5.560605060926413170e-07,5.742731573139204526e-07,5.934735206037754512e-07,6.136273004461389990e-07,6.350226176057873181e-07,6.576177620987530465e-07,6.815122582900136564e-07,7.067646766883103338e-07,7.334175098602123851e-07,7.615009601520224272e-07,7.910311499633424779e-07,8.220070140483497601e-07,8.544079308749963579e-07,8.881927444354029554e-07,9.232989131832431804e-07,9.596334999337555267e-07,9.970341993151602207e-07,1.035114894124313600e-06,1.074348047693877259e-06,1.113035065681610389e-06,1.151648533467944931e-06,1.190313851872799494e-06,1.229038207208684361e-06,1.267767980635801837e-06,1.306395313313539347e-06,1.344732535699088461e-06,1.382419425401678633e-06,1.418591672929414448e-06,1.455297431431007805e-06,1.491740000691983026e-06,1.528340538142410728e-06,1.565159510274543432e-06,1.602087321384499109e-06,1.638868975725726075e-06,1.675082733220381458e-06,1.710108106931388446e-06,1.743105237432787808e-06,1.773017156340128817e-06,1.798587952997709676e-06,1.818319146566368810e-06,1.830174708332402848e-06,1.830306899068750710e-06,1.822504642506120634e-06,1.793810669646839607e-06,1.748826462303987367e-06,1.689384260627841942e-06,1.616551187824650920e-06,1.531185592573145148e-06,1.434091067283224794e-06,1.325999608149543610e-06,1.207315299081185548e-06,1.077059842155550236e-06,9.451400871995573653e-07,8.110098657484416416e-07,6.791614897496022972e-07,5.553479849592524240e-07,4.504316319132467613e-07,3.860941127311032788e-07,3.945761346316702497e-07,3.781848061850527495e-07,3.441889513758943425e-07,2.956968845930240256e-07,2.352783840832804523e-07,1.658829102375392413e-07,9.109751614629410842e-08,2.012732678951795118e-08,6.671335985913530290e-08,1.377973758194460206e-07,2.023206023082089664e-07,2.573949703329002338e-07,3.012146425814065245e-07,3.326806505506676207e-07,3.513329176207991326e-07,3.572910727390398623e-07,3.511866205436138652e-07,3.340959611735678706e-07,3.074914216787241412e-07,2.732372471457613962e-07,2.336827832213838356e-07,1.919742381903724404e-07,1.528548071255251635e-07,1.241705696662539931e-07,1.161284525224979425e-07,1.309398257181816405e-07,1.583281933363462206e-07,1.874493984632094576e-07,2.115824831568208446e-07,2.267824177114595828e-07,2.308996573972952282e-07,2.233825978165832541e-07,2.053763944473973222e-07,1.798039898816955469e-07,1.512034062097881948e-07,1.250167581938992711e-07,1.057827456448750908e-07,9.434710800654097278e-08,8.717777652977679283e-08,7.982184250696038349e-08,7.008519370539931800e-08,5.819609293755195365e-08,4.557677219364790994e-08,3.371555884292643260e-08,2.358285254580125632e-08,1.554466319723928114e-08,9.540808683024299470e-09,5.298898277124990847e-09,2.475387812408023301e-09,7.260361673102129682e-10,2.811772435783919781e-10,7.794439551375134913e-10,1.001982173299937003e-09,1.096215629905719750e-09,1.162330973466235461e-09,1.262908835278120679e-09,1.437930981899659194e-09,1.720355039862474268e-09,2.261210362750013482e-09,3.244847252529256480e-09
1.481299688042754752e-08,2.544025529600619844e-08,3.475915716568503193e-08,4.198564736137809644e-08,4.762348789847623805e-08,5.219978426087701720e-08,5.601132692234155052e-08,5.922611230414566857e-08,6.195479448800939853e-08,6.427996688981900303e-08,6.626798053866447683e-08,6.797421470069437943e-08,6.944570229265834326e-08,7.072261504962935156e-08,7.183924533119333762e-08,7.282476235908586912e-08,7.370385978423232393e-08,7.449733881049206885e-08,7.522264015678904345e-08,7.589432682225355015e-08,7.652451696283865313e-08,7.712326683026180795e-08,7.769890520691896482e-08,7.825832210417720599e-08,7.880721538336712308e-08,7.935029941144085943e-08,7.989147997891191502e-08,8.043399960173810897e-08,8.098055709745490929e-08,8.153340503857288083e-08,8.209442838817281744e-08,8.266520733998587207e-08,8.324706713079376778e-08,8.384111737055735694e-08,8.444828324360054499e-08,8.506933076770621890e-08,8.570488815102608320e-08,8.635546515302743462e-08,8.702147222974234810e-08,8.770324112121904586e-08,8.840104841821914349e-08,8.911514352640576773e-08,8.984577819379813204e-08,9.059321602421573097e-08,9.135773515565136477e-08,9.213963373638692132e-08,9.293923733123387057e-08,9.375690887439435560e-08,9.459306197406836952e-08,9.544817861789581049e-08,9.632283264149109290e-08,9.721772071936902238e-08,9.813370313065737827e-08,9.907185714351709301e-08,1.000335465299869022e-07,1.010205113932830633e-07,1.020349829916993862e-07,1.030798282429327339e-07,1.041587275188602248e-07,1.052763863840845552e-07,1.064387763999610424e-07,1.076533930271789852e-07,1.089295177320542249e-07,1.102785021479134174e-07,1.117142053936062111e-07,1.132539137552540603e-07,1.149199369955363704e-07,1.167400320190702673e-07,1.187301288211546278e-07,1.209544397621500187e-07,1.234184053022884437e-07,1.261210928898924548e-07,1.290633645561875809e-07,1.322488026014932150e-07,1.356838298257366606e-07,1.393779002630715195e-07,1.433425825243663679e-07,1.475813150220817595e-07,1.520225468229699903e-07,1.566509469624942916e-07,1.614329762908178893e-07,1.663409423090958172e-07,1.713534493622702476e-07,1.764540768929851306e-07,1.816308605170496521e-07,1.868763628498537273e-07,1.921878873431782975e-07,1.975677031886927031e-07,2.030234467660333644e-07,2.085691456226071636e-07,2.142271543606265331e-07,2.200287438214152681e-07,2.259926434010361988e-07,2.322015981492684617e-07,2.386648720875179180e-07,2.453847286536599205e-07,2.523668250060429445e-07,2.596214490274169279e-07,2.671637593886648218e-07,2.750141244617725611e-07,2.831969746611700723e-07,2.917271913146652294e-07,3.005209450092907145e-07,3.095710397780019283e-07,3.188478483950571744e-07,3.283310443005837807e-07,3.380100074199860067e-07,3.478818554557152347e-07,3.579505127957069893e-07,3.682265536333909610e-07,3.787272551358160146e-07,3.894766591823769084e-07,4.005056663265071989e-07,4.118522819222099151e-07,4.235621473956086655e-07,4.356888619629606325e-07,4.482883820530980666e-07,4.614419077722942710e-07,4.752105762018453075e-07,4.896555400957184549e-07,5.048403521573076429e-07,5.208304529990020773e-07,5.376923351102059669e-07,5.554927351708005159e-07,5.742973512654522642e-07,5.941654699851189658e-07,6.151194421648604106e-07,6.372026542239219547e-07,6.604468196511983638e-07,6.848788133623586942e-07,7.105184544453880712e-07,7.373756407023943051e-07,7.654477478189942459e-07,7.947172944173028943e-07,8.251498663747830591e-07,8.566921560698072833e-07,8.892693166009065357e-07,9.227796928124351482e-07,9.570859755939506861e-07,9.920138073191094915e-07,1.027452102809894159e-06,1.063016449539290295e-06,1.098639578828893049e-06,1.134283829712114134e-06,1.169894076751093672e-06,1.205390013233950728e-06,1.240662543660804078e-06,1.275569477802618181e-06,1.309937706622152191e-06,1.343621489921428974e-06,1.376900839200087473e-06,1.409692379501379361e-06,1.441999127470806778e-06,1.473734931310675322e-06,1.504700726703990742e-06,1.534572749945051840e-06,1.562886502803558827e-06,1.589020270842598304e-06,1.612185119259247048e-06,1.631425317530685409e-06,1.645626684766421445e-06,1.653521450107145451e-06,1.653690409797954781e-06,1.644647239502432459e-06,1.625593031175297886e-06,1.594737004647680708e-06,1.552072935150680921e-06,1.497960492371276073e-06,1.432889225425261212e-06,1.357449880971385441e-06,1.272339571043218746e-06,1.178376075311146486e-06,1.076538643688534108e-06,9.681437367011117612e-07,8.557297190910647637e-07,7.414298504220808332e-07,6.283295915032494461e-07,5.208129104655035634e-07,4.257638071151583260e-07,3.533887828881975760e-07,3.111033342073681681e-07,2.747590570652989615e-07,2.374226169388042865e-07,1.969237299024140458e-07,1.529370640817613992e-07,1.064151001941285653e-07,6.053335951533533026e-08,3.289109966936718601e-08,6.006204684789062787e-08,1.028091590281604031e-07,1.438638223549203970e-07,1.798263538580513322e-07,2.091393333273335741e-07,2.309102059689165119e-07,2.447077661440804315e-07,2.504955010014525672e-07,2.485924162658565971e-07,2.396463438924591397e-07,2.246251414657589828e-07,2.048402744532698173e-07,1.820267723370651538e-07,1.585100050232411807e-07,1.374404006785393140e-07,1.227986527999285135e-07,1.181918186922464165e-07,1.241183803144648748e-07,1.370882169323143742e-07,1.521697504200199068e-07,1.651927559934818736e-07,1.732539341847231914e-07,1.746573815672241422e-07,1.688944554077555591e-07,1.566898704699275401e-07,1.399846656905605194e-07,1.216842353368026123e-07,1.049562069806963839e-07,9.196600599682498934e-08,8.266668169271164657e-08,7.506939031420154538e-08,6.702075777292479760e-08,5.757815205968630563e-08,4.707765959917094378e-08,3.649691866524943248e-08,2.680969037773655997e-08,1.863536843344408618e-08,1.218996413029785941e-08,7.401218847148440270e-09,4.046988219801956244e-09,1.854226145383314056e-09,5.929865527789973021e-10,4.536245789770529952e-10,7.301673576000136197e-10,8.572323888190604434e-10,8.972140003598987155e-10,9.164550777070435138e-10,9.574514171577054189e-10,1.043430131049490928e-09,1.189617948025340836e-09,1.496757946525651256e-09,1.955482223948119330e-09
1.479032207571775299e-08,2.522250554691986790e-08,3.456969323678819534e-08,4.188469387660258844e-08,4.756844832250446284e-08,5.215237441196334409e-08,5.595086128850189137e-08,5.914186393848462672e-08,6.184108380773632373e-08,6.413399720205645325e-08,6.608877960821701992e-08,6.776199975002466385e-08,6.920144342129709279e-08,7.044771943122776530e-08,7.153532873067134315e-08,7.249348802963499225e-08,7.334682963274057648e-08,7.411602431637704409e-08,7.481834264077126457e-08,7.546815863349506968e-08,7.607739696525295924e-08,7.665592515314776645e-08,7.721189354449993560e-08,7.775202690391211826e-08,7.828187207980030871e-08,7.880600647823392154e-08,7.932821202611280363e-08,7.985161907466950151e-08,8.037882436860654848e-08,8.091198684912565367e-08,8.145290471003290269e-08,8.200307680629325080e-08,8.256375123268035499e-08,8.313596364735771044e-08,8.372056770750089552e-08,8.431825980520835378e-08,8.492960013492879993e-08,8.555503198168879980e-08,8.619490098678566079e-08,8.684947602023297530e-08,8.751897316525788730e-08,8.820358420049353238e-08,8.890350565628336844e-08,8.961894442573166199e-08,9.035011923975178230e-08,9.109726588039819063e-08,9.186064423182444418e-08,9.264054774704440041e-08,9.343731608322454691e-08,9.425135188385785429e-08,9.508314297617723251e-08,9.593329162141800542e-08,9.680255291821827059e-08,9.769188502374420488e-08,9.860251451391300452e-08,9.953602090487621029e-08,1.004944449752062730e-07,1.014804257892606806e-07,1.024973707085988058e-07,1.035496602980147732e-07,1.046428845513022683e-07,1.057840969997110532e-07,1.069820612430477076e-07,1.082474709589038583e-07,1.095932322718719023e-07,1.110352867493396808e-07,1.125951132215613028e-07,1.143083730240639645e-07,1.161605820495463281e-07,1.182696914760065664e-07,1.206145718940604851e-07,1.231899108230006086e-07,1.259958131459204523e-07,1.290354871807652054e-07,1.323149148764734663e-07,1.358436168221192651e-07,1.396378226552017286e-07,1.437338336394168983e-07,1.479939420070138527e-07,1.524395416216707093e-07,1.570258728669404763e-07,1.617256736727711716e-07,1.665188105832531325e-07,1.713896765207568791e-07,1.763267334296187096e-07,1.813227429800205401e-07,1.863750137869598292e-07,1.914855375300451467e-07,1.966611888027445163e-07,2.019147589267562052e-07,2.072687377995634211e-07,2.127693478052230890e-07,2.183848395376872552e-07,2.242985467731161769e-07,2.304747708380174630e-07,2.369068092553281959e-07,2.435984244875766074e-07,2.505595150848388490e-07,2.578055395375364466e-07,2.653591392278107705e-07,2.732565307622551785e-07,2.815728281309470462e-07,2.900956608408940395e-07,2.988820650196158140e-07,3.078791346639779670e-07,3.170641610256331372e-07,3.264263278865143267e-07,3.359620582532342635e-07,3.456740389233626143e-07,3.555713617023972679e-07,3.656696661839530808e-07,3.759910452078297504e-07,3.865639134723929168e-07,3.974240790344023964e-07,4.086206985177022556e-07,4.202417962159199874e-07,4.322409573006601567e-07,4.449354152251193379e-07,4.582876410237298683e-07,4.723239179763828239e-07,4.870916717125324030e-07,5.026475537062814645e-07,5.190548629082661109e-07,5.363868957582140918e-07,5.547426371216962277e-07,5.743052208451084194e-07,5.947732796541467711e-07,6.163081765746762185e-07,6.388671564408235894e-07,6.624480088600696111e-07,6.870512049189410429e-07,7.126694325612834635e-07,7.392841609486269151e-07,7.668640586055626764e-07,7.953633275970076625e-07,8.247195388367961910e-07,8.548511233729145192e-07,8.856568087707889367e-07,9.170258796457670464e-07,9.488954108988341002e-07,9.809073861118556843e-07,1.013401193157337106e-06,1.046057030599462592e-06,1.078721117705192611e-06,1.111283688780744116e-06,1.143641354486904214e-06,1.175688114169575045e-06,1.207325136154180732e-06,1.238508225161632055e-06,1.269411826821001708e-06,1.299336796515720097e-06,1.328463304306211880e-06,1.356551745652059976e-06,1.383393062289590180e-06,1.408710541225080976e-06,1.432127782223021447e-06,1.453154177467765710e-06,1.471177039087089414e-06,1.485458274109857051e-06,1.495135480132254502e-06,1.499231877282728896e-06,1.496708903482235131e-06,1.486680733079372686e-06,1.469269053502397614e-06,1.440767507379060386e-06,1.407777243648280082e-06,1.367105283660732927e-06,1.317877768517476723e-06,1.260040230819990613e-06,1.193918576967926528e-06,1.120102321072601239e-06,1.039477000641658121e-06,9.534626187242112475e-07,8.648636504886655186e-07,7.706283832131955690e-07,6.745288407091662316e-07,5.785751400385658164e-07,4.859764535423077745e-07,4.009988373222778457e-07,3.285395490954659147e-07,2.712880563630805984e-07,2.238716257861811978e-07,1.826475986794662520e-07,1.455947597552848534e-07,1.118792045311226568e-07,8.210183644561074928e-08,5.975239300971887010e-08,5.293459875393265900e-08,6.474925701369722305e-08,8.589349140485665007e-08,1.088619482304532290e-07,1.303523517194453051e-07,1.487673202675331535e-07,1.632067403657571614e-07,1.731614965454501458e-07,1.784148139889019759e-07,1.790085586418968634e-07,1.752347959535126299e-07,1.676428804687196334e-07,1.570618675797388905e-07,1.446389214370095036e-07,1.318820296264486953e-07,1.206459785182230753e-07,1.129093820796781309e-07,1.101612430426307820e-07,1.125611517144449640e-07,1.186882892010982477e-07,1.262186835276465633e-07,1.328013386563147253e-07,1.365659430033737704e-07,1.363318763362587720e-07,1.317084955356589767e-07,1.231429710076539554e-07,1.118670996552217476e-07,9.964496233148718866e-08,8.823432816293752735e-08,7.864879748637567191e-08,7.069207956510474484e-08,6.330214708612748520e-08,5.545973339756841262e-08,4.682739090792247806e-08,3.776320218973046038e-08,2.896173934942242312e-08,2.107540970511802290e-08,1.450549746634543675e-08,9.377174480638207784e-09,5.616357232052542497e-09,3.044434104987905779e-09,1.462195118196144234e-09,7.490976698427674307e-10,7.007911269525903003e-10,7.729780766701192835e-10,7.827053421827018540e-10,7.505816724498491384e-10,7.112168780953812867e-10,6.871917554222301488e-10,6.851157920420575418e-10,7.099925874872627043e-10,8.230227155836660997e-10,1.439797638462673627e-09
1.475473509512931938e-08,2.500552150860344306e-08,3.436165153776211845e-08,4.176403070295029267e-08,4.749834855336688713e-08,5.209308797563728460e-08,5.587995707640012617e-08,5.904769281317094056e-08,6.171754222477867185e-08,6.397810194691476930e-08,6.589948609050473200e-08,6.753950893158140364e-08,6.894673559320563473e-08,7.016222249717901268e-08,7.122068119695753433e-08,7.215137359715659840e-08,7.297886650015903045e-08,7.372369561282012938e-08,7.440295693609917019e-08,7.503083170759602565e-08,7.561904799555909802e-08,7.617728216629961803e-08,7.671350435872945992e-08,7.723427287901035605e-08,7.774498282735045579e-08,7.825007431004969330e-08,7.875320537717345449e-08,7.925739446710969207e-08,7.976513671767909512e-08,8.027849807584136391e-08,8.079919073755490045e-08,8.132863309212240868e-08,8.186799703614030643e-08,8.241824525873596049e-08,8.298016087608341518e-08,8.355437160151498554e-08,8.414137046991126501e-08,8.474153498413785163e-08,8.535514641111241649e-08,8.598241082152230037e-08,8.662348333854902302e-08,8.727849693838359280e-08,8.794759082574295556e-08,8.863091203718758502e-08,8.932861542314727156e-08,9.004086816204006601e-08,9.076785588576526187e-08,9.150979091663112601e-08,9.226692326516039534e-08,9.303955523223032674e-08,9.382806071108031194e-08,9.463291061210392782e-08,9.545470625756633019e-08,9.629422313980977943e-08,9.715246813103839144e-08,9.803075409188273984e-08,9.893079683144179915e-08,9.985484041235707106e-08,1.008058175326030352e-07,1.017875512440987195e-07,1.028050001114273031e-07,1.038645340483524930e-07,1.049741842375343923e-07,1.061437100455363135e-07,1.073842480574514823e-07,1.087079002148201064e-07,1.101266767288050083e-07,1.117484772916506613e-07,1.135551397386532698e-07,1.155750411308601358e-07,1.178115331053511354e-07,1.202653220963823987e-07,1.229380788466323574e-07,1.258329827767062899e-07,1.289548311934619295e-07,1.323100698895060218e-07,1.359062701926496495e-07,1.397477605627152391e-07,1.438076742247830046e-07,1.481177801415446046e-07,1.525384612965594074e-07,1.570532806700362876e-07,1.616459951420859905e-07,1.663022966350401791e-07,1.710108742836897187e-07,1.757644771934180359e-07,1.805603223373728526e-07,1.853999662206682706e-07,1.902885318887010756e-07,1.952338380331545448e-07,2.002445212794110365e-07,2.054834854370125409e-07,2.109177509388318133e-07,2.165900130988257725e-07,2.225050643526278496e-07,2.286657956210975644e-07,2.350784384103026634e-07,2.417531163267099564e-07,2.487040053742741799e-07,2.559496724536850214e-07,2.635128506594820357e-07,2.714140434177262306e-07,2.796245401675483743e-07,2.882165916084791321e-07,2.969738418636738113e-07,3.058895425385495575e-07,3.149573508214599951e-07,3.241739776660317978e-07,3.335407293790114617e-07,3.430650557204779890e-07,3.527610099555947755e-07,3.626487865672390901e-07,3.727531174805667667e-07,3.831014828735837891e-07,3.937207809358423185e-07,4.049063298730227389e-07,4.166122452575029002e-07,4.289244639986791040e-07,4.418725303088330744e-07,4.554902598861576613e-07,4.698206283034517860e-07,4.849138887463821275e-07,5.008266682358807842e-07,5.176230628675064107e-07,5.353768302765034325e-07,5.541645939706170846e-07,5.739835099209191338e-07,5.950078319193517194e-07,6.168759140413831215e-07,6.395947669305314988e-07,6.631564048334785099e-07,6.875401820764969743e-07,7.127136817623407098e-07,7.386337998435605429e-07,7.652458826122715100e-07,7.924811926801114424e-07,8.202522494429127954e-07,8.484480944812498937e-07,8.769274721539447901e-07,9.060817441116220526e-07,9.355812855130694223e-07,9.653523996227006310e-07,9.952234714737850521e-07,1.025046371160996295e-06,1.054694142789202163e-06,1.084049155596634154e-06,1.112998603805580308e-06,1.141439453902283487e-06,1.169292360284157526e-06,1.196503802370299857e-06,1.222884077684537851e-06,1.248575304916118846e-06,1.272644981292889708e-06,1.294859380807792786e-06,1.314896214271359425e-06,1.332341042022908799e-06,1.346685139784420635e-06,1.357328343044010472e-06,1.363582540321562864e-06,1.364669044320373248e-06,1.359696306870816812e-06,1.347640995150769084e-06,1.327296380764867765e-06,1.305228488723362553e-06,1.277863104942024376e-06,1.245555809121539151e-06,1.207291053645634891e-06,1.162453694497275086e-06,1.110887744759839626e-06,1.052781529211130290e-06,9.886024673119811873e-07,9.190943373671841398e-07,8.453155678707554960e-07,7.685753283970724330e-07,6.893592911047969767e-07,6.104812107807608179e-07,5.302690582741150227e-07,4.515323426384498592e-07,3.772458797333209444e-07,3.102621607245022469e-07,2.522799811337648893e-07,2.026677641431644661e-07,1.605528823280570157e-07,1.253471196256803936e-07,9.685153187787350159e-08,7.544766735251965239e-08,6.227752577754926725e-08,5.842926833265726044e-08,6.280704806055915320e-08,7.222535714987906329e-08,8.376713554535486897e-08,9.558844589580955950e-08,1.065631165765586744e-07,1.159428532610437529e-07,1.232046420892893913e-07,1.280030932742569910e-07,1.301673108709560592e-07,1.297144883916841444e-07,1.268685599599926633e-07,1.220781349258397538e-07,1.160270382184655097e-07,1.096220101860779022e-07,1.039212237129094056e-07,9.995447602294347797e-08,9.843177326548818496e-08,9.943448848573477477e-08,1.023182582969669187e-07,1.059286542884187923e-07,1.089662197210072939e-07,1.103005308969755238e-07,1.091749713200320602e-07,1.053258702844079396e-07,9.902722457679713985e-08,9.103430573838489241e-08,8.238098928768616575e-08,7.402161092020256569e-08,6.643627823187512644e-08,5.946981323235676694e-08,5.258578999363961412e-08,4.533948698858525788e-08,3.768531790003927128e-08,2.996225746734956814e-08,2.267768473251709528e-08,1.628006767785435430e-08,1.103488117217480496e-08,7.014735097485535757e-09,4.154623458668189146e-09,2.323106862739607223e-09,1.372813680443144842e-09,1.059317494277112310e-09,9.812551871403059878e-10,9.074575761554030255e-10,8.050448081592665728e-10,6.932581770559165498e-10,5.912740322593590869e-10,5.108799803002036052e-10,4.566765644736107130e-10,4.690055043942452468e-10,6.679800316856824525e-10,2.264675868160589463e-09
1.471069334541557896e-08,2.479189282797815022e-08,3.413684686407852622e-08,4.162355144142721211e-08,4.741264985529290127e-08,5.202152556670794097e-08,5.579837330971508671e-08,5.894346216764783356e-08,6.158410679125686476e-08,6.381227887432146877e-08,6.570015219751922403e-08,6.730684492676761125e-08,6.868172859491360225e-08,6.986631795841900755e-08,7.089553732791001497e-08,7.179869172522512017e-08,7.260027859188956795e-08,7.332069427692230816e-08,7.397685620243769310e-08,7.458274938164790267e-08,7.514990253302887017e-08,7.568779880108085829e-08,7.620422665783907049e-08,7.670557702201078601e-08,7.719709276133621776e-08,7.768307656503510474e-08,7.816706278837099327e-08,7.865195838135469562e-08,7.914015749466673134e-08,7.963363385697439004e-08,8.013401456557533971e-08,8.064263853747590251e-08,8.116060253115782437e-08,8.168879736504796238e-08,8.222793671879389906e-08,8.277858069862544417e-08,8.334115616938076989e-08,8.391597569531314403e-08,8.450325678329988668e-08,8.510314298135660006e-08,8.571572825075340101e-08,8.634108590284516177e-08,8.697929610918350236e-08,8.763044342679835915e-08,8.829461504166131936e-08,8.897190420561398561e-08,8.966241494417058513e-08,9.036626842300437213e-08,9.108361147484414430e-08,9.181462793754982828e-08,9.255955365113747639e-08,9.331869622564826598e-08,9.409246105238575628e-08,9.488138553396027380e-08,9.568618422478261882e-08,9.650780860975785417e-08,9.734752675419611827e-08,9.820703021705484319e-08,9.908857861602521097e-08,9.999519614329853197e-08,1.009309385158006792e-07,1.019012472187907309e-07,1.029133599301974826e-07,1.039764591210730778e-07,1.051003305685036598e-07,1.062943012445359688e-07,1.076633796762734222e-07,1.092156884808375588e-07,1.109526405010811653e-07,1.128846622431380277e-07,1.150172211046786720e-07,1.173534425222306932e-07,1.198960302488850475e-07,1.226480404592471692e-07,1.256130739829797249e-07,1.287950480994242492e-07,1.321972730013386166e-07,1.358200924371495987e-07,1.396576176155197904e-07,1.437151826723454898e-07,1.479893599298201951e-07,1.523384011663699195e-07,1.567482369397125966e-07,1.612048231552192770e-07,1.656960450310949580e-07,1.702142683493826255e-07,1.747567882083218569e-07,1.793255430592664557e-07,1.839248207163045653e-07,1.885593932486228684e-07,1.933844867539117820e-07,1.984102809835418601e-07,2.036369649539302397e-07,2.090802679208494922e-07,2.147495205316876299e-07,2.206519997818320625e-07,2.267958868098703807e-07,2.331914016409046065e-07,2.398511307204887560e-07,2.467898230407701788e-07,2.540231631044733944e-07,2.615641315275160499e-07,2.694174608191368543e-07,2.776084644456270998e-07,2.861486157967918861e-07,2.948179881358904448e-07,3.036120756526821506e-07,3.125263425865062842e-07,3.215591717692476213e-07,3.307159076794236707e-07,3.400094517930650427e-07,3.494596374669631367e-07,3.590891902468834702e-07,3.689204390457804914e-07,3.792364891920851776e-07,3.900689385573946471e-07,4.014319988708880523e-07,4.133682907751960227e-07,4.259135584119924542e-07,4.391040448346722085e-07,4.529799611047502761e-07,4.675859087937870262e-07,4.829706361457186452e-07,4.991867766354552508e-07,5.162896277491707803e-07,5.343317929630756501e-07,5.533524433358603523e-07,5.734239979646228280e-07,5.945865226779518457e-07,6.164415924995568820e-07,6.389708333647415070e-07,6.621397843423880641e-07,6.859014525297769096e-07,7.102021793936504723e-07,7.349812865621836425e-07,7.601686228109241852e-07,7.856757125374507046e-07,8.113888704957766877e-07,8.377067206436085237e-07,8.644994561856575293e-07,8.915851867319739099e-07,9.188309080411478955e-07,9.460915984575244725e-07,9.732268978275889953e-07,1.000104324906437039e-06,1.026596344951070319e-06,1.052578256408663108e-06,1.077928778567060056e-06,1.102531154957337989e-06,1.126265806944316342e-06,1.148984209607547435e-06,1.170583364382026329e-06,1.190859474194940036e-06,1.208761158086034510e-06,1.223924184297600686e-06,1.235898272695775495e-06,1.244153822238136829e-06,1.248099803508861170e-06,1.247100853587054939e-06,1.240484491459020270e-06,1.227463638119895101e-06,1.207082235812250480e-06,1.185677916753979043e-06,1.162269607888954773e-06,1.135367660580766833e-06,1.104388355414377167e-06,1.068711592562380058e-06,1.027917374982291892e-06,9.818646970238778824e-07,9.306771119843508800e-07,8.747167002328893601e-07,8.145695636475073723e-07,7.510305806224759983e-07,6.850387585448866530e-07,6.175315032365518945e-07,5.500273705703335393e-07,4.838667622540888783e-07,4.178209749701748664e-07,3.541927801322180810e-07,2.950221961112673358e-07,2.417381324386210757e-07,1.949285917093840152e-07,1.548384185928303204e-07,1.216247199936086291e-07,9.541568899193247011e-08,7.627445552139287245e-08,6.403911367297087433e-08,5.802382929101751750e-08,5.690590283911902778e-08,5.914280897685787959e-08,6.347946145610921640e-08,6.904049269815651687e-08,7.516939658819011774e-08,8.129462788347120408e-08,8.689209906994147906e-08,9.150763859096914168e-08,9.479848296499942537e-08,9.657204416688075068e-08,9.681367708931216197e-08,9.570024081954421388e-08,9.359567117505789813e-08,9.102071588555714725e-08,8.858213804332440153e-08,8.685028088646523938e-08,8.620953259834290803e-08,8.672238461967999073e-08,8.808249204694213467e-08,8.969462283866075656e-08,9.084071814983494895e-08,9.085925441359258408e-08,8.929104081624891268e-08,8.597461430873489663e-08,8.107995850798449364e-08,7.506171173817152966e-08,6.851592110803793492e-08,6.196084877450602836e-08,5.563544572834962995e-08,4.945487505486558473e-08,4.317612777136675929e-08,3.664873935806286852e-08,2.996298785154003689e-08,2.342297026741099912e-08,1.740959564077866931e-08,1.224160104068741116e-08,8.103328822330152991e-09,5.046513950355386773e-09,3.034347764961929262e-09,1.964885773825394558e-09,1.567764815477560129e-09,1.421325144068211724e-09,1.282175660976184703e-09,1.108078361736571085e-09,9.210781724130714492e-10,7.474099457089398691e-10,6.092228615206865769e-10,5.317272123755088254e-10,5.541804877391286025e-10,7.516919433124099951e-10,1.269556747335154014e-09,3.563156588607422245e-09
1.466531699504790568e-08,2.458366645091191768e-08,3.389726747803761354e-08,4.146329702611192554e-08,4.731082768338926594e-08,5.193726458884757918e-08,5.570585053270121205e-08,5.882902537556970539e-08,6.144071029520816855e-08,6.363652475601500518e-08,6.549083112018415128e-08,6.706411256134276990e-08,6.840657500801222218e-08,6.956020261649625507e-08,7.056013485727716313e-08,7.143571808324962869e-08,7.221137686868428528e-08,7.290736430991624213e-08,7.354041563941233935e-08,7.412431661421841505e-08,7.467039423750120206e-08,7.518793671319537970e-08,7.568454970672467677e-08,7.616645610478734092e-08,7.663874631002375391e-08,7.710558569889238299e-08,7.757038530918283423e-08,7.803594120006855595e-08,7.850454730999718261e-08,7.897808606691707371e-08,7.945810050107785254e-08,7.994585117809805621e-08,8.044236090541764011e-08,8.094844986009622570e-08,8.146476352962764841e-08,8.199179563923021675e-08,8.252990804898608153e-08,8.307934943377434147e-08,8.364027440159854438e-08,8.421276455734186121e-08,8.479685287751412339e-08,8.539255262854838726e-08,8.599988386401090368e-08,8.661886685168058385e-08,8.724951839716092664e-08,8.789185391038612797e-08,8.854589031566723823e-08,8.921165005476362413e-08,8.988916650208768498e-08,9.057849120245960162e-08,9.127970346472138601e-08,9.199292301617429981e-08,9.271832667431516193e-08,9.345617038112534110e-08,9.420681857695056875e-08,9.497078395557253413e-08,9.574878246331473615e-08,9.654181149976433589e-08,9.735126445604137492e-08,9.817910365651634953e-08,9.902813237505019547e-08,9.990245873394300816e-08,1.008083847192384016e-07,1.017558646119040501e-07,1.027544029895599360e-07,1.039059532463435771e-07,1.052204752743480567e-07,1.067055423813283258e-07,1.083664253170642172e-07,1.102095990266737492e-07,1.122400473012811519e-07,1.144614079054222659e-07,1.168766566699488689e-07,1.194885488073893902e-07,1.222997335676463435e-07,1.253125425317214765e-07,1.285284059241364089e-07,1.319469710404771214e-07,1.355658762144815119e-07,1.393840394951576817e-07,1.433971181910029664e-07,1.475973253561143124e-07,1.518414614533287984e-07,1.561138687003001213e-07,1.603991094304972469e-07,1.646887577476135852e-07,1.689805182241673437e-07,1.732790533037951491e-07,1.775897289767072428e-07,1.820598758109707315e-07,1.867032127644045945e-07,1.915304552643603374e-07,1.965494469005065328e-07,2.017709424996912471e-07,2.072045103975330274e-07,2.128588911419945010e-07,2.187431109345922690e-07,2.248671861733227777e-07,2.312423439265695532e-07,2.378807700043121890e-07,2.447947757720374644e-07,2.519954189658120418e-07,2.594920434024709894e-07,2.672975025510592628e-07,2.754201111089075188e-07,2.838630548975289383e-07,2.924039171050911319e-07,3.010339760901908637e-07,3.097446666667090077e-07,3.185386534738674766e-07,3.274283070365333391e-07,3.364370920887595765e-07,3.455889207582740714e-07,3.551528253813195994e-07,3.651675350530360534e-07,3.756661530134391798e-07,3.866769665964406036e-07,3.982343629043193015e-07,4.103727269318151518e-07,4.231270832018644794e-07,4.365342972728490342e-07,4.506334358101863513e-07,4.654655413935867991e-07,4.810729615332654738e-07,4.974979049953150858e-07,5.147798044813707677e-07,5.329532587792965471e-07,5.520546514897895031e-07,5.721048389895978779e-07,5.931053791441526342e-07,6.146261088394164886e-07,6.366155769736694930e-07,6.590067155577807957e-07,6.817359839394652608e-07,7.047393762147570601e-07,7.279543526739853481e-07,7.512984566737975787e-07,7.751664000971578449e-07,7.994740490578253727e-07,8.241094013277875462e-07,8.489372578453320847e-07,8.738261042702799937e-07,8.986406806796751555e-07,9.232450097435747674e-07,9.475038425092967654e-07,9.712816833231562677e-07,9.944411829260366127e-07,1.016841547726197336e-06,1.038335790712075711e-06,1.058764226715566833e-06,1.077944819944030436e-06,1.095675595856021274e-06,1.111689006969283960e-06,1.125634972628046434e-06,1.136367793808305746e-06,1.143394678316205974e-06,1.146147314915824543e-06,1.144026765929286383e-06,1.136443248721375616e-06,1.122908072806014459e-06,1.102793259528106679e-06,1.082135778183095447e-06,1.060399092015656485e-06,1.036864815778913636e-06,1.010696722893116713e-06,9.813082795944044123e-07,9.482323485964203649e-07,9.111621961273127970e-07,8.699873786875377963e-07,8.247983316878771584e-07,7.758768730421925333e-07,7.236831700329439605e-07,6.688371230601649009e-07,6.120867014792033520e-07,5.542832298519262280e-07,4.964742806028312434e-07,4.397172621913799378e-07,3.850589937476742173e-07,3.314781115785348628e-07,2.806034317953370605e-07,2.336861234517897072e-07,1.915977609829083568e-07,1.549243028654345545e-07,1.240367467399074390e-07,9.908676211179879613e-08,7.994483563741218736e-08,6.612365794881008715e-08,5.678395028545871060e-08,5.093402402496700325e-08,4.775902956926253146e-08,4.680707110895760306e-08,4.786534382978599221e-08,5.067564704439850902e-08,5.477034344928388448e-08,5.952423662646133259e-08,6.430024885978343979e-08,6.856620109729558552e-08,7.195514588140197879e-08,7.428634167983849067e-08,7.556295403022502568e-08,7.595235564149981508e-08,7.574815728304354843e-08,7.530932445829116010e-08,7.497546954710414124e-08,7.498099048896651590e-08,7.538495132340927991e-08,7.604481582938698210e-08,7.665024753889178176e-08,7.680571736384527769e-08,7.613294318330670706e-08,7.436500211815062585e-08,7.141212248900952134e-08,6.738378622096652490e-08,6.255423570367113628e-08,5.726889465839946507e-08,5.181685721089192472e-08,4.633139804838661904e-08,4.078729132375505399e-08,3.510453659768651168e-08,2.928274528720031120e-08,2.347019168127873647e-08,1.793375871229970040e-08,1.296922872044307431e-08,8.816857734981029474e-09,5.625678865393834096e-09,3.470851488385499040e-09,2.355090515078366161e-09,2.013839815646635467e-09,1.927452215011980099e-09,1.802656238149932865e-09,1.597355475012569793e-09,1.349695944231224369e-09,1.103320598180070362e-09,8.930853028407466888e-10,7.547192315090985261e-10,7.330730616753171388e-10,8.762393091211950380e-10,1.245525825709057000e-09,2.066858964570195998e-09,4.934931444270872305e-09
1.462788830080444753e-08,2.438242430802322261e-08,3.364503470566389490e-08,4.128347016408489726e-08,4.719238522018466976e-08,5.183986245683556877e-08,5.560211040451178648e-08,5.870422522435688215e-08,6.128728075608166758e-08,6.345083500298945774e-08,6.527157666007443316e-08,6.681141839586171751e-08,6.812142973611973942e-08,6.924407582136869791e-08,7.021471404486951093e-08,7.106273067311556897e-08,7.181247431416319034e-08,7.248405134932611720e-08,7.309401164623616989e-08,7.365593909432819463e-08,7.418095700875534003e-08,7.467815729279422546e-08,7.515496198752177013e-08,7.561742558879946969e-08,7.607048605326676040e-08,7.651817177012702318e-08,7.696377103181039177e-08,7.740996977709736395e-08,7.785896266282398427e-08,7.831254187707757362e-08,7.877216755032446178e-08,7.923902315059643920e-08,7.971405885655564264e-08,8.019802557615677305e-08,8.069150200589170866e-08,8.119491689388546944e-08,8.170856846847272272e-08,8.223264281325877003e-08,8.276723280317543124e-08,8.331235905923930433e-08,8.386799423088684643e-08,8.443409177526542003e-08,8.501061134026323092e-08,8.559750813460500856e-08,8.619472722961901266e-08,8.680220406665406569e-08,8.741986532760027381e-08,8.804763026419315284e-08,8.868541260113654504e-08,8.933312315185991097e-08,8.999067331746455382e-08,9.065797968770992124e-08,9.133497004817499951e-08,9.202159126708206180e-08,9.271781989351634393e-08,9.342367706885915592e-08,9.413925097500795280e-08,9.486473326498308105e-08,9.560048161557670139e-08,9.634712856808446729e-08,9.710576598739638233e-08,9.787828559723226335e-08,9.866860247435862753e-08,9.949155303663496401e-08,1.004486249062806529e-07,1.015505910582565894e-07,1.028061339961111764e-07,1.042222125881759793e-07,1.058044628159804753e-07,1.075581214023933826e-07,1.094875595157614279e-07,1.115962572820519871e-07,1.138870347566800191e-07,1.163622454240659022e-07,1.190238136375265649e-07,1.218730853062785502e-07,1.249105096949212270e-07,1.281352806341637329e-07,1.315452873879267034e-07,1.351375918066521875e-07,1.389071356535830639e-07,1.428460942420282075e-07,1.469432280663915021e-07,1.510502038720518003e-07,1.551415024708325486e-07,1.592088338510030001e-07,1.632495358011897143e-07,1.672773024514837876e-07,1.714356966946256834e-07,1.757404206269349024e-07,1.802046973072360328e-07,1.848396889513139123e-07,1.896551410307202655e-07,1.946609702371228722e-07,1.998666608149530928e-07,2.052813353276486440e-07,2.109141878939826289e-07,2.167748350438050674e-07,2.228734190386627373e-07,2.292204190397152259e-07,2.358261796575223991e-07,2.427003264549080316e-07,2.498516028131813996e-07,2.572884786299948704e-07,2.650167278282524921e-07,2.730381237001962214e-07,2.813491726368046923e-07,2.897187392113587099e-07,2.981202742073400733e-07,3.065553443259751355e-07,3.150344265851557683e-07,3.235952354811150704e-07,3.324988064746811309e-07,3.417873748188550681e-07,3.514984361940425248e-07,3.616656451935776938e-07,3.723202717151589354e-07,3.834943987602422661e-07,3.952202513856675197e-07,4.075302877453403215e-07,4.204575406676937494e-07,4.340356677670807589e-07,4.482986127096264735e-07,4.632798583474991488e-07,4.790111906418439023e-07,4.955210156258236843e-07,5.128328521563017617e-07,5.309645335026786544e-07,5.499217114925573910e-07,5.696933397048729760e-07,5.902472806662380672e-07,6.111137223606788839e-07,6.321867364624999112e-07,6.533971906820267323e-07,6.746760189117296529e-07,6.959897874452212649e-07,7.177359255248298808e-07,7.398623170855802879e-07,7.622918290102002845e-07,7.849255914106917288e-07,8.076481592641923304e-07,8.303368393237516931e-07,8.528629707755245751e-07,8.750933574587441878e-07,8.968907893328300389e-07,9.181132419408063877e-07,9.386121294513129771e-07,9.582297075685910565e-07,9.767950644405875756e-07,9.941178435717152321e-07,1.009979837853652602e-06,1.024125454720087563e-06,1.036240018821680013e-06,1.045932748493509359e-06,1.052722211828355969e-06,1.055364939099669379e-06,1.053209068324522674e-06,1.045607991366865503e-06,1.031925524105801687e-06,1.012097144630139818e-06,9.919948819993357726e-07,9.713512530678316872e-07,9.497425917371066079e-07,9.266412110660897889e-07,9.014876420462831811e-07,8.738168100847307118e-07,8.432691388502166295e-07,8.096132044706276889e-07,7.727654102434952145e-07,7.327967439532132269e-07,6.899296087052646114e-07,6.445287741330334210e-07,5.970874602718033496e-07,5.482093763696542008e-07,4.985950657531866430e-07,4.490425977256554025e-07,4.003843629607216400e-07,3.534485151550558313e-07,3.090152202674433692e-07,2.660948102306869884e-07,2.257015570222173825e-07,1.887435621795371682e-07,1.558794229614345253e-07,1.275129127357883881e-07,1.037745514996974261e-07,8.449014999840842413e-08,6.917562942253983243e-08,5.711512505608755290e-08,4.755706766902715869e-08,3.998923941355528183e-08,3.438252617228207971e-08,3.122532380330961316e-08,3.107209303236521670e-08,3.376089261331857653e-08,3.832858890781076372e-08,4.366568709110568411e-08,4.893302805375410826e-08,5.360479533063666406e-08,5.740741006413796753e-08,6.026236503671220898e-08,6.224037462388178667e-08,6.351681309339141312e-08,6.432039013262380799e-08,6.487273810082413545e-08,6.533472920224786208e-08,6.576615329940504437e-08,6.610996032922496599e-08,6.620842948341818120e-08,6.584764182793480586e-08,6.481727999015006618e-08,6.296940416612688713e-08,6.026092586086011690e-08,5.676708907379233903e-08,5.265791783979240782e-08,4.814018302682489325e-08,4.338576430073616907e-08,3.848438604146164701e-08,3.345387908295754076e-08,2.830423805005309555e-08,2.310973889839080048e-08,1.803830973566323723e-08,1.332356529712129182e-08,9.206774245405939125e-09,5.893674686394816415e-09,3.565309938720855870e-09,2.406461400153261278e-09,2.243287929347548984e-09,2.360474106347835184e-09,2.358236928830117312e-09,2.192584434713051354e-09,1.922644022402763648e-09,1.615865386162542320e-09,1.325037863830730479e-09,1.093659028718054456e-09,9.712452074469104458e-10,1.012523728542448622e-09,1.263064676415854884e-09,1.789419304439201443e-09,2.923029510003628920e-09,6.291194247782689197e-09
1.460921823365525644e-08,2.418939317761631596e-08,3.338235729260459883e-08,4.108444579765134869e-08,4.705686775850109973e-08,5.172886089901346124e-08,5.548685560971578499e-08,5.856889319229281968e-08,6.112374086429677088e-08,6.325520323544120009e-08,6.504244282635832517e-08,6.654887029050458784e-08,6.782644951301778866e-08,6.891813891618339996e-08,6.985951705921576871e-08,7.068000915364655001e-08,7.140388520524378756e-08,7.205110188876624423e-08,7.263802099325555483e-08,7.317802236614708657e-08,7.368202406493061288e-08,7.415892069650117364e-08,7.461595018452728084e-08,7.505899856165835239e-08,7.549285160892145271e-08,7.592140127391784970e-08,7.634781386940491356e-08,7.677466615606672414e-08,7.720405459486894095e-08,7.763768233833688962e-08,7.807692792130028470e-08,7.852289910358905762e-08,7.897647489718509719e-08,7.943833846335596179e-08,7.990900327615516272e-08,8.038883470346953097e-08,8.087806894358737096e-08,8.137683106440938828e-08,8.188515371673600723e-08,8.240299792796776838e-08,8.293027722629104685e-08,8.346688619936039981e-08,8.401272471358261920e-08,8.456768333638021721e-08,8.513163560225060018e-08,8.570443688864288925e-08,8.628592315902967596e-08,8.687590951223980388e-08,8.747418844483965459e-08,8.808052768618337364e-08,8.869466739788827173e-08,8.931631643423061853e-08,8.994514723227318250e-08,9.058078874614683084e-08,9.122281670245979208e-08,9.187074049078863671e-08,9.252398667880855511e-08,9.318188162217649601e-08,9.384364199307874967e-08,9.450839037330245490e-08,9.517517195599385127e-08,9.584244517281026407e-08,9.650284854537635600e-08,9.727965632663623765e-08,9.818686442546177811e-08,9.923325661154321776e-08,1.004258904872319861e-07,1.017707267075209205e-07,1.032728577095822094e-07,1.049367634071015400e-07,1.067662422001849302e-07,1.087643990111610473e-07,1.109337175285000516e-07,1.132761250437641061e-07,1.157929837842322978e-07,1.184849862928528476e-07,1.213519742037432391e-07,1.243927512058764046e-07,1.276049932149678940e-07,1.309852126407873657e-07,1.345282944246423721e-07,1.382270331713299083e-07,1.420710315333000520e-07,1.460412985929758434e-07,1.499504355833222680e-07,1.538019456747861260e-07,1.575821300974049339e-07,1.614624312765280358e-07,1.654644163464928879e-07,1.696026740182965423e-07,1.738895511982496923e-07,1.783360494997681616e-07,1.829522602507768885e-07,1.877478981435777445e-07,1.927323235652298919e-07,1.979146355431127432e-07,2.033038693160610069e-07,2.089091592640168105e-07,2.147397707918064937e-07,2.208049664826076691e-07,2.271137279146099971e-07,2.336744299961159337e-07,2.404946188964902228e-07,2.475808179776571768e-07,2.549375774975535361e-07,2.625665279503024657e-07,2.704643917192934913e-07,2.786139025020831183e-07,2.867190176015705781e-07,2.947995232764788956e-07,3.028457375588475990e-07,3.111636371149863104e-07,3.198049043382884352e-07,3.288089807857348636e-07,3.382110904753059663e-07,3.480438460474268175e-07,3.583381549454702907e-07,3.691243220344738378e-07,3.804321864429441946e-07,3.922911775534715594e-07,4.047303439686617684e-07,4.177781973951619899e-07,4.314622856723831220e-07,4.458084565165143952e-07,4.608397913540505858e-07,4.765752542009808402e-07,4.930281927554966057e-07,5.102045372138231406e-07,5.280994397074954400e-07,5.466938490224999676e-07,5.659491687563663370e-07,5.857888200309437688e-07,6.056027965344265982e-07,6.253533977544352117e-07,6.449310887493579465e-07,6.648357463533555072e-07,6.850540157769737563e-07,7.055343137920964222e-07,7.262032442975941664e-07,7.469698943959988717e-07,7.677291920472298030e-07,7.883658921929611848e-07,8.087563770831399204e-07,8.287695630227176672e-07,8.482669149147176963e-07,8.671014486123394807e-07,8.851157485115314110e-07,9.021389238984669726e-07,9.179821914663638723e-07,9.324326803451406469e-07,9.452452633561876702e-07,9.561321006218204593e-07,9.647480258005482974e-07,9.706756389880408643e-07,9.734081657781267574e-07,9.723139695976935003e-07,9.658923934963727161e-07,9.534440120630593148e-07,9.337248611178741937e-07,9.137934097311619736e-07,8.937304049975766220e-07,8.732778972967746590e-07,8.520682520757587240e-07,8.296864584100698016e-07,8.057176202707388748e-07,7.798022640416272109e-07,7.516623903177868396e-07,7.211206881826547627e-07,6.881142994545320833e-07,6.527010142892884202e-07,6.150585863080676389e-07,5.754788454260906675e-07,5.343578250086140339e-07,4.921832312267759969e-07,4.495216283961195046e-07,4.070043249431018295e-07,3.652959665004640699e-07,3.250631620550637681e-07,2.869324475017567729e-07,2.513929114279032056e-07,2.170935784865432980e-07,1.850633447602743251e-07,1.559681044231953067e-07,1.302089829624765093e-07,1.079244223355263764e-07,8.898462274858052540e-08,7.301203258135324403e-08,5.945200084059407601e-08,4.769932304837402140e-08,3.726245494826376611e-08,2.795712423405189579e-08,2.022312842370775048e-08,1.574524223355824181e-08,1.671031525060398824e-08,2.180673825381673519e-08,2.824022187786427592e-08,3.459703808025618075e-08,4.029552996540884340e-08,4.509654596077119532e-08,4.893863992830006068e-08,5.187428184326981022e-08,5.403035263065348508e-08,5.557075869217510562e-08,5.665544248019584413e-08,5.740644838782387028e-08,5.788387435123972489e-08,5.807648030323405380e-08,5.791050045742051680e-08,5.727523310398307470e-08,5.605890088962265766e-08,5.418514109961047283e-08,5.163976305821853826e-08,4.847888072145271765e-08,4.481381592568122437e-08,4.077649711190848777e-08,3.648037658698832723e-08,3.199928112359173649e-08,2.737979773149392677e-08,2.268046912981717531e-08,1.800991529525721596e-08,1.353652360626107007e-08,9.465333741074713315e-09,6.006151563878590652e-09,3.388220688581626458e-09,2.029134202844499692e-09,2.134076751296340845e-09,2.610069104431055981e-09,2.851051119589468213e-09,2.816084283108864963e-09,2.586467966117374178e-09,2.254780979591750557e-09,1.896657737999295571e-09,1.568990294737072937e-09,1.323287230210293459e-09,1.220639718080208747e-09,1.321622540489111457e-09,1.672366108714209080e-09,2.356388311463658960e-09,3.814552893161890112e-09,7.601268489504367697e-09
1.462088011001483336e-08,2.400557643118013709e-08,3.311148364159447250e-08,4.086677700779102524e-08,4.690387754626938649e-08,5.160379138958614655e-08,5.535977017676425533e-08,5.842284875725761027e-08,6.095000737077300131e-08,6.304962080466927938e-08,6.480348339732324344e-08,6.627657694457285655e-08,6.752179239297813067e-08,6.858259467048900247e-08,6.949478735433715822e-08,7.028783416454863762e-08,7.098592438710171999e-08,7.160886250694798002e-08,7.217282000696973385e-08,7.269097097101203073e-08,7.317402704171501870e-08,7.363068490327901658e-08,7.406799819567602385e-08,7.449168470260094702e-08,7.490637855013022132e-08,7.531583600835731499e-08,7.572310236759236266e-08,7.613064632247189658e-08,7.654046737699113340e-08,7.695418099420545773e-08,7.737308555317864072e-08,7.779821463003525740e-08,7.823037767246494678e-08,7.867019176931569608e-08,7.911810691151082385e-08,7.957442688197457025e-08,8.003932768762643002e-08,8.051287524559047732e-08,8.099504385108984015e-08,8.148573678136783085e-08,8.198481022663945583e-08,8.249210158694593955e-08,8.300745253138604856e-08,8.353069065100658301e-08,8.406161976530498437e-08,8.460001721261833125e-08,8.514563053453435043e-08,8.569817334743217230e-08,8.625732011485672681e-08,8.682269942223032289e-08,8.739388519482047762e-08,8.797038506632289804e-08,8.855162475943761439e-08,8.913692681859498960e-08,8.972548124523257081e-08,9.031630442710895593e-08,9.090818131865757062e-08,9.149958550451514616e-08,9.208858070506695303e-08,9.267276730629211710e-08,9.324965884989424578e-08,9.381952102681347500e-08,9.440116175826643658e-08,9.511981687136287182e-08,9.597065053263833243e-08,9.695698967815879648e-08,9.808365392312343090e-08,9.935539175743451101e-08,1.007765100836068890e-07,1.023508143214873596e-07,1.040815549052031883e-07,1.059714016135969951e-07,1.080224488904554791e-07,1.102362183980994421e-07,1.126136269251094781e-07,1.151549072037073289e-07,1.178594927452253125e-07,1.207258991782898701e-07,1.237516365236106863e-07,1.269331433345220356e-07,1.302657211101052077e-07,1.337438933966575009e-07,1.373635094639083025e-07,1.411315467186827498e-07,1.448583938935499672e-07,1.485114941038364364e-07,1.521108205214916763e-07,1.558326387218829561e-07,1.596747065847335492e-07,1.636457977137807282e-07,1.677565206279896353e-07,1.720173139222088897e-07,1.764381109969794941e-07,1.810284305983728164e-07,1.857974427538269717e-07,1.907540490635759714e-07,1.959069835653218855e-07,2.012648844016268116e-07,2.068362895970556602e-07,2.126295375779876290e-07,2.186525857962527357e-07,2.249127920735782683e-07,2.314167077125578207e-07,2.381698669274028064e-07,2.451765468157549784e-07,2.524402190466800945e-07,2.599668827347908478e-07,2.677811061265300148e-07,2.755831081941717498e-07,2.833323440281237332e-07,2.910752331752754183e-07,2.991243969874330583e-07,3.074899945133102120e-07,3.162005245343451041e-07,3.252872114836981819e-07,3.347805968779864185e-07,3.447099972568194466e-07,3.551036798594138705e-07,3.659889285716118061e-07,3.773920158510425070e-07,3.893380819640512285e-07,4.018508634006665644e-07,4.149522206904954878e-07,4.286614371037187607e-07,4.429942796318322452e-07,4.579618419567305039e-07,4.735692046005683254e-07,4.898138871572613363e-07,5.066841218213664211e-07,5.241583569326360244e-07,5.422101283534065743e-07,5.608366378402214405e-07,5.794202019655556446e-07,5.978115178450694998e-07,6.160128908337630874e-07,6.345385691789624578e-07,6.532975051293004353e-07,6.722222612105331786e-07,6.912388882507793281e-07,7.102610484032597322e-07,7.291899990022860126e-07,7.479160531468191511e-07,7.663196112139528602e-07,7.842715454594528660e-07,8.016328314515845628e-07,8.182533281277170706e-07,8.339696365660845585e-07,8.486019202758013311e-07,8.619494788397813639e-07,8.737848252380490932e-07,8.838460600250279356e-07,8.918273534489417483e-07,8.973675383416784372e-07,9.000392456011566656e-07,8.993452620467067548e-07,8.947527273382014431e-07,8.847616784291620426e-07,8.687077470868615160e-07,8.470217577825299503e-07,8.266677093367816012e-07,8.066618612636386600e-07,7.865240230191805448e-07,7.658762634918100101e-07,7.443642449102845164e-07,7.216579217695344557e-07,6.974737150960913757e-07,6.715934303461655791e-07,6.438789339452793590e-07,6.142823672639380891e-07,5.828512638224277885e-07,5.497287775105950576e-07,5.151497870921190935e-07,4.794337045272397759e-07,4.429748275365089637e-07,4.062309430549607235e-07,3.697094593843057198e-07,3.339486586115381456e-07,2.995016428867030231e-07,2.669378169955367740e-07,2.369285995972591751e-07,2.079231181342327585e-07,1.803718233856658951e-07,1.548247518423794360e-07,1.316660887933082257e-07,1.110628957449356022e-07,9.296377875123586337e-08,7.712519184072513467e-08,6.316650184829314916e-08,5.064888852750503747e-08,3.916069934294396907e-08,2.838714696031741489e-08,1.815385460371593183e-08,8.493929017905702796e-09,2.658382531028510972e-09,1.024025976444514797e-08,1.815384988439658615e-08,2.529503661811574935e-08,3.151531337630038733e-08,3.675960090596008756e-08,4.103671884705951124e-08,4.440989346506711330e-08,4.698315374025695037e-08,4.888166894973584492e-08,5.022657973171006512e-08,5.111397959421945385e-08,5.160042807100551095e-08,5.169740744187381205e-08,5.137660472904719709e-08,5.058534482991778940e-08,4.926860770873552193e-08,4.739182022540017953e-08,4.495771299769169209e-08,4.201145948722459647e-08,3.863161937290407698e-08,3.491025857057071968e-08,3.093230170814360027e-08,2.676704961334908043e-08,2.247888890000167584e-08,1.815075938185031165e-08,1.390308237509947825e-08,9.893174248223038801e-09,6.295847991892256166e-09,3.292930480457777250e-09,1.279325654009003036e-09,1.626678370485506204e-09,2.620329786860628184e-09,3.208942175094087819e-09,3.395261092021824026e-09,3.282135275366771619e-09,2.981579737152480409e-09,2.591019456487867722e-09,2.185843386881092315e-09,1.825096833056474940e-09,1.567850211369923822e-09,1.485448093013236004e-09,1.644004801524978172e-09,2.093356374136145486e-09,2.941311782628044332e-09,4.733312462874777983e-09,8.849836202976346953e-09
1.467433298246343172e-08,2.383189592367105651e-08,3.283465513185018262e-08,4.063119596297211149e-08,4.673308865256961502e-08,5.146418171925686076e-08,5.522052029758962174e-08,5.826589877909192600e-08,6.076599043602634931e-08,6.283407626742418640e-08,6.455475144603059089e-08,6.599464741092057058e-08,6.720761722426449533e-08,6.823764670328480388e-08,6.912076904219618687e-08,6.988648665137734674e-08,7.055890655411531541e-08,7.115767910726577212e-08,7.169878376986777524e-08,7.219518760816376230e-08,7.265739511384896082e-08,7.309390479593408503e-08,7.351158617273104534e-08,7.391598927951679433e-08,7.431159735675143542e-08,7.470203197715537560e-08,7.509021855444587948e-08,7.547851899578055762e-08,7.586883723679371859e-08,7.626270253534780208e-08,7.666133468658635963e-08,7.706569473864702003e-08,7.747652431355895113e-08,7.789437624963868508e-08,7.831963896028203277e-08,7.875255663241563799e-08,7.919324715212594848e-08,7.964171943435840848e-08,8.009789164034446266e-08,8.056161158581245518e-08,8.103268047336534094e-08,8.151088092520571978e-08,8.199599893687556924e-08,8.248780200470839173e-08,8.298602763378899291e-08,8.349037920005388282e-08,8.400052079092473517e-08,8.451607069450182470e-08,8.503659309101869465e-08,8.556158733873556239e-08,8.609047401791612079e-08,8.662257656438123376e-08,8.715709682307621681e-08,8.769308205792867209e-08,8.822937961375197432e-08,8.876457297900875072e-08,8.929688807096260667e-08,8.982404729717937469e-08,9.034301861180369499e-08,9.084950829862625483e-08,9.133666513144442065e-08,9.179077967050806187e-08,9.233905413265863533e-08,9.300626226074242011e-08,9.379955314548784739e-08,9.472347579118152348e-08,9.578218752456315695e-08,9.697960741760380248e-08,9.831932875447057030e-08,9.980454771191041062e-08,1.014380038590200872e-07,1.032219376170085434e-07,1.051580624967348165e-07,1.072475373864677255e-07,1.094909236032326016e-07,1.118881200895309070e-07,1.144382817613971576e-07,1.171397346231104471e-07,1.199898990764273415e-07,1.229852155707314598e-07,1.261210527868001150e-07,1.293915690459079117e-07,1.327890688889261320e-07,1.362999367328513466e-07,1.398803127020259089e-07,1.433186145766793969e-07,1.468031783836232119e-07,1.503788390122297506e-07,1.540628045636160655e-07,1.578672417841416980e-07,1.618030547462312028e-07,1.658804827695952118e-07,1.701092374751595075e-07,1.744986005385700023e-07,1.790574939786728008e-07,1.837945411673571816e-07,1.887181205577198391e-07,1.938363928959319826e-07,1.991572806159180996e-07,2.046883897805238354e-07,2.104368810840082632e-07,2.164093088805487916e-07,2.226114444870883642e-07,2.290480752410503647e-07,2.357227527932316375e-07,2.426374516409960728e-07,2.497913873852083671e-07,2.571741794474293632e-07,2.647256013587014524e-07,2.721096170674402402e-07,2.796543944971156930e-07,2.874486267539264390e-07,2.955341853776655617e-07,3.039441343307125477e-07,3.127089948608383163e-07,3.218576678206165893e-07,3.314175932319949022e-07,3.414148299785834426e-07,3.518740396083240550e-07,3.628183771809122659e-07,3.742692830852432472e-07,3.862461497047824071e-07,3.987658359033942507e-07,4.118420116614972653e-07,4.254843273894301161e-07,4.396974147300185115e-07,4.544797280540249756e-07,4.698222176885724087e-07,4.857068231406292168e-07,5.021047583014330102e-07,5.189732360525350284e-07,5.362417058089558851e-07,5.537359375187979518e-07,5.707576638172090790e-07,5.878567114101814270e-07,6.051102765801542982e-07,6.224932225184769657e-07,6.399523907888339460e-07,6.574191414179422829e-07,6.748116905317170264e-07,6.920361010915161787e-07,7.089871227889574967e-07,7.255486739725627394e-07,7.415938126888392967e-07,7.569840852397806159e-07,7.715681548320139350e-07,7.851796182126915459e-07,7.976338958656402729e-07,8.087240425375029178e-07,8.182152980690070005e-07,8.258381861477329480e-07,8.312799234957556802e-07,8.341737779945188012e-07,8.340855584889975268e-07,8.304928504326169253e-07,8.227361553094390780e-07,8.098374904808689735e-07,7.897457028373795385e-07,7.692243234538475722e-07,7.491880120338826831e-07,7.294803187321265026e-07,7.097947638767897686e-07,6.898176063908174716e-07,6.692506240352108695e-07,6.478229406077998841e-07,6.253050715948813431e-07,6.015219351167646900e-07,5.763634186958928004e-07,5.497918400898140327e-07,5.218458859075527428e-07,4.926410348760813481e-07,4.623668064097420086e-07,4.312813032059290054e-07,3.997035088307870462e-07,3.680036094346204688e-07,3.365910785800851848e-07,3.058999740424221276e-07,2.763721199093535978e-07,2.484341593055725958e-07,2.224385720078383966e-07,1.983889326900382579e-07,1.748737422128114414e-07,1.525837973935844897e-07,1.319355958563176833e-07,1.131370075677564981e-07,9.621607221861580486e-08,8.105295192530080214e-08,6.742533063845960980e-08,5.506588994806979592e-08,4.372401739294288269e-08,3.322516046638845013e-08,2.354031338834447758e-08,1.496909895342926336e-08,9.057757474458948584e-09,9.834846892231099062e-09,1.530235320425090142e-08,2.140113237779550448e-08,2.705418375030706609e-08,3.198229204920249142e-08,3.611017044802597250e-08,3.944798304172088059e-08,4.205285107640502701e-08,4.400582641891600069e-08,4.539074451194415607e-08,4.627814751779114446e-08,4.671486027916212780e-08,4.671985315851755103e-08,4.628711314626644585e-08,4.539498443616622781e-08,4.401981225570800314e-08,4.215028387978682901e-08,3.979818845985090858e-08,3.700195618493991169e-08,3.382168682020481568e-08,3.032824496125861287e-08,2.659285137769940019e-08,2.268448498529563931e-08,1.867796009116938283e-08,1.466738359061370177e-08,1.077399652279554086e-08,7.139694476847085583e-09,3.906697125688242886e-09,1.194486141563938233e-09,9.496029367549673291e-10,2.468674833088241310e-09,3.422049319747728170e-09,3.882402557540206791e-09,3.952948885587278775e-09,3.747834001888542576e-09,3.375872176032728085e-09,2.928968992622738174e-09,2.479222773013327341e-09,2.087309761384424137e-09,1.819751568512916420e-09,1.757716036079518907e-09,1.973526254994040033e-09,2.522841916281732796e-09,3.543903514907199618e-09,5.673791247143130432e-09,1.002772754073792355e-08
1.477999204849032651e-08,2.366933174202517232e-08,3.255406359346835222e-08,4.037860973996626704e-08,4.654426137462510017e-08,5.130956366625933169e-08,5.506875573849858534e-08,5.809783700525265594e-08,6.057159295276753769e-08,6.260855481461994619e-08,6.429629882996089681e-08,6.570319058561150491e-08,6.688408310675499205e-08,6.788349889725151209e-08,6.873770626229424283e-08,6.947624719295431933e-08,7.012314553810223895e-08,7.069789616916238797e-08,7.121628533624064267e-08,7.169107231541354928e-08,7.213255414031735869e-08,7.254903126991152530e-08,7.294718959224349982e-08,7.333241218012463676e-08,7.370903240423813485e-08,7.408053833301704334e-08,7.444973683428589897e-08,7.481888446844121441e-08,7.518979113613374215e-08,7.556390150691758663e-08,7.594235848949608617e-08,7.632605238366037860e-08,7.671565885213096099e-08,7.711166844210595759e-08,7.751441004922307654e-08,7.792407043229470550e-08,7.834071164073282900e-08,7.876428799674833537e-08,7.919466407323943255e-08,7.963163492100470885e-08,8.007494962395297126e-08,8.052433910011693771e-08,8.097953704934290098e-08,8.144025485617104466e-08,8.190616853363206004e-08,8.237691340935421423e-08,8.285207746054727946e-08,8.333119287649517699e-08,8.381372528774750173e-08,8.429905991228480031e-08,8.478648360924082932e-08,8.527516146558926449e-08,8.576410600967225625e-08,8.625213633223579670e-08,8.673782306534207902e-08,8.721941280991348261e-08,8.769472104474518960e-08,8.816097307102682194e-08,8.861455203960659146e-08,8.905057058283980723e-08,8.946211940710677748e-08,8.983915368880551232e-08,9.033079177011360695e-08,9.094116897558222170e-08,9.167440993241915456e-08,9.253408811383687537e-08,9.352355564694923120e-08,9.464600026705465124e-08,9.590438342482669730e-08,9.730136187319200290e-08,9.883921698452559035e-08,1.005197975081235450e-07,1.023444734857652575e-07,1.043140936248529065e-07,1.064289381740610418e-07,1.086886635199101033e-07,1.110922404010010113e-07,1.136378912882694688e-07,1.163230304862708071e-07,1.191442010005491413e-07,1.220969855314425629e-07,1.251758277934803643e-07,1.283735596908421864e-07,1.316803049140874002e-07,1.350833111421144029e-07,1.383465624150035946e-07,1.416807415451809213e-07,1.451026781493769558e-07,1.486264836495666729e-07,1.522639696554340809e-07,1.560257654397581896e-07,1.599217996812218337e-07,1.639614881783018564e-07,1.681538268588608779e-07,1.725074480400622311e-07,1.770306599387784997e-07,1.817314723834523110e-07,1.866176009311576809e-07,1.916964397209306549e-07,1.969749985622005110e-07,2.024598074743398161e-07,2.081567970483996286e-07,2.140711601985874399e-07,2.202071869965332773e-07,2.265680390244361099e-07,2.331553630003548197e-07,2.399684105845737007e-07,2.470021257591521216e-07,2.542467713874816572e-07,2.613273536383714147e-07,2.686073743864605535e-07,2.761270515473352416e-07,2.839218719823754994e-07,2.920231094768931999e-07,3.004595626778748870e-07,3.092582339232006384e-07,3.184445110766739948e-07,3.280421708462902067e-07,3.380732813607318499e-07,3.485580217906242192e-07,3.595144163914860809e-07,3.709579695361837924e-07,3.829011869282082257e-07,3.953529730167627700e-07,4.083179018693405678e-07,4.217953650834091342e-07,4.357786005393556463e-07,4.502535939100123439e-07,4.651978128517834924e-07,4.805786170363454875e-07,4.963507550736749324e-07,5.124519706039647849e-07,5.288015115165950173e-07,5.446342656409294364e-07,5.605687234821548932e-07,5.765902255339744659e-07,5.926652393940341819e-07,6.087423498727035326e-07,6.247558686341476640e-07,6.406275314869920410e-07,6.562672998688371988e-07,6.715737871008865445e-07,6.864343442724987260e-07,7.007247303464251956e-07,7.143082760765038453e-07,7.270344534436845656e-07,7.387367635951068927e-07,7.492298479100784768e-07,7.583057117999791798e-07,7.657289363960653733e-07,7.712307329248025491e-07,7.745016326309554224e-07,7.751824180242794253e-07,7.728523413229478915e-07,7.670120637777881657e-07,7.570561576060972974e-07,7.422358641513610153e-07,7.207554694129313990e-07,7.002390150563479694e-07,6.804375940002778046e-07,6.610991343514257566e-07,6.419447410300651521e-07,6.226986479601652613e-07,6.031036851958165679e-07,5.829312216219100407e-07,5.619905139236968139e-07,5.401373867509331536e-07,5.172814937309056830e-07,4.933915493627868123e-07,4.684981465435597739e-07,4.426940477621462883e-07,4.161320633828536781e-07,3.890207493064618565e-07,3.616181685879300188e-07,3.342238594077706675e-07,3.071689455996369124e-07,2.808041912505198234e-07,2.554857726622973733e-07,2.315572327982236345e-07,2.093252108175678449e-07,1.890480087152685970e-07,1.689323573824106974e-07,1.495318758583796832e-07,1.312293575955013401e-07,1.142501280359185861e-07,9.868142601952085909e-08,8.449906901696877643e-08,7.160344681151248750e-08,5.986364959792955373e-08,4.916669945272830350e-08,3.947157016243000217e-08,3.087847837699740477e-08,2.374356252214971824e-08,1.884273261528147643e-08,1.719077901744682126e-08,1.879145835546963156e-08,2.225774986034121385e-08,2.628532015101939631e-08,3.018481661619616966e-08,3.364945106306078294e-08,3.655947564100316039e-08,3.888885107318381920e-08,4.065905434471911381e-08,4.191038299685944245e-08,4.268382097677185463e-08,4.301033773298192386e-08,4.290608597240226515e-08,4.237299988393537491e-08,4.140401515792670512e-08,3.999136628443512095e-08,3.813560502321075546e-08,3.585258947559313275e-08,3.317616398801231799e-08,3.015585222735532413e-08,2.685135726824086668e-08,2.332785483015808089e-08,1.965617151041862191e-08,1.591889243372507398e-08,1.221879602181963779e-08,8.684223398801342781e-09,5.473926109777702839e-09,2.834033033283579508e-09,1.620351758051436145e-09,2.517229776687720109e-09,3.597828584212669617e-09,4.286868582095564047e-09,4.565414486477270829e-09,4.506964709318368028e-09,4.208833797181151077e-09,3.767577279183834758e-09,3.266513306708276715e-09,2.773751444349073364e-09,2.351748511854532783e-09,2.074628331213675486e-09,2.033466678973800669e-09,2.307576845223206328e-09,2.960104167357190523e-09,4.165176314991629870e-09,6.630532629896970711e-09,1.112925345288593769e-08
1.494633946525298564e-08,2.351904785844928259e-08,3.227181567726404275e-08,4.011009108971334809e-08,4.633725568623585727e-08,5.113948168005035765e-08,5.490411192452843378e-08,5.791844375634960834e-08,6.036670986085650218e-08,6.237303765817177186e-08,6.402817564499984862e-08,6.540231467316019769e-08,6.655134883459281581e-08,6.752035480544241073e-08,6.834584254980885241e-08,6.905739533255930743e-08,6.967895360503564715e-08,7.022985601233554725e-08,7.072569496497383722e-08,7.117902167078896398e-08,7.159992583443739378e-08,7.199651037086728995e-08,7.237527835917515001e-08,7.274144697974190629e-08,7.309920099312473896e-08,7.345189636577759413e-08,7.380222293057973694e-08,7.415233349860442716e-08,7.450394560733145315e-08,7.485842108009509096e-08,7.521682775353103054e-08,7.557998707219914121e-08,7.594851072094184592e-08,7.632282903730264576e-08,7.670321359395594076e-08,7.708979604449594957e-08,7.748258506931565392e-08,7.788148302989469064e-08,7.828630373147276272e-08,7.869679250110244802e-08,7.911264960908132732e-08,7.953355789890991396e-08,7.995920286433918005e-08,8.038924467316044715e-08,8.082330383815247763e-08,8.126095505201288968e-08,8.170171944638436381e-08,8.214505479799890746e-08,8.259034305638330453e-08,8.303687437267294763e-08,8.348382655312195014e-08,8.393023852382208967e-08,8.437497594687626915e-08,8.481668653201108112e-08,8.525374178070529491e-08,8.568416079799483459e-08,8.610551034324514600e-08,8.651477371148623639e-08,8.690818135415251663e-08,8.728100820917870558e-08,8.762740613174197059e-08,8.794058631316331413e-08,8.837284366455207954e-08,8.892391627630007853e-08,8.959545436663693575e-08,9.038973506523353666e-08,9.130925729689727021e-08,9.235654839931588133e-08,9.353402548255135505e-08,9.484388559495871340e-08,9.628801809011879405e-08,9.786793493559620958e-08,9.958471401025506381e-08,1.014389495432374599e-07,1.034307046248225023e-07,1.055594633203307061e-07,1.078240831892197057e-07,1.102227513369677493e-07,1.127529472108723034e-07,1.154114132572019941e-07,1.181941324080840712e-07,1.210963136429891276e-07,1.241124190812356257e-07,1.272364839453935038e-07,1.304638381013917669e-07,1.335614832416166436e-07,1.367372371707937133e-07,1.400005348218843416e-07,1.433620038055683762e-07,1.468320111716738992e-07,1.504204550199996149e-07,1.541367887883320264e-07,1.579900603691131421e-07,1.619889423604988207e-07,1.661417541804071262e-07,1.704564770059364149e-07,1.749407592085462388e-07,1.796019070913342947e-07,1.844468558381346682e-07,1.894821186987223289e-07,1.947137168063270133e-07,2.001470953022110317e-07,2.057870317196084026e-07,2.116375399020837370e-07,2.177017701882456467e-07,2.239819110695543966e-07,2.304791512008311417e-07,2.371941216558807077e-07,2.441296539375950778e-07,2.509171399465140262e-07,2.579126636269068552e-07,2.651429491082430361e-07,2.726364972059704440e-07,2.804209698874944276e-07,2.885226776643517783e-07,2.969664553492182341e-07,3.057755510061121206e-07,3.149714785847940171e-07,3.245738249564897231e-07,3.346000042223401728e-07,3.450649503455507474e-07,3.559807377459635089e-07,3.673561208447935866e-07,3.791959876407016062e-07,3.915007280123704122e-07,4.042655230856840714e-07,4.174795661783444455e-07,4.311252282774414306e-07,4.451771844417267512e-07,4.596015316317642430e-07,4.743550321335171667e-07,4.893852936037578207e-07,5.046353506596684299e-07,5.193579558049000526e-07,5.341565121132581649e-07,5.489934483398358737e-07,5.638258348584966010e-07,5.786003746135466607e-07,5.932526022245789381e-07,6.077069208900688163e-07,6.218766929418188706e-07,6.356642171829841172e-07,6.489604941447450144e-07,6.616446858469463798e-07,6.735831833807718883e-07,6.846282036493360956e-07,6.946158427201142321e-07,7.033635159524925844e-07,7.106667166975656150e-07,7.162950297840896067e-07,7.199873433915587945e-07,7.214462077520524928e-07,7.203312867122900150e-07,7.162518638893450021e-07,7.087586380524324886e-07,6.973368962415990877e-07,6.814109529379599993e-07,6.595089708993012627e-07,6.390017504785552317e-07,6.194509811700904790e-07,6.005298023237489241e-07,5.819538560276722535e-07,5.634668497606137827e-07,5.448399247032312532e-07,5.258749058455925033e-07,5.064091466792310274e-07,4.863207386170065988e-07,4.655331698357546188e-07,4.440187822088269771e-07,4.218006154913181119e-07,3.989524489387500405e-07,3.755970261992397383e-07,3.519025577926079891e-07,3.280776344044901587e-07,3.043646625766082862e-07,2.810318857875143553e-07,2.583640637982319515e-07,2.366520295738287631e-07,2.161817454023709822e-07,1.972258071647605178e-07,1.800492003603465670e-07,1.628069574103062929e-07,1.459382177950046227e-07,1.297785900687660343e-07,1.145536701060945976e-07,1.003876507560382090e-07,8.732186718840369877e-08,7.534133528620957120e-08,6.440725756615484481e-08,5.449310337827280438e-08,4.562260809659054030e-08,3.790924472109020959e-08,3.159233790920806484e-08,2.703613283526448366e-08,2.459373020794620972e-08,2.428799238270758719e-08,2.563320028382762439e-08,2.790692555409508826e-08,3.050116612288715908e-08,3.302605078817412672e-08,3.526603894684903540e-08,3.711738815959349310e-08,3.854220577046949799e-08,3.953681461564227231e-08,4.011134773757063703e-08,4.027762500614841495e-08,4.004297932706630750e-08,3.940881671841037213e-08,3.837290338572483583e-08,3.693412757339430406e-08,3.509810113057802686e-08,3.288179011381400605e-08,3.031572681223381982e-08,2.744342990631835230e-08,2.431922257386531034e-08,2.100691475141761806e-08,1.758176664776078314e-08,1.413646900938449700e-08,1.079029236169412435e-08,7.703945282127697257e-09,5.121872070193092631e-09,3.492709805301985328e-09,3.300507602580493598e-09,3.990395163459411329e-09,4.705518679865056251e-09,5.134539266533043884e-09,5.233398455921736440e-09,5.049761463443661699e-09,4.662578709092585023e-09,4.155072219847156222e-09,3.601758400723939462e-09,3.067079529353363442e-09,2.615727491387590731e-09,2.329754290558633973e-09,2.310509053605783092e-09,2.644997945941787017e-09,3.405473558263103071e-09,4.806330454960029338e-09,7.597585163840429568e-09,1.215125191078631605e-08
1.517919096569666892e-08,2.338249285290573955e-08,3.198990633399753891e-08,3.982686447679793590e-08,4.611204323177711281e-08,5.095350243902051268e-08,5.472621276619182952e-08,5.772748585378895859e-08,6.015122747883129519e-08,6.212750138203068116e-08,6.375042964481769418e-08,6.509212662785113363e-08,6.620957232474257645e-08,6.714841705164180288e-08,6.794542020357986122e-08,6.863020891413543988e-08,6.922664076133246263e-08,6.975389807474321069e-08,7.022737937020868919e-08,7.065942801607286218e-08,7.105992695989156282e-08,7.143678246231800377e-08,7.179631594485982070e-08,7.214358004783327316e-08,7.248261242197712029e-08,7.281663853901278417e-08,7.314823288276963336e-08,7.347944626281810645e-08,7.381190565619762758e-08,7.414689189835835000e-08,7.448539967436009262e-08,7.482818356701877279e-08,7.517579336370457993e-08,7.552860137584133942e-08,7.588682415796651614e-08,7.625054070486606184e-08,7.661970893910372802e-08,7.699418206497157575e-08,7.737372615023249045e-08,7.775804009940486182e-08,7.814677900069710540e-08,7.853958166565914806e-08,7.893608999597404756e-08,7.933591850340071684e-08,7.973863903660299119e-08,8.014377413602328088e-08,8.055078870241226539e-08,8.095907948189665705e-08,8.136796172386707281e-08,8.177665218193899766e-08,8.218424739621432459e-08,8.258969591440255224e-08,8.299176278950235352e-08,8.338898437361106716e-08,8.377961122903934165e-08,8.416153720172221737e-08,8.453221408729476645e-08,8.488855562769028520e-08,8.522684586769644140e-08,8.554269391336450615e-08,8.583113535108876032e-08,8.608708071120163960e-08,8.646149246921261117e-08,8.695314228284511634e-08,8.756249632651103066e-08,8.829094712362380941e-08,8.914034109644756104e-08,9.011269151379258183e-08,9.120998884063419927e-08,9.243406595816334230e-08,9.378649775680819526e-08,9.526852390415624813e-08,9.688098735528201230e-08,9.862428293156752439e-08,1.004983119476222862e-07,1.025024410490315198e-07,1.046354659077497144e-07,1.068955827256405781e-07,1.092803725996242808e-07,1.117868070030356421e-07,1.144112905397256992e-07,1.171497773298011175e-07,1.199980465941726170e-07,1.229523292111603412e-07,1.260105910495654576e-07,1.289472728478832928e-07,1.319635237816783929e-07,1.350663037369678058e-07,1.382642341800297871e-07,1.415664699923579590e-07,1.449821761644919958e-07,1.485203121204904923e-07,1.521895457773346613e-07,1.559982201965821285e-07,1.599543404896139948e-07,1.640655664395176891e-07,1.683392028297542437e-07,1.727821819390409877e-07,1.774010346720746184e-07,1.822018495852867574e-07,1.871902224321305161e-07,1.923712021722972092e-07,1.977492427270065097e-07,2.033281752070869879e-07,2.091112286352872360e-07,2.151011606753259351e-07,2.213006412382926280e-07,2.277132077726172172e-07,2.343453007800634004e-07,2.408419205093320363e-07,2.475452208121642948e-07,2.544767699386550904e-07,2.616606175168494888e-07,2.691212466315555316e-07,2.768825238343697206e-07,2.849671484511856726e-07,2.933963008086784403e-07,3.021893564915368469e-07,3.113636080008912528e-07,3.209339655129576330e-07,3.309126208620572649e-07,3.413086645150574431e-07,3.521276494004241971e-07,3.633711000539940860e-07,3.750359710712647445e-07,3.871140653856221309e-07,3.995914313781631496e-07,4.124477719575998420e-07,4.256559280295257291e-07,4.391815651080831032e-07,4.529833473327916633e-07,4.670142183190015536e-07,4.812247813743324956e-07,4.948990170168649013e-07,5.086123435556507302e-07,5.223206505773286670e-07,5.359765935123164845e-07,5.495257622515001264e-07,5.629048341292377497e-07,5.760407308520509983e-07,5.888501630187553652e-07,6.012392563296574445e-07,6.131030890167221107e-07,6.243250275063759289e-07,6.347757758067141230e-07,6.443120712448167404e-07,6.527749717004313115e-07,6.599876909995434072e-07,6.657529536353621210e-07,6.698498631708969030e-07,6.720303194409250742e-07,6.720150961987131917e-07,6.694898481707639856e-07,6.641016696964682254e-07,6.554576637890110452e-07,6.431289210118837854e-07,6.266670404414132693e-07,6.048340940760855004e-07,5.845302566544595130e-07,5.653238876604817235e-07,5.468786179262711291e-07,5.289158830739407306e-07,5.111966540423083531e-07,4.935146262436640908e-07,4.756951049225612132e-07,4.575966353016941743e-07,4.391137207008982312e-07,4.201795876162628229e-07,4.007683193940970588e-07,3.808959341068480153e-07,3.606201782952675523e-07,3.400389569743383903e-07,3.192874214640102708e-07,2.985337944996394955e-07,2.779740410317274071e-07,2.578255252530680794e-07,2.383198866449087202e-07,2.196955933502890360e-07,2.021911045924314338e-07,1.860405420980353792e-07,1.714745915812457781e-07,1.566804164981787199e-07,1.420200901923691028e-07,1.277883934935636652e-07,1.142033135878678555e-07,1.014089215759724875e-07,8.948726640163645914e-08,7.847681572823042132e-08,6.839512081549560432e-08,5.926321195570920381e-08,5.112900747505884506e-08,4.408605721384051856e-08,3.828012855877752097e-08,3.388757699499664877e-08,3.104443113197184757e-08,2.973572714933993362e-08,2.972837885437918589e-08,3.063118096974487607e-08,3.203154827563321643e-08,3.359429392847792495e-08,3.508811065345308132e-08,3.637092908472769566e-08,3.736465042501280862e-08,3.803111936639344493e-08,3.835390689106974384e-08,3.832642370672307879e-08,3.794510865871943230e-08,3.720665643226498702e-08,3.610836333138787769e-08,3.465059257764892759e-08,3.284019537050913942e-08,3.069367342035482562e-08,2.823914969270056323e-08,2.551693396667348366e-08,2.257947079283255055e-08,1.949225779970530158e-08,1.633737756809085662e-08,1.322067023973743286e-08,1.028367665954718128e-08,7.724040572121730256e-09,5.822450308164630383e-09,4.882890323512156001e-09,4.878768373794584017e-09,5.316841287817239700e-09,5.739968277126088937e-09,5.941874635260520891e-09,5.877272277535849361e-09,5.577843546962650009e-09,5.107309045323172022e-09,4.536834964472996229e-09,3.932995503373656725e-09,3.357299341063385277e-09,2.877252410776970696e-09,2.583281590390136889e-09,2.587537756809122135e-09,2.985338672891962410e-09,3.859820186192038723e-09,5.468270636340837660e-09,8.568484669132673507e-09,1.309267691301456173e-08
1.548122634623186473e-08,2.326146663825780361e-08,3.171020292212972593e-08,3.953028797013380002e-08,4.586871739780629508e-08,5.075122509409944235e-08,5.453467427904061842e-08,5.752471685552413763e-08,5.992502288184309234e-08,6.187191726626846287e-08,6.346310562765275159e-08,6.477273157185990537e-08,6.585891003232484067e-08,6.676788672552938245e-08,6.753667965517437784e-08,6.819496342467335617e-08,6.876651407074033399e-08,6.927035820529708193e-08,6.972170099067924403e-08,7.013267870304296443e-08,7.051296855361039181e-08,7.087028142447291831e-08,7.121075856071506918e-08,7.153928969517658173e-08,7.185976710620810941e-08,7.217528757825867772e-08,7.248831210110771615e-08,7.280079137399591073e-08,7.311426373875716556e-08,7.342993100741818643e-08,7.374871672778206013e-08,7.407131069970284375e-08,7.439820297379193777e-08,7.472971009765922119e-08,7.506599599327523737e-08,7.540708952950245063e-08,7.575290057869915444e-08,7.610323610286361400e-08,7.645781759470169333e-08,7.681630099784083138e-08,7.717830004751478398e-08,7.754341381162065459e-08,7.791124552049665461e-08,7.828136997192683018e-08,7.865331765925974014e-08,7.902656803657499328e-08,7.940054110245714502e-08,7.977458681755825710e-08,8.014797173373282574e-08,8.051986204201979381e-08,8.088930204140535363e-08,8.125518679676022669e-08,8.161622752021601537e-08,8.197090805259481387e-08,8.231743092966628531e-08,8.265365232884685862e-08,8.297700766656090605e-08,8.328443574870886928e-08,8.357232290130529187e-08,8.383651497259170705e-08,8.407248736705219171e-08,8.427580027830814194e-08,8.459475270197718969e-08,8.502792600633040166e-08,8.557537361025845271e-08,8.623808089899645324e-08,8.701753489253047076e-08,8.791543103315548196e-08,8.893347477265652459e-08,9.007324217269179979e-08,9.133607781982862413e-08,9.272301742864496496e-08,9.423472721342225828e-08,9.587145462106594893e-08,9.763298691488333068e-08,9.951861609531323205e-08,1.015271108265602355e-07,1.036566983462240846e-07,1.059050621647442100e-07,1.082693662596072528e-07,1.107463268239457235e-07,1.133323740378936389e-07,1.160239844639190076e-07,1.188183082423217708e-07,1.217141692136449016e-07,1.244938024709883286e-07,1.273515182450432299e-07,1.302934627292128042e-07,1.333273998637884813e-07,1.364618161557046293e-07,1.397053784794042243e-07,1.430666557491813312e-07,1.465539847636557072e-07,1.501754054198220267e-07,1.539386268341019895e-07,1.578510055953746875e-07,1.619195265216592806e-07,1.661507804953478448e-07,1.705509366196604083e-07,1.751257085946346012e-07,1.798803181840777647e-07,1.848194619464282007e-07,1.899472917216946467e-07,1.952674271918179542e-07,2.007830355842885415e-07,2.064970482612793446e-07,2.124126456472277419e-07,2.185342123727714623e-07,2.248688904538454923e-07,2.310758364358188973e-07,2.374829611714443131e-07,2.441094885369594133e-07,2.509769903092643566e-07,2.581077454363009526e-07,2.655236522631935953e-07,2.732455535536268788e-07,2.812927792591482697e-07,2.896827836591637603e-07,2.984308125578337044e-07,3.075495687443894871e-07,3.170488594994212008e-07,3.269352174163355420e-07,3.372114906284262292e-07,3.478764032463730228e-07,3.589240922288865744e-07,3.703436334371311150e-07,3.821185788090948840e-07,3.942265429838734028e-07,4.066389109681533220e-07,4.193208048094479020e-07,4.322315636709334791e-07,4.453261258936186512e-07,4.585575762567025391e-07,4.712420720664026468e-07,4.839264660210849906e-07,4.965655540144688293e-07,5.091113710549430909e-07,5.215101975070914568e-07,5.337006439199043276e-07,5.456125416081576713e-07,5.571662449484690464e-07,5.682720754576613797e-07,5.788297433350610047e-07,5.887276426869688940e-07,5.978419492388295565e-07,6.060354688904147095e-07,6.131562008320352221e-07,6.190355953395296349e-07,6.234865081259580527e-07,6.263008863023449970e-07,6.272472771267767751e-07,6.260683542103908132e-07,6.224788583552365515e-07,6.161647544829698947e-07,6.067851882281662284e-07,5.939801684031317817e-07,5.773885250928559408e-07,5.559344102559016090e-07,5.360241083330256450e-07,5.172697136259140866e-07,4.993590161791862434e-07,4.820343809897160599e-07,4.650781861353187712e-07,4.483055206411130143e-07,4.315616450586508040e-07,4.147220835895230558e-07,3.976939238166905854e-07,3.804173978444677561e-07,3.628671390363034258e-07,3.450527275437750634e-07,3.270183000778775328e-07,3.088411229020569471e-07,2.906291181130353615e-07,2.725173980142216754e-07,2.546639135954017845e-07,2.372443854017663057e-07,2.204467962074070713e-07,2.044659272074919693e-07,1.894987300104457112e-07,1.757415879440167344e-07,1.633897667374179975e-07,1.506880764001121230e-07,1.379467110292507425e-07,1.254289413673764819e-07,1.133424216180373272e-07,1.018396196793995270e-07,9.102531176531545626e-08,8.096900326153490841e-08,7.172015026220378476e-08,6.332391252753948165e-08,5.583485559616129663e-08,4.932533116398013534e-08,4.388392985002448725e-08,3.959817169016256440e-08,3.651833799036798970e-08,3.461201320815163671e-08,3.373705795461191644e-08,3.365911208469739177e-08,3.410620120830421085e-08,3.482503025008251925e-08,3.561305944945989334e-08,3.632534604195972304e-08,3.686690248238162093e-08,3.717926383577476705e-08,3.722749005520024096e-08,3.699045780406422890e-08,3.645460980424549710e-08,3.561076985199108393e-08,3.445344725289279486e-08,3.298193519090231325e-08,3.120240355994661774e-08,2.913017776037532613e-08,2.679160067102085160e-08,2.422535384367715184e-08,2.148375859051518792e-08,1.863509028975213394e-08,1.576799734634141088e-08,1.299865769884264482e-08,1.048020074014223768e-08,8.408677931304897726e-09,6.996119153166034796e-09,6.346789142620166198e-09,6.299501964232511198e-09,6.511817822079036750e-09,6.695851162948217690e-09,6.703403346315742582e-09,6.493971229795187973e-09,6.089460804672843811e-09,5.541637461852583645e-09,4.911430689868807747e-09,4.258672713409123165e-09,3.642800124470776371e-09,3.134750870866267072e-09,2.833866789303943879e-09,2.863734434654030470e-09,3.328558051671469936e-09,4.324318888314118677e-09,6.151347390743758637e-09,9.536411143985524797e-09,1.395437481139516975e-08
1.585185037528550483e-08,2.315814641727893114e-08,3.143444064044234272e-08,3.922183178932929209e-08,4.560750104660326662e-08,5.053229196472699297e-08,5.432910902304091212e-08,5.730987766728039844e-08,5.968796336143844434e-08,6.160625059630805440e-08,6.316624479376126807e-08,6.444423219125441373e-08,6.549951635363367677e-08,6.637896277372610643e-08,6.711985884018911549e-08,6.775193134388247055e-08,6.829887698280865785e-08,6.877956797209868747e-08,6.920901727848486196e-08,6.959915536314179802e-08,6.995945517627922363e-08,7.029743388514778195e-08,7.061905436881560464e-08,7.092904536306126107e-08,7.123115574458481934e-08,7.152835561320882156e-08,7.182299448257097417e-08,7.211692496864599260e-08,7.241159881684265259e-08,7.270814087553018948e-08,7.300740565021073350e-08,7.331002030561767225e-08,7.361641737646495094e-08,7.392685996240688369e-08,7.424146178741585766e-08,7.456020417361118105e-08,7.488295169610652943e-08,7.520946803559178078e-08,7.553943332071624855e-08,7.587246404869496632e-08,7.620813648972555194e-08,7.654601432268478533e-08,7.688566710162169337e-08,7.722663593220833717e-08,7.756841734278866259e-08,7.791045684352106985e-08,7.825214091895308194e-08,7.859278701024442938e-08,7.893163091963803350e-08,7.926781091655078532e-08,7.960034763944237676e-08,7.992811867367058556e-08,8.024982646021251978e-08,8.056395800378337770e-08,8.086873482694817709e-08,8.116205205385657739e-08,8.144140707741770149e-08,8.170382248580411783e-08,8.194577813344881008e-08,8.216319028906569673e-08,8.235152317651762823e-08,8.250619592127243739e-08,8.277215419058062419e-08,8.314809180708684406e-08,8.363419206456519360e-08,8.423146783970253384e-08,8.494134526735033282e-08,8.576540621670362982e-08,8.670521661408351828e-08,8.776220394771879797e-08,8.893756602897829349e-08,9.023220129431479086e-08,9.164665441962291685e-08,9.318107270914260305e-08,9.483517015033289949e-08,9.660819775250665165e-08,9.849892073367263706e-08,1.005056050406012637e-07,1.026260177015914121e-07,1.048574487242944663e-07,1.071967694692651461e-07,1.096405593851828037e-07,1.121853713400396603e-07,1.148282818286879750e-07,1.175679409558816755e-07,1.201941385734992163e-07,1.228946781050232309e-07,1.256758877157169069e-07,1.285455874532559881e-07,1.315121555943270729e-07,1.345840559368920756e-07,1.377696160584643106e-07,1.410769194454769780e-07,1.445137475368069731e-07,1.480875437195901490e-07,1.518053867910189222e-07,1.556739675758278282e-07,1.596995649196022971e-07,1.638880190770657915e-07,1.682447027012467580e-07,1.727744922042481454e-07,1.774817448517194732e-07,1.823702897659866120e-07,1.874434457947277290e-07,1.927040903961365159e-07,1.981548303344101514e-07,2.037983851325862027e-07,2.096384121411928218e-07,2.156811058502580992e-07,2.215993667470358130e-07,2.277074225332698522e-07,2.340238278070940065e-07,2.405692496099434143e-07,2.473647800784807669e-07,2.544309539961896775e-07,2.617871470222166062e-07,2.694511387298659166e-07,2.774387393106083117e-07,2.857634363885222696e-07,2.944360434206554882e-07,3.034643410242794744e-07,3.128527065080818819e-07,3.226017299151938097e-07,3.327078189511027953e-07,3.431628001196047078e-07,3.539535284247792965e-07,3.650615233961253674e-07,3.764626582496457866e-07,3.881269500256672912e-07,4.000185479332512411e-07,4.120961265255343594e-07,4.243141006373236988e-07,4.366252607550519163e-07,4.483770680485128068e-07,4.600890366455810198e-07,4.717180261248722747e-07,4.832184011297702435e-07,4.945389968777991865e-07,5.056214080282557711e-07,5.163990050720118119e-07,5.267962624161231186e-07,5.367281830733212257e-07,5.460997068478689079e-07,5.548050352571536096e-07,5.627268282026634771e-07,5.697352405487085352e-07,5.756867797933350331e-07,5.804229830336960559e-07,5.837689344721093674e-07,5.855316764542595024e-07,5.854986143042965831e-07,5.834360943368482288e-07,5.790884799037879871e-07,5.721783305554260355e-07,5.624088357630221821e-07,5.494706811009381021e-07,5.330571031506662599e-07,5.122027899827824704e-07,4.928373119812104813e-07,4.746238857083164876e-07,4.572920267315928696e-07,4.406166761483964633e-07,4.244064797577651633e-07,4.084984079880928150e-07,3.927558928638469270e-07,3.770688059446236171e-07,3.613542793115367598e-07,3.455577243915638839e-07,3.296536088543041452e-07,3.136456934278119891e-07,2.975665426412405619e-07,2.814762171059862598e-07,2.654601315649854761e-07,2.496261238920056430e-07,2.341008321727284796e-07,2.190255358786610774e-07,2.045517101731588638e-07,1.908367097318976712e-07,1.780403073542053822e-07,1.663233323607067701e-07,1.558498400059589938e-07,1.449329306931557563e-07,1.338487869429551281e-07,1.228376550916618263e-07,1.120963906658846137e-07,1.017784519315676242e-07,9.199904962000513619e-08,8.284361856945274745e-08,7.437793648629724425e-08,6.665813953589776273e-08,5.973870035292024804e-08,5.367619846285244607e-08,4.852657052602106929e-08,4.433406756240065764e-08,4.111259306391374941e-08,3.882520003457975228e-08,3.737262914719793224e-08,3.660033013552311707e-08,3.632292842703480095e-08,3.635434520893679979e-08,3.653099829571434661e-08,3.672298303368922857e-08,3.683505517057538866e-08,3.680099474749437787e-08,3.657581526019594164e-08,3.612896180301743893e-08,3.543940365834899633e-08,3.449276907870444101e-08,3.328031784860213140e-08,3.179935719674417784e-08,3.005459702981606999e-08,2.805992488313762412e-08,2.584021321399125076e-08,2.343307314554675881e-08,2.089085511893278123e-08,1.828345023300709080e-08,1.570226356156605727e-08,1.326470406418535420e-08,1.111556740356500235e-08,9.413976619238555050e-09,8.283688831773722892e-09,7.725246028485331249e-09,7.575259330596562112e-09,7.592601622565507910e-09,7.577804228450096855e-09,7.419429024463796700e-09,7.082794368348536316e-09,6.583618280183265016e-09,5.964364781464616397e-09,5.277508091638663693e-09,4.577372556620913134e-09,3.922180432560204488e-09,3.386922299863983418e-09,3.080477431843625964e-09,3.138579505406166670e-09,3.674895522326932367e-09,4.800303834368204701e-09,6.855210065772490458e-09,1.049440347881633873e-08,1.473892015576476630e-08
1.628738640967191150e-08,2.307506783385782093e-08,3.116422908484604348e-08,3.890305450078713202e-08,4.532875157133090796e-08,5.029639941495966804e-08,5.410913136100353999e-08,5.708269759509036401e-08,5.943990600792097371e-08,6.133045997304261561e-08,6.285988407837033161e-08,6.410672811146258645e-08,6.513154301783128802e-08,6.598184138775702604e-08,6.669519257288723754e-08,6.730138150221641633e-08,6.782402867391235130e-08,6.828185398706752944e-08,6.868968000804467446e-08,6.905923320125674352e-08,6.939978419113185630e-08,6.971865848345933496e-08,7.002164273011910875e-08,7.031330685546383739e-08,7.059725853459632435e-08,7.087634337536327824e-08,7.115280158973865069e-08,7.142838986578018621e-08,7.170447549568212622e-08,7.198210850822470196e-08,7.226207652879319268e-08,7.254494628739659297e-08,7.283109506337444858e-08,7.312073485222040004e-08,7.341393163125191207e-08,7.371062176057604853e-08,7.401062726461191185e-08,7.431367148384226330e-08,7.461939635804602333e-08,7.492738239708350277e-08,7.523717221370626954e-08,7.554829833952283861e-08,7.586030149058009448e-08,7.617269488375393479e-08,7.648494816949737710e-08,7.679648163828286132e-08,7.710665907458300861e-08,7.741477888116461375e-08,7.772006299088560853e-08,7.802164294962686870e-08,7.831854238566939476e-08,7.860965486912421771e-08,7.889371589812763235e-08,7.916926740801548098e-08,7.943461275305513640e-08,7.968775949930209088e-08,7.992634651429394247e-08,8.014755081668918925e-08,8.034796969509081988e-08,8.052348174699468708e-08,8.066913702838365046e-08,8.077931632746252024e-08,8.099452579727632854e-08,8.131422232931788070e-08,8.173938194400184213e-08,8.227146567395845564e-08,8.291210137149871523e-08,8.366293445203034054e-08,8.452551938575522952e-08,8.550123189172739176e-08,8.659119818007141042e-08,8.779623913968342998e-08,8.911682671626202595e-08,9.055304906176496359e-08,9.210458144348092637e-08,9.377066143800116138e-08,9.555006889568266886e-08,9.744111257651869655e-08,9.944162545476494933e-08,1.015489694145502973e-07,1.037600484229905053e-07,1.060713301516806416e-07,1.084788983694184533e-07,1.109787122256420381e-07,1.135678593219006371e-07,1.160438460376238144e-07,1.185879720797940445e-07,1.212080600860957789e-07,1.239129375074795036e-07,1.267113632914356041e-07,1.296118345373185690e-07,1.326225581980152006e-07,1.357514332126708534e-07,1.390060271698066135e-07,1.423935505681491029e-07,1.459208317692506223e-07,1.495942932834913529e-07,1.534199279755236961e-07,1.574032735886376399e-07,1.615493857142078379e-07,1.658628118342791824e-07,1.703475707420119920e-07,1.750071411960431637e-07,1.798444609627549657e-07,1.848619340203506846e-07,1.900614443021679061e-07,1.954444087868364968e-07,2.010121400010254974e-07,2.067677288929092393e-07,2.123980180197922810e-07,2.182035856966264083e-07,2.242044739345665586e-07,2.304220708700715943e-07,2.368771983057666263e-07,2.435895632857472819e-07,2.505774481308104396e-07,2.578573971443693426e-07,2.654438786225262941e-07,2.733489318842018474e-07,2.815818090484046591e-07,2.901486161979278792e-07,2.990519539769612484e-07,3.082905570304821469e-07,3.178589353076056430e-07,3.277470255708464343e-07,3.379398647545019070e-07,3.484172951895427071e-07,3.591537051808139823e-07,3.701178008874466842e-07,3.812724062373346264e-07,3.925743489532212033e-07,4.039749062726456045e-07,4.154229279124950153e-07,4.262972778218179621e-07,4.370904178263943366e-07,4.477652281389548480e-07,4.582813890459288338e-07,4.685919467955091581e-07,4.786424023563987819e-07,4.883702678443654162e-07,4.977046337499167959e-07,5.065656858619669654e-07,5.148641656134232325e-07,5.225007685894419762e-07,5.293654709639308659e-07,5.353367718903257154e-07,5.402808464895514960e-07,5.440506197263336375e-07,5.464847931868718560e-07,5.474068803707665581e-07,5.466243283919069348e-07,5.439278244821412340e-07,5.390909062011990144e-07,5.318700197061445014e-07,5.220052681153365464e-07,5.092227317020141404e-07,4.932421658425733785e-07,4.731641495526815854e-07,4.544502808765485576e-07,4.368317056337833689e-07,4.200974310590965438e-07,4.040641322828501224e-07,3.885699451774961283e-07,3.734737663457528912e-07,3.586557179950938677e-07,3.440180066361693351e-07,3.294859172091353263e-07,3.150087177376730704e-07,3.005602589003461230e-07,2.861390842857117363e-07,2.717679196008750872e-07,2.574924725742942993e-07,2.433795376574727582e-07,2.295144519674373782e-07,2.159979879093054914e-07,2.029427987977093200e-07,1.904695711889636436e-07,1.787031045501902134e-07,1.677687763647121970e-07,1.577911724951560075e-07,1.489017107152629159e-07,1.394936873550769736e-07,1.298259843156769592e-07,1.201230927820374483e-07,1.105710101109018661e-07,1.013190544446327465e-07,9.248447596195322789e-08,8.415866191884578410e-08,7.641398700536530954e-08,6.931022543207896972e-08,6.289929727683043621e-08,5.722709045611664335e-08,5.233130837253627977e-08,4.823499050137489999e-08,4.493682774187128073e-08,4.240150799043751430e-08,4.055487610289770970e-08,3.928775849441828938e-08,3.846839548612367740e-08,3.795908675446395594e-08,3.763126309393481803e-08,3.737525654120477091e-08,3.710410729522925439e-08,3.675219311077825353e-08,3.627118755479667849e-08,3.562584214537830964e-08,3.479059280573650372e-08,3.374738325462421585e-08,3.248475052701020408e-08,3.099800972515249330e-08,2.929025558180438066e-08,2.737386187884359335e-08,2.527222409429867736e-08,2.302165148110418622e-08,2.067349204474792729e-08,1.829657631208647915e-08,1.597958018970579022e-08,1.383145499089306507e-08,1.197500365675760903e-08,1.052457061627163564e-08,9.541562621396940519e-09,8.987391113450822260e-09,8.723736688104184595e-09,8.574189859241135757e-09,8.392395805912159687e-09,8.092058156477538986e-09,7.643927732214696795e-09,7.059640974497152909e-09,6.374400445131419197e-09,5.633798224298683993e-09,4.887793977753473078e-09,4.194193046574927679e-09,3.632651105596857675e-09,3.322287712056839234e-09,3.411759776405287779e-09,4.024810219957573936e-09,5.289151401861810380e-09,7.578733818396676238e-09,1.143558634143926825e-08,1.545045844682076517e-08
1.678154140185615066e-08,2.301506039363115664e-08,3.090106882119301116e-08,3.857557799600496772e-08,4.503296302832737093e-08,5.004330860792807216e-08,5.387436350419860825e-08,5.684289590016404622e-08,5.918069746064716710e-08,6.104449664355339855e-08,6.254405546688673940e-08,6.376031525448748982e-08,6.475513846848424592e-08,6.557671538995404113e-08,6.626291192522084858e-08,6.684357844829373980e-08,6.734226340180115239e-08,6.777753724783055214e-08,6.816403460599205853e-08,6.851328031426601458e-08,6.883434507160089969e-08,6.913436516680722012e-08,6.941895349081229765e-08,6.969252361465439901e-08,6.995854443714753483e-08,7.021973945163797639e-08,7.047824189321936911e-08,7.073571479821236409e-08,7.099344324436038748e-08,7.125240465856736684e-08,7.151332200257572455e-08,7.177670380875501491e-08,7.204287438161716652e-08,7.231199695973983081e-08,7.258409221118045400e-08,7.285905408556953296e-08,7.313666474769246045e-08,7.341661005664320050e-08,7.369849682311947522e-08,7.398187287150685838e-08,7.426625075399240488e-08,7.455113581656083476e-08,7.483604440401456906e-08,7.512046715308896324e-08,7.540385326572470523e-08,7.568560566470230598e-08,7.596507509512190556e-08,7.624155288361946820e-08,7.651426198518592670e-08,7.678234584036539478e-08,7.704485442276593541e-08,7.730072665911037356e-08,7.754876811390996411e-08,7.778762236854865440e-08,7.801573371120876522e-08,7.823129717215326541e-08,7.843218859074399556e-08,7.861585989576118972e-08,7.877916764180535151e-08,7.891806579554697917e-08,7.902703462174759536e-08,7.909818430960147792e-08,7.926402337371884249e-08,7.952756584805065019e-08,7.989161906677215578e-08,8.035841546493832424e-08,8.092993916103025531e-08,8.160801297245008739e-08,8.239427299831306853e-08,8.329011907909440955e-08,8.429666658058212039e-08,8.541470720764954148e-08,8.664467956619781656e-08,8.798664609146296703e-08,8.944027229036272842e-08,9.100480630538656980e-08,9.267905975325751397e-08,9.446139247549081943e-08,9.634970206556272262e-08,9.834141226032937505e-08,1.004334409191992326e-07,1.026220942178093749e-07,1.049027302093444540e-07,1.072689413642445526e-07,1.097123460697535547e-07,1.120411953005119073e-07,1.144277703529655081e-07,1.168849198565303982e-07,1.194235694187863202e-07,1.220530669662752171e-07,1.247819842725304752e-07,1.276184366100820894e-07,1.305701706125107448e-07,1.336445723757188933e-07,1.368486488431805921e-07,1.401890036222984004e-07,1.436718144127723417e-07,1.473028111161040583e-07,1.510872514884796313e-07,1.550298936083600150e-07,1.591349684607693449e-07,1.634061579818688015e-07,1.678465803048300244e-07,1.724587721861019689e-07,1.772446360226097443e-07,1.822052637523777140e-07,1.873403900677303101e-07,1.926470836817435743e-07,1.981193456329724315e-07,2.034625298946372963e-07,2.089595905331359652e-07,2.146377321804001506e-07,2.205209186658851446e-07,2.266301878101520493e-07,2.329846674336562797e-07,2.396018010815302264e-07,2.464971817635128865e-07,2.536842416682490788e-07,2.611738916859517205e-07,2.689741535788088830e-07,2.770898020417523961e-07,2.855220174021987614e-07,2.942680451781741773e-07,3.033208644720731698e-07,3.126688766025439865e-07,3.222956298617309215e-07,3.321795876499764873e-07,3.422939212939858253e-07,3.526062635392685837e-07,3.630782587694061098e-07,3.736644658956966537e-07,3.843099157456910544e-07,3.949492068882757271e-07,4.050002060060723193e-07,4.149212851792036521e-07,4.246916888193281492e-07,4.342797953362965836e-07,4.436437169985667717e-07,4.527332431214540587e-07,4.614903915806773761e-07,4.698492748098466677e-07,4.777357140214006633e-07,4.850667558903299063e-07,4.917501538654736141e-07,4.976838353672516039e-07,5.027553544193215609e-07,5.068413288180662774e-07,5.098068782051533264e-07,5.115051040493424022e-07,5.117766712793282670e-07,5.104495492016143555e-07,5.073389296288285463e-07,5.022472310554272436e-07,4.949638015856250309e-07,4.852631132705003508e-07,4.728987518520122585e-07,4.575923272695484168e-07,4.384697660686054134e-07,4.204542143885599760e-07,4.034321123699385080e-07,3.872797026863914435e-07,3.718595006985763764e-07,3.570379988121934398e-07,3.426939738103330405e-07,3.287220515253088401e-07,3.150347109770404561e-07,3.015636845540621227e-07,2.882609707912494087e-07,2.750994432877359932e-07,2.620729617923323646e-07,2.491958952080492580e-07,2.365020127060182136e-07,2.240427574236123820e-07,2.118849656652128516e-07,2.001081168017469973e-07,1.888011886174533139e-07,1.780591524599971391e-07,1.679789679537329838e-07,1.586541867784320653e-07,1.501667521041750975e-07,1.425871593684483993e-07,1.344282218109692212e-07,1.259508261872328658e-07,1.173676804170037694e-07,1.088520694361763734e-07,1.005445851067857429e-07,9.255839548965782636e-08,8.498415210747841984e-08,7.789471406253831376e-08,7.134928546386646372e-08,6.539631153386344130e-08,6.007447042398501196e-08,5.541132628761030560e-08,5.141972367033910265e-08,4.809281384728970001e-08,4.539951156165952286e-08,4.328266211922816176e-08,4.166164025292919022e-08,4.043944045099351136e-08,3.951242998807979943e-08,3.878002866610220605e-08,3.815208909307929420e-08,3.755299675681795377e-08,3.692220152588708154e-08,3.621243472148588890e-08,3.538736284576465513e-08,3.441949093572905873e-08,3.328873522828540412e-08,3.198182205507016234e-08,3.049248994249133004e-08,2.882235747194426180e-08,2.698226544679408196e-08,2.499390977166257532e-08,2.289163187165310363e-08,2.072424896643848084e-08,1.855662246807251823e-08,1.647002871088803493e-08,1.455905982188259069e-08,1.292093396288263988e-08,1.163286639726897001e-08,1.072015656069714814e-08,1.013370301204902174e-08,9.761115282400704331e-09,9.469018702763287455e-09,9.145981373566039304e-09,8.723774938269905053e-09,8.177830655163597506e-09,7.516983027647363800e-09,6.770729625796489865e-09,5.979113478412311432e-09,5.188737847566887261e-09,4.457709182825097628e-09,3.870954827990021800e-09,3.558620706649143782e-09,3.683123447837332007e-09,4.378948091381736590e-09,5.792170741835712979e-09,8.320004448353273637e-09,1.235338869031555104e-08,1.609453166882284883e-08
1.732604042277920617e-08,2.298113966174717714e-08,3.064637601620994348e-08,3.824106245997793794e-08,4.472076521445918179e-08,4.977285581856606431e-08,5.362444228002246786e-08,5.659018390877387487e-08,5.891017387517949639e-08,6.074830387628756908e-08,6.221878530137286392e-08,6.340508518106040783e-08,6.437044723637742833e-08,6.516377361835556893e-08,6.582324361126590688e-08,6.637878182674317431e-08,6.685386987466507995e-08,6.726693249778190798e-08,6.763241950280087931e-08,6.796165703500369928e-08,6.826351873832527504e-08,6.854495452147903806e-08,6.881140630693720847e-08,6.906713404020591639e-08,6.931547049034696940e-08,6.955901959347511395e-08,6.979981007690724516e-08,7.003941371521589196e-08,7.027903569775012497e-08,7.051958313107654360e-08,7.076171657224727743e-08,7.100588861538591168e-08,7.125237287306399804e-08,7.150128615570981986e-08,7.175260621819400058e-08,7.200618708364805687e-08,7.226177364945920284e-08,7.251901701500384981e-08,7.277749173660936289e-08,7.303671600916691772e-08,7.329617559729210820e-08,7.355535219831982642e-08,7.381374169615770681e-08,7.407081672454745302e-08,7.432601150530848981e-08,7.457871818557412412e-08,7.482828248376496498e-08,7.507399846389136494e-08,7.531510220589463388e-08,7.555076406976163707e-08,7.578007915284326018e-08,7.600205539356939437e-08,7.621559854090175037e-08,7.641949280341097770e-08,7.661237522887633111e-08,7.679270030958452215e-08,7.695868785494257791e-08,7.710823866325323548e-08,7.723877848006977617e-08,7.734691069129297181e-08,7.742744540764223775e-08,7.746998642464344471e-08,7.758417424983012875e-08,7.778970358728692408e-08,7.809158867517370419e-08,7.849251302324920856e-08,7.899473578243865659e-08,7.960028804396734673e-08,8.031094221671164413e-08,8.112817530228067084e-08,8.205313551920294047e-08,8.308661904368715605e-08,8.422905816454355294e-08,8.548051406486671635e-08,8.684066639969515026e-08,8.830879627471443839e-08,8.988376531543793549e-08,9.156399766124404006e-08,9.334746961540997727e-08,9.523170097138609150e-08,9.721373107388937377e-08,9.929004220857306655e-08,1.014560842932914634e-07,1.037032905579829990e-07,1.060015273711949738e-07,1.081889146868359577e-07,1.104113758578229614e-07,1.127012566479512997e-07,1.150712522562216559e-07,1.175305122035782133e-07,1.200873752929978739e-07,1.227497869186070479e-07,1.255253405569982483e-07,1.284212642559660382e-07,1.314443880261886972e-07,1.346011134167159257e-07,1.378973931195664860e-07,1.413387142313476876e-07,1.449300758868039455e-07,1.486759580796250217e-07,1.525802876435795402e-07,1.566464133914479133e-07,1.608770981252940698e-07,1.652745170409174328e-07,1.698402320589221913e-07,1.745750730626284382e-07,1.794783825772134046e-07,1.845433705688629920e-07,1.897300700920695777e-07,1.947915903796788491e-07,1.999659223876941668e-07,2.053104751166643949e-07,2.108514138764554068e-07,2.166089188130456952e-07,2.226012565488847065e-07,2.288451438239916904e-07,2.353554823251149690e-07,2.421449845637201169e-07,2.492237651350977350e-07,2.565989476728025051e-07,2.642743080383426737e-07,2.722499431531560748e-07,2.805219482606363248e-07,2.890820999622385164e-07,2.979175644744085569e-07,3.070106643565905153e-07,3.163387255187201376e-07,3.258739830965282864e-07,3.355834770315178887e-07,3.454287932113516139e-07,3.553646789654207333e-07,3.653308289647269467e-07,3.752044845056117917e-07,3.844931349167744210e-07,3.935717821913962550e-07,4.024780590001017910e-07,4.111883884144476562e-07,4.196639511125929920e-07,4.278582137800601140e-07,4.357177677218613692e-07,4.431820590710573093e-07,4.501829453012238825e-07,4.566442052311825536e-07,4.624810809745591006e-07,4.675998854471973291e-07,4.718976653126888139e-07,4.752619053083618784e-07,4.775702890874457727e-07,4.786905725731133619e-07,4.784806546870513699e-07,4.767889206746808765e-07,4.734548652281207561e-07,4.683098816965556196e-07,4.611778230256294652e-07,4.518733474121903731e-07,4.401884665019933023e-07,4.258188941807212511e-07,4.079558153429032041e-07,3.905383755563425522e-07,3.740343623822988601e-07,3.584093228346062528e-07,3.435523245510672895e-07,3.293483900650858039e-07,3.156912461423141976e-07,3.024868431157156461e-07,2.896555672250706573e-07,2.771338426957342889e-07,2.648752768919770347e-07,2.528513753681696493e-07,2.410517406304592917e-07,2.294836620504580010e-07,2.181710654184665421e-07,2.071528675707625068e-07,1.964808434767597046e-07,1.862171261094101999e-07,1.764314050362858460e-07,1.671978749360757826e-07,1.585920089047244647e-07,1.506846828114566240e-07,1.435159057495073197e-07,1.369426524444690965e-07,1.297703448295619204e-07,1.222683344683394064e-07,1.146287272918152805e-07,1.070053635253963037e-07,9.952488169886658703e-08,9.229155083727364439e-08,8.539071938477222035e-08,7.889185065151100966e-08,7.285108545381265736e-08,6.731298839014272513e-08,6.231113229254582756e-08,5.786735393920825841e-08,5.398984654656695456e-08,5.067069125156287100e-08,4.788383468563738418e-08,4.558466312831912156e-08,4.371199663168562006e-08,4.219254808773722864e-08,4.094700778478518573e-08,3.989639595934152108e-08,3.896741218689189035e-08,3.809599604476710526e-08,3.722852237426311103e-08,3.632123118384385804e-08,3.533907989175927633e-08,3.425460001585589054e-08,3.304710938758101785e-08,3.170245732443990827e-08,3.021334411166152556e-08,2.858015739671652545e-08,2.681220465679135006e-08,2.492918751148214997e-08,2.296273570016174227e-08,2.095772919227315816e-08,1.897286608877343778e-08,1.707934585653648923e-08,1.535564945249524351e-08,1.387584242097885944e-08,1.269051381018270896e-08,1.180567551596297357e-08,1.117280034747024039e-08,1.070114125130474890e-08,1.028726721790084908e-08,9.844130100180120680e-09,9.316925015867816507e-09,8.684984723813091965e-09,7.955147917679729860e-09,7.152401165143900012e-09,6.312346104550470291e-09,5.479095332745385892e-09,4.711694660866242116e-09,4.100952571413315068e-09,3.788916486997350155e-09,3.952660151385342985e-09,4.738117699213218333e-09,6.310497182553624760e-09,9.076350843844950566e-09,1.324174358537775101e-08,1.667787491798313185e-08
1.791132087479264237e-08,2.297636237939156245e-08,3.040151244338953398e-08,3.790118254118134229e-08,4.439291968151007983e-08,4.948496197913741030e-08,5.335902652263421430e-08,5.632426771788428965e-08,5.862816115834874869e-08,6.044181640871940403e-08,6.188409358987977295e-08,6.304112442207199293e-08,6.397760930544367073e-08,6.474320031175435110e-08,6.537640937810099286e-08,6.590724576750855540e-08,6.635913063573990416e-08,6.675034760527193020e-08,6.709516550698469763e-08,6.740471530231344283e-08,6.768767692596694801e-08,6.795081713706952713e-08,6.819941000718419507e-08,6.843756485093872248e-08,6.866848117150786742e-08,6.889464608008493575e-08,6.911798640411059089e-08,6.933998515386646908e-08,6.956177003634326937e-08,6.978418017459726281e-08,7.000781601230685422e-08,7.023307647490212645e-08,7.046018675347246394e-08,7.068921952245597572e-08,7.092011195585567200e-08,7.115268053879133727e-08,7.138663535969656648e-08,7.162159529879427779e-08,7.185710529221236748e-08,7.209265664526159148e-08,7.232771119513993485e-08,7.256172998990823587e-08,7.279419166290983653e-08,7.302455450733475511e-08,7.325224203841699813e-08,7.347664066100685123e-08,7.369709704930485736e-08,7.391291517853160016e-08,7.412335293225385962e-08,7.432761818641971561e-08,7.452486423691940043e-08,7.471418438226694413e-08,7.489460537921848330e-08,7.506507932613419372e-08,7.522447325097182004e-08,7.537155525567281411e-08,7.550497566705245057e-08,7.562324260662742683e-08,7.572470089992828384e-08,7.580757697368987330e-08,7.587042661413143192e-08,7.591470201484570109e-08,7.595817059919831218e-08,7.610150298939280411e-08,7.633958072216964249e-08,7.667363909938685202e-08,7.710602219971177670e-08,7.763900561792090078e-08,7.827453987356053660e-08,7.901421709513469243e-08,7.985924575350259244e-08,8.081044208734639050e-08,8.186824269993095214e-08,8.303272106812522562e-08,8.430359086447144324e-08,8.568018965350632134e-08,8.716144934547782896e-08,8.874587070319064360e-08,9.043151910488377620e-08,9.221603574250049668e-08,9.409665912539222232e-08,9.607052350986126918e-08,9.813615403828528261e-08,1.003003688516459446e-07,1.024304418460663202e-07,1.045022293499470715e-07,1.065341169845722681e-07,1.086502186841521579e-07,1.108489070177154780e-07,1.131364120501528212e-07,1.155204334324275651e-07,1.180087134873538257e-07,1.206087117108343924e-07,1.233275338570909913e-07,1.261718641377712153e-07,1.291479208561639231e-07,1.322614447128704639e-07,1.355176966231320087e-07,1.389214406252654925e-07,1.424769032422368163e-07,1.461877211165384248e-07,1.500569058566637427e-07,1.540868535890953921e-07,1.582793899669933190e-07,1.626358407791608357e-07,1.671575134305337187e-07,1.718479846669942277e-07,1.767236315817928645e-07,1.815869399207582322e-07,1.864045890404520422e-07,1.912107827725010962e-07,1.962077283868761031e-07,2.013984642131712237e-07,2.067981916385913751e-07,2.124239017179758393e-07,2.182917989338874032e-07,2.244164203201498444e-07,2.308101258047705199e-07,2.374825930646069772e-07,2.444403803777169646e-07,2.516865823904289727e-07,2.592205323120674108e-07,2.670374988936595343e-07,2.751283635430403865e-07,2.834793134332638019e-07,2.920716263971294547e-07,3.008816156666637003e-07,3.098807149258830479e-07,3.190356567498802220e-07,3.283093720200513392e-07,3.376650175883500466e-07,3.470843528388099706e-07,3.561725617606543453e-07,3.648170331444031207e-07,3.730237292926275050e-07,3.810973454414407449e-07,3.889763236159980758e-07,3.966173343135219177e-07,4.039766258101612667e-07,4.110055688160660472e-07,4.176493163510142564e-07,4.238461748828666942e-07,4.295270284501561109e-07,4.346149067789832277e-07,4.390247423464928223e-07,4.426632569497473655e-07,4.454289175580804433e-07,4.472119637699060109e-07,4.478945899159735870e-07,4.473514304076969602e-07,4.454504997305136842e-07,4.420546367520438137e-07,4.370234770826791954e-07,4.302168642358438866e-07,4.215029352481701863e-07,4.107856389072445427e-07,3.975925580080405828e-07,3.819131572641659921e-07,3.644194517772685580e-07,3.482721114798875377e-07,3.330997880049696583e-07,3.187443835096072331e-07,3.050953826236294129e-07,2.920567357689137430e-07,2.795424478878723327e-07,2.674783236601351953e-07,2.558036325403725507e-07,2.444723686728108483e-07,2.334541625202109748e-07,2.227346582157708891e-07,2.123151934154823307e-07,2.022117464409807474e-07,1.924532431090478332e-07,1.830794261127148906e-07,1.741385122328864398e-07,1.656846566605236911e-07,1.577752535906352928e-07,1.504709344437310175e-07,1.438469102327376501e-07,1.380539593561515298e-07,1.319698243904903215e-07,1.255128895992785247e-07,1.187916838002320318e-07,1.119387322884079832e-07,1.050773922241550150e-07,9.831556897709018404e-08,9.174527147209089718e-08,8.544364637363140157e-08,7.947440196958469121e-08,7.388915711255596928e-08,6.872838863859172753e-08,6.402174937066154348e-08,5.978768151068567976e-08,5.603246417150998807e-08,5.274907345577066587e-08,4.991642213127018562e-08,4.749958157419337520e-08,4.545139759774054838e-08,4.371552055135261668e-08,4.223042938326490820e-08,4.093373976613381711e-08,3.976606845179239419e-08,3.867390451832036684e-08,3.761090940467463520e-08,3.653793937325837896e-08,3.542260391062367590e-08,3.423875619722342412e-08,3.296617940362266707e-08,3.159062416116561470e-08,3.010425571907262753e-08,2.850648829533179540e-08,2.680511787042100763e-08,2.501760568934713575e-08,2.317229012374727886e-08,2.130916560734801970e-08,1.947959605781010121e-08,1.774389818193740348e-08,1.616531417930562230e-08,1.479915136815795627e-08,1.367796032026558491e-08,1.279791263279551110e-08,1.211486495653299845e-08,1.155524050161589449e-08,1.103723493669521455e-08,1.049153854705168003e-08,9.873550076685864929e-09,9.165801135534039920e-09,8.373659671836950375e-09,7.518524533339992692e-09,6.632466300550946138e-09,5.757838623137305498e-09,4.955193806218370062e-09,4.321845747581808835e-09,4.012715600640964491e-09,4.220494714220791919e-09,5.103264737092649194e-09,6.844990401479220288e-09,9.844416217373582775e-09,1.409526360484918865e-08,1.720817910557239830e-08
1.852719568514118153e-08,2.300365424384996692e-08,3.016781763867192842e-08,3.755760586127342500e-08,4.405031280938406742e-08,4.917964114065547454e-08,5.307780495444844871e-08,5.604485152181660467e-08,5.833447552259321666e-08,6.012495999947635286e-08,6.153999333308253274e-08,6.266851380502586741e-08,6.357675947419919302e-08,6.431517449621717888e-08,6.492262540420329655e-08,6.542921828767073885e-08,6.585832146451492590e-08,6.622808296294327388e-08,6.655259520276508987e-08,6.684279805789060594e-08,6.710718158026395858e-08,6.735233300479588413e-08,6.758336199351357388e-08,6.780423048896096889e-08,6.801800780592521368e-08,6.822706713366329223e-08,6.843323614152265909e-08,6.863791167495823414e-08,6.884214643851670137e-08,6.904671395694784742e-08,6.925215687627161181e-08,6.945882272360169447e-08,6.966689051547281461e-08,6.987639103251797739e-08,7.008722312018566285e-08,7.029916799866031184e-08,7.051190324750057398e-08,7.072501785675564320e-08,7.093802949802854155e-08,7.115040496347393944e-08,7.136158455079233293e-08,7.157101104603543300e-08,7.177814824858351377e-08,7.198244274031303374e-08,7.218331025831691629e-08,7.238013474877814444e-08,7.257226754948038304e-08,7.275902676503210941e-08,7.293969692121557566e-08,7.311352901439979917e-08,7.327974111114072021e-08,7.343751970627656011e-08,7.358602212458309648e-08,7.372438037577933219e-08,7.385170711156149293e-08,7.396710486724404997e-08,7.406968107894629807e-08,7.415857461727330061e-08,7.423300695866870902e-08,7.429238230730986346e-08,7.433643724085418423e-08,7.436505360155877395e-08,7.437441488145137114e-08,7.446137336919611570e-08,7.463532296088865072e-08,7.490130048011706126e-08,7.526291829811776949e-08,7.572295882184503524e-08,7.628358903169046854e-08,7.694654584929795103e-08,7.771311037187948346e-08,7.858410959946086946e-08,7.955997084506141462e-08,8.064077914261875523e-08,8.182630076690958347e-08,8.311596123860428970e-08,8.450878983957663017e-08,8.600336944093073755e-08,8.759784425451139552e-08,8.928995608942718427e-08,9.107684478398097150e-08,9.295480252378895916e-08,9.491853073863098774e-08,9.695735681995750626e-08,9.894529744028463792e-08,1.008851820172881590e-07,1.027716421812130512e-07,1.047213608777726174e-07,1.067485842774458122e-07,1.088630214311588782e-07,1.110731684778674068e-07,1.133868966124516738e-07,1.158116062559011125e-07,1.183543501867785880e-07,1.210217102358937957e-07,1.238197299786748401e-07,1.267539351198064846e-07,1.298293703852133621e-07,1.330505963927326576e-07,1.364216278672437349e-07,1.399458343127730911e-07,1.436258675771442810e-07,1.474636987150785474e-07,1.514607198275152388e-07,1.556175261294974794e-07,1.599336031826455792e-07,1.644062188906231354e-07,1.690246381152257599e-07,1.736019817661384741e-07,1.781458317502635705e-07,1.826520601797490661e-07,1.873095601536489110e-07,1.921461811233112950e-07,1.971824736043931005e-07,2.024366789447860796e-07,2.079253209365364572e-07,2.136630359175337958e-07,2.196622964464179287e-07,2.259327482908637832e-07,2.324807059977800272e-07,2.393088684177347458e-07,2.464161055655476049e-07,2.537971890185922972e-07,2.614424260733291804e-07,2.693372605903081815e-07,2.774620063374434954e-07,2.857919067151968737e-07,2.942974431264905241e-07,3.029441660617067830e-07,3.116923435626300774e-07,3.204951766666202917e-07,3.292888264065435568e-07,3.377004842441406457e-07,3.456913452807286646e-07,3.532001581490440798e-07,3.605097935482046274e-07,3.676075993450604901e-07,3.744643311672429168e-07,3.810434151260000976e-07,3.873022794206035694e-07,3.931923465792400158e-07,3.986588764991844117e-07,4.036402127832220458e-07,4.080673311784432466e-07,4.118638047205929164e-07,4.149459734229525052e-07,4.172231489831557053e-07,4.185978259058218524e-07,4.189660243096891442e-07,4.182180395737124905e-07,4.162399311649167736e-07,4.129157674477692685e-07,4.081298751854083775e-07,4.017698730628618020e-07,3.937297531189382190e-07,3.839066810732125305e-07,3.719002297172338022e-07,3.577329176988409411e-07,3.413470020839435590e-07,3.257361328081883356e-07,3.109945157677641902e-07,2.970807022736862609e-07,2.839204669929323213e-07,2.714312917484498668e-07,2.595325144238381965e-07,2.481528580636655372e-07,2.372324986664420781e-07,2.267243935135316000e-07,2.165955820044256497e-07,2.068279057723300448e-07,1.974178073537584029e-07,1.883751687808604752e-07,1.797213479384815225e-07,1.714868017008085097e-07,1.637088578891766855e-07,1.564293947752579997e-07,1.496896102174893945e-07,1.435246024405569454e-07,1.379537443174472395e-07,1.329433994523425329e-07,1.274286679024167049e-07,1.215765475226304476e-07,1.155010889505361495e-07,1.093084575854353103e-07,1.030978540349903628e-07,9.695895097564667364e-08,9.097054278228676194e-08,8.520026334492050786e-08,7.970487177136089642e-08,7.453071952235289084e-08,6.971412250944272902e-08,6.528146540706037712e-08,6.124898660492293606e-08,5.762233209133176895e-08,5.439610318275436220e-08,5.155371595287877801e-08,4.906789376175868815e-08,4.690200252965119020e-08,4.501223152265955972e-08,4.335039163149811806e-08,4.186693994267177220e-08,4.051380493716545689e-08,3.924664138996494473e-08,3.802601703543784810e-08,3.681769323893359878e-08,3.559257228938808748e-08,3.432657799024298587e-08,3.300065869450488126e-08,3.160103388350469056e-08,3.011973669215307502e-08,2.855543878139874704e-08,2.691447906284784869e-08,2.521194658242178057e-08,2.347257303707293872e-08,2.173104334142251847e-08,2.003111004829520591e-08,1.842263984826151527e-08,1.695564797243346168e-08,1.567098715103975300e-08,1.458919487015087002e-08,1.370167762686735139e-08,1.296959498812634966e-08,1.233284261077810857e-08,1.172568870473332792e-08,1.109210240950651766e-08,1.039536279209813844e-08,9.620598001947252472e-09,8.772057141048626871e-09,7.868270373865981163e-09,6.938520034385453188e-09,6.024013603934018130e-09,5.187318547628171454e-09,4.532906676442013611e-09,4.229652368552596241e-09,4.486888206742009871e-09,5.475439806424548660e-09,7.396142122672984513e-09,1.062025964286171026e-08,1.490938845434128897e-08,1.769381945326458641e-08
1.916342706339819734e-08,2.306562329372499818e-08,2.994663966821324508e-08,3.721197485198797843e-08,4.369394618892389949e-08,4.885700755622447151e-08,5.278050439595160813e-08,5.575164156664131478e-08,5.802892440912011499e-08,5.979765112041900318e-08,6.118648988571654802e-08,6.228732778292458582e-08,6.316802671580247876e-08,6.387986937466932916e-08,6.446210170652495894e-08,6.494494070688603656e-08,6.535171079565294314e-08,6.570043090828921603e-08,6.600502237216661147e-08,6.627623867065290143e-08,6.652238428574486575e-08,6.674987094972226241e-08,6.696364767910746763e-08,6.716753256468665667e-08,6.736446802056312490e-08,6.755671638381442754e-08,6.774600903715686990e-08,6.793365935824408678e-08,6.812064759826283319e-08,6.830768411218698315e-08,6.849525608298066242e-08,6.868366190451392251e-08,6.887303663522805309e-08,6.906337134619392976e-08,6.925452871734538922e-08,6.944625685070999751e-08,6.963820294579304108e-08,6.982992820450579595e-08,7.002092509272000634e-08,7.021063788029611566e-08,7.039848721458305119e-08,7.058389936285801849e-08,7.076632487493349511e-08,7.094520017050691360e-08,7.111993473442968729e-08,7.128991151727619817e-08,7.145448786522684987e-08,7.161299716221599090e-08,7.176475142630320319e-08,7.190904518144080014e-08,7.204516103395910856e-08,7.217237753495617514e-08,7.228998013240463117e-08,7.239727636263774575e-08,7.249361700503899984e-08,7.257842593608661274e-08,7.265124326797278395e-08,7.271178970175472504e-08,7.276006558609033474e-08,7.279650554936152610e-08,7.282221603452355869e-08,7.283935363987808766e-08,7.285217196108191786e-08,7.287395128950865054e-08,7.297952024140506648e-08,7.317479569632927139e-08,7.346407192457101299e-08,7.385042989330000175e-08,7.433607272996086534e-08,7.492291217524586289e-08,7.561230368029802182e-08,7.640503341751454592e-08,7.730146439556655770e-08,7.830167176917453204e-08,7.940549818979633537e-08,8.061251402405419305e-08,8.192189705432954776e-08,8.333230503079339571e-08,8.484192495706974200e-08,8.644879878177189477e-08,8.815021267310005854e-08,8.994235845616684149e-08,9.181989500890718731e-08,9.368989393243312129e-08,9.553466573225868977e-08,9.734999071560722085e-08,9.913757946510729237e-08,1.009120382491173027e-07,1.027637454053087669e-07,1.047025781166568309e-07,1.067372497612587793e-07,1.088756115496731439e-07,1.111248842586344697e-07,1.134921910534137515e-07,1.159840761262620391e-07,1.186063832648707857e-07,1.213643798358362560e-07,1.242628892972473929e-07,1.273063205657668804e-07,1.304985640089599305e-07,1.338427811032261740e-07,1.373412130806137573e-07,1.409952902203186357e-07,1.448061754743908666e-07,1.487740328184938029e-07,1.528976212142422655e-07,1.571736753966067802e-07,1.614676088457857519e-07,1.657551348584306497e-07,1.700331822099222629e-07,1.743086015539613586e-07,1.786091166263396564e-07,1.830814788324749227e-07,1.877465562436078380e-07,1.926232026183933788e-07,1.977283841743330377e-07,2.030770690477445454e-07,2.086824669931020702e-07,2.145546653589813050e-07,2.206999982864794901e-07,2.271209710742996258e-07,2.338162585284049773e-07,2.407805071160408690e-07,2.480038619649645244e-07,2.554713086730272640e-07,2.631621601361764635e-07,2.710503069875960863e-07,2.791054720910132155e-07,2.872923962229534016e-07,2.955704831371653366e-07,3.038929561260866041e-07,3.119841992525575410e-07,3.197546866786768302e-07,3.271499738781799593e-07,3.341314326052358994e-07,3.406961577392683428e-07,3.470481757743689269e-07,3.531630163756757376e-07,3.590098985589665021e-07,3.645522585417968993e-07,3.697478844506876885e-07,3.745496784895718868e-07,3.789038259097925728e-07,3.827492083045394152e-07,3.860177879558525183e-07,3.886352294089310650e-07,3.905213814170953939e-07,3.915905468063791211e-07,3.917517116719177364e-07,3.909092282994691899e-07,3.889648380710076030e-07,3.858214715139587728e-07,3.813850000256702038e-07,3.755676339815720712e-07,3.682923365184144199e-07,3.592540579570709879e-07,3.484112179439562293e-07,3.358138878102855402e-07,3.216116311635018365e-07,3.062579174482440175e-07,2.918135773404309283e-07,2.782504190081615641e-07,2.655051531579344215e-07,2.534976916484762768e-07,2.421442530135592427e-07,2.313736004539554192e-07,2.211248116040663298e-07,2.113479748645020813e-07,2.020064437096765308e-07,1.930782455143591613e-07,1.845560335997695400e-07,1.764456458739447720e-07,1.687634604948003725e-07,1.615331856610958785e-07,1.547839650159763354e-07,1.485510728845872525e-07,1.428653774284370139e-07,1.377464588049038464e-07,1.331953423124716908e-07,1.283870306633485055e-07,1.232731329834215543e-07,1.179097271940086654e-07,1.123713918998607342e-07,1.067370743540716720e-07,1.010844332820204034e-07,9.548631455939363413e-08,9.000864982642580640e-08,8.470936508147408245e-08,7.963791903535698045e-08,7.483516551118668430e-08,7.033331691780276840e-08,6.615587045192076251e-08,6.231744882323431117e-08,5.882359976390822986e-08,5.567067984521981658e-08,5.284599713938730296e-08,5.032838337814993697e-08,4.808930086905848166e-08,4.609447603738554800e-08,4.430592588499497118e-08,4.268415031932708182e-08,4.119023393428594192e-08,3.978760551331147710e-08,3.844304642264553546e-08,3.712706067444085032e-08,3.581402114562235000e-08,3.448227320502468388e-08,3.311432969125346712e-08,3.169724602780762335e-08,3.022321360962032292e-08,2.869035480028344312e-08,2.710364172976714550e-08,2.547578750132494089e-08,2.382786175910258807e-08,2.218925151604360156e-08,2.059642966819017158e-08,1.908987857069141452e-08,1.770864137380358519e-08,1.648265689421836246e-08,1.542444930633054124e-08,1.452333960603995650e-08,1.374560375677252940e-08,1.304171950798254455e-08,1.235815844096107710e-08,1.164903336218767964e-08,1.088377651975902040e-08,1.004960758230029661e-08,9.149898041563486302e-09,8.200872150091970795e-09,7.229626771656460473e-09,6.276734127459189523e-09,5.407241126972640865e-09,4.733472502866161966e-09,4.439454933616277971e-09,4.752242024342166363e-09,5.855756759308037457e-09,7.963998777934827119e-09,1.139947974040364273e-08,1.568050253781192977e-08,1.814355384910539203e-08
1.981018449059516914e-08,2.316437413839609942e-08,2.973936091800388386e-08,3.686589268352703352e-08,4.332492468645109258e-08,4.851728112932152005e-08,5.246689811517571180e-08,5.544435071776976622e-08,5.771130782521797270e-08,5.945979682695012584e-08,6.082358037346214788e-08,6.189763377491124990e-08,6.275153354077602732e-08,6.343745172152034202e-08,6.399504155756114629e-08,6.445464707760807734e-08,6.483955915678189951e-08,6.516767516656470515e-08,6.545275144255060814e-08,6.570536038942485401e-08,6.593362572454849195e-08,6.614378809688098001e-08,6.634063996306685151e-08,6.652785934154520751e-08,6.670826524051650020e-08,6.688401237800957138e-08,6.705673884780972152e-08,6.722767735099174365e-08,6.739773830040388254e-08,6.756757135002136255e-08,6.773761057032190353e-08,6.790810747894954500e-08,6.807915535969230625e-08,6.825070769805870103e-08,6.842259308028189783e-08,6.859452850926562398e-08,6.876613276131347524e-08,6.893694112565097327e-08,6.910642262624846835e-08,6.927400062013374716e-08,6.943907750205775455e-08,6.960106413170177433e-08,6.975939857986874745e-08,6.991350759989158816e-08,7.006279458592612487e-08,7.020664118912956235e-08,7.034440982047213721e-08,7.047544732745148358e-08,7.059909022206106051e-08,7.071467195747851882e-08,7.082153291316285443e-08,7.091903397138556496e-08,7.100657488396389976e-08,7.108361908940636321e-08,7.114972733952953139e-08,7.120460358559323421e-08,7.124815830285487787e-08,7.128059714792520731e-08,7.130254698117709933e-08,7.131523757564521863e-08,7.132076897956704043e-08,7.132252740556308182e-08,7.132590717371423477e-08,7.133941360473447800e-08,7.137133146912786833e-08,7.149245909177313457e-08,7.170737228923780389e-08,7.201912153696046322e-08,7.242936439270206664e-08,7.294045650672254806e-08,7.355384371986948997e-08,7.427012750614054081e-08,7.508947309323405485e-08,7.601189201565363006e-08,7.703734445230582056e-08,7.816566688187734757e-08,7.939631340574880833e-08,8.072796712077753399e-08,8.215853162377762197e-08,8.368695942252360250e-08,8.531102029260207404e-08,8.702724245734709533e-08,8.875084813475023934e-08,9.047125279297639400e-08,9.217878125310025474e-08,9.386970755880858817e-08,9.554584841768999065e-08,9.721502889976414592e-08,9.888658631031757215e-08,1.006466382396905097e-07,1.025038209523716170e-07,1.044657376051175212e-07,1.065388974816577769e-07,1.087309742934150793e-07,1.110485917152634753e-07,1.134972636476826727e-07,1.160818591671077005e-07,1.188069421256047433e-07,1.216768628497385961e-07,1.246955846855366067e-07,1.278662377231843436e-07,1.311905281084829589e-07,1.346687875876795797e-07,1.383026688268169222e-07,1.420922981793913825e-07,1.460363178283591630e-07,1.500138931770939608e-07,1.540108813747922866e-07,1.580150561763117547e-07,1.620239483569219679e-07,1.660443558190765108e-07,1.700931066230216647e-07,1.741898932667820089e-07,1.784745243294838080e-07,1.829662932607090677e-07,1.876826733563513986e-07,1.926386822924500297e-07,1.978495938147841207e-07,2.033265374267395327e-07,2.090759231603167852e-07,2.151000558320305923e-07,2.213976128856098754e-07,2.279635950045245611e-07,2.347886545681938447e-07,2.418578478359386107e-07,2.491492567040446060e-07,2.566341880732466322e-07,2.642824439809635760e-07,2.720583297447952655e-07,2.799212425649534926e-07,2.876243077150757859e-07,2.950993380480552193e-07,3.022799407287131631e-07,3.091152960379210701e-07,3.155694545875436006e-07,3.216227706033320196e-07,3.272589229969237792e-07,3.326677927369022641e-07,3.378238123489534878e-07,3.426962381151325597e-07,3.472484061482468369e-07,3.514426345431311328e-07,3.552334760484247097e-07,3.585672686311800506e-07,3.613836715136166384e-07,3.636171146463863362e-07,3.651976302856412614e-07,3.660510107879645586e-07,3.660984308708432536e-07,3.652561789588757424e-07,3.634377790059197221e-07,3.605631758842592746e-07,3.565562982576536871e-07,3.513494578415778650e-07,3.446573379470516485e-07,3.364444563104481942e-07,3.267146033899688472e-07,3.155376356989083012e-07,3.030660585307003610e-07,2.895600205632609485e-07,2.752698750735402201e-07,2.619597545545505702e-07,2.495582480240634285e-07,2.379736577053945170e-07,2.271018752298913469e-07,2.168731146901414308e-07,2.072239624975034493e-07,1.980988140095358104e-07,1.894555060021244188e-07,1.812680387580064339e-07,1.735266165637633709e-07,1.662357205507329050e-07,1.594101195146153743e-07,1.530689111321129204e-07,1.472326632646133052e-07,1.419409691021685387e-07,1.372216033017439188e-07,1.330861321681762547e-07,1.287369806538251590e-07,1.241778653193888625e-07,1.194070451179098810e-07,1.144557449599858368e-07,1.093732546088878252e-07,1.042170071697886791e-07,9.904668912384019752e-08,9.392047003068668766e-08,8.889256844826730102e-08,8.401173547987223884e-08,7.932035343578769958e-08,7.485391547617399650e-08,7.064071356912108808e-08,6.670162417597723238e-08,6.304994457079990663e-08,5.969129370663718897e-08,5.662364148962856584e-08,5.383755802778855709e-08,5.131677038093753854e-08,4.903907615345191424e-08,4.697759956965138218e-08,4.510230538243708671e-08,4.338163181365742296e-08,4.178408269578950215e-08,4.027960343032009691e-08,3.884040860848917953e-08,3.744136118062373774e-08,3.606020918725901691e-08,3.467780519882954473e-08,3.327840398233465640e-08,3.185010135735665555e-08,3.038543766941600204e-08,2.888214267187781890e-08,2.734394251270538807e-08,2.578127980345057489e-08,2.421170980824999055e-08,2.265963063239086130e-08,2.115490620034411678e-08,1.972992308891951100e-08,1.841483684596679131e-08,1.723138842855548770e-08,1.618670126522379878e-08,1.526940502388536231e-08,1.445032504762892540e-08,1.368828884501466696e-08,1.293918245115506543e-08,1.216497981249784566e-08,1.133995330666483338e-08,1.045299488429109014e-08,9.506766408915582940e-09,8.515627798994244753e-09,7.504977227938947708e-09,6.515177592337388712e-09,5.614189408710269589e-09,4.922942968051950941e-09,4.641950252798564762e-09,5.017101749891545572e-09,6.245340971954672293e-09,8.548103940829184929e-09,1.217735293043419202e-08,1.640602091083777317e-08,1.856619960073045314e-08
2.045838467233456275e-08,2.330133915317106578e-08,2.954741553625258819e-08,3.652091376349798425e-08,4.294444266870080690e-08,4.816079102005422614e-08,5.213681410788178805e-08,5.512270360311309902e-08,5.738142013427843673e-08,5.911129484661329550e-08,6.045125318903160934e-08,6.149949153012607325e-08,6.232739536755207014e-08,6.298808128482313734e-08,6.352164091394155779e-08,6.395856363135764645e-08,6.432211862637589124e-08,6.463009031723016987e-08,6.489607696065133817e-08,6.513047582476988143e-08,6.534123516683147170e-08,6.553442937129890826e-08,6.571469874125970085e-08,6.588558525904828666e-08,6.604978822601356086e-08,6.620935813475227040e-08,6.636584291137692770e-08,6.652039746351204615e-08,6.667386504485485999e-08,6.682683711627112520e-08,6.697969700192208411e-08,6.713265159276216745e-08,6.728575455009609007e-08,6.743892384087909193e-08,6.759195594343668815e-08,6.774453866060069821e-08,6.789626414150154502e-08,6.804664342717882156e-08,6.819512359015758557e-08,6.834110833221661633e-08,6.848398274196345393e-08,6.862314280481068820e-08,6.875801414222093185e-08,6.888801338108203742e-08,6.901253675184741628e-08,6.913096270845997826e-08,6.924265572511629157e-08,6.934697163957082800e-08,6.944326502574733027e-08,6.953089922730111267e-08,6.960925988097232461e-08,6.967777302190167209e-08,6.973592921837498400e-08,6.978331566833549303e-08,6.981965885810147355e-08,6.984488130656145267e-08,6.985917717636471092e-08,6.986311318184444235e-08,6.985776320656922346e-08,6.984488703818013066e-08,6.982716455411233754e-08,6.980849142885518315e-08,6.979430095798367460e-08,6.979165636678967467e-08,6.980817590349765742e-08,6.985127943237901992e-08,6.998968847250891209e-08,7.022629640112360724e-08,7.056012757113892612e-08,7.099559408955480055e-08,7.153416922580884726e-08,7.217586305218087236e-08,7.292036159898835474e-08,7.376751159088018057e-08,7.471746418329999010e-08,7.577058138724359736e-08,7.692698215484818299e-08,7.818538219578449674e-08,7.954157160645179792e-08,8.099764565046844773e-08,8.255191477332038415e-08,8.412449454908753119e-08,8.570609275587224673e-08,8.728805058656558108e-08,8.886368004476185124e-08,9.043016100616048202e-08,9.198894908387922861e-08,9.354558022370548546e-08,9.510808386989454223e-08,9.668583634854341398e-08,9.836333827598012991e-08,1.001480066918191225e-07,1.020433798282830732e-07,1.040598946343460771e-07,1.062043074261584268e-07,1.084813297670050422e-07,1.108950848260500370e-07,1.134497759011610835e-07,1.161498568561049463e-07,1.189997962887905576e-07,1.220032671237984178e-07,1.251613738190707168e-07,1.284706396572665976e-07,1.319360432785040838e-07,1.355576190112315208e-07,1.392230021699937249e-07,1.429191121252362235e-07,1.466343536331361356e-07,1.503607243055293471e-07,1.540968195168482931e-07,1.578485655779175136e-07,1.616289917725226796e-07,1.654557809067610441e-07,1.693494818302973904e-07,1.734477542064481741e-07,1.777691671956851304e-07,1.823260343354934501e-07,1.871400579026257199e-07,1.922239542427589344e-07,1.975835784628264873e-07,2.032205523388297290e-07,2.091336081560233159e-07,2.153187793235504025e-07,2.217684826941937986e-07,2.284692355710350548e-07,2.353977063366782789e-07,2.425173695601443328e-07,2.498021217890437925e-07,2.572152622050054666e-07,2.645281246671416495e-07,2.716767762733593559e-07,2.785989096980440667e-07,2.852375194329935333e-07,2.915461154388837448e-07,2.974899702912679451e-07,3.030456402530770502e-07,3.081964778526474511e-07,3.129294379327313001e-07,3.174294914842216945e-07,3.216724092280068150e-07,3.256221224101503416e-07,3.292570638447739220e-07,3.325405516367870601e-07,3.354247892077619649e-07,3.378556232212752213e-07,3.397753514772969905e-07,3.411239602529229710e-07,3.418390326208772463e-07,3.418541202706603491e-07,3.410952429984796348e-07,3.394784371991962232e-07,3.369430225773137302e-07,3.334265165485956085e-07,3.286532243561413192e-07,3.225785335388904008e-07,3.151863353031360437e-07,3.064990401159721612e-07,2.965897461578862690e-07,2.855889249637421423e-07,2.736808219761999791e-07,2.610627077332449853e-07,2.479192146081621057e-07,2.358060279648009732e-07,2.246108879315532687e-07,2.141614085637489774e-07,2.044163921116783971e-07,1.953077659081390279e-07,1.867679602962584115e-07,1.787460839885630881e-07,1.712117592775462377e-07,1.641545371926140394e-07,1.575815590133686974e-07,1.515120903085196768e-07,1.459636822057646917e-07,1.409309845918833579e-07,1.364892067560272823e-07,1.326677643095070811e-07,1.286768891718377617e-07,1.245249565305670759e-07,1.202154187919019838e-07,1.157547718388448350e-07,1.111643442187747327e-07,1.064781025941126100e-07,1.017378952164113036e-07,9.698924521681326111e-08,9.227812135668904465e-08,8.764859299431099471e-08,8.314119328144899930e-08,7.879181296650085775e-08,7.463096860639568271e-08,7.068332164669815225e-08,6.696736382872685792e-08,6.349522588037869817e-08,6.027260574525801742e-08,5.729884368196200382e-08,5.456718805198469687e-08,5.206529291785910644e-08,4.977596634113257109e-08,4.767815188904486525e-08,4.574808572092131968e-08,4.396053987180692818e-08,4.229004836050613497e-08,4.071198904716639506e-08,3.920324983810482991e-08,3.774258174030854753e-08,3.631086654035855120e-08,3.489138649414526560e-08,3.347016531667190071e-08,3.203642434725513207e-08,3.058316527066346192e-08,2.910785034425185518e-08,2.761310069665687131e-08,2.610727073032266650e-08,2.460468200303695938e-08,2.312522160899364176e-08,2.169295743716333969e-08,2.033346259756380029e-08,1.906977934298884658e-08,1.791747654683631186e-08,1.687998650081332065e-08,1.594595335525476427e-08,1.509009859156683720e-08,1.427787181324512305e-08,1.347250826296158322e-08,1.264213675203191927e-08,1.176485445237068695e-08,1.083087900272932774e-08,9.842280481163772110e-09,8.811900949162471806e-09,7.763831214111606982e-09,6.738581582754713392e-09,5.807444129988262255e-09,5.100781208676801414e-09,4.837072827820626536e-09,5.282158027497872118e-09,6.645268647369435507e-09,9.147463938609682211e-09,1.294897945079230328e-08,1.708444243517988364e-08,1.897030160513109132e-08
2.109992529507643374e-08,2.347714184094557723e-08,2.937229565132554933e-08,3.617853895382081377e-08,4.255376895189852183e-08,4.778797726373487187e-08,5.179014308644098790e-08,5.478644227009678433e-08,5.703905232772248894e-08,5.875203392655263480e-08,6.006948759411456032e-08,6.109295252854363681e-08,6.189571990733238923e-08,6.253191019911896814e-08,6.304208785837996034e-08,6.345690824244034518e-08,6.379963231300922414e-08,6.408794128515181091e-08,6.433528309421959831e-08,6.455188646085179797e-08,6.474552999330239661e-08,6.492212703200095906e-08,6.508617045279815036e-08,6.524107049295950117e-08,6.538941064781007916e-08,6.553314073621196090e-08,6.567372175944785128e-08,6.581223380542803102e-08,6.594945571162888073e-08,6.608592329346525728e-08,6.622197151253578140e-08,6.635776487878782390e-08,6.649331955763833503e-08,6.662852001584131584e-08,6.676313253531979612e-08,6.689681751405285212e-08,6.702914213111294109e-08,6.715959466235134627e-08,6.728760148527210587e-08,6.741254760444528607e-08,6.753380136691799069e-08,6.765074393125738602e-08,6.776278787992373055e-08,6.786933845749965285e-08,6.796978263393651335e-08,6.806349245180114381e-08,6.814982975532856775e-08,6.822815272665493035e-08,6.829782478166220414e-08,6.835822654294791568e-08,6.840877182168564888e-08,6.844892881747920992e-08,6.847824810227961132e-08,6.849639940866495346e-08,6.850321980798621238e-08,6.849877653693278720e-08,6.848344846284511572e-08,6.845803081246037729e-08,6.842386793894519223e-08,6.838301768197447546e-08,6.833844620314972461e-08,6.829423877963901471e-08,6.825577703028409892e-08,6.822975857126550773e-08,6.822388996285206050e-08,6.824658450465589245e-08,6.830635131461317534e-08,6.846976548765682417e-08,6.872395979135171180e-08,6.908373741480273860e-08,6.954912477382951058e-08,7.011840139011840628e-08,7.079028949754130678e-08,7.156432792698798684e-08,7.244095345393360696e-08,7.342150852693900717e-08,7.450793705881825007e-08,7.570050720474970990e-08,7.698365905498677514e-08,7.837272582322100295e-08,7.979221761124264908e-08,8.123161729659987194e-08,8.268114371176751654e-08,8.413274119585968303e-08,8.558082368749001378e-08,8.702307610899566580e-08,8.846079060673276370e-08,8.989879987394335800e-08,9.134496884291020439e-08,9.280970438164016414e-08,9.430509940068168118e-08,9.591425998477452779e-08,9.762696983291887499e-08,9.946700903640321898e-08,1.014396202976355706e-07,1.035472478638604248e-07,1.057925924479906721e-07,1.081793174059437070e-07,1.107122048073069874e-07,1.133970243299231055e-07,1.162397459229007242e-07,1.192428646467622382e-07,1.223860414244524298e-07,1.256909746085341668e-07,1.290525922274514941e-07,1.324549697788515833e-07,1.358838230008947787e-07,1.393280148908402602e-07,1.427807647020848352e-07,1.462409805473801654e-07,1.497139059074590991e-07,1.532111678952261093e-07,1.567501664279572728e-07,1.603535110096335513e-07,1.640478011578661961e-07,1.679700330511473982e-07,1.721141286610919203e-07,1.765265618109106172e-07,1.812194777439537090e-07,1.861955373348506229e-07,1.914543370003682673e-07,1.969944804392638661e-07,2.028139599590165947e-07,2.089092474652265770e-07,2.152722777583253266e-07,2.218816619240055996e-07,2.286694425377063977e-07,2.356346577508979952e-07,2.425631372954707348e-07,2.493868397795919788e-07,2.560404096085601480e-07,2.624637886739623700e-07,2.686041710595907258e-07,2.744181527360085915e-07,2.798726918274881367e-07,2.849450075966764385e-07,2.896212905581339273e-07,2.938955384997575569e-07,2.977674158935569651e-07,3.014200973167568012e-07,3.047917176367097427e-07,3.079064077451967685e-07,3.107322093669317047e-07,3.132223887293953987e-07,3.153261218663212800e-07,3.169922812701487681e-07,3.181708383450308957e-07,3.188127307345392269e-07,3.188673202573761113e-07,3.182727390885959803e-07,3.169141886992102348e-07,3.147753943115581314e-07,3.115879173514439892e-07,3.072914108802910874e-07,3.018491255949568640e-07,2.952543365809752457e-07,2.875359312485559975e-07,2.787635834964992312e-07,2.690493360669698300e-07,2.585422647511171512e-07,2.474121939609429215e-07,2.358355546512556993e-07,2.239793065279651337e-07,2.132131672637211026e-07,2.031031301504403412e-07,1.937941595988332776e-07,1.851853575320987371e-07,1.771802338825503627e-07,1.697147406193399208e-07,1.627543430561938891e-07,1.562901366741285309e-07,1.503374461972464263e-07,1.449340747875243528e-07,1.401174246701461166e-07,1.357526793008005488e-07,1.320779014255659077e-07,1.283165090556921408e-07,1.244609333242633635e-07,1.205016002282648253e-07,1.164337372715071678e-07,1.122603045778060578e-07,1.079949627080911316e-07,1.036611454904155866e-07,9.928935501905746102e-08,9.491421225019341576e-08,9.057186419342405811e-08,8.629790578525791696e-08,8.212580152908894932e-08,7.808573075633222434e-08,7.420376670604921551e-08,7.050130844089055805e-08,6.699470461102346594e-08,6.369503270818612785e-08,6.060802164291364322e-08,5.773412457918001225e-08,5.506875896046195877e-08,5.260272911001589587e-08,5.032283385440907203e-08,4.821264060308920617e-08,4.625338408063929745e-08,4.442492916895801565e-08,4.270672839775004158e-08,4.107867762922658389e-08,3.952164522739073688e-08,3.801778586150826815e-08,3.655080772181857026e-08,3.510625409142193862e-08,3.367185057450144364e-08,3.223794830129665089e-08,3.079806579464645402e-08,2.934949684564555650e-08,2.789390728667532146e-08,2.643778947430658462e-08,2.499258270587092947e-08,2.357421272613190263e-08,2.220178336606406469e-08,2.089522225216827038e-08,1.967190988497846141e-08,1.854274167742727479e-08,1.750858931884786737e-08,1.655844813084296175e-08,1.567031209545712334e-08,1.481490717688872673e-08,1.396125580306636570e-08,1.308234024884536279e-08,1.215928707144500106e-08,1.118335330992502592e-08,1.015609968877011703e-08,9.089121560467736785e-09,8.005515601174977100e-09,6.946241360481283927e-09,5.986337664809277451e-09,5.266517137519584995e-09,5.024876200121644096e-09,5.548241996461233326e-09,7.056499718867611017e-09,9.760538292314402464e-09,1.370943118726776537e-08,1.771536925924560902e-08,1.936380891656121880e-08
2.172783026345882486e-08,2.369150473663492664e-08,2.921554423158501354e-08,3.584021529550270450e-08,4.215423109620040279e-08,4.739939032632294194e-08,5.142684595063365432e-08,5.443533227080505975e-08,5.668399479616572492e-08,5.838189447939117295e-08,5.967825345634791206e-08,6.067805943496170000e-08,6.145660657127544781e-08,6.206908241293740712e-08,6.255656205721583972e-08,6.294988991069502927e-08,6.327233385734868622e-08,6.354148285782384372e-08,6.377064316241336411e-08,6.396988219825473683e-08,6.414681525049342658e-08,6.430720024016848183e-08,6.445538766176999838e-08,6.459466055150863239e-08,6.472749069908580372e-08,6.485573095742171721e-08,6.498075876603040593e-08,6.510358245699778445e-08,6.522491925897491127e-08,6.534525193153293199e-08,6.546486947902185328e-08,6.558389627842327020e-08,6.570231310931521227e-08,6.581997292055943787e-08,6.593661365211097503e-08,6.605187001164985926e-08,6.616528575727954820e-08,6.627632774209280361e-08,6.638440272499767774e-08,6.648887774298572074e-08,6.658910467774082137e-08,6.668444954524796348e-08,6.677431084096987132e-08,6.685808058620850177e-08,6.693513364536258452e-08,6.700483147967299036e-08,6.706652739093366292e-08,6.711957370701918958e-08,6.716333149337752790e-08,6.719718354472648295e-08,6.722055162850705220e-08,6.723291922630072172e-08,6.723386136017969460e-08,6.722308350047473977e-08,6.720047201630694376e-08,6.716615910182105149e-08,6.712060547142286292e-08,6.706470412335839463e-08,6.699990767315919658e-08,6.692837940565428308e-08,6.685316320106985115e-08,6.677835884836657990e-08,6.670927860532137013e-08,6.665256335187712456e-08,6.661631170751287868e-08,6.661054224656413711e-08,6.664866835616721986e-08,6.675257810975328173e-08,6.691335685441769087e-08,6.719867151611853861e-08,6.759406891969378744e-08,6.809390558676530591e-08,6.869556459396531246e-08,6.939819554580802310e-08,7.020251441382315494e-08,7.111115042447823534e-08,7.213015141834444067e-08,7.327548834684865893e-08,7.447350554814070916e-08,7.573329806391632828e-08,7.702955940995604253e-08,7.834667388310381722e-08,7.967339608057020604e-08,8.100154308978761948e-08,8.232584087957140765e-08,8.364415135019134229e-08,8.495767441115703948e-08,8.627104912328784027e-08,8.759246424281628482e-08,8.893420653530470593e-08,9.031444446261507095e-08,9.176317630516547242e-08,9.327456843873641264e-08,9.493829239650442084e-08,9.674232035389257865e-08,9.868376536470507686e-08,1.007631917888098795e-07,1.029835586626023911e-07,1.053500971342167594e-07,1.078706513894641922e-07,1.105571436177309024e-07,1.134327944746963231e-07,1.163954977060768253e-07,1.194554998116337631e-07,1.225753647826186271e-07,1.257313283914878034e-07,1.289064202636670541e-07,1.320887695832899376e-07,1.352714887873251886e-07,1.384531404197370729e-07,1.416382091473864902e-07,1.448374897046629502e-07,1.480686099253466870e-07,1.513573945260493849e-07,1.547411512792759618e-07,1.582776471194820436e-07,1.619698444228164046e-07,1.659758537396196929e-07,1.702823645483884920e-07,1.748824222887098957e-07,1.797715361942834849e-07,1.849478127536597963e-07,1.904121235831482441e-07,1.961680196492930291e-07,2.022216417318069168e-07,2.085867932139754552e-07,2.150505099249608818e-07,2.215894070644221038e-07,2.280983861810093322e-07,2.344954175427240661e-07,2.407111703771056312e-07,2.466859218949818090e-07,2.523689382033923984e-07,2.577189452537164825e-07,2.627046771096776527e-07,2.673052850374656687e-07,2.715109345915370795e-07,2.753247760969718458e-07,2.787681073773661643e-07,2.818950964501421088e-07,2.846667803327062169e-07,2.872950874214928629e-07,2.897114340968097037e-07,2.918594271862121005e-07,2.936877425020315504e-07,2.951503773610494187e-07,2.962073709160956385e-07,2.968255059509109949e-07,2.969795552869792394e-07,2.966614088628194540e-07,2.955738638422717515e-07,2.936889382839108230e-07,2.908893820044100383e-07,2.871051537970882598e-07,2.823009612728068910e-07,2.764738931289532755e-07,2.696541541979739567e-07,2.619064207693703800e-07,2.533296419374960932e-07,2.440539952317463131e-07,2.342359779025061969e-07,2.240598687895008352e-07,2.137613099134262882e-07,2.037304961352294034e-07,1.936949783979157908e-07,1.848124064065479597e-07,1.766976137110996812e-07,1.691960380226798703e-07,1.622326527919968252e-07,1.557722353124574632e-07,1.498087035930866426e-07,1.443674677522365253e-07,1.395281577529309394e-07,1.355203186842545766e-07,1.315329717159647809e-07,1.277829837362036803e-07,1.240883669212458150e-07,1.203766230447211447e-07,1.166134382513894136e-07,1.127828960875280617e-07,1.088814692388352477e-07,1.049161004737943675e-07,1.009024206429631498e-07,9.686256010442856513e-08,9.282285606793972243e-08,8.881173923950135274e-08,8.485793854603213108e-08,8.098903793163711268e-08,7.723036273288052746e-08,7.360414957596833515e-08,7.012895012412388660e-08,6.681922669166192888e-08,6.368511082521114796e-08,6.073230997135837864e-08,5.796215870490933921e-08,5.537181695885338176e-08,5.295461680001540903e-08,5.070055172425344134e-08,4.859689018487628933e-08,4.662888148528206846e-08,4.478051107700271511e-08,4.303525679933409018e-08,4.137676919014731912e-08,3.978928671080686676e-08,3.825790756914325266e-08,3.676884090308320701e-08,3.530967893168499628e-08,3.386972880839578176e-08,3.244042506272708228e-08,3.101581962724649558e-08,2.959311557041625215e-08,2.817317201677019567e-08,2.676086212161367148e-08,2.536511824196540078e-08,2.399846170162483170e-08,2.267581523416111472e-08,2.141247571348530503e-08,2.022132673990361243e-08,1.910970088229490640e-08,1.807666781413002528e-08,1.711171347572324259e-08,1.619555099227014678e-08,1.530312673950457488e-08,1.440804925601348793e-08,1.348714628395297959e-08,1.252394427971353176e-08,1.151050291451897521e-08,1.044793024676951933e-08,9.346785975130173516e-09,8.229422402468058216e-09,7.137508039246434793e-09,6.150254036419107563e-09,5.419753186395903727e-09,5.205546243526336175e-09,5.816313180441060818e-09,7.479808069610902850e-09,1.038525487036128672e-08,1.445389621401667301e-08,1.829949206887195309e-08,1.975377933125653172e-08
2.233632456983152187e-08,2.394320978806105946e-08,2.907873341373151207e-08,3.550733967167458860e-08,4.174719969154780464e-08,4.699568859743962727e-08,5.104696051784354585e-08,5.406916906670829506e-08,5.631604060303837587e-08,5.800074956434243809e-08,5.927751115239396855e-08,6.025484562472341900e-08,6.101014590971649384e-08,6.159973313589642415e-08,6.206523423628695642e-08,6.243770826509486179e-08,6.274044695835120291e-08,6.299095922991962397e-08,6.320241919610417821e-08,6.338474092873544708e-08,6.354538323946364284e-08,6.368995466177137187e-08,6.382266867406397731e-08,6.394668590689916369e-08,6.406437074237046192e-08,6.417748292969165764e-08,6.428731982898533965e-08,6.439482117074671577e-08,6.450064544825498306e-08,6.460522500012643032e-08,6.470880530582206086e-08,6.481147286792377285e-08,6.491317518521334245e-08,6.501373565075239187e-08,6.511286568120919676e-08,6.521017595623832348e-08,6.530518829156302932e-08,6.539734936875246696e-08,6.548604728929939811e-08,6.557063170858899552e-08,6.565043814152942116e-08,6.572481692730939185e-08,6.579315115688118644e-08,6.585481744812152440e-08,6.590917528677172374e-08,6.595557084385730199e-08,6.599334228962748168e-08,6.602182705269286248e-08,6.604037160252363582e-08,6.604834449910832828e-08,6.604515366376347837e-08,6.603026908817734681e-08,6.600325252048060972e-08,6.596379604503717401e-08,6.591177188530788260e-08,6.584729614653962049e-08,6.577080944617505077e-08,6.568317720603431913e-08,6.558581138474825714e-08,6.548081302867690836e-08,6.537113071687769775e-08,6.526072445946445518e-08,6.515472316889710358e-08,6.505958387091720940e-08,6.498333671310127043e-08,6.493613170804306477e-08,6.493120595010673560e-08,6.498503798363753511e-08,6.510585868020274271e-08,6.533225897730195767e-08,6.566463455939746776e-08,6.609919281516268094e-08,6.663323378730790968e-08,6.726571719117732877e-08,6.799729288686797746e-08,6.883037555674920950e-08,6.976861997376407318e-08,7.081123459254471702e-08,7.191589023608308239e-08,7.307262957027517500e-08,7.426225330342518604e-08,7.546938243255514403e-08,7.668262891109752953e-08,7.789384910073601779e-08,7.909786523348701213e-08,8.029252298621895250e-08,8.147883488331559487e-08,8.266113871926072623e-08,8.384739814155120702e-08,8.504999041187882396e-08,8.628719553694612607e-08,8.758355037529452476e-08,8.895246491765600375e-08,9.045686864009171888e-08,9.210041938963025426e-08,9.388057681122698774e-08,9.579681676058129881e-08,9.785150851146939404e-08,1.000499825777828257e-07,1.024006815372084113e-07,1.049142424480918508e-07,1.075934392622988865e-07,1.103675456293289791e-07,1.132221178039186730e-07,1.161260430721978070e-07,1.190546303111588080e-07,1.219899425714699657e-07,1.249195082355760869e-07,1.278358722112704182e-07,1.307367730979220761e-07,1.336255292920376045e-07,1.365115480252324762e-07,1.394112767371767432e-07,1.423504093916913304e-07,1.453679003406003023e-07,1.485174684921139491e-07,1.518264714039648227e-07,1.554459687502177075e-07,1.593795784649024964e-07,1.636146314016877045e-07,1.681424324720180333e-07,1.729604406300749237e-07,1.780725084291708134e-07,1.834893670700566564e-07,1.892262941685099894e-07,1.952765429612622903e-07,2.014370533429268071e-07,2.076520444284713381e-07,2.138208088769920900e-07,2.198577819497819435e-07,2.256928051116551308e-07,2.312671463881048608e-07,2.365316924654723030e-07,2.414467556384903811e-07,2.459824289821650924e-07,2.501191813306587524e-07,2.538491584194707560e-07,2.571794695044316883e-07,2.601382823283188248e-07,2.627767233463654823e-07,2.651025865911517802e-07,2.673145818546285801e-07,2.693790317100348173e-07,2.712369652459860847e-07,2.728362643349398033e-07,2.741352892958789338e-07,2.751034055316286738e-07,2.757219587769584860e-07,2.759819768093636797e-07,2.758519357215262787e-07,2.750617579623999963e-07,2.735464632362940733e-07,2.712035394764250827e-07,2.679657356997761870e-07,2.638016000429169892e-07,2.587113113794538292e-07,2.527250447444003298e-07,2.459026809735831427e-07,2.383331169814704611e-07,2.301325302969854504e-07,2.214426113373797061e-07,2.124318782552031259e-07,2.033014106494443873e-07,1.942789771904565607e-07,1.854696714904073307e-07,1.772932234139924481e-07,1.697305965813698413e-07,1.627184217672348536e-07,1.562095409827954074e-07,1.501782840711613367e-07,1.446189547579771718e-07,1.395445989339398188e-07,1.349818761498246543e-07,1.309302596181614503e-07,1.271028862480622609e-07,1.234589324708441339e-07,1.199026511425488585e-07,1.163679649767075789e-07,1.128156251625611591e-07,1.092245926643291740e-07,1.055867861399808327e-07,1.019042296801126186e-07,9.818695828666093437e-08,9.445104251170419390e-08,9.071666933974353342e-08,8.700637006976867170e-08,8.334347442837860765e-08,7.975082523455575574e-08,7.624975168769697858e-08,7.285927892469085361e-08,6.959554416949600125e-08,6.647139119643791451e-08,6.349612096443105214e-08,6.067538386560262792e-08,5.801120545373171211e-08,5.550214089981235891e-08,5.314355280027108926e-08,5.092800244590418818e-08,4.884573741773775511e-08,4.688525036610045075e-08,4.503387726082863748e-08,4.327840010109212554e-08,4.160558990823792689e-08,4.000252790951935098e-08,3.845683728333594457e-08,3.695691149933984493e-08,3.549216616004484160e-08,3.405334408880778253e-08,3.263288804531295642e-08,3.122537471834070715e-08,2.982797681288575344e-08,2.844088689867398486e-08,2.706759885654594995e-08,2.571490589131167908e-08,2.439245083058655072e-08,2.311167719199915352e-08,2.188410897862354626e-08,2.071905956658147072e-08,1.962112718863298823e-08,1.858809684047339664e-08,1.760998069320606023e-08,1.666973694388372835e-08,1.574569804700019117e-08,1.481512311382352825e-08,1.385789524859559913e-08,1.285943854455247589e-08,1.181241892223701338e-08,1.071752924162551437e-08,9.584456423259311214e-09,8.435006954445489130e-09,7.311787306215240327e-09,6.298630029001003761e-09,5.560172318165874888e-09,5.379415157343775368e-09,6.087438212001937462e-09,7.915713495248777996e-09,1.101904810817631942e-08,1.517781571443887547e-08,1.883854097205465930e-08,2.014613207941594261e-08
2.292085468531261305e-08,2.423011374229130695e-08,2.896342825150995307e-08,3.518126550364091100e-08,4.133407326959752248e-08,4.657763390032552139e-08,5.065060730372371262e-08,5.368778462395105919e-08,5.593498924788881502e-08,5.760846623575019862e-08,5.886721166932562491e-08,5.982333480205247987e-08,6.055641909494931062e-08,6.112398831147791171e-08,6.156826567849142419e-08,6.192055309032990514e-08,6.220418492526784653e-08,6.243660357653015091e-08,6.263086152929472777e-08,6.279672814292736915e-08,6.294151313872352471e-08,6.307068210516221815e-08,6.318831718939841482e-08,6.329746166175229100e-08,6.340037699057743643e-08,6.349873383662975737e-08,6.359375308172664648e-08,6.368630909993971135e-08,6.377700459081840182e-08,6.386622415624233711e-08,6.395417221660720269e-08,6.404089967855654730e-08,6.412632287319222777e-08,6.421023759743465505e-08,6.429233055138173199e-08,6.437219002815707253e-08,6.444931735062950894e-08,6.452314024315958096e-08,6.459302906664816615e-08,6.465831662959322752e-08,6.471832212140788027e-08,6.477237960829864763e-08,6.481985539312875390e-08,6.486010843508304713e-08,6.489247948255623192e-08,6.491629461250383587e-08,6.493087017301367178e-08,6.493551954600148317e-08,6.492956226616731786e-08,6.491233618511118289e-08,6.488321356418890413e-08,6.484162222541453658e-08,6.478707319466247471e-08,6.471919663888866417e-08,6.463778831918721186e-08,6.454286921511272443e-08,6.443476132551301547e-08,6.431418271301719544e-08,6.418236424766971614e-08,6.404118855424022434e-08,6.389334736678284529e-08,6.374250581644254572e-08,6.359345254653512264e-08,6.345221779723091491e-08,6.332621818640757707e-08,6.322476892399673404e-08,6.316077620250970936e-08,6.315679776014097811e-08,6.319960048164198048e-08,6.336724994657593252e-08,6.364098216372477992e-08,6.401357598484446681e-08,6.448168260080865445e-08,6.504404204692951976e-08,6.570116340215231367e-08,6.645577027209837162e-08,6.731480744058022261e-08,6.829781270165570328e-08,6.931988484103615657e-08,7.039363712040869309e-08,7.149292618082672431e-08,7.260245332932922167e-08,7.371144786863790989e-08,7.481209650724730767e-08,7.589927145771807643e-08,7.697066817332403234e-08,7.802696021416014595e-08,7.907188724435254964e-08,8.011239991175440497e-08,8.115947122968262553e-08,8.223112444654755433e-08,8.336380167229710178e-08,8.452949143689894213e-08,8.587312893441453882e-08,8.736096493174279225e-08,8.898259084880528937e-08,9.073551131687993468e-08,9.262142704460526435e-08,9.464560059236697683e-08,9.681796603939015173e-08,9.915789674538456007e-08,1.017133362313368014e-07,1.043151918574481399e-07,1.069973007566540204e-07,1.097118066226694120e-07,1.124327950347193602e-07,1.151426779059396885e-07,1.178288494448424974e-07,1.204831187328013549e-07,1.231020127038392515e-07,1.256871609370374809e-07,1.282456057687994677e-07,1.307903686450483126e-07,1.333429425585801715e-07,1.359423418319163540e-07,1.386792756365210786e-07,1.414553668852683810e-07,1.446856237005537777e-07,1.482594064248395603e-07,1.521381222120333651e-07,1.563067296387537867e-07,1.607618254290390434e-07,1.655097727423525636e-07,1.705708163947891065e-07,1.759959231675796139e-07,1.819321016692611530e-07,1.878427513094105940e-07,1.938319827533645755e-07,1.997434847190596885e-07,2.054879791212039529e-07,2.109985143200974627e-07,2.162191909030420610e-07,2.211027276655123378e-07,2.256106734778947177e-07,2.297138794162340013e-07,2.333928153253732490e-07,2.366382974433531877e-07,2.394552678795053167e-07,2.418768220641693156e-07,2.440173009885587427e-07,2.456969903162639143e-07,2.475246311079675835e-07,2.492943772921344900e-07,2.509125780577445614e-07,2.523227238381955911e-07,2.534870281572794543e-07,2.543832165088710820e-07,2.550094973740161662e-07,2.554053807734349477e-07,2.557319437807500068e-07,2.553026373529385120e-07,2.542581317290604200e-07,2.524378830052671679e-07,2.497769143837941021e-07,2.462517959062642916e-07,2.418674391849141303e-07,2.366542843081157724e-07,2.306681071027273640e-07,2.239894839190542661e-07,2.167223509296611427e-07,2.089922616823858526e-07,2.009462152478725889e-07,1.927565583691471971e-07,1.846379451454325935e-07,1.766356640579731779e-07,1.691848371651237595e-07,1.622380914918085968e-07,1.557627294604699134e-07,1.497341969139831781e-07,1.441378892255458795e-07,1.389697147913587963e-07,1.342354568860118653e-07,1.299495588231742066e-07,1.261405319912072826e-07,1.225132922817800753e-07,1.190703135757302967e-07,1.157174913378222405e-07,1.123980385899510798e-07,1.090764107393880382e-07,1.057317136459301479e-07,1.023541780567206498e-07,9.894301785492853519e-08,9.550466189949660135e-08,9.205105493664346669e-08,8.859802157565607846e-08,8.516375655778094569e-08,8.176749421409512018e-08,7.842838296313961982e-08,7.516456757257084925e-08,7.199246738928906372e-08,6.892623214983688492e-08,6.597735613907496507e-08,6.315443401799028857e-08,6.046304547987831854e-08,5.790575929403656400e-08,5.548224902735804261e-08,5.318951217057119865e-08,5.102218158527830618e-08,4.897291381753585196e-08,4.703283403968465333e-08,4.519201348196509487e-08,4.343995329242609993e-08,4.176601901185414769e-08,4.015968424679744425e-08,3.861072608175943117e-08,3.710942851383240958e-08,3.564680929780159408e-08,3.421489335824991950e-08,3.280704268163960392e-08,3.141833466335832380e-08,3.004595774518456023e-08,2.868956504233954186e-08,2.735149564016992246e-08,2.603674510218995732e-08,2.475255293920046455e-08,2.350749365022365576e-08,2.231003178935960468e-08,2.116664535850486475e-08,2.007982161508477454e-08,1.904641952336942759e-08,1.805696034972844381e-08,1.709624868129055550e-08,1.614533975056381781e-08,1.518440707116458435e-08,1.419576394378924694e-08,1.316632858775160821e-08,1.208920955960737828e-08,1.096470728932004802e-08,9.801760043426310770e-09,8.621786170044855897e-09,7.468538589485059455e-09,6.430957337996372132e-09,5.687548266683786412e-09,5.546974850697396203e-09,6.362759451401367919e-09,8.364420041238458663e-09,1.165891748123112686e-08,1.587700962997968255e-08,1.933520247489551918e-08,2.054546644498295136e-08
2.347806718218618089e-08,2.454921557966153413e-08,2.887113705713460394e-08,3.486331128876701388e-08,4.091626442707260119e-08,4.614608517553029923e-08,5.023799416722962313e-08,5.329105405316615496e-08,5.554065088926642205e-08,5.720490728469354582e-08,5.844729693662962634e-08,5.938354073393066590e-08,6.009549746099142084e-08,6.064196412282598097e-08,6.106580774713543030e-08,6.139860387888229457e-08,6.166375025722972674e-08,6.187863765651604799e-08,6.205620842287537233e-08,6.220609657206392264e-08,6.233547066227238308e-08,6.244966019431214157e-08,6.255262198897226263e-08,6.264728725059137606e-08,6.273581922186952582e-08,6.281980364203966094e-08,6.290038863390809428e-08,6.297838655194456911e-08,6.305434731410527228e-08,6.312861052336024119e-08,6.320134204704907481e-08,6.327255950399132883e-08,6.334215019236336659e-08,6.340988428854783451e-08,6.347542559533018258e-08,6.353834167236793997e-08,6.359811481256357813e-08,6.365415501586277167e-08,6.370581584716851761e-08,6.375241384527960561e-08,6.379325197970494018e-08,6.382764754318806526e-08,6.385494880512928272e-08,6.387449499989838488e-08,6.388560503593279556e-08,6.388758043877239184e-08,6.387970951209159911e-08,6.386127307556497677e-08,6.383155224028374046e-08,6.378983881393336014e-08,6.373544909797672004e-08,6.366774205922215004e-08,6.358614314295727132e-08,6.349017536157910274e-08,6.337949975901605785e-08,6.325396792789909461e-08,6.311368992824808289e-08,6.295912163848405576e-08,6.279117600573749622e-08,6.261136216886648042e-08,6.242195315200310934e-08,6.222617156332643726e-08,6.202835007843101942e-08,6.183394949831040597e-08,6.164926238223127629e-08,6.148107777334950599e-08,6.133591007763262620e-08,6.128783564719670873e-08,6.132013035464151576e-08,6.144871087455299815e-08,6.167220614937275554e-08,6.198762237566771896e-08,6.239273860651218217e-08,6.288639260473484884e-08,6.346850849966081749e-08,6.414011807951027652e-08,6.490309835775014267e-08,6.575762566313497587e-08,6.668528242033018231e-08,6.770301277475510773e-08,6.872813832942502575e-08,6.975177259869144508e-08,7.076534588709507069e-08,7.176165958028432379e-08,7.273550976577118969e-08,7.368429684842601367e-08,7.460827490374749749e-08,7.551044469349139254e-08,7.639593261952310987e-08,7.727127457527252984e-08,7.814285262260976079e-08,7.914185541574428292e-08,8.023766316831808793e-08,8.146072155803777067e-08,8.281016146559643524e-08,8.428310252882725987e-08,8.587878030411949713e-08,8.759885563320196047e-08,8.944741609620390485e-08,9.143113320029091881e-08,9.355901834720970730e-08,9.583753659395045973e-08,9.823504171919441600e-08,1.007942134357592770e-07,1.033468439143406256e-07,1.058794562070244123e-07,1.083781824769208996e-07,1.108308700465333033e-07,1.132283020603004841e-07,1.155654125310294542e-07,1.178418236468072597e-07,1.200616246756479727e-07,1.222318834416059786e-07,1.243607911006855563e-07,1.264531579994044216e-07,1.288773261741544883e-07,1.315347374842813650e-07,1.345059648703423695e-07,1.377796474244635857e-07,1.413396048681308570e-07,1.451763051607488510e-07,1.492873560717583281e-07,1.536775699017395558e-07,1.583599926560995124e-07,1.633562385260735158e-07,1.686825708544782124e-07,1.742369973527729861e-07,1.801543707155863827e-07,1.858954119543258099e-07,1.914119400355526870e-07,1.966515367939560800e-07,2.015636022567225603e-07,2.061024952282125107e-07,2.102305364937847480e-07,2.139190141381132442e-07,2.171476567946541267e-07,2.199021493345069864e-07,2.221712091275185885e-07,2.239397168623912768e-07,2.257604714991335856e-07,2.274515258766391194e-07,2.291085038456901493e-07,2.306847033317179399e-07,2.321264080470527542e-07,2.333908642029878574e-07,2.344471675448399460e-07,2.352763255771282375e-07,2.358725843011073057e-07,2.362438634951392639e-07,2.363943068312313795e-07,2.361838872734224798e-07,2.357694929624734362e-07,2.345358013335173926e-07,2.324741552339969288e-07,2.295823624507944685e-07,2.258728863683029325e-07,2.213766276728931720e-07,2.161457917629040648e-07,2.102540705630151639e-07,2.037948924861791089e-07,1.968778321159691838e-07,1.896244454139965949e-07,1.821613486071816758e-07,1.749017116926182824e-07,1.678524512928734550e-07,1.611505364876470016e-07,1.548298630193620053e-07,1.488948297071251265e-07,1.433415994582572539e-07,1.381660164403963312e-07,1.333662050936978387e-07,1.289418961725008115e-07,1.248899181398735903e-07,1.211908785323589870e-07,1.177606252454981078e-07,1.146119093434594143e-07,1.115183989341447744e-07,1.084486966196759399e-07,1.053775733431825109e-07,1.022878211948109290e-07,9.917013796346718272e-08,9.602270727181407206e-08,9.285006222438732685e-08,8.966166928355017142e-08,8.647051261081142994e-08,8.329179416436198828e-08,8.014179280724500767e-08,7.703689585770068517e-08,7.399280182710897109e-08,7.102388517542509701e-08,6.814271025871776689e-08,6.535968094890636895e-08,6.268281352883317819e-08,6.011762231533500188e-08,5.766710908395561063e-08,5.533184805299594639e-08,5.311015756733461880e-08,5.099834773633050484e-08,4.899103053374394292e-08,4.708147593858072387e-08,4.526199535330008296e-08,4.352433243844171011e-08,4.186001116117700840e-08,4.026051550241229862e-08,3.871745280680164209e-08,3.722273274919559518e-08,3.576876808347855758e-08,3.434871540115931414e-08,3.295676274883262470e-08,3.158845552387113146e-08,3.024103227508593668e-08,2.891371836298454731e-08,2.760790018969751451e-08,2.632708137548042532e-08,2.507651482314645676e-08,2.386242573247703047e-08,2.269080637590224252e-08,2.156588187199755374e-08,2.048850168171680112e-08,1.945485126856155003e-08,1.845591905308104078e-08,1.747802414472365607e-08,1.650441438483115183e-08,1.551759364681036581e-08,1.450180698046352366e-08,1.344514056631627151e-08,1.234100845341806548e-08,1.118932991855740107e-08,9.998387481340371103e-09,8.789336838991270772e-09,7.607274604031166852e-09,6.546785765910787838e-09,5.801757956041316292e-09,5.708888162769150669e-09,6.643453433954125599e-09,8.825765032072050835e-09,1.230150266003396820e-08,1.654778796297202644e-08,1.979300383913245084e-08,2.095495908595325549e-08
2.400575522540970934e-08,2.489676834474466611e-08,2.880325073510767808e-08,3.455476957678059028e-08,4.049518765911904164e-08,4.570199056734490279e-08,4.980941966537634639e-08,5.287890213525308456e-08,5.513285097905068839e-08,5.678993339082097155e-08,5.801770042006384237e-08,5.893546712409845097e-08,5.962744211564737742e-08,6.015376654030370421e-08,6.055800144001664469e-08,6.087202941157247863e-08,6.111933425241630813e-08,6.131727144749351081e-08,6.147868572199179918e-08,6.161308586484045295e-08,6.172750775374865979e-08,6.182715207856971458e-08,6.191585665948986413e-08,6.199644617696868583e-08,6.207099052878620861e-08,6.214099484992445812e-08,6.220753834109152734e-08,6.227137476620972086e-08,6.233300434638051268e-08,6.239272448111918705e-08,6.245066503728678433e-08,6.250681269296068306e-08,6.256102788276391263e-08,6.261305717168663129e-08,6.266254332045786236e-08,6.270903485083166518e-08,6.275199654248484882e-08,6.279082197497664736e-08,6.282484895808899829e-08,6.285337846934676135e-08,6.287569754308057334e-08,6.289110644216539075e-08,6.289893448692027629e-08,6.289849955694538701e-08,6.288909619262055210e-08,6.286999766760369043e-08,6.284045901586844390e-08,6.279972129140970818e-08,6.274701741646190160e-08,6.268158007538417555e-08,6.260265224520612833e-08,6.250950113380030054e-08,6.240143654399760367e-08,6.227783503025014776e-08,6.213817171622496947e-08,6.198206237622567655e-08,6.180931946136205152e-08,6.162002730840801529e-08,6.141464393472003437e-08,6.119413963467405808e-08,6.096018554182277703e-08,6.071540386863595758e-08,6.046365579661743757e-08,6.021013126581045972e-08,5.996033575473287854e-08,5.971930446436275606e-08,5.956010864552227383e-08,5.948501400128050614e-08,5.949144379088755238e-08,5.958312849493603454e-08,5.976042285092573461e-08,6.002215908375247456e-08,6.036695385187587343e-08,6.079371266025660633e-08,6.130175323835138473e-08,6.189068003130743493e-08,6.255985229950391986e-08,6.330698449565892543e-08,6.412615181798295287e-08,6.501824817974043764e-08,6.597892234807840216e-08,6.692611895725910933e-08,6.785242810329306906e-08,6.875065519047294459e-08,6.961492316861267170e-08,7.044209919228416008e-08,7.123213309813704361e-08,7.198791210916623578e-08,7.271345464695893750e-08,7.341241909181320367e-08,7.420992307314989707e-08,7.511100772544822563e-08,7.611196774547032160e-08,7.722121236102192138e-08,7.844144256721092404e-08,7.977316800389820079e-08,8.121703641963362512e-08,8.277466170242277040e-08,8.444879788636274717e-08,8.624310112718338256e-08,8.816111606260294950e-08,9.020342616603419454e-08,9.236330894646415658e-08,9.464822214601738879e-08,9.705391572682723213e-08,9.941347496594512713e-08,1.017146762054165248e-07,1.039446240451221677e-07,1.060918801936135961e-07,1.081492590555689457e-07,1.101145936490494080e-07,1.119904900455130155e-07,1.137798849118679789e-07,1.154821290400319743e-07,1.174410466334280933e-07,1.196665131547731580e-07,1.221411615923722634e-07,1.248826017961244432e-07,1.278916091159068527e-07,1.311629037550200892e-07,1.346919476167175344e-07,1.384773016873524763e-07,1.425212397861269931e-07,1.468293564392947570e-07,1.514079596573764057e-07,1.562556372733670192e-07,1.613493915833594655e-07,1.667119447764446885e-07,1.723283911557393111e-07,1.776670809904569841e-07,1.826841282212786863e-07,1.873311290202264485e-07,1.915611040547671757e-07,1.953361525817132356e-07,1.986285240283951833e-07,2.014196751983268076e-07,2.036930597639525927e-07,2.054280106758293127e-07,2.071448935659168224e-07,2.088359109970775505e-07,2.104500419677472373e-07,2.119901696042308589e-07,2.134332060289769795e-07,2.147471472294894300e-07,2.159019071992564309e-07,2.168732537237237474e-07,2.176440574067590996e-07,2.182041371550967423e-07,2.185473078598308277e-07,2.186612014472111777e-07,2.185105306765706961e-07,2.181217838959555913e-07,2.174823178288248623e-07,2.160213342931699018e-07,2.137496971711425613e-07,2.106836456582245041e-07,2.068516762777796848e-07,2.023022409944111257e-07,1.971038918993679277e-07,1.913431302794609615e-07,1.851177023301007118e-07,1.785306214980029899e-07,1.719800712848920160e-07,1.655489981483824260e-07,1.592930003729556169e-07,1.532844297878628312e-07,1.475649516691689116e-07,1.421548031447524430e-07,1.370629272448828510e-07,1.322929951891925253e-07,1.278460012536785814e-07,1.237201109693200740e-07,1.199078197837003692e-07,1.163902823428624356e-07,1.131323429510541452e-07,1.101163106822057928e-07,1.073126108257955458e-07,1.045169182196360824e-07,1.017124841421777491e-07,9.888591753626080023e-08,9.602881512303632305e-08,9.313947633603234718e-08,9.022196336981733460e-08,8.728468878705937189e-08,8.433910554040076893e-08,8.139857394832571251e-08,7.847739710168387609e-08,7.559001061281422939e-08,7.275031471833026184e-08,6.997113794378793827e-08,6.726382213203447888e-08,6.463791925549889594e-08,6.210099123979798053e-08,5.965850485932487012e-08,5.731381432001326262e-08,5.506822412979097012e-08,5.292112411633274346e-08,5.087018702831404325e-08,4.891161730108613474e-08,4.704043768406256415e-08,4.525079897265892604e-08,4.353629745858308071e-08,4.189025373007033438e-08,4.030583947699015530e-08,3.877621297566530029e-08,3.729467526319352149e-08,3.585484567656816153e-08,3.445087123669359356e-08,3.307767462928140518e-08,3.173123234964294765e-08,3.040885777631848960e-08,2.910944416088947668e-08,2.783360207170237310e-08,2.658360969783813171e-08,2.536309108901172062e-08,2.417635847739448498e-08,2.302741181952740549e-08,2.191868544375178776e-08,2.084975314937911954e-08,1.981630720155750058e-08,1.880975155645419624e-08,1.781764513187478832e-08,1.682500261111013837e-08,1.581619174461131359e-08,1.477698934185108444e-08,1.369638434851979333e-08,1.256798044236924065e-08,1.139131785760738700e-08,1.017409112712810278e-08,8.937293955331529231e-09,7.727561241273980444e-09,6.645727521190860577e-09,5.902795990342520240e-09,5.865996130223482835e-09,6.930680104206729501e-09,9.299182341960908382e-09,1.294317139026278274e-08,1.718704515426988049e-08,2.021616722988332655e-08,2.137634563776555617e-08
2.450278006391020797e-08,2.526842447219401567e-08,2.876097463727615358e-08,3.425691486274585777e-08,4.007224927994865705e-08,4.524637820506070928e-08,4.936527500215448518e-08,5.245130956738214133e-08,5.471143524210928256e-08,5.636340569132287386e-08,5.757834800619055972e-08,5.847910765285339838e-08,5.915230364197881064e-08,5.965949092100856548e-08,6.004497698015694489e-08,6.034098737011172456e-08,6.057111664909352768e-08,6.075270281410737941e-08,6.089850654836012000e-08,6.101792230059810210e-08,6.111786231780618685e-08,6.120340618003090971e-08,6.127827935464731582e-08,6.134520578734195336e-08,6.140616710277889614e-08,6.146259229780458318e-08,6.151549560469733810e-08,6.156557571828980601e-08,6.161328632172118137e-08,6.165888546742174105e-08,6.170246962635048993e-08,6.174399692997359181e-08,6.178330316473125086e-08,6.182011334242714421e-08,6.185405109373220825e-08,6.188464766793515399e-08,6.191135193790634134e-08,6.193354248469363685e-08,6.195054256051349430e-08,6.196163849930203969e-08,6.196610196464802105e-08,6.196321630667333402e-08,6.195229147718020093e-08,6.193262302101436964e-08,6.190347943155497412e-08,6.186410313993690406e-08,6.181371213600482556e-08,6.175150240104874213e-08,6.167665137988259862e-08,6.158832278204886945e-08,6.148567308601099824e-08,6.136786023880485152e-08,6.123405521998761710e-08,6.108345741602497860e-08,6.091531520916843789e-08,6.072895396631279090e-08,6.052381496160274956e-08,6.029951106801149499e-08,6.005590890708389302e-08,5.979325376870875299e-08,5.951236731397689406e-08,5.921498630082608720e-08,5.890441342412460875e-08,5.858658339851580306e-08,5.826700232051948628e-08,5.801752069646468452e-08,5.784208182016654984e-08,5.774281003277471761e-08,5.772011971431192873e-08,5.777524563102195806e-08,5.790841602828212411e-08,5.811898004511523073e-08,5.840588478622105368e-08,5.876797787684475143e-08,5.920409475790777871e-08,5.971294384183895952e-08,6.029276611246147182e-08,6.094080780845327416e-08,6.165316975166915445e-08,6.242676600048573893e-08,6.325658175974494210e-08,6.413558607564494547e-08,6.498272871108140597e-08,6.578973052052488940e-08,6.654862891862575658e-08,6.725543237632810380e-08,6.790994138113223039e-08,6.851674071883261863e-08,6.908023337465413928e-08,6.971926782761596719e-08,7.044197784445578235e-08,7.125353776386336314e-08,7.215627426563259189e-08,7.315439451979391208e-08,7.425065304600851973e-08,7.544661566250461632e-08,7.674350833764912155e-08,7.814271837021045002e-08,7.964589990601356019e-08,8.125470491920962420e-08,8.297006178623751885e-08,8.479102403730605978e-08,8.671428863899386397e-08,8.873800426280119481e-08,9.085566936179033076e-08,9.305569225648422740e-08,9.517357401337506611e-08,9.719357740794392260e-08,9.909927593923565778e-08,1.008806195427400762e-07,1.025339030267270153e-07,1.040646783992193690e-07,1.054756431834935544e-07,1.070851814355761619e-07,1.089137044011221831e-07,1.109719560570529317e-07,1.132614418706391161e-07,1.157887059699978922e-07,1.185559050943282020e-07,1.215618656847162620e-07,1.248046876580811927e-07,1.282832836298169650e-07,1.319978094075424220e-07,1.359490610018993439e-07,1.401365318920928225e-07,1.445550450172398642e-07,1.491932018197720050e-07,1.540451014788525237e-07,1.590905004333458851e-07,1.642930864433178492e-07,1.691339061193987576e-07,1.735608490179745252e-07,1.775179760208658170e-07,1.809661121474904755e-07,1.838794117010211533e-07,1.862482551911179363e-07,1.880599600120979780e-07,1.897992638409181557e-07,1.914799720565483917e-07,1.930997389220131023e-07,1.946411020853474386e-07,1.960940998753645026e-07,1.974420996733458674e-07,1.986638303732696885e-07,1.997377978667359557e-07,2.006450773870769003e-07,2.013704735353095276e-07,2.019022790449962529e-07,2.022303508653508064e-07,2.023424875459251680e-07,2.022232747842928579e-07,2.018698437699856723e-07,2.012690175373383086e-07,2.003970542355790814e-07,1.987286880849502433e-07,1.962770567232281194e-07,1.930605573993376189e-07,1.891237425455420356e-07,1.845321687566789914e-07,1.793721033885131840e-07,1.737354274032024802e-07,1.680035747452996481e-07,1.622613682486438328e-07,1.565824285095094385e-07,1.510270953368405916e-07,1.456507542308645665e-07,1.404936922203769906e-07,1.355819007716782863e-07,1.309310981631625879e-07,1.265501880723799699e-07,1.224431757049203860e-07,1.186094798643684731e-07,1.150428910173267950e-07,1.117300048852035571e-07,1.086507705796847296e-07,1.057863515010237415e-07,1.031139516960307297e-07,1.006081051875462173e-07,9.808280429493234187e-08,9.552685821678245915e-08,9.293105781045400986e-08,9.029476557214088150e-08,8.762299138732144252e-08,8.492441018808050774e-08,8.221008369937062292e-08,7.949250303804212197e-08,7.678481450656062531e-08,7.410017937832057825e-08,7.145124588503187532e-08,6.884972161551847907e-08,6.630603875157956414e-08,6.382910634461855351e-08,6.142614450286649681e-08,5.910259549013794742e-08,5.686210651648022946e-08,5.470657843417362968e-08,5.263627362206730286e-08,5.064997509966665672e-08,4.874518751368943145e-08,4.691836932123699923e-08,4.516518452383665396e-08,4.348076191990405590e-08,4.185991817116207776e-08,4.029724075164441514e-08,3.878719943241971874e-08,3.732428187336591530e-08,3.590314585523833129e-08,3.451879975060929574e-08,3.316681455521710232e-08,3.184355960344395229e-08,3.054643992070640262e-08,2.927409673056141262e-08,2.802651611184444522e-08,2.680497859817114066e-08,2.561178171697692540e-08,2.444968720350577684e-08,2.332109315804352075e-08,2.222701011322419206e-08,2.116601530162658680e-08,2.013343801837408653e-08,1.912104443696771790e-08,1.811740649463346220e-08,1.710896232315161813e-08,1.608156880433938903e-08,1.502221166433993618e-08,1.392056568046524632e-08,1.277032530858042622e-08,1.157064640305640221e-08,1.032868304853183557e-08,9.065349062580045689e-09,7.829017798898044092e-09,6.727462713236165192e-09,5.990790995672013251e-09,6.019319344394367442e-09,7.225524870321797315e-09,9.783682366474377847e-09,1.358011605584923691e-08,1.779233538910937891e-08,2.060943747559153293e-08,2.180998405639800096e-08
2.496897283226889278e-08,2.565940217892832580e-08,2.874525738418494822e-08,3.397100886557870997e-08,3.964883965759294814e-08,4.478034602130177260e-08,4.890604450128904909e-08,5.200831876231219606e-08,5.427627491803301948e-08,5.592518876214767267e-08,5.712915920255116334e-08,5.801444620870074147e-08,5.867012190788681583e-08,5.915922167194230501e-08,5.952685345015240111e-08,5.980562398584169761e-08,6.001926530116442860e-08,6.018511721142142889e-08,6.031587102895879004e-08,6.042081854009053153e-08,6.050675798994619146e-08,6.057865597980649520e-08,6.064013259549106325e-08,6.069381708329316879e-08,6.074160805598868889e-08,6.078486298549923668e-08,6.082453520479203706e-08,6.086127195299732005e-08,6.089548360901504343e-08,6.092739179760911985e-08,6.095706225434637287e-08,6.098442701141022116e-08,6.100929947731434183e-08,6.103138523024300308e-08,6.105029075612968952e-08,6.106553188908854840e-08,6.107654332008485178e-08,6.108269020883244494e-08,6.108328265264467844e-08,6.107759353116088018e-08,6.106488006137224799e-08,6.104440927367601627e-08,6.101547195893709904e-08,6.097734116429397487e-08,6.092925871971130761e-08,6.087043500581521683e-08,6.080004899442760273e-08,6.071724863346980232e-08,6.062115166100863264e-08,6.051084694925341493e-08,6.038539650102437061e-08,6.024383825530544601e-08,6.008518992081260968e-08,5.990845418326630035e-08,5.971262590332039391e-08,5.949670250724111869e-08,5.925970000454821578e-08,5.900067951271495265e-08,5.871879349326562808e-08,5.841336702191751638e-08,5.808403641108442952e-08,5.773100528278582151e-08,5.735595499090079796e-08,5.696862832922127126e-08,5.664150133844343743e-08,5.637942591731156664e-08,5.618561135042066304e-08,5.606193593916310475e-08,5.600927505018289092e-08,5.602819675638539379e-08,5.611867570390043979e-08,5.628009948891946769e-08,5.651144090090214189e-08,5.681139998967689192e-08,5.717844244081910630e-08,5.761071882513859639e-08,5.810587684574677189e-08,5.866084220610271784e-08,5.927177768264567786e-08,5.993435740095394834e-08,6.064298613793142545e-08,6.139043684883435058e-08,6.216754248575438744e-08,6.289220939542185528e-08,6.355075188990882311e-08,6.413851482556201206e-08,6.465416857788777007e-08,6.510896665804161931e-08,6.561880255519941504e-08,6.619342429985496261e-08,6.684012878143299445e-08,6.756411710145909827e-08,6.836901616909586081e-08,6.925816536277118835e-08,7.023410764371361679e-08,7.129861263680125319e-08,7.245297807360192866e-08,7.369825293765651606e-08,7.503525408814123417e-08,7.646434485213904000e-08,7.798498417305640284e-08,7.959517439840971719e-08,8.129121509246470611e-08,8.306804743997878215e-08,8.491735475945967229e-08,8.682656669825976392e-08,8.877802292525993693e-08,9.060571312804850048e-08,9.228119873185890737e-08,9.379163320287083875e-08,9.512887809699822795e-08,9.631353420731524633e-08,9.764688184684605003e-08,9.915427336066297613e-08,1.008535957800544896e-07,1.027560754219517965e-07,1.048678155749466023e-07,1.071937559807541957e-07,1.097364042885224444e-07,1.124961061618791443e-07,1.154720726410452942e-07,1.186631511616753363e-07,1.220680009216673015e-07,1.256845853163903707e-07,1.295089743228247539e-07,1.335337858684777278e-07,1.377474713483831264e-07,1.421353493021694655e-07,1.466734980429410623e-07,1.513255942771907884e-07,1.560403302867599526e-07,1.603012897959074316e-07,1.640230240070977590e-07,1.671685481577549443e-07,1.697110296134350274e-07,1.716690455303724109e-07,1.735036145296969959e-07,1.752413373396316829e-07,1.768957442820766579e-07,1.784689043098034426e-07,1.799542201942661348e-07,1.813430154380603597e-07,1.826230062940670774e-07,1.837791425171342141e-07,1.847956294208889907e-07,1.856575991943380597e-07,1.863519572096163581e-07,1.868673353211928017e-07,1.871932043828366571e-07,1.873186250257052009e-07,1.872322228005777726e-07,1.869246128868625375e-07,1.863822791314093140e-07,1.855853618906777391e-07,1.845065316777530869e-07,1.826504529960399752e-07,1.800045329007321354e-07,1.766145740962255502e-07,1.725434229594149567e-07,1.678921967294973602e-07,1.630340763295213999e-07,1.580539694922448729e-07,1.530278392185227053e-07,1.480222814009085427e-07,1.430942299564765996e-07,1.382924091950703972e-07,1.336550367718385631e-07,1.292099049770490895e-07,1.249760867271883081e-07,1.209658185022223525e-07,1.171858043457157745e-07,1.136377426954022495e-07,1.103182523894456022e-07,1.072187695980243434e-07,1.043264204649406386e-07,1.016263397878327410e-07,9.910115604343462388e-08,9.673134952674552025e-08,9.449549537339956809e-08,9.221849565397350003e-08,8.988375353669322100e-08,8.749462327210867180e-08,8.505904840263223734e-08,8.258724854685545233e-08,8.009085653043286931e-08,7.758227434783864662e-08,7.507413845309837017e-08,7.257887117408772979e-08,7.010830410633208166e-08,6.767336649496517586e-08,6.528383610706559134e-08,6.294815171382818276e-08,6.067328625778711418e-08,5.846467903116657200e-08,5.632622419049998246e-08,5.426031182416109298e-08,5.226791660378677176e-08,5.034872781941313388e-08,4.850131340106539140e-08,4.672330949428842900e-08,4.501162643256610701e-08,4.336266166774191713e-08,4.177247782708200099e-08,4.023684921422545826e-08,3.875135273044630049e-08,3.731148523446269835e-08,3.591279480566015157e-08,3.455103527622351633e-08,3.322234638412472574e-08,3.192345243762031918e-08,3.065186049266241065e-08,2.940602544158303798e-08,2.818543607614834528e-08,2.699056693163667648e-08,2.582264140072037557e-08,2.468316939012343153e-08,2.357326362464531369e-08,2.249280257875151504e-08,2.143958319765337949e-08,2.040866667145591176e-08,1.939213035368530162e-08,1.837937211279136531e-08,1.735797544143772636e-08,1.631498372338551156e-08,1.523832957524427400e-08,1.411819496746158374e-08,1.294827979425492068e-08,1.172734403775063903e-08,1.046203267539086738e-08,9.173248619847396750e-09,7.911317576844376592e-09,6.791746157200806433e-09,6.066023437889033968e-09,6.170051395728383730e-09,7.528936504300237772e-09,1.027784990938066283e-08,1.420845501084747618e-08,1.836192708104538208e-08,2.097788892410599880e-08,2.225498955320752409e-08
2.540502079545719507e-08,2.606466060049606002e-08,2.875672168888091543e-08,3.369830176901218833e-08,3.922632781777169614e-08,4.430505098355867200e-08,4.843230458212413826e-08,5.155003903934164719e-08,5.382727216623795519e-08,5.547515399355676751e-08,5.667004867310030935e-08,5.754145733742257809e-08,5.818092600378767282e-08,5.865303198998707079e-08,5.900373847823106251e-08,5.926607372957508323e-08,5.946393589130545830e-08,5.961468742549304910e-08,5.973096606265742565e-08,5.982197341519109193e-08,5.989440394615410553e-08,5.995311984466191918e-08,6.000164311135175748e-08,6.004251457411651063e-08,6.007755528271816137e-08,6.010805594236384423e-08,6.013491316939187643e-08,6.015872645123394756e-08,6.017986617064214965e-08,6.019852050781861995e-08,6.021472718137308963e-08,6.022839462838000941e-08,6.023931621024218922e-08,6.024718026062077620e-08,6.025157819061800865e-08,6.025201238343432498e-08,6.024790521145047010e-08,6.023861017148975023e-08,6.022342584723337890e-08,6.020161316783186031e-08,6.017241624216812716e-08,6.013508691908474258e-08,6.008889775050965171e-08,6.003310005015954189e-08,5.996690956960597750e-08,5.988950498890844102e-08,5.980002631046802317e-08,5.969757311771256157e-08,5.958120263788992548e-08,5.944992751542183757e-08,5.930271315499401569e-08,5.913847442741312506e-08,5.895607144347660133e-08,5.875430399747599619e-08,5.853190419751177804e-08,5.828752685595120495e-08,5.801973776301010282e-08,5.772700189239925272e-08,5.740767846581193578e-08,5.706003632917176779e-08,5.668227346655727024e-08,5.627215355715231416e-08,5.582315683508125918e-08,5.542492559785638239e-08,5.508498042862755663e-08,5.480685274524354362e-08,5.459271261736940544e-08,5.444386786525068204e-08,5.436096051478398916e-08,5.434417876869203192e-08,5.439323688786018533e-08,5.450738717475383624e-08,5.468548375250946498e-08,5.492603797298545628e-08,5.522722348421913984e-08,5.558681748044850074e-08,5.600208987141025708e-08,5.646968251024141097e-08,5.698554072118930577e-08,5.754487425417724611e-08,5.814186355865460955e-08,5.876938537386472112e-08,5.941843253008695801e-08,6.007532437422808732e-08,6.063913570209967206e-08,6.111027313488654944e-08,6.147703353486590530e-08,6.187804090202172346e-08,6.232755099670346669e-08,6.283380435741277413e-08,6.340291584627099949e-08,6.403959693444866644e-08,6.474748855572475166e-08,6.552957048551716156e-08,6.638814864025496588e-08,6.732489080103732480e-08,6.834093743043779101e-08,6.943697533408102119e-08,7.061319735920406609e-08,7.186912056977200330e-08,7.320327841385411705e-08,7.461285994481155793e-08,7.609341270482699861e-08,7.763856017617331393e-08,7.923915412742746633e-08,8.088246374453249233e-08,8.255077233717962552e-08,8.421565521952749802e-08,8.567495377105187450e-08,8.692396729421479393e-08,8.792612811806508075e-08,8.902888517660458518e-08,9.026863544054771081e-08,9.166614307054157649e-08,9.323602791932058580e-08,9.498850656529525622e-08,9.693034931388986027e-08,9.906619007394443724e-08,1.013986433558982526e-07,1.039285669021616277e-07,1.066555271648761977e-07,1.095781434528961881e-07,1.126940967460648802e-07,1.159997239876773757e-07,1.194892327618897115e-07,1.231537389993824055e-07,1.269804758482063447e-07,1.309520386176530361e-07,1.350438918590097315e-07,1.392221174119303882e-07,1.434394683434879489e-07,1.476181209419990030e-07,1.511398259006216936e-07,1.540081462578614844e-07,1.561600163272715297e-07,1.581309223910635543e-07,1.599701758798186234e-07,1.617006856883226058e-07,1.633341682550862213e-07,1.648743306370457807e-07,1.663188299817560889e-07,1.676617673933656324e-07,1.688943131881547379e-07,1.700055472962524384e-07,1.709836289688923397e-07,1.718168293401635324e-07,1.724941366123665717e-07,1.730053522180846062e-07,1.733407573119930276e-07,1.734906453842400696e-07,1.734452011425966105e-07,1.731945987922307702e-07,1.727271296126296819e-07,1.720278467224916887e-07,1.710757324493967415e-07,1.698273566220370383e-07,1.677058981175255371e-07,1.647997613540137674e-07,1.611478452567501934e-07,1.571842166715796303e-07,1.530038714645575427e-07,1.486833275709163832e-07,1.442903450464536272e-07,1.398849928758502876e-07,1.355195173302208834e-07,1.312384214631992448e-07,1.270778809282219912e-07,1.230658590183936808e-07,1.192229495663176608e-07,1.155634456094810221e-07,1.120962333142307457e-07,1.088253591803433750e-07,1.057503531037478915e-07,1.028665853118638535e-07,1.001659975681599101e-07,9.763816691574845259e-08,9.527074044355702476e-08,9.304985230091191730e-08,9.095975176864278621e-08,8.897748675992486578e-08,8.689965454868001048e-08,8.474896380518677823e-08,8.253860584955295492e-08,8.028120984158741857e-08,7.798962690693964902e-08,7.567670886052051378e-08,7.335503599618085646e-08,7.103667402590665960e-08,6.873295559866388810e-08,6.645428687104495409e-08,6.420998458974952057e-08,6.200814939302833627e-08,5.985557933297179971e-08,5.775772554182819121e-08,5.571869004025460352e-08,5.374126400099934276e-08,5.182700330124460989e-08,4.997633688635171196e-08,4.818870233424694328e-08,4.646270210109255658e-08,4.479627331461682638e-08,4.318686372694935188e-08,4.163157331701867511e-08,4.012717041441157802e-08,3.867016504443885351e-08,3.725691033307064472e-08,3.588371523460153490e-08,3.454697620780744077e-08,3.324332954185752881e-08,3.196981807092052279e-08,3.072405608102153600e-08,2.950436498436314437e-08,2.830984157233933759e-08,2.714031360509345483e-08,2.599613896250980687e-08,2.487782019394883145e-08,2.378544036630881685e-08,2.271797790542168906e-08,2.167261770961583282e-08,2.064422229666145189e-08,1.962513320511043910e-08,1.860541977440474385e-08,1.757358473409723589e-08,1.651761234109419046e-08,1.542616822052740273e-08,1.428979330694573919e-08,1.310211823282789354e-08,1.186149045060203972e-08,1.057406429062032762e-08,9.260792407084192488e-09,7.974188891371902169e-09,6.838415607800378411e-09,6.128944333423638297e-09,6.319542544651676251e-09,7.841664674713388773e-09,1.077985996580633999e-08,1.482433502707740515e-08,1.889483517117664525e-08,2.132671866773595685e-08,2.270942517986585639e-08
2.581234152207663441e-08,2.647907271867797985e-08,2.879560239322551408e-08,3.344002822849660972e-08,3.880605828858292290e-08,4.382169812990349728e-08,4.794472126973791064e-08,5.107665105696365983e-08,5.336436552274949474e-08,5.501318332833266135e-08,5.620092812170419361e-08,5.706010693265095496e-08,5.768473432919806252e-08,5.814098369318626917e-08,5.847572798526079917e-08,5.872245904825696130e-08,5.890527168526694646e-08,5.904157335349406620e-08,5.914396512651612541e-08,5.922157175901950542e-08,5.928099475381292615e-08,5.932700089566992233e-08,5.936302172330406896e-08,5.939151617216450684e-08,5.941423336355829686e-08,5.943240213667210934e-08,5.944686668489064455e-08,5.945818253627211707e-08,5.946668345808952685e-08,5.947252723166337609e-08,5.947572633473859442e-08,5.947616817104270965e-08,5.947362844819480593e-08,5.946778051736195001e-08,5.945820287446131700e-08,5.944438653028642262e-08,5.942574355021784532e-08,5.940161772084854838e-08,5.937129800878469625e-08,5.933403523212766696e-08,5.928906217081915813e-08,5.923561720784471515e-08,5.917295633195589372e-08,5.910031086240333884e-08,5.901687231554287160e-08,5.892178964606826472e-08,5.881416603770105903e-08,5.869305510247725132e-08,5.855745629314448364e-08,5.840630925554833431e-08,5.823848673614051663e-08,5.805278549628972426e-08,5.784791444160821259e-08,5.762247880580118821e-08,5.737495866746162074e-08,5.710367925326441287e-08,5.680676946657215381e-08,5.648210491274166300e-08,5.612723842927861380e-08,5.573936586256295314e-08,5.531561370946189544e-08,5.485515910011151713e-08,5.437097233185594339e-08,5.395369287335562338e-08,5.359693029550690320e-08,5.330027489705203825e-08,5.306436268714460681e-08,5.288973688973639223e-08,5.277659505450360883e-08,5.272476550356026509e-08,5.273368907907081452e-08,5.280241709928422164e-08,5.292962698916971269e-08,5.311363315467603847e-08,5.335237231948755280e-08,5.364335506438137620e-08,5.398358973267564467e-08,5.436949766856896661e-08,5.479683996594172456e-08,5.526064930055526652e-08,5.575514876197554594e-08,5.627389003678614081e-08,5.681080363167203946e-08,5.736527962184527844e-08,5.783487533024229529e-08,5.820213727780958279e-08,5.848346010808104280e-08,5.881900181801935811e-08,5.920274364918501466e-08,5.963754402680705220e-08,6.012762209269242951e-08,6.067687105716623033e-08,6.128853723253123188e-08,6.196525198440678544e-08,6.270904503308410142e-08,6.352136628037157925e-08,6.440311833824801167e-08,6.535465768498186462e-08,6.637572528845384743e-08,6.746528922634625356e-08,6.862130712696992588e-08,6.984044013219753388e-08,7.111775334348314217e-08,7.244638615299787676e-08,7.381715318714727529e-08,7.521854488374557235e-08,7.663847905806502662e-08,7.807387891353226880e-08,7.932277939758737303e-08,8.034825699941625377e-08,8.118416052291744992e-08,8.217662148956775565e-08,8.331063167073359628e-08,8.459295179720644865e-08,8.603324869573216333e-08,8.763981543545782487e-08,8.941881300822013527e-08,9.137448170564936352e-08,9.350930521179583882e-08,9.582420781530388196e-08,9.831878198985705687e-08,1.009914199269229562e-07,1.038392349205388993e-07,1.068577213974129664e-07,1.100401761883626057e-07,1.133769792919791390e-07,1.168548553412457516e-07,1.204560999963879295e-07,1.241577085530888956e-07,1.279319522319927636e-07,1.317526504685137254e-07,1.356258607570820664e-07,1.389424425315087701e-07,1.415953176681441715e-07,1.436257769226969974e-07,1.455694092514305860e-07,1.473988969688240049e-07,1.491183632048666896e-07,1.507345928336856222e-07,1.522509983798603134e-07,1.536669937022920333e-07,1.549788093843867241e-07,1.561801907111646147e-07,1.572631276742008846e-07,1.582186443465355000e-07,1.590374880754354506e-07,1.597105785601421711e-07,1.602291685739238218e-07,1.605847675918706579e-07,1.607689741531227915e-07,1.607733846734915364e-07,1.605895559077338804e-07,1.602088840404737802e-07,1.596240939405384433e-07,1.588367174478152951e-07,1.578897124996804128e-07,1.562040151686135699e-07,1.537426340357179746e-07,1.506055748054405941e-07,1.472215423048507304e-07,1.436287926038690400e-07,1.398859733937718205e-07,1.360517851950637143e-07,1.321800857687932819e-07,1.283185119315827689e-07,1.245080614731261099e-07,1.207828576104767235e-07,1.171702702133742662e-07,1.136914006741243172e-07,1.103617402221418175e-07,1.071918086800031484e-07,1.041876816823866305e-07,1.013514346344570902e-07,9.868162147195545373e-08,9.617390938829558528e-08,9.382185283296929902e-08,9.161766805532094628e-08,8.955348149147958398e-08,8.762449737389701286e-08,8.584062026489285726e-08,8.399627119133188863e-08,8.207013358583501104e-08,8.007168924217149814e-08,7.801519271990654580e-08,7.591493630746931491e-08,7.378449670606484721e-08,7.163664489118017263e-08,6.948331283707044458e-08,6.733553240654521358e-08,6.520335438102111384e-08,6.309576578269949047e-08,6.102061973794206049e-08,5.898458719202232859e-08,5.699313585381912333e-08,5.505053881259584279e-08,5.315991304334369131e-08,5.132328627217143330e-08,4.954168927028164696e-08,4.781526952118966727e-08,4.614342134982800547e-08,4.452492703071305390e-08,4.295810312806686489e-08,4.144091248049978008e-08,3.997095491876764439e-08,3.854552558726370904e-08,3.716170248611673788e-08,3.581644299923816020e-08,3.450669567335569505e-08,3.322952851891004101e-08,3.198226842152622497e-08,3.076263797297495655e-08,2.956886677732554227e-08,2.839974559032675255e-08,2.725458624272165053e-08,2.613305211094012688e-08,2.503483735623115067e-08,2.395920139635385835e-08,2.290440706483140401e-08,2.186715834846321411e-08,2.084216991369329859e-08,1.982200508392851305e-08,1.879727687711562162e-08,1.775722259179753769e-08,1.669056695576949921e-08,1.558653293194069017e-08,1.443589632111830590e-08,1.323215208436227408e-08,1.197321409611149293e-08,1.066475438452433682e-08,9.327832003010175031e-09,8.017416580440785394e-09,6.867401531651885966e-09,6.180194015505371925e-09,6.469272146120347356e-09,8.164201297719960181e-09,1.128751029794978914e-08,1.542403153512199099e-08,1.939083028613334462e-08,2.166103512117509988e-08,2.317052891723166096e-08
2.619294822734941841e-08,2.689758726106581577e-08,2.886169663083398438e-08,3.319739728568003320e-08,3.838934987444944095e-08,4.333152979375847180e-08,4.744404632207363003e-08,5.058841035537573798e-08,5.288753528723505063e-08,5.453917331692038990e-08,5.572170852832434731e-08,5.657035318945120032e-08,5.718155484931465438e-08,5.762312715897635479e-08,5.794290600308922967e-08,5.817489015502931804e-08,5.834340333149404113e-08,5.846592182610194275e-08,5.855502812371163643e-08,5.861978427811560733e-08,5.866671026549044552e-08,5.870048692065904845e-08,5.872446327229440668e-08,5.874102313360941581e-08,5.875184951550466573e-08,5.875811443133911976e-08,5.876061405289591907e-08,5.875986382614582689e-08,5.875616435289878046e-08,5.874964612085213269e-08,5.874029919792970389e-08,5.872799257148197146e-08,5.871248674914622592e-08,5.869344243287223392e-08,5.867042745143607161e-08,5.864292363494742786e-08,5.861033490084352167e-08,5.857199747166142833e-08,5.852719284789432044e-08,5.847516391014504941e-08,5.841513432634846076e-08,5.834633130136813014e-08,5.826799668046088880e-08,5.817934448548388023e-08,5.807954507207448859e-08,5.796772122764281151e-08,5.784294350462522744e-08,5.770422456168643056e-08,5.755051220588958914e-08,5.738068071760786140e-08,5.719351988145794583e-08,5.698772091427966444e-08,5.676185812752253411e-08,5.651436459516195239e-08,5.624349913266462261e-08,5.594730011303915506e-08,5.562351803312550728e-08,5.526951042770111474e-08,5.488206024055317542e-08,5.445700556970557315e-08,5.398828522633652910e-08,5.346475179479365866e-08,5.297978957155831549e-08,5.254916954423039524e-08,5.217547512737671358e-08,5.185928921837743947e-08,5.160085311397658406e-08,5.140019896166341215e-08,5.125710325365029939e-08,5.117105177105472233e-08,5.114121230548248129e-08,5.116641716122352355e-08,5.124515314060492062e-08,5.137554874205230361e-08,5.155534807848993004e-08,5.178186655764645398e-08,5.205193053396000048e-08,5.236180832855178599e-08,5.270713857958064085e-08,5.308285105341242370e-08,5.348306571106675608e-08,5.390095117897684578e-08,5.432828817551477001e-08,5.475316727300386492e-08,5.514688116278764491e-08,5.539488452882242549e-08,5.564286053678660208e-08,5.592125190104909083e-08,5.623887368040698904e-08,5.660072066800723508e-08,5.701080647979979247e-08,5.747252905976321025e-08,5.798870788453186997e-08,5.856161018498908398e-08,5.919296325453020194e-08,5.988396033344513000e-08,6.063525701589293795e-08,6.144693918411883507e-08,6.231844222843943023e-08,6.324841055547669267e-08,6.423449883770150085e-08,6.527312581302327248e-08,6.635918875952987698e-08,6.748572600557424270e-08,6.864349732859648346e-08,6.982044482196056863e-08,7.100052446642525239e-08,7.215880123217497066e-08,7.323524940608891330e-08,7.400463665099743829e-08,7.480487682714714218e-08,7.570921960162720690e-08,7.673854061753647278e-08,7.790447732941578890e-08,7.921605641564386228e-08,8.068044004878322126e-08,8.230299919081921397e-08,8.408744319104078642e-08,8.603595036247417827e-08,8.814930199072148302e-08,9.042699782814110363e-08,9.286728849075145372e-08,9.546705970961186319e-08,9.822153390626032752e-08,1.011237971822931015e-07,1.041641982251952986e-07,1.073296739355674520e-07,1.106030159949420284e-07,1.139620703850978393e-07,1.173788944850078307e-07,1.208175528210720820e-07,1.242215678070333812e-07,1.274386524480864266e-07,1.298335678578222022e-07,1.319470810418513284e-07,1.338997511068815799e-07,1.357237486450984569e-07,1.374332211899463888e-07,1.390360974339310973e-07,1.405361461997485624e-07,1.419337262924802559e-07,1.432264859740537439e-07,1.444099876820827171e-07,1.454783040359247502e-07,1.464245904826939649e-07,1.472415747209141411e-07,1.479219005171413023e-07,1.484583029676030600e-07,1.488436434613925391e-07,1.490708734994476977e-07,1.491329958579979189e-07,1.490230281603185805e-07,1.487339394929688382e-07,1.482586126194266443e-07,1.475885168975108999e-07,1.467019825445685196e-07,1.454887602282253675e-07,1.433719782738382820e-07,1.408161119912083450e-07,1.379623125349547702e-07,1.348867643541763445e-07,1.316507675223112407e-07,1.283090405230094141e-07,1.249107734626204872e-07,1.214995563139320891e-07,1.181132396079776050e-07,1.147838728559205360e-07,1.115378258794878382e-07,1.083961076920204694e-07,1.053748097722132938e-07,1.024855839269132808e-07,9.973610335818510392e-08,9.713051149210234369e-08,9.466990362893962418e-08,9.235288448444360243e-08,9.017619390570244440e-08,8.813535037683843390e-08,8.622528919805447026e-08,8.444054304055060861e-08,8.277192354949447311e-08,8.118172424450428900e-08,7.947003617253400165e-08,7.766865395581673098e-08,7.579819054418275163e-08,7.387513289731093752e-08,7.191387446608599124e-08,6.992741289829031265e-08,6.792761087512505892e-08,6.592528410878347618e-08,6.393021442951890588e-08,6.195113286794139875e-08,5.999569655550101419e-08,5.807047305703501488e-08,5.618093998026005533e-08,5.433150404500962396e-08,5.252554125727815060e-08,5.076545795956312227e-08,4.905277109318865808e-08,4.738820490166637324e-08,4.577180048122456060e-08,4.420303403195707716e-08,4.268093937849599145e-08,4.120419579660201727e-08,3.977109738565762176e-08,3.837959851634278235e-08,3.702738936587330031e-08,3.571197838392260212e-08,3.443078688614670895e-08,3.318125676711118661e-08,3.196096672595413350e-08,3.076774550913530119e-08,2.959976305366991427e-08,2.845557337297886135e-08,2.733407885112772637e-08,2.623438750098106066e-08,2.515554618763070971e-08,2.409615613205755468e-08,2.305391105839028629e-08,2.202513626636379802e-08,2.100443554834958580e-08,1.998455612715802934e-08,1.895654861422473447e-08,1.791023334081101635e-08,1.683491107880011660e-08,1.572021682370549165e-08,1.455705625502585989e-08,1.333872862665242840e-08,1.206268941797820364e-08,1.073412893234710805e-08,9.374269384282787449e-09,8.040844089119020324e-09,6.878738502623496894e-09,6.220619817097327273e-09,6.620809031846194368e-09,8.496729848457937472e-09,1.179826884938317109e-08,1.600404369210931364e-08,1.985042425147161997e-08,2.198565229362090138e-08,2.363495763286826906e-08
2.654930956191318781e-08,2.731537316602401949e-08,2.895433026796273253e-08,3.297157576645185671e-08,3.797749587698113928e-08,4.283581537462047549e-08,4.693111210592337039e-08,5.008564990089994127e-08,5.239680871296551298e-08,5.405303943007100999e-08,5.523230273313545581e-08,5.607214783868607744e-08,5.667138554225879187e-08,5.709950138587315636e-08,5.740534457566442994e-08,5.762346488017204746e-08,5.777844871086432786e-08,5.788786647531106820e-08,5.796430127531965743e-08,5.801676746846546595e-08,5.805171555732621339e-08,5.807375033235551301e-08,5.808614659420482412e-08,5.809122004743884568e-08,5.809059359161440360e-08,5.808538759047439135e-08,5.807635469914687465e-08,5.806397423931671314e-08,5.804851716200262227e-08,5.803008982120434123e-08,5.800866275584815472e-08,5.798408920355444829e-08,5.795611698021075655e-08,5.792439653629465909e-08,5.788848736206837749e-08,5.784786440263188294e-08,5.780192572272130297e-08,5.775000230640642455e-08,5.769137057541750170e-08,5.762526795704418082e-08,5.755091163081811778e-08,5.746752044149907046e-08,5.737432519785266482e-08,5.727052620256574382e-08,5.715527685119118410e-08,5.702767876023651776e-08,5.688677587492086799e-08,5.673154726484422608e-08,5.656089822094841189e-08,5.637364913806173458e-08,5.616852148874885101e-08,5.594411994098172183e-08,5.569890929977589414e-08,5.543118437642305073e-08,5.513902993405637864e-08,5.482026614492473923e-08,5.447237165458846004e-08,5.409236935847918032e-08,5.367664482142099746e-08,5.322063576345514428e-08,5.271828433549003755e-08,5.216122478069666693e-08,5.165884326390073054e-08,5.121157014695615075e-08,5.081978104963329261e-08,5.048339353853882865e-08,5.020212184749608634e-08,4.997553312220590710e-08,4.980301683311722608e-08,4.968374185840982088e-08,4.961661816685374219e-08,4.960026617479800002e-08,4.963299138546718346e-08,4.971275843638768071e-08,4.983715858147714219e-08,5.000336730846063568e-08,5.020809232707477616e-08,5.044751437865559712e-08,5.071722202042279294e-08,5.101213557739612244e-08,5.132640518771899100e-08,5.165324375171390845e-08,5.198457355335142897e-08,5.231028088375556419e-08,5.261781687105309697e-08,5.278287669572268442e-08,5.296894860931671014e-08,5.318342088044070297e-08,5.343215301959102247e-08,5.371944603898803589e-08,5.404874698005961212e-08,5.442292278334211661e-08,5.484433883856821597e-08,5.531488268621157747e-08,5.583596803110950272e-08,5.640852786565563215e-08,5.703299384406029140e-08,5.770925134289338432e-08,5.843655843408214472e-08,5.921342103983946752e-08,6.003742239681335536e-08,6.090500870655227255e-08,6.181123030588885994e-08,6.274942641949904771e-08,6.371082196660312875e-08,6.468395728127529115e-08,6.565370527099555421e-08,6.659945091855020630e-08,6.749381402533692168e-08,6.810366624806269591e-08,6.880100059034970597e-08,6.960283059929657245e-08,7.052286171393397605e-08,7.157103067308172404e-08,7.275501587650175965e-08,7.408080748364362498e-08,7.555288428349470555e-08,7.717431747214721447e-08,7.894686548988022004e-08,8.087106649161315591e-08,8.294630558169197696e-08,8.517081197031403143e-08,8.754153908473990171e-08,9.005389763660263692e-08,9.270133938787646678e-08,9.547481649735983373e-08,9.836215387067292550e-08,1.013473603121189718e-07,1.044098696025009621e-07,1.075235911747857541e-07,1.106552008805900019e-07,1.137606819178325961e-07,1.167849128893245958e-07,1.190498441468053290e-07,1.211356810382288877e-07,1.230742201651405988e-07,1.248869233074515562e-07,1.265862422146707832e-07,1.281792407224496436e-07,1.296693211001218828e-07,1.310570951250666984e-07,1.323409956312050765e-07,1.335177853757548061e-07,1.345830170661200175e-07,1.355314523921215643e-07,1.363574169056376034e-07,1.370550636393248735e-07,1.376185358979112951e-07,1.380420448754999383e-07,1.383198964441126658e-07,1.384464994732484031e-07,1.384163596842665324e-07,1.382240207913886271e-07,1.378638139709811639e-07,1.373288277702915831e-07,1.366081005125327214e-07,1.356869983272180211e-07,1.339215128991431848e-07,1.317972430927059895e-07,1.293881222021486078e-07,1.267584172626214335e-07,1.239639702940531070e-07,1.210546349742473071e-07,1.180751572649697637e-07,1.150653525716333645e-07,1.120600996490212088e-07,1.090893478568253559e-07,1.061782246299546469e-07,1.033472628225569803e-07,1.006127204258320292e-07,9.798695075632659089e-08,9.547879468069786937e-08,9.309399116397776350e-08,9.083562076284834593e-08,8.870459585823819969e-08,8.670019065754724639e-08,8.482057880667524866e-08,8.306331544680475633e-08,8.142557213452311237e-08,7.990384691341214917e-08,7.849502569101313167e-08,7.696543659436420493e-08,7.533997474239294206e-08,7.363855220852986798e-08,7.187781752760515104e-08,7.007228411981953861e-08,6.823491735598570507e-08,6.637742511687236782e-08,6.451039669598237617e-08,6.264336480694896333e-08,6.078483039872837546e-08,5.894227279566505769e-08,5.712215863937064841e-08,5.532995783918321102e-08,5.357017133408293748e-08,5.184637307918837864e-08,5.016126689299942723e-08,4.851675743957808665e-08,4.691403357389423599e-08,4.535366150047801772e-08,4.383568466279792914e-08,4.235972698112810507e-08,4.092506086874202131e-08,3.953055856539425718e-08,3.817472649812123779e-08,3.685577041465729193e-08,3.557166568137328572e-08,3.432023710080754673e-08,3.309924906431351175e-08,3.190650216788567149e-08,3.073992669060149854e-08,2.959765705627129175e-08,2.847806568332024183e-08,2.737973137375034117e-08,2.630131920228201354e-08,2.524135850254158618e-08,2.419792472623368258e-08,2.316825856885392267e-08,2.214838617374591425e-08,2.113282698573546802e-08,2.011447837081764134e-08,1.908474006205752312e-08,1.803389039313101214e-08,1.695167041129987878e-08,1.582800597288888389e-08,1.465384273230967097e-08,1.342222901859599084e-08,1.213013384957555435e-08,1.078226065899088555e-08,9.400055707816224180e-09,8.044376232140967845e-09,6.872578264213208845e-09,6.251291190575584898e-09,6.775760025374429701e-09,8.839086280589229184e-09,1.230933346174460894e-08,1.656118166452805867e-08,2.027483198398931105e-08,2.230490079275154370e-08,2.409903005771739006e-08
2.688420732098192523e-08,2.772794251956449412e-08,2.907234361019318543e-08,3.276366524504828982e-08,3.757176513479331109e-08,4.233584196209285228e-08,4.640682539749850707e-08,4.956878155329902562e-08,5.189226487085118005e-08,5.355472055677811800e-08,5.473262835351848318e-08,5.556543767502658730e-08,5.615421505645602987e-08,5.657013419558594199e-08,5.686310375531993950e-08,5.706826859127824879e-08,5.721051284202312971e-08,5.730752765129662730e-08,5.737191705850589164e-08,5.741266357739436283e-08,5.743616091387576843e-08,5.744694817420012903e-08,5.744823454418013634e-08,5.744227487555259997e-08,5.743063813380479905e-08,5.741439834131324457e-08,5.739426924026462840e-08,5.737069806088595350e-08,5.734392967663983676e-08,5.731404951568201477e-08,5.728101151102433620e-08,5.724465585836076880e-08,5.720472023465778425e-08,5.716084728956470373e-08,5.711259057016861313e-08,5.705942051925629976e-08,5.700073175929776985e-08,5.693585251448834840e-08,5.686405671788324983e-08,5.678457909492406747e-08,5.669663331060832531e-08,5.659943312388513818e-08,5.649220200360065641e-08,5.637413086313666569e-08,5.624436129233701364e-08,5.610197994064685483e-08,5.594601169552690727e-08,5.577541132453055912e-08,5.558905314928654869e-08,5.538571818807153604e-08,5.516407803032317920e-08,5.492267447705496801e-08,5.465989367538452966e-08,5.437393306336191865e-08,5.406275887799322708e-08,5.372405120171455512e-08,5.335513248003695002e-08,5.295287431843710384e-08,5.251357766066929132e-08,5.203283050586022460e-08,5.150539465913919222e-08,5.092535669775971096e-08,5.040419877167434118e-08,4.993911432330771602e-08,4.952867501765972239e-08,4.917187789686144280e-08,4.886785288754285089e-08,4.861573132680017414e-08,4.841455675941772316e-08,4.826321717948243659e-08,4.816039256525859811e-08,4.810451346747943563e-08,4.809372617701586930e-08,4.812585960259915222e-08,4.819838962239384811e-08,4.830839840334427083e-08,4.845252826760274738e-08,4.862693112427388521e-08,4.882721447553596294e-08,4.904838355475594694e-08,4.928477748037711311e-08,4.952999780622061338e-08,4.977684388829200406e-08,5.001738607700199947e-08,5.024377734194165027e-08,5.033582547755445790e-08,5.045423254127899198e-08,5.060070494028668477e-08,5.077818771722575344e-08,5.098959041757280074e-08,5.123752302069122366e-08,5.152424350476758635e-08,5.185163765785319433e-08,5.222120533448487766e-08,5.263404752990905127e-08,5.309084970424677386e-08,5.359185476954321093e-08,5.413681714194364539e-08,5.472492933109688995e-08,5.535471479890561699e-08,5.602388397880870011e-08,5.672915265876800975e-08,5.746602197066254430e-08,5.822851704625294848e-08,5.900887938436722656e-08,5.979721086229862185e-08,6.058110207244306628e-08,6.134551621145753030e-08,6.207415408652271484e-08,6.255229813920998292e-08,6.313494833240829875e-08,6.382627128461252886e-08,6.463331859119435742e-08,6.556286108415291013e-08,6.662069466608406468e-08,6.781148927967438200e-08,6.913875081554453809e-08,7.060483628553604061e-08,7.221100728433607901e-08,7.395750395583130182e-08,7.584360803978132076e-08,7.786765012792380644e-08,8.002691340605813983e-08,8.231739795902408933e-08,8.473343390843890931e-08,8.726716140124114647e-08,8.990792165308347701e-08,9.264161921076061495e-08,9.545012184135357803e-08,9.831076975670280785e-08,1.011961431895946976e-07,1.040748780067359151e-07,1.069169448720386957e-07,1.090847404121857902e-07,1.111207081908015490e-07,1.130325076334756278e-07,1.148296873619401622e-07,1.165194592108171667e-07,1.181063438116002611e-07,1.195925313891725404e-07,1.209782828857219484e-07,1.222623004262408388e-07,1.234420698057231901e-07,1.245141797419302271e-07,1.254746132031274237e-07,1.263189971740096809e-07,1.270427974035283618e-07,1.276414542250498021e-07,1.281104691022251582e-07,1.284454622844496694e-07,1.286422243468652991e-07,1.286967784959870174e-07,1.286054647788705597e-07,1.283650633077776686e-07,1.279730541436808368e-07,1.274287516189125146e-07,1.267386575500669620e-07,1.252789871203510457e-07,1.235053527488002065e-07,1.214687275192192353e-07,1.192204195649372957e-07,1.168085505269169282e-07,1.142773838356965341e-07,1.116671824593596142e-07,1.090141152497208171e-07,1.063501875165312786e-07,1.037032304403322873e-07,1.010969755850389041e-07,9.855121917334806586e-08,9.608206143610539091e-08,9.370219904069759861e-08,9.142125378187328319e-08,8.924613190947891866e-08,8.718141743615021705e-08,8.522980385876655348e-08,8.339256242107012042e-08,8.167003867560849532e-08,8.006217135643752985e-08,7.856905989273851017e-08,7.719182588319146798e-08,7.593486673506019605e-08,7.456198500521277451e-08,7.309206228002356370e-08,7.154258664687713069e-08,6.992923856343041493e-08,6.826606462350687296e-08,6.656570858639613310e-08,6.483958645066310929e-08,6.309800123411702532e-08,6.135021398269813329e-08,5.960448761831551136e-08,5.786811668239424308e-08,5.614745254210122348e-08,5.444793076156649216e-08,5.277410504839760674e-08,5.112969034576977681e-08,4.951761615740954942e-08,4.794009000264827502e-08,4.639866996038788694e-08,4.489434454904981565e-08,4.342761768846423420e-08,4.199859618701964830e-08,4.060704139661551199e-08,3.925230518927278867e-08,3.793335469899094405e-08,3.664882841413624308e-08,3.539709594751838792e-08,3.417632517228611317e-08,3.298455743154311165e-08,3.181978760386472167e-08,3.068004104113668838e-08,2.956343421544430993e-08,2.846820125610223646e-08,2.739266599597602300e-08,2.633514079252864906e-08,2.529374143495262432e-08,2.426612318327186685e-08,2.324916539406534146e-08,2.223865666237822720e-08,2.122905061915277213e-08,2.021336463911611799e-08,1.918327335813082550e-08,1.812940929600700018e-08,1.704184084808205376e-08,1.591068272280040882e-08,1.472684249689131914e-08,1.348306592166628408e-08,1.217580469445378535e-08,1.080926635921823383e-08,9.405190348690841897e-09,8.027982731396070547e-09,6.849204446859666353e-09,6.273510418014115115e-09,6.935707980204548455e-09,9.190734327162636722e-09,1.281770103223058800e-08,1.709264385595568657e-08,2.066591040996109004e-08,2.262246635926662442e-08,2.455895422111545641e-08
2.720059580355958652e-08,2.813124984929041798e-08,2.921409792288784851e-08,3.257467320312976746e-08,3.717340314587875131e-08,4.183290605101791732e-08,4.587216031963990006e-08,4.903829640984420430e-08,5.137403906183033781e-08,5.304418360406724774e-08,5.422261100795911229e-08,5.505016638544211096e-08,5.563002359555303410e-08,5.603504259251905349e-08,5.631623170733536710e-08,5.650937419185529859e-08,5.663968784850389849e-08,5.672501239249285687e-08,5.677799419404451340e-08,5.680760061357591645e-08,5.682018186140471082e-08,5.682022217587625344e-08,5.681087407253445329e-08,5.679433904676078249e-08,5.677213848227474359e-08,5.674530549590245761e-08,5.671451961385454174e-08,5.668020007631870703e-08,5.664256930364636738e-08,5.660169504555160376e-08,5.655751758485635556e-08,5.650986681310870671e-08,5.645847285259471775e-08,5.640297303989519909e-08,5.634291742180801514e-08,5.627777438495068321e-08,5.620693760580864253e-08,5.612973514338549768e-08,5.604544118802266125e-08,5.595329072207534936e-08,5.585249714281801916e-08,5.574227275364469067e-08,5.562183783883622698e-08,5.549037883308782427e-08,5.534703140456832593e-08,5.519087435181694837e-08,5.502092218860113203e-08,5.483611606922060388e-08,5.463531260905704166e-08,5.441727003160553578e-08,5.418063091957894526e-08,5.392390066264529787e-08,5.364542048551416659e-08,5.334333373809086528e-08,5.301554402163813488e-08,5.265966393476783063e-08,5.227295429724704824e-08,5.185225695178808825e-08,5.139393266729948596e-08,5.089383576114650896e-08,5.034740033264849552e-08,4.974998739439748396e-08,4.921187623940895676e-08,4.872957038879372330e-08,4.830078701651844458e-08,4.792389266083064556e-08,4.759756217160475886e-08,4.732057797699464653e-08,4.709170292217855387e-08,4.690959371137063550e-08,4.677273846609734320e-08,4.667940897950483212e-08,4.662762126200363633e-08,4.661509947711587081e-08,4.663923966534765407e-08,4.669707118465450995e-08,4.678521543684394555e-08,4.689984291647952988e-08,4.703663089451287695e-08,4.719072588894839634e-08,4.735671960731877670e-08,4.752865880643512641e-08,4.770013866803717188e-08,4.786459440031268936e-08,4.801598931385681334e-08,4.803970505025470362e-08,4.809009800529058165e-08,4.816713016396970883e-08,4.827211076458076076e-08,4.840682530231610920e-08,4.857310060768721762e-08,4.877260532215274148e-08,4.900675677788377645e-08,4.927667549434477055e-08,4.958315994181997310e-08,4.992666670691424951e-08,5.030728574096510919e-08,5.072470199783129479e-08,5.117813601041665279e-08,5.166625771637010811e-08,5.218707003884849630e-08,5.273776102430250558e-08,5.331452592377601370e-08,5.391236514295185841e-08,5.452487483289132828e-08,5.514407338105675753e-08,5.576037084116855088e-08,5.636293170801729217e-08,5.694088445254504998e-08,5.729951550184944977e-08,5.776771515470949910e-08,5.834637826572768869e-08,5.903910323285494882e-08,5.985022511215107197e-08,6.078383880275005635e-08,6.184335532924779196e-08,6.303130934409301284e-08,6.434930277163273419e-08,6.579803673643585817e-08,6.737739943451383314e-08,6.908656921520845356e-08,7.092407741751223598e-08,7.288776836553332565e-08,7.497460307391398478e-08,7.718028064960878778e-08,7.949869256428872763e-08,8.192127106937400993e-08,8.443633569080529058e-08,8.702857992316663703e-08,8.967888944958601648e-08,9.236479593399264947e-08,9.506215190718086237e-08,9.774895065147990783e-08,9.983869246755227985e-08,1.018263458005545774e-07,1.037104448825885609e-07,1.054929208193725352e-07,1.071761562398835057e-07,1.087618051964599471e-07,1.102504643136919422e-07,1.116416776331437023e-07,1.129340663963455743e-07,1.141255034340708311e-07,1.152132991012678314e-07,1.161943809322305420e-07,1.170654536984753180e-07,1.178231306595992508e-07,1.184640337552022890e-07,1.189848693056610283e-07,1.193824941153889908e-07,1.196539935960879173e-07,1.197968016291830514e-07,1.198089110545526333e-07,1.196892735358787209e-07,1.194386128858433984e-07,1.190611621116361915e-07,1.185681285049122448e-07,1.173703768758833648e-07,1.158905292870362657e-07,1.141683939427823356e-07,1.122460007335638558e-07,1.101645722922248349e-07,1.079630615341661824e-07,1.056774665528652970e-07,1.033404900748233981e-07,1.009813718726940009e-07,9.862583413855220256e-08,9.629611877381994105e-08,9.401110401089874707e-08,9.178648638692249456e-08,8.963501342634833219e-08,8.756675576060227826e-08,8.558941333152922720e-08,8.370865559658172053e-08,8.192849817839242854e-08,8.025171920623606770e-08,7.868032236391096748e-08,7.721606776269271158e-08,7.586112834371079744e-08,7.461900709238407063e-08,7.349589383489919445e-08,7.226039658419917334e-08,7.092810927911926971e-08,6.951450733069973728e-08,6.803412804223177901e-08,6.650032005804607203e-08,6.492523121654128451e-08,6.331987217534893530e-08,6.169419030497663209e-08,6.005713289390217414e-08,5.841669680978143279e-08,5.677996814171857061e-08,5.515315685133103169e-08,5.354163105637240054e-08,5.194995451272625217e-08,5.038192966594947390e-08,4.884064751881866883e-08,4.732854458361455485e-08,4.584746638178542002e-08,4.439873632344953114e-08,4.298322834142228030e-08,4.160144136174339447e-08,4.025353732349410396e-08,3.893926396787761245e-08,3.765797115492827461e-08,3.640865905069290272e-08,3.519002876520352459e-08,3.400053859750864749e-08,3.283846653272902629e-08,3.170197634482966770e-08,3.058918068869292394e-08,2.949819028275935238e-08,2.842713447467032202e-08,2.737413644091995781e-08,2.633722771443263176e-08,2.531419340599361142e-08,2.430235236309061344e-08,2.329829469514194598e-08,2.229761883400673151e-08,2.129472494911788527e-08,2.028272338175210275e-08,1.925350095908228807e-08,1.819795754766932012e-08,1.710639416499211940e-08,1.596902755245072467e-08,1.477665841410715096e-08,1.352168083884042720e-08,1.219999598219099044e-08,1.081530434572853507e-08,9.389720272623627354e-09,7.991702618759252767e-09,6.809048855329215962e-09,6.288816704937346349e-09,7.102142069417703686e-09,9.550756833993515866e-09,1.332024314144487301e-08,1.759608213593634446e-08,2.102607579106186365e-08,2.294126539328671992e-08,2.501102873801836145e-08
2.750146676399981510e-08,2.852176720447682470e-08,2.937750276122105861e-08,3.240547955949156781e-08,3.678363247539068593e-08,4.132830649885456461e-08,4.532815065424985201e-08,4.849476401547636664e-08,5.084232665979614645e-08,5.252142810610053981e-08,5.370218780975543432e-08,5.452627667794718144e-08,5.509878404528776123e-08,5.549423329703538178e-08,5.576476493633129077e-08,5.594684220827541656e-08,5.606605299451814927e-08,5.614041445360395549e-08,5.618263768648510580e-08,5.620169240766759749e-08,5.620389925175972752e-08,5.619369886061030619e-08,5.617419635447709472e-08,5.614754760730707097e-08,5.611523294475014657e-08,5.607825013652113869e-08,5.603724927695246099e-08,5.599262577896209745e-08,5.594458327703566976e-08,5.589317511965339860e-08,5.583833091645938017e-08,5.577987300924908006e-08,5.571752656536152168e-08,5.565092611399195637e-08,5.557962066867552575e-08,5.550307904060085620e-08,5.542069650649563226e-08,5.533180362589014339e-08,5.523567769128302239e-08,5.513155703551226794e-08,5.501865821510830642e-08,5.489619594480117261e-08,5.476339178438442607e-08,5.461943298210798737e-08,5.446345564022715873e-08,5.429453839995559949e-08,5.411169478423061928e-08,5.391386385623893301e-08,5.369989876119426939e-08,5.346855260760962508e-08,5.321846101180141081e-08,5.294812048135393195e-08,5.265586167101399230e-08,5.233981646566373300e-08,5.199787797006790139e-08,5.162765313697329692e-08,5.122640965365079866e-08,5.079102330418385685e-08,5.031794208704143888e-08,4.980320298240831140e-08,4.924256850807372885e-08,4.863187737708804228e-08,4.807927395747593304e-08,4.758113710188747071e-08,4.713488863162142648e-08,4.673860183759902619e-08,4.639069403077702488e-08,4.608972286925681721e-08,4.583425395616946644e-08,4.562277181690543530e-08,4.545361680844681920e-08,4.532493738923942623e-08,4.523465091241012848e-08,4.518040820491316101e-08,4.515955872721582902e-08,4.516911456463080171e-08,4.520571298454952920e-08,4.526557881105769870e-08,4.534448967766722644e-08,4.543775022951957739e-08,4.554018756063768054e-08,4.564619304793776601e-08,4.574985945012948858e-08,4.584529325577044793e-08,4.592717463771154560e-08,4.588604039127867519e-08,4.586954895152880922e-08,4.587706479551854912e-08,4.590913345889937949e-08,4.596685229717252611e-08,4.605146449395694674e-08,4.616414099187044008e-08,4.630587302673281021e-08,4.647742213800246117e-08,4.667929746801278460e-08,4.691174309282242078e-08,4.717472424210873949e-08,4.746790400403817113e-08,4.779060363347582101e-08,4.814174092933339982e-08,4.851974271379664742e-08,4.892242954896422433e-08,4.934687431667995451e-08,4.978924323249495139e-08,5.024464227227981553e-08,5.070702039632058011e-08,5.116923120496465272e-08,5.162342209535724928e-08,5.206192813424579865e-08,5.230846784723082962e-08,5.266488922287284080e-08,5.313136815809962533e-08,5.371005121384520248e-08,5.440384944304638341e-08,5.521562804353451244e-08,5.614774893998407309e-08,5.720184038570748405e-08,5.837872093978347809e-08,5.967844656339520667e-08,6.110045581823169025e-08,6.264376824831486242e-08,6.430716222548440580e-08,6.608923943949699142e-08,6.798828830088870695e-08,7.000189375386627408e-08,7.212630196962395965e-08,7.435562200217850208e-08,7.668101624113125031e-08,7.909008574868651214e-08,8.156669725828903004e-08,8.409154210316314940e-08,8.664375326540039215e-08,8.920372493196752229e-08,9.123407623560400691e-08,9.318363771518988929e-08,9.504634850029497572e-08,9.681951269412739941e-08,9.850190345631265931e-08,1.000926631765019364e-07,1.015908012833580037e-07,1.029950133647026062e-07,1.043036534547978808e-07,1.055147763436368167e-07,1.066262106566541120e-07,1.076356423159549329e-07,1.085406957546675225e-07,1.093390051035681367e-07,1.100282729668049727e-07,1.106063208690415109e-07,1.110711425121256769e-07,1.114209790761881574e-07,1.116544482375246075e-07,1.117707831085751539e-07,1.117702865108630466e-07,1.116551913074477417e-07,1.114312039503498263e-07,1.111098307216032752e-07,1.101371028143564824e-07,1.089063244850832817e-07,1.074509808094152685e-07,1.058069824212092253e-07,1.040102432255492014e-07,1.020952114550301224e-07,1.000940720974826588e-07,9.803632984258481413e-08,9.594860276658136744e-08,9.385454458697666934e-08,9.177485754793556531e-08,8.972737590033977842e-08,8.772720591963153682e-08,8.578691107915457437e-08,8.391673405721882014e-08,8.212485110796843569e-08,8.041765800830979293e-08,7.880008973059657838e-08,7.727597923270908044e-08,7.584846730948870498e-08,7.452048931924280885e-08,7.329538706732049432e-08,7.217770561536675094e-08,7.117412712769017384e-08,7.006002944264086887e-08,6.884953476275759089e-08,6.755692318312148155e-08,6.619583821809641290e-08,6.477894247409011293e-08,6.331782473051228435e-08,6.182301738511745843e-08,6.030405021508001343e-08,5.876950846483804108e-08,5.722708465552814882e-08,5.568362298075601342e-08,5.414515868008390828e-08,5.261695558752076914e-08,5.110354471249105359e-08,4.960876595564744500e-08,4.813581421853614348e-08,4.668729037607622908e-08,4.526525690233657960e-08,4.387129739462869449e-08,4.250657883351530317e-08,4.117191514403190670e-08,3.986779372963521333e-08,3.859428682610304755e-08,3.735106035682689692e-08,3.613741515166693809e-08,3.495232962529687067e-08,3.379450664369757353e-08,3.266242518886808270e-08,3.155439466754012675e-08,3.046860639498157463e-08,2.940317323348174757e-08,2.835614523236349695e-08,2.732548746666100461e-08,2.630900749899002069e-08,2.530422538689966455e-08,2.430818967278314158e-08,2.331725754946608948e-08,2.232687334273125013e-08,2.133139128917114192e-08,2.032399024680439772e-08,1.929671579426163906e-08,1.824066188455142014e-08,1.714628192310094991e-08,1.600381987478491052e-08,1.480390795842926428e-08,1.353854130785785420e-08,1.220303538851798518e-08,1.080057210050794794e-08,9.353739823442906063e-09,7.935649579702397148e-09,6.752709149407728836e-09,6.298981147370125293e-09,7.276384328872924754e-09,9.917863571508097387e-09,1.381378523542010031e-08,1.806965344185362611e-08,2.135820168620827357e-08,2.326336451289855484e-08,2.545181126429872886e-08
2.778972397962352468e-08,2.889653556117173323e-08,2.956006261723283379e-08,3.225680024837519785e-08,3.640365164688145488e-08,4.082333877691761415e-08,4.477588178340724869e-08,4.793883046498647424e-08,5.029738627982243051e-08,5.198649074361867864e-08,5.317131108253807006e-08,5.399371270246581848e-08,5.456046335281080752e-08,5.494770346762351542e-08,5.520872864814758057e-08,5.538072097557271309e-08,5.548967479694723186e-08,5.555381439682639527e-08,5.558593892070995651e-08,5.559503872635683301e-08,5.558741939907830713e-08,5.556748970630478003e-08,5.553831697576133418e-08,5.550201943026616061e-08,5.546004302833080904e-08,5.541335586822688152e-08,5.536258347701922396e-08,5.530810165661333363e-08,5.525009895646413130e-08,5.518861762006790716e-08,5.512357956955202706e-08,5.505480235299825643e-08,5.498200878012324536e-08,5.490483307471155247e-08,5.482282568180567239e-08,5.473545831999769907e-08,5.464213042207601033e-08,5.454217773439061468e-08,5.443488353187869872e-08,5.431949264589316465e-08,5.419522829723244049e-08,5.406131158513129305e-08,5.391696994285584471e-08,5.376139689248758860e-08,5.359373552422273692e-08,5.341307224224955650e-08,5.321842921119700627e-08,5.300875518489847767e-08,5.278291431868740073e-08,5.253967246806114948e-08,5.227768035956973177e-08,5.199545288774141212e-08,5.169134365879345663e-08,5.136351380623403982e-08,5.100989413900580021e-08,5.062814006781177700e-08,5.021557998720058068e-08,4.976916098799469983e-08,4.928540338789445045e-08,4.876039262231101057e-08,4.818987193519836868e-08,4.756955628129181918e-08,4.700499999577599529e-08,4.649266745590068184e-08,4.603007094734290184e-08,4.561529359463272555e-08,4.524669513357675845e-08,4.492273738653199448e-08,4.464187425356715098e-08,4.440247751484817770e-08,4.420278356674064847e-08,4.404085248665095735e-08,4.391453377709338371e-08,4.382143477428950478e-08,4.375888898364290967e-08,4.372392288809062267e-08,4.371322109688592811e-08,4.372309101554850046e-08,4.374942965641347441e-08,4.378769739571935446e-08,4.383290793121014812e-08,4.387965352679781320e-08,4.392220630347176214e-08,4.395477955892147102e-08,4.397207916167110769e-08,4.386920186134717060e-08,4.378729714498925570e-08,4.372571955895925577e-08,4.368488004841731503e-08,4.366559379827178968e-08,4.366873770478511700e-08,4.369509062164521983e-08,4.374526443276802265e-08,4.381967965058236750e-08,4.391856246404513774e-08,4.404195036506698712e-08,4.418969774189337464e-08,4.436147452906555511e-08,4.455675176840826197e-08,4.477476847586943712e-08,4.501447483636802241e-08,4.527444782703925649e-08,4.555277774419668492e-08,4.584692952846579542e-08,4.615359429985078218e-08,4.646856903129571904e-08,4.678674354186057667e-08,4.710234164400760691e-08,4.740962452084600371e-08,4.754918395558637358e-08,4.779639379070030924e-08,4.815178429168380642e-08,4.861730755006831100e-08,4.919530660463757148e-08,4.988790473453641599e-08,5.069665694121226108e-08,5.162235779224032673e-08,5.266498510166501099e-08,5.382379625839814786e-08,5.509758196966773746e-08,5.648503479200857210e-08,5.798513028934032819e-08,5.959737506488351586e-08,6.132177229145448643e-08,6.315840303151189698e-08,6.510661472778613153e-08,6.716392455135073303e-08,6.932485250759295026e-08,7.157996672293693492e-08,7.391543876530210070e-08,7.631339173631049981e-08,7.875332565502552514e-08,8.121486718650902865e-08,8.320592964471788830e-08,8.513169278747352646e-08,8.698352671724559037e-08,8.875604723302190301e-08,9.044555064140727881e-08,9.204918712349243662e-08,9.356456168377490387e-08,9.498953859191182208e-08,9.632214301095923962e-08,9.756051392664884581e-08,9.870288755013545267e-08,9.974759926719737912e-08,1.006930951843789433e-07,1.015379465007632000e-07,1.022808632658089780e-07,1.029207086723724095e-07,1.034565203702938238e-07,1.038875514678954110e-07,1.042133529469272762e-07,1.044339366402450734e-07,1.045500952510263471e-07,1.045640365640053391e-07,1.044806412688670269e-07,1.043097502905690992e-07,1.035306988342665647e-07,1.025114153835688188e-07,1.012821585888783325e-07,9.987525301449001121e-08,9.832288388479777767e-08,9.665589890668037476e-08,9.490318641047268167e-08,9.309135013252327627e-08,9.124454563865103473e-08,8.938441717490872237e-08,8.753010630525713919e-08,8.569831669728812230e-08,8.390342417108130242e-08,8.215762345740783265e-08,8.047110546296319846e-08,7.885226159425862633e-08,7.730791436755180129e-08,7.584357584132870404e-08,7.446373809444873979e-08,7.317220533057333920e-08,7.197248959311151921e-08,7.086832007838148332e-08,6.986436963616963842e-08,6.896731754067965566e-08,6.796015168126712997e-08,6.685684550681305304e-08,6.567127637091473650e-08,6.441653729191761173e-08,6.310469750271897192e-08,6.174676962154173824e-08,6.035275477616869405e-08,5.893170805395283639e-08,5.749180193709934590e-08,5.604038127859002630e-08,5.458400996224785154e-08,5.312851171957887905e-08,5.167900801820076435e-08,5.023995558565583879e-08,4.881518549039826804e-08,4.740794499846917563e-08,4.602094276372635063e-08,4.465639733701544789e-08,4.331608851363929408e-08,4.200141068410487444e-08,4.071342710878317994e-08,3.945288666079433020e-08,3.822012516262425529e-08,3.701506755551281644e-08,3.583726291685991750e-08,3.468592015487739163e-08,3.355994676208898275e-08,3.245799121952645437e-08,3.137848731617101995e-08,3.031969587210751957e-08,2.927973639636323772e-08,2.825659861701744506e-08,2.724812246609301425e-08,2.625193611716760776e-08,2.526534617521715212e-08,2.428518268168685560e-08,2.330761356386862370e-08,2.232795605393681380e-08,2.134052219396208003e-08,2.033853705488944128e-08,1.931415898379945048e-08,1.825861361227362403e-08,1.716243802246791528e-08,1.601583805967200596e-08,1.480922137597283501e-08,1.353413806678838571e-08,1.218528130325218624e-08,1.076530420601201831e-08,9.297391001572090869e-09,7.860018291695584545e-09,6.680967624960791232e-09,6.305989899677299912e-09,7.459517435983113001e-09,1.029041484070418288e-08,1.429518660939940538e-08,1.851205643908825313e-08,2.166550071489224698e-08,2.358994790285152293e-08,2.587825086375661237e-08
2.806807133599878263e-08,2.925319382821971281e-08,2.975894012450391647e-08,3.212914993550314363e-08,3.603463177136165376e-08,4.031929046007193249e-08,4.421648251447032073e-08,4.737121545916610533e-08,4.973954218336068992e-08,5.143944967139648583e-08,5.262995223939165443e-08,5.345242274712184100e-08,5.401502416413214042e-08,5.439544162517115916e-08,5.464813726051434137e-08,5.481104693293624450e-08,5.491060722162507706e-08,5.496527975209612052e-08,5.498797581904702939e-08,5.498772544288281405e-08,5.497083427172616743e-08,5.494169136253569383e-08,5.490333617617219225e-08,5.485785748580742681e-08,5.480667373617203832e-08,5.475072914115950446e-08,5.469062959868223930e-08,5.462673556108860192e-08,5.455922421750474422e-08,5.448813001033897649e-08,5.441337015509389432e-08,5.433476014790465751e-08,5.425202301673316141e-08,5.416479515521845651e-08,5.407263087440716452e-08,5.397500725081655803e-08,5.387133039615671295e-08,5.376094389750234578e-08,5.364313986163184527e-08,5.351717273754734515e-08,5.338227588811558654e-08,5.323768074321285401e-08,5.308262517621086716e-08,5.291631439665816034e-08,5.273790496231615101e-08,5.254649884221459314e-08,5.234113628853333192e-08,5.212078723859920437e-08,5.188434090000189364e-08,5.163059308714496665e-08,5.135823077266699108e-08,5.106581318719860791e-08,5.075174863883972241e-08,5.041426601784215619e-08,5.005137968025513881e-08,4.966084602561329794e-08,4.924010954207312211e-08,4.878623543964128404e-08,4.829582613389077121e-08,4.776492493557446605e-08,4.718894461929742764e-08,4.656279822972333570e-08,4.598870277600447672e-08,4.546367313457144065e-08,4.498578374575907776e-08,4.455341750612504188e-08,4.416504731218683437e-08,4.381914552857386426e-08,4.351412487206556496e-08,4.324829379175039761e-08,4.301982156071552524e-08,4.282670973935827136e-08,4.266676685761887289e-08,4.253758337504020521e-08,4.243650463890076466e-08,4.236060064345736915e-08,4.230663260254991487e-08,4.227101732614597051e-08,4.224979084113994419e-08,4.223857255115336817e-08,4.223253079764650014e-08,4.222635102921561535e-08,4.221421771733026921e-08,4.218989516101323299e-08,4.214729538868321466e-08,4.198566804703957398e-08,4.183958501659056253e-08,4.170921466830573482e-08,4.159548569360724436e-08,4.149927378011642219e-08,4.142124873947018917e-08,4.136186466717703483e-08,4.132137569440412204e-08,4.129986019644427249e-08,4.129725046362121664e-08,4.131336526030893580e-08,4.134794172397866598e-08,4.140066209529102068e-08,4.147117005615157680e-08,4.155907086139771044e-08,4.166390876641461997e-08,4.178511447795961877e-08,4.192191493548493402e-08,4.207319871753709364e-08,4.223733433848443438e-08,4.241194790751278963e-08,4.259369148855738232e-08,4.277813417601696428e-08,4.296027667345597539e-08,4.299644668596509267e-08,4.313582897513798656e-08,4.338056691791407092e-08,4.373353712597447980e-08,4.419719840610991899e-08,4.477332314665202245e-08,4.546285836693346433e-08,4.626579936426898491e-08,4.718115218468131945e-08,4.820709272484917818e-08,4.934138558536373595e-08,5.058202959081693076e-08,5.192798182067414625e-08,5.337972355614348953e-08,5.493941077251771004e-08,5.661041876223278265e-08,5.839623676819773603e-08,6.029885748891354515e-08,6.231697925499490591e-08,6.444442998646732780e-08,6.666918897958033552e-08,6.897326021129665194e-08,7.133367550288480512e-08,7.372571860312343484e-08,7.569932928399872293e-08,7.761750881882448952e-08,7.947110696966002271e-08,8.125367766698860383e-08,8.295990291923219429e-08,8.458535046642517596e-08,8.612640689518347826e-08,8.758018013538633024e-08,8.894438230089594911e-08,9.021721876188108552e-08,9.139729705807774028e-08,9.248355830927787545e-08,9.347522695515980737e-08,9.437177220106370442e-08,9.517287565798952465e-08,9.587840283475572987e-08,9.648837962142420822e-08,9.700297712259911973e-08,9.742250840176192818e-08,9.774743953900013770e-08,9.797841959415367307e-08,9.811638222229032315e-08,9.816311789464946473e-08,9.812410690631789472e-08,9.751105020689779121e-08,9.666961072160979378e-08,9.563006390020194014e-08,9.442345314449446374e-08,9.307953255402579480e-08,9.162626650138285072e-08,9.008966107657566536e-08,8.849366456778257954e-08,8.686010726579899437e-08,8.520868135627955391e-08,8.355696103096694471e-08,8.192045976454435822e-08,8.031271942341815064e-08,7.874542542448508345e-08,7.722854342757624245e-08,7.577047518726966602e-08,7.437823315295398447e-08,7.305763434930357666e-08,7.181351391791429612e-08,7.064995850939741598e-08,6.957056214035572253e-08,6.857873074973835704e-08,6.767822126034212751e-08,6.687472409705513910e-08,6.596021198934848569e-08,6.494993186079404015e-08,6.385804480560939912e-08,6.269733190545804253e-08,6.147930164376982635e-08,6.021434564241591934e-08,5.891186892662371257e-08,5.758038926716237571e-08,5.622761229440567111e-08,5.486048940288013377e-08,5.348526412375859122e-08,5.210751140380044383e-08,5.073217321502176160e-08,4.936359305576938757e-08,4.800555114570162366e-08,4.666130145030058523e-08,4.533361109377251544e-08,4.402480223432029136e-08,4.273679608379711038e-08,4.147115845384164147e-08,4.022914599985737024e-08,3.901171451542017741e-08,3.781941140578087230e-08,3.665237179718205272e-08,3.551034797891712835e-08,3.439273892234400137e-08,3.329862197387099684e-08,3.222678730469546231e-08,3.117577373478366245e-08,3.014390221438782776e-08,2.912930077086955648e-08,2.812991256504185147e-08,2.714347756718319768e-08,2.616747917826758225e-08,2.519905078232083338e-08,2.423484416847344190e-08,2.327087145230810517e-08,2.230234255339584703e-08,2.132352806522245146e-08,2.032767872929205063e-08,1.930702566630074657e-08,1.825287244323501711e-08,1.715578025538735966e-08,1.600585892241951707e-08,1.479323967753024829e-08,1.350898229408735902e-08,1.214712012467707548e-08,1.070977063126644375e-08,9.220864298632558021e-09,7.765091785425140336e-09,6.594810653090966842e-09,6.312012964701651955e-09,7.652319172459862388e-09,1.066645925509276012e-08,1.476141866865405364e-08,1.892255224693930648e-08,2.195139426749416844e-08,2.392133247149756437e-08,2.628778374477897818e-08
2.833891795791133008e-08,2.958998718165023705e-08,2.997103212967390289e-08,3.202280623694920774e-08,3.567771028754911419e-08,3.981743779128947950e-08,4.365111703248336196e-08,4.679270841062649209e-08,4.916918585277805195e-08,5.088042855145157603e-08,5.207810575831385800e-08,5.290236218435095958e-08,5.346242671971419016e-08,5.383742878987016620e-08,5.408299507498872383e-08,5.423784503981920339e-08,5.432889197241624795e-08,5.437486525264831774e-08,5.438881306350411291e-08,5.437982476736890767e-08,5.435422174196847520e-08,5.431638592539591095e-08,5.426933915253983410e-08,5.421514917389334011e-08,5.415521393059713084e-08,5.409045964435551974e-08,5.402147758825769260e-08,5.394861716323758485e-08,5.387204793672711165e-08,5.379179984996628354e-08,5.370778837428764548e-08,5.361982966518626429e-08,5.352764950394982751e-08,5.343088887935460072e-08,5.332910834443240405e-08,5.322179271731220546e-08,5.310835723604421937e-08,5.298815589736428441e-08,5.286049239301907505e-08,5.272463379822439696e-08,5.257982696616022587e-08,5.242531744785031380e-08,5.226035793023478088e-08,5.208417047380229149e-08,5.189593125344809151e-08,5.169476516521407601e-08,5.147973940557753466e-08,5.124985579758540952e-08,5.100404158520649480e-08,5.074113835012451166e-08,5.045988861739129116e-08,5.015891959560020667e-08,4.983672331800151906e-08,4.949163215706243343e-08,4.912178814742306690e-08,4.872510346643338740e-08,4.829920705522743263e-08,4.784136695717716995e-08,4.734836546873084295e-08,4.681627706638297074e-08,4.624005568579204340e-08,4.561288737258522285e-08,4.503108153123804491e-08,4.449424881417476664e-08,4.400177283610055703e-08,4.355255112106226217e-08,4.314525675787800049e-08,4.277842820875694605e-08,4.245047791098989325e-08,4.215968195914333224e-08,4.190416685475473372e-08,4.168189649869758498e-08,4.149065874007215546e-08,4.132804916034992487e-08,4.119144984797470454e-08,4.107800209823103916e-08,4.098457342957676831e-08,4.090772025037016904e-08,4.084364703857981788e-08,4.078816011225322570e-08,4.073660769505505319e-08,4.068378004045707775e-08,4.062368711114431804e-08,4.054907110829285869e-08,4.045112558642489715e-08,4.023413461299432720e-08,4.002405709339465007e-08,3.982442705380375805e-08,3.963750637402461844e-08,3.946438550878685908e-08,3.930553736192628872e-08,3.916107474692952103e-08,3.903086801256925906e-08,3.891462096457222793e-08,3.881193586857524456e-08,3.872237663550820202e-08,3.864553166643557703e-08,3.858107395412827919e-08,3.852881393239949894e-08,3.848873900602656093e-08,3.846103164715178927e-08,3.844605484415141690e-08,3.844428948265555249e-08,3.845620345791628047e-08,3.848202702437126747e-08,3.852139527002169073e-08,3.857276812673229817e-08,3.863248071517343469e-08,3.869399056694481311e-08,3.862977927766610355e-08,3.866024529071887193e-08,3.879292317098025817e-08,3.903292331446070518e-08,3.938321975008402079e-08,3.984544614312146999e-08,4.042007139090957646e-08,4.110627487339856061e-08,4.190185016792105787e-08,4.280340044926186601e-08,4.380698590978613255e-08,4.490920844645948146e-08,4.610850790325229528e-08,4.740627685962449875e-08,4.880734961175489874e-08,5.031951881795663070e-08,5.195196789779728647e-08,5.371282337701128682e-08,5.560633151243167746e-08,5.763031785696031139e-08,5.977446679287332915e-08,6.201948564456760826e-08,6.433662284555021039e-08,6.668887036311462105e-08,6.866948959296625320e-08,7.059591814246660001e-08,7.246418343739379326e-08,7.426845778865300509e-08,7.600209823031572882e-08,7.765915932733306525e-08,7.923487920140011468e-08,8.072568237028848870e-08,8.212902803781052117e-08,8.344322844058035737e-08,8.466728453446823174e-08,8.580075292146276681e-08,8.684364097613100992e-08,8.779632067160805330e-08,8.865945183782032063e-08,8.943390895115488501e-08,9.012070866288729930e-08,9.072093422416439190e-08,9.123564361437202762e-08,9.166572370337874957e-08,9.201157722504922052e-08,9.227229316343221271e-08,9.244374605200314665e-08,9.251825785813890002e-08,9.204599762748416943e-08,9.134932127802238464e-08,9.046501221414750528e-08,8.942498543647249791e-08,8.825715608063371587e-08,8.698686011998758210e-08,8.563740124336664759e-08,8.423020631608166010e-08,8.278486755894680183e-08,8.131916528541098563e-08,7.984910264167611093e-08,7.838896096036598389e-08,7.695137409000195441e-08,7.554741695164904197e-08,7.418670459325030842e-08,7.287750060054933606e-08,7.162683581818945751e-08,7.044063798874230910e-08,6.932386887488036326e-08,6.828065703711146574e-08,6.731438832354779997e-08,6.642762067801636580e-08,6.562162818419064042e-08,6.489695428042338018e-08,6.405958128457152624e-08,6.312791593143069197e-08,6.211669556579743349e-08,6.103828119692448690e-08,5.990346471798338101e-08,5.872188678393192890e-08,5.750225752058651575e-08,5.625248295479000505e-08,5.497974470077640131e-08,5.369055504244938826e-08,5.239079851745123391e-08,5.108576618107596699e-08,4.978018633252880933e-08,4.847825415552135764e-08,4.718366186528828271e-08,4.589963032493410921e-08,4.462894259934258368e-08,4.337397951652130507e-08,4.213675698902897848e-08,4.091896460541536218e-08,3.972200482927159069e-08,3.854699392034795887e-08,3.739464649532376915e-08,3.626526608765413871e-08,3.515876952736460541e-08,3.407471095276699730e-08,3.301230731535724178e-08,3.197046595600740900e-08,3.094781316506314697e-08,2.994272066684597321e-08,2.895332488399204734e-08,2.797753201551581436e-08,2.701300099327283000e-08,2.605709701258316824e-08,2.510681128451893648e-08,2.415864827943876178e-08,2.320848956195640422e-08,2.225145173662695393e-08,2.128176232623816597e-08,2.029267863912545959e-08,1.927646937816706811e-08,1.822446921386614999e-08,1.712721114115358996e-08,1.597465687308621360e-08,1.475661259097891877e-08,1.346360301207127647e-08,1.208896385403030268e-08,1.063427544313698710e-08,9.124400135779184211e-09,7.651249828952648609e-09,6.495448138600394199e-09,6.319356518850595512e-09,7.855208823779068849e-09,1.104378341129574512e-08,1.520963919925490483e-08,1.930096858075864257e-08,2.221937525142661191e-08,2.425702714095136670e-08,2.667839379617196912e-08
2.860430327346178110e-08,2.990575671000614921e-08,3.019305440016885262e-08,3.193777791099370500e-08,3.533398136578066433e-08,3.931904305510666657e-08,4.308097719728659591e-08,4.620416372473963763e-08,4.858677669133254696e-08,5.030960019339868194e-08,5.151579317930374565e-08,5.234349663227725957e-08,5.290263100186864614e-08,5.327363983785910913e-08,5.351329712124707823e-08,5.366112932331145487e-08,5.374455888181543596e-08,5.378261315255095637e-08,5.378850238804136349e-08,5.377139554054587657e-08,5.373764589597728085e-08,5.369164127209228446e-08,5.363639642270384990e-08,5.357396672051498724e-08,5.350573676354063638e-08,5.343262077186663212e-08,5.335520045682102284e-08,5.327381849421585801e-08,5.318864057250459777e-08,5.309969541625432853e-08,5.300689968324923086e-08,5.291007285339576455e-08,5.280894593683054191e-08,5.270316687028556220e-08,5.259230473911350812e-08,5.247585438694266892e-08,5.235324250984552574e-08,5.222383594867220452e-08,5.208695257587835778e-08,5.194187491519564302e-08,5.178786643478674054e-08,5.162419032465141065e-08,5.145011811970241026e-08,5.126489346301165302e-08,5.106771773993276157e-08,5.085774541438304901e-08,5.063407854427281952e-08,5.039576031400938706e-08,5.014176738818626132e-08,4.987100084742904470e-08,4.958227540899988255e-08,4.927430654881196944e-08,4.894569500140445249e-08,4.859490786157605249e-08,4.822025501276694667e-08,4.781985854698356459e-08,4.739161041032743598e-08,4.693310738616185593e-08,4.644153500102230315e-08,4.591341320552398652e-08,4.534388655027348740e-08,4.472422097536815447e-08,4.413390776893162267e-08,4.358481699234157220e-08,4.307789919117787853e-08,4.261230240857343104e-08,4.218680710288562508e-08,4.180000586427535707e-08,4.145031750228721152e-08,4.113599506110686292e-08,4.085513106133068080e-08,4.060566071600245330e-08,4.038536267522840446e-08,4.019185388444662709e-08,4.002257524322581583e-08,3.987476685687236940e-08,3.974543416891000539e-08,3.963130807031221643e-08,3.952880158662868404e-08,3.943396159010170063e-08,3.934240963659891131e-08,3.924925655052234585e-08,3.914881854355617329e-08,3.903308972254136652e-08,3.888305852726536055e-08,3.861695266254939523e-08,3.833946634128118116e-08,3.806853032281380254e-08,3.780764517085825781e-08,3.755756565283860185e-08,3.731831190061292980e-08,3.708953820955073815e-08,3.687065483307859756e-08,3.666092518866280397e-08,3.645955744927703318e-08,3.626579726423411175e-08,3.607902435291809335e-08,3.589885083528148466e-08,3.572521680900789122e-08,3.555847707274659388e-08,3.539946988810168925e-08,3.524955313717989858e-08,3.511058463999630596e-08,3.498481302823798260e-08,3.487463972544377015e-08,3.478220662887079678e-08,3.470861169215396056e-08,3.465156403316735334e-08,3.459454433472556331e-08,3.443611618778162130e-08,3.435024407159635808e-08,3.436614676382512729e-08,3.449116922807243405e-08,3.472825865670639221e-08,3.507888183436783048e-08,3.554316198881900766e-08,3.611944526572426125e-08,3.680393968706685131e-08,3.759086015279147963e-08,3.847338592037674610e-08,3.944544885066451238e-08,4.050399095706366535e-08,4.165102507043978092e-08,4.289473388719759414e-08,4.424899340182367112e-08,4.573108257753322287e-08,4.735787277076028247e-08,4.914134099288708974e-08,5.108459412711772853e-08,5.317944350039444275e-08,5.540549443630922294e-08,5.772690321122923517e-08,6.006553024528669175e-08,6.208548680913214616e-08,6.402939741908918591e-08,6.592336092873449920e-08,6.776130187526446315e-08,6.953379759512800625e-08,7.123288483816520324e-08,7.285258783075990378e-08,7.438871777735896613e-08,7.583857844008511255e-08,7.720067575686773580e-08,7.847447067423237890e-08,7.966018581577744080e-08,8.075865496903003487e-08,8.177119720958280282e-08,8.269950003226666677e-08,8.354550257656661124e-08,8.431127651787026785e-08,8.499890191633348106e-08,8.561032313498964633e-08,8.614715795395221963e-08,8.661038888018883164e-08,8.699915233686406924e-08,8.730372210222999078e-08,8.746445377449652348e-08,8.711313942705868126e-08,8.652211608816781437e-08,8.575821242522012897e-08,8.485344430239762590e-08,8.383255322263338558e-08,8.271777816946778955e-08,8.152963696760900639e-08,8.028705898689217688e-08,7.900743595671270616e-08,7.770665617402239471e-08,7.639914539778179087e-08,7.509792214168879628e-08,7.381466227803027428e-08,7.255976508998035343e-08,7.134241624378634400e-08,7.017064825341498011e-08,6.905140318533923300e-08,6.799060196955080866e-08,6.699321739135875142e-08,6.606334459314730628e-08,6.520425980426877425e-08,6.441814016136021964e-08,6.370323134809926951e-08,6.303543469192718002e-08,6.225655981812658599e-08,6.138855306003399064e-08,6.044543348288815486e-08,5.943833433349812642e-08,5.837691307684463152e-08,5.726983902552749608e-08,5.612500148576106526e-08,5.494961565956980449e-08,5.375028469905744223e-08,5.253304080540122908e-08,5.130337579861816854e-08,5.006626654273136333e-08,4.882619830192737577e-08,4.758718790058418131e-08,4.635280783842952731e-08,4.512621201686714373e-08,4.391016335807762290e-08,4.270706330173985384e-08,4.151898292824931534e-08,4.034769527575256572e-08,3.919470828836730535e-08,3.806125924126478735e-08,3.694819218525819832e-08,3.585594338237170788e-08,3.478456104855313869e-08,3.373372441287068649e-08,3.270276375734027011e-08,3.169068201246019899e-08,3.069617706630438838e-08,2.971766226931527696e-08,2.875328084769631570e-08,2.780090838828411739e-08,2.685813671026785937e-08,2.592223290269840402e-08,2.499006966183537363e-08,2.405802758359590495e-08,2.312187637041685203e-08,2.217664868796478299e-08,2.121652549246468897e-08,2.023475272857901518e-08,1.922360534108340961e-08,1.817440778108684164e-08,1.707761826887333405e-08,1.592300288453785921e-08,1.469999657972429592e-08,1.339854473149187453e-08,1.201124805811718256e-08,1.053915600422054949e-08,9.008290929610237384e-09,7.518978308351590072e-09,6.384332095277875965e-09,6.330397712351483725e-09,8.068209886604164598e-09,1.141997077018113118e-08,1.563726064721339481e-08,1.964768703655200728e-08,2.247286976129083285e-08,2.459582944231876782e-08,2.704864066953932126e-08
2.886584401306356260e-08,3.019991248878146485e-08,3.042163058642939141e-08,3.187377940532841682e-08,3.500448276019638195e-08,3.882535240471116259e-08,4.250727536354915125e-08,4.560649540529916449e-08,4.799284183050917141e-08,4.972718971060304109e-08,5.094306704295023477e-08,5.177580528815511014e-08,5.233559912071158595e-08,5.270404508057673989e-08,5.293903018285168709e-08,5.308090356675194481e-08,5.315762641177428600e-08,5.318855363310639259e-08,5.318708294607062495e-08,5.316248359464397094e-08,5.312115740684486354e-08,5.306751145710772451e-08,5.300456425157090670e-08,5.293436763807489937e-08,5.285830017449665420e-08,5.277727016098402147e-08,5.269185486129127724e-08,5.260239457215680298e-08,5.250905484035329959e-08,5.241186643194359454e-08,5.231075007731178488e-08,5.220553118478729542e-08,5.209594839188403026e-08,5.198165884291745772e-08,5.186224233543710658e-08,5.173720589275885408e-08,5.160598984868923297e-08,5.146797614405034086e-08,5.132249921645300774e-08,5.116885960811766735e-08,5.100634022214230103e-08,5.083422503284535626e-08,5.065180799561363414e-08,5.045835848491115795e-08,5.025310794799495777e-08,5.003524610773290630e-08,4.980391657904623497e-08,4.955821180697719980e-08,4.929716722266627246e-08,4.901975450033766939e-08,4.872487378183594492e-08,4.841134471073366591e-08,4.807789607571363021e-08,4.772315378421787299e-08,4.734562674370055828e-08,4.694369000188583329e-08,4.651556432329862341e-08,4.605929225558348606e-08,4.557271796989473840e-08,4.505351802691703237e-08,4.449953246892846871e-08,4.391066124889440095e-08,4.329875289465932338e-08,4.273534188983044962e-08,4.221383048637682227e-08,4.173218052134508373e-08,4.128909738280198328e-08,4.088321048651568428e-08,4.051293338725316875e-08,4.017648689228648116e-08,3.987192209461627639e-08,3.959714029806522177e-08,3.934991140469935850e-08,3.912788318137678343e-08,3.892857502004248456e-08,3.874935445513361168e-08,3.858739931764847732e-08,3.843965269327142064e-08,3.830277868880923516e-08,3.817311801574375340e-08,3.804664499140317061e-08,3.791906873340349602e-08,3.778653249957372175e-08,3.764895823210278535e-08,3.743961355767277663e-08,3.714659486968612013e-08,3.678364872249456717e-08,3.643787283084190982e-08,3.610233199683608170e-08,3.577543858977686678e-08,3.545639351018473874e-08,3.514427226552784951e-08,3.483792918313358343e-08,3.453609751654059006e-08,3.423750155261038451e-08,3.394097693532674676e-08,3.364560410242257728e-08,3.335085037808887623e-08,3.305671531241294330e-08,3.276387409952706710e-08,3.247381070121067580e-08,3.218892434850698146e-08,3.191257829583684517e-08,3.164903725286200241e-08,3.140323911206316048e-08,3.118049808208227555e-08,3.098668084105586128e-08,3.083140100085124698e-08,3.064550454496387494e-08,3.042101161877857680e-08,3.018858153060429678e-08,3.007933537385753106e-08,3.008590983161524328e-08,3.020884556713945587e-08,3.044963796563777430e-08,3.080853720833857565e-08,3.128318991688498862e-08,3.186768922450366202e-08,3.255251277843515387e-08,3.332592199636892697e-08,3.417692035011184061e-08,3.509915511647961855e-08,3.609460200059425860e-08,3.717572854690462413e-08,3.836508895854815806e-08,3.969188269327227835e-08,4.118586959038444274e-08,4.287005299960630149e-08,4.475436143412070163e-08,4.683279625430530497e-08,4.908656744622743107e-08,5.149950165464929970e-08,5.381627456722750958e-08,5.594616882313780779e-08,5.788425788751606962e-08,5.981310170619163413e-08,6.169780145892867824e-08,6.352139435226263607e-08,6.527329308714040273e-08,6.694637154722925386e-08,6.853596999633279345e-08,7.003938457375432302e-08,7.145544000684215504e-08,7.278415199825387527e-08,7.402648357920888072e-08,7.518416426216877346e-08,7.625953667397556004e-08,7.725540513338473922e-08,7.817487475032426059e-08,7.902118583054901053e-08,7.979755387852339955e-08,8.050699827571379058e-08,8.115217549776101303e-08,8.173585683996501837e-08,8.226423329488518946e-08,8.276298127425679633e-08,8.292753978184663675e-08,8.271113044592892606e-08,8.215695560266402928e-08,8.147892216524866967e-08,8.068170535255035530e-08,7.978217760306130580e-08,7.879876825350794340e-08,7.774913988385941679e-08,7.664973192746054382e-08,7.551575499001433920e-08,7.436121333621152219e-08,7.319894436840381290e-08,7.204067914877015695e-08,7.089710538811883430e-08,6.977791579288864307e-08,6.869183466105436727e-08,6.764662593384469203e-08,6.664909580266580215e-08,6.570510490321648230e-08,6.481958361270455488e-08,6.399654976000701449e-08,6.323946280767952824e-08,6.255296094819604249e-08,6.195067288097440250e-08,6.128831848593289030e-08,6.054579161680747433e-08,5.972723355778763439e-08,5.884090275497566530e-08,5.789529453125100880e-08,5.689844448815589406e-08,5.585784282872051735e-08,5.478045262827907525e-08,5.367273675891514573e-08,5.254067937335274134e-08,5.138980255421251456e-08,5.022518044882566512e-08,4.905145274839725636e-08,4.787283877415631952e-08,4.669315298356675259e-08,4.551582238105832336e-08,4.434390606204831962e-08,4.318011690789633171e-08,4.202684527105980419e-08,4.088618434125933600e-08,3.975995676574078578e-08,3.864974201128688192e-08,3.755686502826432814e-08,3.648226726239367230e-08,3.542648733070771758e-08,3.438967648622845197e-08,3.337161318908895677e-08,3.237171828226291981e-08,3.138907134419411137e-08,3.042242757905278591e-08,2.947023317206949561e-08,2.853063552315854298e-08,2.760148343688223522e-08,2.668031158762748379e-08,2.576430389120145937e-08,2.485023226618630953e-08,2.393437087641096147e-08,2.301239099216624566e-08,2.207924703098517132e-08,2.112906840848725237e-08,2.015507273421021400e-08,1.914951294377960726e-08,1.810366633750712086e-08,1.700787432960327588e-08,1.585166340668708408e-08,1.462405301555592996e-08,1.331436540502760375e-08,1.191443026115591263e-08,1.042478270563518208e-08,8.872883780286000133e-09,7.368879556738426843e-09,6.263173079082657179e-09,6.347502535689217301e-09,8.290932009277369319e-09,1.179246692902260348e-08,1.604201066584297363e-08,1.996361366375551998e-08,2.271510409114424441e-08,2.493595034916376570e-08,2.739765896161357729e-08
2.912470407354978591e-08,3.047239227683068508e-08,3.065338124378413791e-08,3.183021385812780786e-08,3.469017916728952565e-08,3.833759371822973731e-08,4.193123785098145041e-08,4.500067115158547096e-08,4.738797505348306570e-08,4.913347711151361183e-08,5.036001468733234966e-08,5.119928438271443195e-08,5.176129791819667984e-08,5.212861206502223127e-08,5.236017401104357873e-08,5.249716214844334014e-08,5.256810227314388980e-08,5.259270530506338449e-08,5.258458175852923356e-08,5.255312218536292332e-08,5.250479397329944346e-08,5.244403717161850831e-08,5.237388514011097169e-08,5.229639525003091505e-08,5.221294745542415055e-08,5.212445030138988878e-08,5.203148176171573461e-08,5.193438411175300439e-08,5.183332647955339047e-08,5.172834489448150505e-08,5.161936698973224847e-08,5.150622663178608350e-08,5.138867239162633741e-08,5.126637276943707628e-08,5.113892032289072619e-08,5.100583625387914141e-08,5.086657653103457297e-08,5.072054023556957072e-08,5.056708049899351272e-08,5.040551814603693726e-08,5.023515796517149769e-08,5.005530740958500756e-08,4.986528587119978823e-08,4.966439190804151052e-08,4.945189100198475705e-08,4.922701271142674951e-08,4.898894748331416325e-08,4.873684310349762688e-08,4.846980077543334390e-08,4.818687083593570876e-08,4.788704814656113744e-08,4.756926724595281436e-08,4.723239742256751202e-08,4.687523799119548721e-08,4.649651428533233915e-08,4.609487535180430852e-08,4.566889541795255884e-08,4.521708377206794780e-08,4.473791340357639364e-08,4.422988746389815401e-08,4.369164618931888952e-08,4.312183529189993250e-08,4.251630915156725261e-08,4.194401929318038168e-08,4.140890266798552040e-08,4.091154655263300478e-08,4.045139784240381976e-08,4.002725951828411940e-08,3.963751316680261917e-08,3.928032035591861995e-08,3.895366656299266288e-08,3.865539631062549560e-08,3.838325684315928943e-08,3.813492822878995898e-08,3.790802697583848084e-08,3.770008093614305575e-08,3.750848030591607516e-08,3.733041942683226548e-08,3.716285264186917208e-08,3.700245221013083627e-08,3.684543881528572627e-08,3.668741582398858163e-08,3.652300588341959718e-08,3.634408345337576911e-08,3.608790296435478642e-08,3.575489633843456657e-08,3.534036370135826624e-08,3.492639067633461580e-08,3.451759148729331360e-08,3.411459448251198194e-08,3.371669696941844069e-08,3.332249403692693488e-08,3.293018750601094576e-08,3.253787360190040048e-08,3.214368050640659878e-08,3.174591293171642630e-08,3.134322886953521596e-08,3.093483336932060088e-08,3.052068168626691445e-08,3.010169050442822481e-08,2.967995313565311066e-08,2.925894511254514841e-08,2.884368461710547513e-08,2.844074635667746256e-08,2.805790028094076789e-08,2.770331875143286692e-08,2.738408485748650763e-08,2.710288809198330329e-08,2.679926068793838915e-08,2.647918932223797407e-08,2.614475013084986466e-08,2.591442264965179621e-08,2.579894879004662022e-08,2.580463283480613943e-08,2.593600140125520875e-08,2.619494678846775914e-08,2.657891297543802119e-08,2.707909065945886698e-08,2.767988396866270896e-08,2.836100285614645825e-08,2.910249697628786295e-08,2.989155800072677939e-08,3.072896470737182410e-08,3.163299530224455418e-08,3.263915748914195170e-08,3.379488206885338390e-08,3.514955893148765615e-08,3.674213718676471624e-08,3.859025515941362099e-08,4.068504568355347198e-08,4.299279829988026409e-08,4.545753942843396089e-08,4.783241980237939421e-08,5.006506501737829987e-08,5.210164082629747152e-08,5.409969936898693569e-08,5.604903221237151987e-08,5.793663179214747155e-08,5.975196260892503656e-08,6.148744649707979271e-08,6.313817706614464352e-08,6.470162533761209497e-08,6.617707697228586181e-08,6.756519710049974097e-08,6.886776068761988537e-08,7.008746899695375666e-08,7.122778714489520549e-08,7.229276344955115436e-08,7.328681460681106822e-08,7.421449931211303507e-08,7.508033620856528908e-08,7.588858689727398441e-08,7.664247123963869048e-08,7.734325057678195036e-08,7.798813048119539891e-08,7.856099793680214772e-08,7.877605382715431198e-08,7.865128411503762759e-08,7.819009656552164470e-08,7.759102235399343553e-08,7.688187152552248928e-08,7.608233919842454010e-08,7.520942508917162032e-08,7.427844712968735375e-08,7.330341105518689643e-08,7.229737068606467964e-08,7.127244989518952853e-08,7.023987674187671769e-08,6.921006799926260904e-08,6.819270785131963854e-08,6.719678583147513949e-08,6.623058397910648216e-08,6.530161948435786324e-08,6.441657225730009771e-08,6.358124659616079130e-08,6.280052958411413855e-08,6.207802204694921860e-08,6.141564283030997300e-08,6.081269648960858743e-08,6.026149280620927859e-08,5.962450220794751462e-08,5.891400564509996070e-08,5.813647175415002725e-08,5.729827878982332678e-08,5.640598089636001935e-08,5.546607778929904580e-08,5.448486270288148243e-08,5.346834603580831505e-08,5.242221735589192823e-08,5.135182567590172856e-08,5.026216930383610606e-08,4.915789165733475465e-08,4.804328151024703157e-08,4.692227697493988225e-08,4.579847285318382503e-08,4.467513110083048449e-08,4.355519416364671665e-08,4.244130090556567578e-08,4.133580479337022449e-08,4.024079393993993442e-08,3.915811255263312198e-08,3.808938329147911579e-08,3.703599080808371712e-08,3.599894692669725582e-08,3.497886688454461730e-08,3.397598082940225379e-08,3.299014429658887684e-08,3.202084902317635090e-08,3.106723466873004157e-08,3.012810097072166358e-08,2.920191862759764986e-08,2.828683589369227079e-08,2.738067670424052154e-08,2.648092545190569269e-08,2.558469371224529767e-08,2.468866564242370756e-08,2.378902162516660526e-08,2.288134373472373211e-08,2.196051090250117762e-08,2.102059487101548381e-08,2.005476873277524900e-08,1.905523764643492242e-08,1.801319833607706146e-08,1.691883698232064410e-08,1.576139932950916994e-08,1.452944657914882554e-08,1.321163474844786307e-08,1.179898881824343371e-08,1.029155926528470265e-08,8.718583743208616235e-09,7.201683570746486944e-09,6.133952743049107373e-09,6.372929579732131233e-09,8.522573321423146636e-09,1.215864851885512414e-08,1.642198344438731345e-08,2.025013344277996034e-08,2.294898364331131646e-08,2.527515714467016030e-08,2.772513249210751838e-08
2.938158700960746660e-08,3.072360808084960432e-08,3.088500916259614793e-08,3.180616618947919279e-08,3.439194244758514898e-08,3.785697401725804923e-08,4.135409913152023117e-08,4.438770612236647484e-08,4.677283487015848663e-08,4.852879925944179389e-08,4.976676181960754058e-08,5.061395069732735459e-08,5.117970176242831831e-08,5.154730758779625078e-08,5.177670272995375569e-08,5.190989103774146006e-08,5.197598417146889949e-08,5.199507581340518087e-08,5.198101424788957718e-08,5.194333249886752267e-08,5.188858082679072006e-08,5.182124626770748634e-08,5.174438837783281166e-08,5.166007927942874062e-08,5.156970788136862598e-08,5.147418921312989310e-08,5.137410715174184142e-08,5.126981031273855423e-08,5.116147510590607113e-08,5.104914600043907700e-08,5.093276029666519644e-08,5.081216276338404047e-08,5.068711410578177493e-08,5.055729620191333407e-08,5.042231626815207043e-08,5.028171150817964386e-08,5.013495531596365864e-08,4.998146570983828825e-08,4.982061635491686665e-08,4.965175027720675201e-08,4.947419618524778618e-08,4.928728720069509852e-08,4.909037054855563976e-08,4.888277665317995771e-08,4.866380804180762379e-08,4.843273747597723408e-08,4.818880598250665862e-08,4.793122082883282130e-08,4.765915351889257136e-08,4.737173793274062568e-08,4.706806880373364556e-08,4.674720083466510738e-08,4.640814892216950966e-08,4.604989023061494063e-08,4.567136931653514794e-08,4.527150831521698372e-08,4.484922566559000875e-08,4.440346946380679807e-08,4.393327583967214363e-08,4.343786844396969138e-08,4.291682011488696501e-08,4.237031986018116904e-08,4.179992944739574617e-08,4.121363549148856521e-08,4.066323348855257294e-08,4.014972825148764042e-08,3.967281042629814929e-08,3.923123128992328411e-08,3.882313545003265771e-08,3.844657725609705086e-08,3.809943708118189378e-08,3.777945444728956119e-08,3.748431921612381067e-08,3.721173551126305270e-08,3.695943744512914524e-08,3.672515758974229559e-08,3.650655209451933462e-08,3.630110605086024153e-08,3.610610143556798721e-08,3.591870688039356270e-08,3.573555039020758986e-08,3.555248791568998965e-08,3.536438311128059909e-08,3.512350373981173934e-08,3.482060655730817122e-08,3.445295274277667991e-08,3.402097672124014017e-08,3.353366407315859281e-08,3.305054263495569223e-08,3.257180855011760502e-08,3.209623145427946208e-08,3.162162189418290241e-08,3.114524783842104544e-08,3.066444053489305138e-08,3.017660238567526183e-08,2.967935337713413459e-08,2.917077015076515759e-08,2.864964444848309479e-08,2.811575238006604135e-08,2.757014609659968877e-08,2.701547353030431539e-08,2.645632439610997105e-08,2.589959849467013753e-08,2.535479359933692022e-08,2.483348685929177137e-08,2.434815556063982884e-08,2.390989173249453693e-08,2.348354459726788941e-08,2.306392233413901838e-08,2.264964419232219234e-08,2.224591202039729243e-08,2.187627620854775905e-08,2.162417696062305868e-08,2.150205827035681804e-08,2.152041960212727516e-08,2.168515539519218659e-08,2.199439151030561065e-08,2.243499634149239782e-08,2.298086625460642688e-08,2.359625378393324066e-08,2.424488465811324570e-08,2.490214372644623280e-08,2.556608685534155602e-08,2.626385794848375777e-08,2.705143809066267691e-08,2.800534071489117609e-08,2.920600745719643840e-08,3.071609773862668922e-08,3.256140326991472715e-08,3.472377235475794603e-08,3.714940303903187717e-08,3.964586042049723609e-08,4.211022297790503257e-08,4.447703680076113883e-08,4.670277300227516538e-08,4.877320303217745610e-08,5.079643567385694545e-08,5.275775089778597169e-08,5.464555237624174626e-08,5.645146465489684017e-08,5.817009028093459010e-08,5.979921685946810000e-08,6.133871227065826601e-08,6.278993445648624567e-08,6.415549560786509820e-08,6.543912407418171055e-08,6.664551862710692912e-08,6.778014405600414594e-08,6.884893173669534963e-08,6.985793050714116465e-08,7.081317749701755287e-08,7.172096471877961161e-08,7.258599498153977123e-08,7.341011349153592569e-08,7.419078281166303091e-08,7.472102820088764777e-08,7.496850591244846023e-08,7.493191576588468449e-08,7.462219416754041083e-08,7.407229396387629231e-08,7.342919091415725400e-08,7.271004366710680853e-08,7.192946061822769209e-08,7.110009226698488848e-08,7.023319328858674857e-08,6.933967887141722002e-08,6.842979567686530745e-08,6.751311252254100412e-08,6.659868539705502721e-08,6.569518702497469732e-08,6.481094454576378159e-08,6.395388096089567504e-08,6.313136283035210332e-08,6.235000348842187877e-08,6.161561149364719421e-08,6.093341620672459199e-08,6.030701012380113965e-08,5.973771187910629895e-08,5.922387306577522254e-08,5.866121166534355561e-08,5.803714522112932831e-08,5.735205859961700723e-08,5.660902696845195964e-08,5.581228288593738987e-08,5.496667015039569511e-08,5.407730510166198262e-08,5.314936082488603730e-08,5.218793351857887443e-08,5.119795965609654360e-08,5.018416373302269332e-08,4.915102490981263601e-08,4.810275601897409949e-08,4.704329125783754704e-08,4.597628041855945564e-08,4.490508832547860294e-08,4.383279858654799661e-08,4.276222099348765700e-08,4.169590201701242527e-08,4.063613789077251902e-08,3.958498979126092963e-08,3.854430062009290937e-08,3.751571289203347583e-08,3.650064771731987719e-08,3.550016469681389034e-08,3.451493402489952660e-08,3.354524429697807470e-08,3.259100923205449953e-08,3.165177454946590394e-08,3.072672556600224784e-08,2.981469517970331189e-08,2.891417083318291761e-08,2.802329790558791229e-08,2.713987594877783022e-08,2.626134352841106465e-08,2.538474748348011385e-08,2.450669348355113856e-08,2.362327697450739347e-08,2.272999674079770883e-08,2.182165667426843265e-08,2.089226381427528858e-08,1.993493121284029891e-08,1.894179248897551233e-08,1.790393317528369235e-08,1.681134866844705104e-08,1.565296507719588955e-08,1.441684394870620354e-08,1.309093297934520387e-08,1.166542231186531976e-08,1.013992360010395735e-08,8.545857610106506121e-09,7.018260052885496869e-09,5.998930157696968260e-09,6.408725105917236248e-09,8.761942515112213434e-09,1.251589314753413743e-08,1.677568057711095117e-08,2.050904980859873557e-08,2.317698993360595751e-08,2.561092406607275783e-08,2.803124787762856213e-08
2.963674975717605462e-08,3.095438288775255051e-08,3.111337786289258021e-08,3.180040731784230501e-08,3.411052937094695426e-08,3.738467597016819066e-08,4.077709673336017211e-08,4.376865654212915338e-08,4.614814180451432123e-08,4.791355115062000144e-08,4.916347578100143914e-08,5.001984508038274588e-08,5.059079549732803342e-08,5.096009991007293380e-08,5.118858643291681519e-08,5.131906895371193574e-08,5.138126068584100126e-08,5.139566255103881634e-08,5.137638486330214689e-08,5.133312423768082019e-08,5.127253130951488959e-08,5.119915434872986034e-08,5.111609065897063729e-08,5.102543650048966824e-08,5.092859740492118831e-08,5.082650119045854667e-08,5.071974285818751490e-08,5.060868172191772481e-08,5.049350514381537467e-08,5.037426915653770525e-08,5.025092341777862915e-08,5.012332594825588512e-08,4.999125167269479108e-08,4.985439773144382870e-08,4.971238773600600233e-08,4.956477652482159644e-08,4.941105648451006830e-08,4.925066610465329779e-08,4.908300111319064113e-08,4.890742828680873075e-08,4.872330184632055840e-08,4.852998223739900212e-08,4.832684626445289474e-08,4.811325810061021443e-08,4.788855933842511332e-08,4.765206807791720157e-08,4.740307813383501342e-08,4.714085846223286019e-08,4.686465295313135258e-08,4.657368080338285256e-08,4.626713778194535465e-08,4.594419884466422086e-08,4.560402277381617666e-08,4.524575985345232499e-08,4.486856411965440492e-08,4.447161256809182720e-08,4.405413505009557855e-08,4.361546070555784315e-08,4.315508997990802169e-08,4.267280604684634702e-08,4.216884803733757938e-08,4.164419225083436859e-08,4.110105585360670998e-08,4.054367626896721751e-08,3.997584465855209234e-08,3.944545455995103436e-08,3.895206473870250644e-08,3.849403917450318304e-08,3.806876495219625582e-08,3.767426867318857662e-08,3.730828793448659216e-08,3.696836135681274466e-08,3.665205282168752409e-08,3.635707026531732292e-08,3.608129261669285673e-08,3.582272790564315205e-08,3.557938882864976648e-08,3.534907926614154692e-08,3.512931504969967895e-08,3.491818480697038111e-08,3.471295140628642933e-08,3.450993933419982030e-08,3.426467772601052986e-08,3.397154743980290476e-08,3.362520111379395926e-08,3.322307629025103652e-08,3.276537791036294082e-08,3.225558762297194581e-08,3.169726371064723944e-08,3.114344204597980541e-08,3.059190279080008633e-08,3.003926198002474559e-08,2.948125691971132878e-08,2.891446081327945302e-08,2.833542732942609085e-08,2.774088932060886698e-08,2.712814035048428516e-08,2.649537662457326716e-08,2.584203576471696721e-08,2.516918432340427085e-08,2.447997162569671551e-08,2.378015222786027094e-08,2.307879070464446580e-08,2.238954141023163196e-08,2.172972466750946053e-08,2.111890833853179770e-08,2.053864321624664273e-08,1.999554698655937421e-08,1.948159416074054405e-08,1.897861146398839853e-08,1.847919841795235372e-08,1.800054997232417354e-08,1.757859528963855018e-08,1.730125529282771629e-08,1.719338968088730107e-08,1.726983123248654671e-08,1.753092185691548041e-08,1.795615319063337532e-08,1.849935509676877920e-08,1.909485082598720112e-08,1.967591824067147218e-08,2.019769948800541965e-08,2.065516281247837120e-08,2.109172720390085168e-08,2.159805423304961423e-08,2.229926851639028730e-08,2.332694673093670604e-08,2.477891757870592583e-08,2.668344124056769651e-08,2.899217459842240962e-08,3.151104063624326903e-08,3.410711036480311196e-08,3.668056644031267705e-08,3.917984060606051702e-08,4.157064910315775318e-08,4.382732662896834235e-08,4.592753142889063838e-08,4.796830409201538680e-08,4.993532693102170500e-08,5.181835380725256556e-08,5.361028555462342593e-08,5.530961485870911743e-08,5.691688289423665228e-08,5.843403534607623520e-08,5.986443197709288528e-08,6.121282601791458576e-08,6.248526216926934777e-08,6.368886761460247699e-08,6.483141007146243432e-08,6.592054707264800054e-08,6.696356843970804895e-08,6.797065112225911919e-08,6.894925693984799171e-08,6.990333782991121406e-08,7.064783861541429554e-08,7.116769704787193820e-08,7.144882541033220121e-08,7.148943698208876979e-08,7.129820873919025532e-08,7.089400061686370759e-08,7.029768099663291776e-08,6.964196361605426956e-08,6.893851729004791816e-08,6.819680122706054005e-08,6.742429691201442694e-08,6.663014338604826005e-08,6.582275085947912985e-08,6.500989340805599824e-08,6.419916474546659372e-08,6.339821543733141758e-08,6.261479475548114204e-08,6.185664377063194982e-08,6.113119842806895496e-08,6.044507818800979010e-08,5.980388924542731179e-08,5.921427840048466112e-08,5.868047963285266987e-08,5.820391078818290533e-08,5.768694893917882498e-08,5.712527331776180421e-08,5.651361010969647134e-08,5.585072766574032558e-08,5.513784188313325927e-08,5.437758666069463836e-08,5.357343480973002528e-08,5.272933564334404206e-08,5.184947623804163224e-08,5.093812191948071891e-08,4.999950879218032416e-08,4.903777064291843328e-08,4.805688889579512077e-08,4.706065847878028844e-08,4.605266509864453516e-08,4.503627103714004300e-08,4.401460755845770061e-08,4.299057260543833239e-08,4.196683281311423475e-08,4.094582907578165875e-08,3.992978502475545291e-08,3.892071784376944249e-08,3.792045089045432701e-08,3.693062762029321737e-08,3.595268653526624858e-08,3.498771629725200269e-08,3.403642397618485872e-08,3.309913942106415320e-08,3.217581852647553656e-08,3.126604653351712693e-08,3.036904192867214198e-08,2.948366072119622581e-08,2.860839993798878966e-08,2.774139816328609931e-08,2.688043001964364489e-08,2.602289085758660604e-08,2.516576786234566545e-08,2.430559454316392302e-08,2.343838724670365849e-08,2.255956474545066966e-08,2.166385452125315803e-08,2.074519119766469993e-08,1.979661282294626896e-08,1.881015934623191904e-08,1.777677676396581482e-08,1.668623646555967240e-08,1.552710789927286886e-08,1.428691282622151737e-08,1.295285001412261217e-08,1.151424949937036652e-08,9.970349254857727930e-09,8.355238089899879050e-09,6.819631232530542624e-09,5.860638779482094446e-09,6.456617324685558413e-09,9.007498498132299904e-09,1.286164807046881167e-08,1.710204047577369094e-08,2.074251093421545960e-08,2.340110100375109666e-08,2.594058132470110634e-08,2.831663166371794732e-08
2.989003515383165157e-08,3.116587992621240306e-08,3.133558079394662828e-08,3.181140984932588607e-08,3.384655783173600836e-08,3.692185302812446588e-08,4.020146679203204084e-08,4.314461331509206019e-08,4.551467497763443241e-08,4.728818647901706943e-08,4.855036842906028391e-08,4.941703589541822170e-08,4.999457750607597379e-08,5.036696115469636126e-08,5.059579296537850312e-08,5.072466868897838532e-08,5.078391228609500473e-08,5.079445348697491171e-08,5.077068780169757468e-08,5.072249628913170062e-08,5.065664752576581586e-08,5.057776542696346018e-08,5.048899676230180802e-08,5.039247145199019433e-08,5.028961941206650391e-08,5.018138760787896379e-08,5.006838740470731593e-08,4.995099316225907017e-08,4.982940682951298338e-08,4.970369906709614617e-08,4.957383449990034750e-08,4.943968664901898186e-08,4.930104662169940007e-08,4.915762855999369414e-08,4.900907403684125740e-08,4.885495695963223540e-08,4.869479004271020651e-08,4.852803350900147068e-08,4.835410635851622217e-08,4.817240028964442306e-08,4.798229617756319331e-08,4.778318290867469489e-08,4.757446796315107240e-08,4.735555035378295049e-08,4.712581178973452067e-08,4.688461665529843958e-08,4.663131229525099836e-08,4.636522974805307976e-08,4.608568512361806824e-08,4.579198189999151301e-08,4.548341452272822909e-08,4.515927384651843289e-08,4.481885518258261968e-08,4.446147004026665044e-08,4.408646312453957901e-08,4.369323683644325070e-08,4.328128649346837269e-08,4.285025079236750234e-08,4.239998363617534506e-08,4.193065507182456832e-08,4.144288986812852477e-08,4.093794838135603304e-08,4.041792401600033386e-08,3.988577168745521603e-08,3.934448845895968868e-08,3.879655941596816099e-08,3.828733214970585771e-08,3.781456162044371988e-08,3.737325518637972526e-08,3.696233593946111756e-08,3.657930381227679668e-08,3.622126719925906755e-08,3.588554033356480408e-08,3.556980357946730972e-08,3.527211860430554908e-08,3.499088977676886417e-08,3.472469653331217044e-08,3.447173750506487977e-08,3.422889802837921907e-08,3.399658354303802317e-08,3.377280199427310815e-08,3.351498727615665476e-08,3.321858271444079227e-08,3.287899296373758040e-08,3.249226596645956271e-08,3.205604714286302310e-08,3.156981651723029809e-08,3.103476461899777180e-08,3.045266866395782833e-08,2.982515644105967160e-08,2.920033349207966508e-08,2.857334383081267062e-08,2.793669023545596319e-08,2.728706443462932287e-08,2.662000664627695513e-08,2.593103496183906829e-08,2.521640329211152935e-08,2.447350873298438134e-08,2.370127699289501210e-08,2.290067355443109608e-08,2.207535860229649422e-08,2.123237256366606591e-08,2.038291304989389343e-08,1.954750634092699472e-08,1.875296633231147145e-08,1.799980263299799718e-08,1.731874545045521422e-08,1.672464933803712780e-08,1.619092820812607292e-08,1.564060624497403930e-08,1.502630177074495631e-08,1.436766514826878210e-08,1.374004616707989489e-08,1.323607954652872820e-08,1.296435775747074477e-08,1.295911236316765889e-08,1.322481318306793974e-08,1.372545156660602765e-08,1.437045256305660108e-08,1.503017365180385545e-08,1.557943744453511355e-08,1.594259550081536945e-08,1.611910086388276429e-08,1.618874097694858769e-08,1.630584748161628800e-08,1.668189471719453187e-08,1.753733651101925993e-08,1.901843687685522236e-08,2.112326536233558996e-08,2.363855826625096874e-08,2.633988613000895262e-08,2.904253807381196877e-08,3.166606697810153676e-08,3.423425063748625488e-08,3.674120439360443494e-08,3.915382708393414466e-08,4.143510876299184185e-08,4.355595360597466748e-08,4.560628137250620248e-08,4.757225056431643545e-08,4.944078964288321835e-08,5.121345225704603973e-08,5.289132008790702119e-08,5.447641300629522185e-08,5.597253672103134886e-08,5.738536999694960886e-08,5.872239180082018977e-08,5.999276695783156498e-08,6.120681855817310129e-08,6.237405900378324833e-08,6.349977708580037897e-08,6.460366400789428033e-08,6.569675381176745835e-08,6.660992194130477964e-08,6.733319320468873784e-08,6.785666602037637296e-08,6.817317605938607641e-08,6.828228111180700155e-08,6.819067319833419060e-08,6.791128859492585023e-08,6.746013774642920685e-08,6.685404287927804014e-08,6.621598304727409332e-08,6.555202204789577316e-08,6.486225504655515485e-08,6.415645927217519736e-08,6.344114135485365430e-08,6.272184878715497253e-08,6.200449940679682489e-08,6.129570367094091506e-08,6.060276415553864276e-08,5.993356120698338790e-08,5.929613495459038212e-08,5.869732893393612364e-08,5.814051141345654514e-08,5.763722198070880462e-08,5.719275418217726782e-08,5.671352394071475579e-08,5.619764204653599978e-08,5.564210762161134166e-08,5.504396309051846497e-08,5.440195703377640084e-08,5.371647699611350105e-08,5.298913827379830795e-08,5.222240583956715528e-08,5.141930132713907838e-08,5.058318585704241479e-08,4.971760184973038069e-08,4.882615860525026510e-08,4.791244968576870025e-08,4.697999331871740385e-08,4.603218961857514707e-08,4.507229032292805006e-08,4.410337805686892120e-08,4.312835302618520713e-08,4.214992562450988401e-08,4.117061382084778818e-08,4.019274444051705926e-08,3.921845761151825955e-08,3.824971375146101500e-08,3.728830253901664200e-08,3.633585336309421681e-08,3.539380672819080042e-08,3.446326506010910818e-08,3.354495737276116404e-08,3.263924044000823394e-08,3.174609887271436747e-08,3.086514515601828941e-08,2.999562020853363270e-08,2.913639433911608599e-08,2.828596764250762937e-08,2.744246796877313327e-08,2.660364374911849277e-08,2.576684834455971137e-08,2.492901242268187976e-08,2.408660135899937801e-08,2.323555588132954373e-08,2.237121596927193594e-08,2.148822991337798120e-08,2.058045170522376771e-08,1.964082991607250049e-08,1.866129004194200827e-08,1.763261205898007064e-08,1.654431205143279609e-08,1.538456741082816764e-08,1.414032134089008812e-08,1.279798515388902365e-08,1.134600982320785668e-08,9.783347341127549612e-09,8.147328246899888870e-09,6.606985448353126774e-09,5.721870103011941464e-09,6.517919528062090714e-09,9.257404338949334005e-09,1.319349556232738935e-08,1.740045557633878638e-08,2.095292509106678029e-08,2.362273915874939828e-08,2.626145458641884117e-08,2.858227525448983049e-08
3.014091999112409330e-08,3.135952688334571823e-08,3.154899946879620452e-08,3.183737487962344243e-08,3.360048272327880445e-08,3.646962280496562530e-08,3.962844011051386815e-08,4.251669579334241546e-08,4.487326808863315067e-08,4.665321747635820775e-08,4.792769856889375789e-08,4.880562233166705212e-08,4.939106284086569567e-08,4.976786986060643910e-08,4.999828988530987471e-08,5.012665859836135834e-08,5.018391249179799615e-08,5.019142811353270300e-08,5.016390782906908429e-08,5.011143747963880035e-08,5.004092106871485552e-08,4.995707264939915529e-08,4.986310029419673749e-08,4.976117721077927670e-08,4.965276553648424122e-08,4.953883778409795135e-08,4.942002693382016488e-08,4.929672672169685338e-08,4.916915727620304008e-08,4.903740688648274049e-08,4.890145766965532683e-08,4.876120079040844391e-08,4.861644537530088627e-08,4.846692415892975349e-08,4.831229806868574796e-08,4.815216131373015273e-08,4.798604803726269237e-08,4.781344118531778343e-08,4.763378392108483101e-08,4.744649366240448270e-08,4.725097864079096320e-08,4.704665677850642064e-08,4.683296670582155904e-08,4.660934261799900413e-08,4.637520648941358172e-08,4.612996884313691982e-08,4.587302997482215031e-08,4.560378179769893163e-08,4.532161053322406370e-08,4.502590055014998725e-08,4.471603976105493813e-08,4.439142713010544924e-08,4.405148304282032819e-08,4.369566355514227492e-08,4.332347989373607489e-08,4.293452503411498428e-08,4.252850972282409097e-08,4.210531084523328519e-08,4.166503530772657750e-08,4.120810194366739909e-08,4.073534076444770109e-08,4.024809912815302694e-08,3.974831851007743247e-08,3.923849092530836808e-08,3.872137372699602673e-08,3.819972098749713692e-08,3.767585196805720815e-08,3.719237160689947291e-08,3.673523313675377627e-08,3.630959275907838392e-08,3.591167567179880077e-08,3.553755671389194215e-08,3.518413483256662603e-08,3.484904319520254811e-08,3.453056126639234068e-08,3.422765467195835351e-08,3.394002332014567345e-08,3.366719081520096668e-08,3.340057374295140679e-08,3.314881510613284299e-08,3.287132281192273054e-08,3.256359944862313983e-08,3.222102319812110416e-08,3.183934962513943861e-08,3.141507894523620556e-08,3.094584012988812163e-08,3.043052615080578970e-08,2.986917468319709848e-08,2.926253396635416958e-08,2.861167355572671965e-08,2.791749152214192493e-08,2.722285774353995612e-08,2.651021830688162546e-08,2.578175473854736604e-08,2.503091084773792223e-08,2.425130633131294188e-08,2.343786902272763347e-08,2.258700983386025010e-08,2.169695918514091052e-08,2.076847262384113149e-08,1.980595165551028758e-08,1.881848796958525399e-08,1.781681288036619475e-08,1.683552535647351158e-08,1.588869371346547219e-08,1.503560259062236141e-08,1.434804459092289698e-08,1.387602988862605738e-08,1.355834986657738560e-08,1.311074344011771543e-08,1.237239698350520699e-08,1.138051406710248285e-08,1.032481661688104494e-08,9.439292756695334739e-09,8.902700933514262443e-09,8.829638563141868457e-09,9.227858200595238615e-09,1.001586699380900222e-08,1.098442061258915227e-08,1.185802800208110870e-08,1.240488801952195539e-08,1.251704762679268689e-08,1.223356661966651656e-08,1.172467834445002669e-08,1.127410167175516349e-08,1.126637084551367315e-08,1.208780727366016905e-08,1.390754705240598706e-08,1.649218163270963445e-08,1.943470948603192381e-08,2.233997629694150060e-08,2.496812795001391241e-08,2.733675701340123301e-08,2.976033158877361023e-08,3.226775219886100397e-08,3.477862452996968436e-08,3.721120859789599511e-08,3.951037302689335319e-08,4.164529209874221115e-08,4.370259720882358353e-08,4.564618168835033626e-08,4.749386876376115071e-08,4.924469917798475870e-08,5.089919467701475402e-08,5.246107564264865814e-08,5.393675175620789912e-08,5.533509602723107992e-08,5.666775781240224367e-08,5.794955117612932972e-08,5.919524494286754534e-08,6.038948447881894480e-08,6.158460825503579641e-08,6.262777467295547150e-08,6.350986533895615963e-08,6.422170845670297685e-08,6.475589201097268280e-08,6.510818398463517521e-08,6.527906904001266902e-08,6.527413917640107718e-08,6.510357279361860728e-08,6.478078118537273950e-08,6.432111687651027082e-08,6.374030325027070831e-08,6.315184105200933264e-08,6.253278680982014236e-08,6.190653896069180325e-08,6.127540828442583736e-08,6.064140319846486164e-08,6.000846186430375891e-08,5.938217588651312132e-08,5.876953846068123645e-08,5.817901197628407495e-08,5.762062242033132092e-08,5.710373794032915818e-08,5.661785349118322324e-08,5.619385632960409166e-08,5.574274087105357883e-08,5.526264076527933987e-08,5.475073948699163830e-08,5.420420322181701978e-08,5.362072994998054798e-08,5.299911745854087361e-08,5.233933747308335401e-08,5.164236575074837686e-08,5.090995321483262115e-08,5.014441163383411010e-08,4.934843491685925203e-08,4.852495750449982690e-08,4.767704497706674357e-08,4.680781070394577944e-08,4.592035289659797678e-08,4.501770748657242765e-08,4.410281330381567461e-08,4.317848690371086055e-08,4.224740505618912280e-08,4.131209339384913751e-08,4.037492005836735646e-08,3.943809342302915708e-08,3.850366313430857523e-08,3.757352383016928854e-08,3.664942097421000207e-08,3.573295830527736403e-08,3.482556616375186790e-08,3.392834843908549793e-08,3.304204392215732785e-08,3.216702450326196588e-08,3.130329230141830174e-08,3.045047671046782121e-08,2.960783192319828740e-08,2.877423488888075419e-08,2.794818291236267442e-08,2.712778927976202423e-08,2.631077450246858396e-08,2.549445015770777507e-08,2.467569204833952162e-08,2.385089966483244182e-08,2.301593976573171355e-08,2.216607316081235978e-08,2.129586508912289515e-08,2.039908034156666654e-08,1.946856398334717061e-08,1.849610740858798117e-08,1.747229964811743580e-08,1.638637183369576608e-08,1.522607542242636298e-08,1.397773785973748197e-08,1.262694727869279117e-08,1.116126447714205798e-08,9.579468909362660349e-09,7.922806026544343554e-09,6.381691518436796004e-09,5.585639255031202336e-09,6.593452110882347671e-09,9.509591635209069467e-09,1.350921325354494179e-08,1.767077685050266017e-08,2.114286800640057178e-08,2.384274816131238188e-08,2.657098881782831960e-08,2.882945180190285425e-08
3.038857477586376155e-08,3.153693755742425921e-08,3.175134940802663618e-08,3.187626888391149099e-08,3.337257283807321771e-08,3.602905841279984902e-08,3.905923852813676441e-08,4.188604581733913504e-08,4.422480490964423075e-08,4.600921403626277151e-08,4.729577387550550902e-08,4.818573750790637711e-08,4.878028636667296858e-08,4.916281366399747676e-08,4.939604658720048451e-08,4.952500424847033523e-08,4.958122917425011173e-08,4.958655851571756899e-08,4.955602120529883032e-08,4.949992741755739809e-08,4.942533382432234402e-08,4.933705909219028772e-08,4.923838449417334545e-08,4.913153622342133503e-08,4.901801652896396363e-08,4.889882989915221633e-08,4.877463618103001373e-08,4.864585279366896179e-08,4.851272159121033543e-08,4.837535142438258875e-08,4.823374434020208607e-08,4.808781118322251359e-08,4.793738080906831157e-08,4.778220598730305897e-08,4.762196822086413639e-08,4.745628305509830121e-08,4.728470693434508540e-08,4.710674625317109174e-08,4.692186892290641898e-08,4.672951852283562040e-08,4.652913092787097358e-08,4.632015320556925790e-08,4.610205503934321710e-08,4.587430547301588691e-08,4.563636609203560568e-08,4.538769246114204468e-08,4.512773612144646635e-08,4.485594732431597287e-08,4.457177873395667499e-08,4.427469040181368777e-08,4.396415640862773800e-08,4.363967368982442369e-08,4.330077371262734293e-08,4.294703786284009339e-08,4.257811762308713725e-08,4.219376086327561475e-08,4.179384576237406596e-08,4.137842390918723315e-08,4.094777372323584697e-08,4.050246399526882135e-08,4.004342421994494206e-08,3.957201235981834771e-08,3.909006185839787043e-08,3.859988731470878704e-08,3.810427524455669579e-08,3.760668042126050502e-08,3.711215248846635506e-08,3.663101526135531838e-08,3.615196347345020061e-08,3.571453206569219168e-08,3.530488245813299586e-08,3.491707336578706325e-08,3.454767211914053826e-08,3.419434808278123809e-08,3.385555563097173275e-08,3.353077203691769053e-08,3.322172834502680476e-08,3.293720466398441365e-08,3.263779864516559287e-08,3.233078467771303716e-08,3.200436680539513438e-08,3.165167478084186839e-08,3.126752686211542130e-08,3.084767078615117042e-08,3.038868524840920406e-08,2.988805961235336193e-08,2.934423282892816635e-08,2.875653932396342341e-08,2.812510538435028137e-08,2.745095637519712311e-08,2.673688924461251483e-08,2.599117768200950956e-08,2.519952985034110994e-08,2.439814652246569923e-08,2.356951948635863297e-08,2.270433380083382772e-08,2.179617861367347034e-08,2.084041850307186365e-08,1.983435975989258265e-08,1.877826479807167275e-08,1.767773035115311669e-08,1.654968828651569294e-08,1.538721366749562453e-08,1.423755811271062398e-08,1.316603788021998975e-08,1.229147914049230536e-08,1.179170148412290320e-08,1.184821796238943555e-08,1.240911794727806047e-08,1.244095739327244083e-08,1.159342447619633731e-08,9.991525463338278616e-09,8.070741776212135513e-09,6.378380020241630353e-09,5.372975682638326041e-09,5.306232063375533686e-09,6.170342095949255866e-09,7.684854467279298169e-09,9.335689276120272029e-09,1.059308720253421402e-08,1.108198748500837600e-08,1.068337969338282050e-08,9.552234746091349581e-09,8.075289444072281422e-09,6.861073797355315541e-09,6.766632304956645459e-09,8.343836856672593274e-09,1.124965921076062256e-08,1.476588227580931660e-08,1.822526537799612681e-08,2.107477109104081996e-08,2.299173876880277844e-08,2.413105186860952260e-08,2.590537634028258596e-08,2.820086632889955409e-08,3.072302925061544565e-08,3.326638448659228905e-08,3.571988288355508922e-08,3.803546791427243705e-08,4.021129435143350292e-08,4.220992590196144374e-08,4.413533399763179356e-08,4.596255423873075972e-08,4.768788693582302374e-08,4.931488577938619777e-08,5.085057322897998768e-08,5.230471041999542819e-08,5.369094862574099475e-08,5.503177725171888000e-08,5.637730629149153341e-08,5.759359164313138911e-08,5.872096588120047522e-08,5.972316186111915798e-08,6.058322923561277982e-08,6.129097521147140169e-08,6.184004921626471242e-08,6.222760874279895266e-08,6.245466963025753853e-08,6.252624049795229694e-08,6.245109173223244811e-08,6.224132398454262015e-08,6.191238748761669088e-08,6.148487448363129247e-08,6.099294085027606735e-08,6.041918575706774091e-08,5.986813314613558661e-08,5.931711774094159608e-08,5.876238282222148913e-08,5.820617549352507492e-08,5.765333796508940014e-08,5.711050855197085609e-08,5.658666403356994180e-08,5.609606923368026377e-08,5.566986212435827759e-08,5.522236540995590328e-08,5.478047458316621999e-08,5.432449887232364759e-08,5.384626256101090027e-08,5.334109078141909830e-08,5.280576956750770614e-08,5.223808620875528855e-08,5.163681507704974822e-08,5.100168319451065802e-08,5.033325660251209180e-08,4.963278727158439233e-08,4.890205646062688102e-08,4.814323304402283132e-08,4.735875338506190386e-08,4.655122316449784098e-08,4.572333894190868457e-08,4.487782643974037465e-08,4.401739260168887692e-08,4.314468886256546026e-08,4.226228352172667392e-08,4.137264152837029571e-08,4.047811032918627446e-08,3.958091069470487132e-08,3.868313164069469735e-08,3.778672870897899660e-08,3.689352498126797571e-08,3.600521428123449224e-08,3.512336608297927872e-08,3.424939119783455047e-08,3.338438529049726485e-08,3.252908717762301178e-08,3.168387426728928064e-08,3.084875696198267891e-08,3.002337295370257541e-08,2.920698197364663346e-08,2.839846101948282845e-08,2.759629940646654125e-08,2.679859223094928323e-08,2.600303008458761280e-08,2.520688223847052337e-08,2.440697017291843286e-08,2.359962838610575483e-08,2.278064991231910148e-08,2.194521479468211005e-08,2.108780055400822120e-08,2.020207398865627829e-08,1.928076304830542834e-08,1.831550635991557017e-08,1.729667843382258412e-08,1.621319728732662954e-08,1.505235609014049753e-08,1.379983122604743635e-08,1.244035555689605346e-08,1.096059800104548573e-08,9.359307645758873867e-09,7.682428679975907770e-09,6.145313972960971019e-09,5.455127385180299104e-09,6.683492164657340921e-09,9.761831326958483685e-09,1.380682796803766726e-08,1.791330541194569679e-08,2.131498569505111044e-08,2.406140001748204665e-08,2.686685229619152401e-08,2.905962909048664478e-08
3.063193111802620658e-08,3.169983345384926842e-08,3.194071333690526939e-08,3.192586910509395732e-08,3.316289025032622960e-08,3.560117760034225358e-08,3.849507134642698707e-08,4.125382211112872043e-08,4.357021441923960023e-08,4.535680215147019383e-08,4.665495226183920653e-08,4.755755130293854158e-08,4.816230586319967553e-08,4.855179207022733304e-08,4.878903657074860002e-08,4.891967022064221416e-08,4.897582600010856455e-08,4.897981056419941963e-08,4.894699671477106223e-08,4.888793742656898567e-08,4.880985885355462388e-08,4.871769862387183667e-08,4.861482310187891470e-08,4.850352119362977126e-08,4.838534317827169547e-08,4.826133195963075826e-08,4.813217949442754869e-08,4.799833116107005184e-08,4.786005403486352250e-08,4.771748039135381590e-08,4.757063455688343781e-08,4.741944898568433272e-08,4.726377384707367366e-08,4.710338324310306953e-08,4.693798030689534301e-08,4.676720276388783187e-08,4.659063001402311809e-08,4.640779237660530838e-08,4.621818281045090033e-08,4.602127117026543056e-08,4.581652088389273584e-08,4.560340783826457682e-08,4.538143216946946171e-08,4.515009685050896678e-08,4.490890174388762788e-08,4.465734557277674334e-08,4.439492851518157685e-08,4.412115559622337634e-08,4.383554110106972374e-08,4.353761429047574677e-08,4.322692677443592730e-08,4.290306198860132246e-08,4.256564732254775950e-08,4.221436956404320195e-08,4.184899443561901054e-08,4.146939107865876954e-08,4.107556232623315412e-08,4.066768139300425393e-08,4.024613502992888536e-08,3.981157201829460997e-08,3.936495393348462091e-08,3.890760267440130525e-08,3.844123829952482256e-08,3.796800753179377904e-08,3.749052998704272234e-08,3.701203472935984639e-08,3.653662232131540072e-08,3.606923864255665932e-08,3.561183285600235870e-08,3.517556490820539219e-08,3.475931152647845388e-08,3.436049139433461925e-08,3.397673975833294738e-08,3.360607473456828042e-08,3.324688514382072803e-08,3.289792885324489305e-08,3.255817729082103288e-08,3.222531686557653716e-08,3.188607311119649203e-08,3.153584462432012782e-08,3.116763975489421762e-08,3.077545864558626757e-08,3.035432531392423681e-08,2.990008622546728376e-08,2.940932859612801820e-08,2.887937493173425360e-08,2.830827806651704112e-08,2.769478907251144303e-08,2.703832452529498083e-08,2.633901665338799744e-08,2.559788365443475229e-08,2.481667460224702155e-08,2.399369521805329472e-08,2.313610136679742226e-08,2.223850519917648802e-08,2.129406216323515558e-08,2.029635891736592125e-08,1.923991285961713110e-08,1.812074911551331416e-08,1.693747853987933030e-08,1.569321918677502051e-08,1.439844941180967442e-08,1.307196306868437899e-08,1.177132298543844523e-08,1.061576178112597916e-08,9.839846813487393203e-09,9.831769887035399141e-09,1.106005570040864773e-08,1.398637401862330850e-08,1.495259491832796312e-08,1.392574844795418396e-08,1.137608974493366607e-08,8.221498056862610058e-09,5.583051430337740770e-09,4.352393404316551398e-09,4.586275576935968498e-09,5.988905740677605470e-09,8.270564227366321088e-09,1.069141638956673120e-08,1.235275614166327081e-08,1.260949237230130835e-08,1.128877227245549068e-08,8.751139413137052378e-09,5.928264857583485412e-09,4.731938709786162170e-09,6.615285250079133008e-09,1.007003596990519739e-08,1.417347309822063278e-08,1.845438952917969386e-08,2.221779425102020379e-08,2.462017256279858777e-08,2.489582678520814893e-08,2.233488982819647191e-08,2.269688358217834470e-08,2.453897459560555741e-08,2.698984846269112540e-08,2.960481998441553172e-08,3.218105241112580318e-08,3.463537208622686703e-08,3.694207536823033697e-08,3.909460816347556661e-08,4.112336506077747031e-08,4.303420464822649165e-08,4.483188323652432193e-08,4.652282237113986237e-08,4.811496173680854505e-08,4.961756388824721896e-08,5.104122322075675935e-08,5.239732029007105048e-08,5.369226224833044546e-08,5.488996786017354829e-08,5.598565239770504122e-08,5.696368353658376635e-08,5.781182142062172626e-08,5.852175605571788799e-08,5.908852429309822283e-08,5.951031677208688610e-08,5.978854133116740572e-08,5.992785037908433220e-08,5.993603460348879894e-08,5.982386196000983671e-08,5.960508539346760991e-08,5.929674124266513731e-08,5.891875930802067814e-08,5.848441596707973666e-08,5.802942849438353194e-08,5.756048447291382974e-08,5.708095440173338552e-08,5.659480977503974607e-08,5.610695758118870234e-08,5.562315994531082730e-08,5.514998709180282049e-08,5.469440287186338958e-08,5.426010133696640215e-08,5.382404359216986208e-08,5.338388839714999977e-08,5.293116122797788642e-08,5.245939350728928576e-08,5.196409362742668665e-08,5.144212866076893914e-08,5.089139082561796329e-08,5.031066679115592980e-08,4.969955358932228777e-08,4.905836153637323196e-08,4.838800104606354416e-08,4.768986518781925156e-08,4.696571849768078715e-08,4.621759794744050869e-08,4.544772823021206424e-08,4.465845125230480082e-08,4.385216860077803815e-08,4.303129534635164778e-08,4.219822351236723873e-08,4.135529368512177170e-08,4.050477344351588915e-08,3.964884148888124398e-08,3.878957653458361169e-08,3.792895016252044218e-08,3.706882297126189835e-08,3.621094343302878348e-08,3.535694894953667926e-08,3.450836865522651713e-08,3.366658687799028097e-08,3.283268362735076532e-08,3.200739009229400224e-08,3.119108152789619865e-08,3.038376913590852596e-08,2.958509182208856061e-08,2.879430839584698289e-08,2.801029029324555305e-08,2.723151428452601925e-08,2.645605392041080513e-08,2.568156775136422759e-08,2.490528172254056826e-08,2.412396272102428205e-08,2.333388012917104595e-08,2.253075244220840503e-08,2.170967642596342919e-08,2.086503663447593202e-08,1.999039297142227158e-08,1.907834307555893944e-08,1.812035502673633372e-08,1.710656645953643676e-08,1.602555553119103500e-08,1.486412640683557959e-08,1.360727143626881542e-08,1.223884066243478043e-08,1.074462035493788627e-08,9.123502755925714108e-09,7.427036891405424144e-09,5.899629260145003766e-09,5.333596169286090984e-09,6.787756313472131195e-09,1.001180723289905283e-08,1.408466184663928161e-08,1.812877131316639723e-08,2.147189669686721932e-08,2.427842949726449420e-08,2.714701835178071130e-08,2.927438226912212765e-08
3.086975269301189553e-08,3.184996780817835157e-08,3.211556156350825931e-08,3.198381542650920083e-08,3.297127362613766238e-08,3.518692970496509053e-08,3.793713152344576418e-08,4.062119507256821388e-08,4.291046570043228093e-08,4.469666171184946766e-08,4.600564266140600131e-08,4.692127285069649157e-08,4.753720502712067142e-08,4.793481927575652976e-08,4.817723983046912727e-08,4.831062205561167706e-08,4.836766401230928677e-08,4.837114523128092355e-08,4.833679680362682904e-08,4.827543157064223420e-08,4.819446135341300870e-08,4.809895683696983715e-08,4.799238128404606296e-08,4.787709602285120522e-08,4.775470727955635769e-08,4.762630280671399641e-08,4.749261189300273448e-08,4.735411211519332863e-08,4.721109921081524445e-08,4.706373167222214272e-08,4.691205836683109858e-08,4.675603518430317244e-08,4.659553507145115637e-08,4.643035462187108890e-08,4.626021949600808010e-08,4.608479026482783340e-08,4.590366973643346214e-08,4.571641240270283877e-08,4.552253631087714661e-08,4.532153741250457723e-08,4.511290626659173341e-08,4.489614687848886640e-08,4.467078881178368641e-08,4.443636756681262018e-08,4.419241940397930879e-08,4.393848371185057635e-08,4.367410602439679077e-08,4.339884185032776908e-08,4.311226151568532782e-08,4.281395626637811877e-08,4.250354593017742856e-08,4.218068849648024123e-08,4.184509203291127792e-08,4.149652941189992930e-08,4.113485635111938757e-08,4.076003325010010594e-08,4.037215118497810331e-08,3.997146213766446262e-08,3.955841300605468933e-08,3.913368211564040164e-08,3.869821591152724607e-08,3.825326270538998945e-08,3.780040096728851380e-08,3.734156360244074296e-08,3.687906703102692976e-08,3.641565275115657481e-08,3.595449849076636212e-08,3.549901445015443917e-08,3.505219694524175691e-08,3.461832458915075891e-08,3.419816478622501998e-08,3.379082244816542766e-08,3.339483526602981416e-08,3.300858312430142730e-08,3.263039184191197524e-08,3.225845624401136863e-08,3.189048743623006370e-08,3.152275499292764060e-08,3.114848145239828528e-08,3.076225589421018069e-08,3.035851261227344872e-08,2.993209533553547916e-08,2.947844161274149589e-08,2.899358603129959965e-08,2.847413917352018051e-08,2.791727306697062237e-08,2.732070037589261254e-08,2.668263841971891244e-08,2.600176462579188977e-08,2.527717341843681127e-08,2.450829102269050746e-08,2.369455539943245680e-08,2.283463065823913370e-08,2.192809210268055897e-08,2.097068883404792832e-08,1.995633007996382060e-08,1.887837806952272070e-08,1.773040098496269958e-08,1.650692729655883121e-08,1.520465529575254382e-08,1.382475515671578534e-08,1.237764280063387878e-08,1.089416107909006513e-08,9.457573271888375101e-09,8.266336799003134067e-09,7.733503450522020125e-09,8.449671569067682669e-09,1.081817066231460368e-08,1.501818993387671731e-08,1.649408712682058521e-08,1.520033395667069568e-08,1.197918680269037773e-08,8.485959239008581284e-09,6.748561603335670136e-09,6.929035805104709606e-09,7.304161117056323272e-09,7.753667004867081963e-09,9.269104843007807198e-09,1.154526074097814427e-08,1.314745819438913201e-08,1.295015219998938135e-08,1.064139061683841403e-08,6.859151901082208691e-09,4.149594820742183156e-09,6.618216801476197829e-09,1.066736571326123180e-08,1.446125538994328695e-08,1.812451621101351923e-08,2.175758518158765321e-08,2.479614048954520727e-08,2.619393858482474940e-08,2.495165189509940873e-08,2.052028487697550137e-08,1.976997813345976248e-08,2.118940539718856749e-08,2.356258231734722962e-08,2.623052532170433351e-08,2.890282426925886424e-08,3.146461120393336887e-08,3.387760662882980961e-08,3.613575524971394674e-08,3.825128129298388866e-08,4.023431769654635403e-08,4.209366166982822911e-08,4.383782093927688072e-08,4.547530261892299637e-08,4.701453104956650246e-08,4.846338307789562633e-08,4.982775842484923714e-08,5.110779336669389070e-08,5.229142616955171498e-08,5.337086370237046123e-08,5.433684230248805982e-08,5.518127761351530278e-08,5.589831339306117820e-08,5.648455852263563114e-08,5.693916726680466621e-08,5.726390750595870911e-08,5.746317814972802251e-08,5.754394829108670939e-08,5.751564298155258757e-08,5.739001717395632950e-08,5.718093899117900356e-08,5.690365800588562303e-08,5.657303164852464802e-08,5.620743904816184270e-08,5.581720806780166838e-08,5.540891819650553955e-08,5.498793032983553622e-08,5.455929593847484944e-08,5.412794722929690731e-08,5.369846140916369905e-08,5.327416366855779159e-08,5.285476763557016048e-08,5.243244432251340479e-08,5.200244757586950880e-08,5.155938155261630314e-08,5.109851550994798762e-08,5.061616085059835324e-08,5.010960054870382876e-08,4.957696367470703819e-08,4.901713438967509647e-08,4.842967778277726329e-08,4.781476246880746949e-08,4.717307547055803889e-08,4.650573349162013009e-08,4.581419632730354841e-08,4.510018678842786252e-08,4.436561956639626361e-08,4.361253989434842288e-08,4.284307184338610119e-08,4.205937554179713712e-08,4.126361236874320076e-08,4.045791712366367434e-08,3.964437621921394812e-08,3.882501103357944207e-08,3.800176565653183567e-08,3.717649835721487184e-08,3.635097618410374070e-08,3.552687217758718401e-08,3.470576473432245264e-08,3.388913871203711519e-08,3.307834704842338623e-08,3.227444859959288395e-08,3.147816108003890339e-08,3.068985159177363375e-08,2.990952617044003145e-08,2.913681919492682856e-08,2.837098323101545240e-08,2.761087944052407731e-08,2.685496811330278083e-08,2.610129821135955127e-08,2.534749411403667491e-08,2.459073710384904895e-08,2.382773862800659126e-08,2.305470208586876039e-08,2.226726983763257878e-08,2.146045219696491897e-08,2.062853510761879137e-08,1.976496266705082366e-08,1.886218943369155728e-08,1.791149599342970108e-08,1.690276190911391015e-08,1.582420016524728463e-08,1.466209704688964327e-08,1.340073075549095367e-08,1.202304647739820243e-08,1.051396940065258683e-08,8.872741870572147973e-09,7.157558419588166456e-09,5.646643024332959885e-09,5.224271695718274009e-09,6.905418364261845093e-09,1.025718907458130675e-08,1.434136976534209312e-08,1.831829996670817600e-08,2.161609793621381459e-08,2.449309277126902904e-08,2.740982394340087341e-08,2.947531002247096397e-08
3.110070600667941127e-08,3.198905442623419881e-08,3.227475986418312320e-08,3.204766645356427549e-08,3.279732678757569831e-08,3.478718061358565450e-08,3.738659133062624931e-08,3.998934195277036081e-08,4.224656272443136068e-08,4.402952372736864690e-08,4.534830520975240797e-08,4.627715264474017811e-08,4.690509631639593542e-08,4.731192699552515832e-08,4.756064533777726506e-08,4.769782832417292193e-08,4.775670334075954485e-08,4.776052002691703865e-08,4.772537882287031360e-08,4.766236777044064292e-08,4.757909969646562178e-08,4.748079204704112616e-08,4.737101661955328224e-08,4.725221680106989673e-08,4.712606264619404494e-08,4.699369316165305686e-08,4.685588015689844163e-08,4.671313760135026348e-08,4.656579327775577346e-08,4.641403461529735780e-08,4.625793719823477956e-08,4.609748207730601760e-08,4.593256632606349246e-08,4.576301005904484773e-08,4.558856221540519487e-08,4.540890671390054673e-08,4.522367004108820097e-08,4.503243090596001090e-08,4.483473225863512930e-08,4.463009571699060313e-08,4.441803826983960361e-08,4.419809103086354034e-08,4.396981162533022464e-08,4.373276630384517409e-08,4.348652543718568125e-08,4.323066615076968535e-08,4.296477560294886169e-08,4.268845505123083661e-08,4.240132487890069679e-08,4.210303078612555378e-08,4.179325138310038227e-08,4.147170745517094021e-08,4.113817319562787050e-08,4.079248971151091754e-08,4.043458108608908021e-08,4.006447320603166794e-08,3.968231540108449552e-08,3.928840466428667139e-08,3.888321179467460081e-08,3.846740824376996172e-08,3.804189185684942957e-08,3.760780934279605057e-08,3.716657357695523215e-08,3.671987482600520226e-08,3.626968498827692045e-08,3.581824704105516368e-08,3.536801978694342303e-08,3.492152428674349650e-08,3.448110794928145800e-08,3.404896159752563514e-08,3.362589497397640403e-08,3.321160458099894952e-08,3.280512186283446977e-08,3.240508550730975913e-08,3.200983608625539072e-08,3.161735897887872039e-08,3.122506373209947702e-08,3.082940995224021533e-08,3.042570598575661443e-08,3.000925575150365111e-08,2.957535894753117978e-08,2.911952333364706094e-08,2.863760276660327481e-08,2.812584837923823432e-08,2.758091776515059381e-08,2.699986450724716928e-08,2.638011096704200853e-08,2.571940252499870619e-08,2.501574221370988108e-08,2.426729921935113035e-08,2.347226276573725034e-08,2.262859050881241878e-08,2.173368095632351584e-08,2.078435038132766017e-08,1.977561912139861705e-08,1.870104950061461578e-08,1.755334365639411567e-08,1.632492169542378419e-08,1.500864930636319073e-08,1.359912530665504865e-08,1.209544507984751261e-08,1.050786916383651415e-08,8.875537544988423879e-09,7.316250511553153441e-09,6.151721767160922326e-09,6.053043712129698289e-09,7.620962093859929678e-09,1.081204194413942911e-08,1.555871486481525127e-08,1.703453326738033285e-08,1.529058803432004003e-08,1.171143266814105970e-08,9.150162271260841783e-09,9.788604329102456037e-09,1.131650565850951974e-08,1.146670903562505690e-08,1.045648304797622695e-08,1.015359292330977304e-08,1.148671445630448577e-08,1.273368126736041857e-08,1.202605500525964177e-08,8.782184941717932585e-09,4.179357888079854725e-09,5.515712769890678472e-09,1.125048626573610544e-08,1.610700540296071926e-08,1.947822269982085978e-08,2.188070473877066605e-08,2.399669888226269801e-08,2.570762035267061702e-08,2.598570729445137789e-08,2.368315964520434081e-08,1.837712169168655075e-08,1.695846174746832721e-08,1.810670872940237250e-08,2.044166084670331527e-08,2.315517912505455007e-08,2.589754299778555935e-08,2.853520881656819024e-08,3.102371272529234406e-08,3.335467863259650458e-08,3.553478310150054094e-08,3.757386305496076063e-08,3.948173826074025126e-08,4.126763289359668879e-08,4.294008229599824326e-08,4.450676613599039286e-08,4.597404468363387883e-08,4.734597900977048121e-08,4.862277690286765127e-08,4.979986675740074751e-08,5.087214681041656733e-08,5.183404497008399795e-08,5.268056513304045145e-08,5.340805523356255748e-08,5.401460723052209586e-08,5.450026462665563712e-08,5.486713343966287071e-08,5.511941652300710314e-08,5.526337290327399213e-08,5.530720852943522424e-08,5.526089509952565390e-08,5.513586246922621673e-08,5.494445226002490452e-08,5.469918747418101056e-08,5.441268093589740664e-08,5.409459756071275879e-08,5.375219578457197982e-08,5.339131633647144342e-08,5.301696448956968374e-08,5.263347767333366304e-08,5.224433648978233840e-08,5.185158665186721278e-08,5.145489304161475069e-08,5.105101242134513993e-08,5.063652736628986578e-08,5.020780724371684618e-08,4.976148345923258711e-08,4.929474225733824719e-08,4.880540914932095735e-08,4.829194213533453822e-08,4.775339800784838097e-08,4.718938819161626101e-08,4.660002549520974437e-08,4.598586296804294739e-08,4.534782815503679619e-08,4.468715674785440721e-08,4.400532904802331873e-08,4.330401156697947164e-08,4.258500502493664874e-08,4.185019919287111082e-08,4.110153447974615040e-08,4.034096985152949818e-08,3.957045651290983882e-08,3.879191672836905821e-08,3.800722716325840778e-08,3.721820615916782952e-08,3.642660440378099510e-08,3.563409850390641003e-08,3.484228701672132778e-08,3.405268853663817411e-08,3.326674147338337733e-08,3.248576418094525084e-08,3.171079049702579560e-08,3.094252035518803346e-08,3.018130814026253788e-08,2.942715007261110620e-08,2.867967143956860203e-08,2.793811425122870992e-08,2.720132549636820335e-08,2.646774563683839673e-08,2.573539633986101391e-08,2.500186575848070946e-08,2.426428899882318096e-08,2.351932083308832305e-08,2.276309728507297295e-08,2.199118242804590287e-08,2.119849648874818315e-08,2.037922091917895275e-08,1.952667518219561803e-08,1.863315844082937334e-08,1.768974766173738986e-08,1.668604430012400816e-08,1.560987238133639449e-08,1.444697356755896414e-08,1.318088526018577106e-08,1.179363224119533967e-08,1.026931369807724670e-08,8.607763786539916100e-09,6.875011090386494266e-09,5.388608433268895257e-09,5.130199032063097167e-09,7.035159085317133075e-09,1.049570233920773027e-08,1.457596726393735269e-08,1.848336699671794453e-08,2.174987847323274195e-08,2.470424518882181485e-08,2.765400541207783195e-08,2.966395742385384056e-08
3.132342766462887125e-08,3.211870355078317981e-08,3.241756552588811113e-08,3.211495743221338729e-08,3.264041363364289063e-08,3.440269612071684878e-08,3.684459717078914968e-08,3.935944237143831107e-08,4.157953912951798921e-08,4.335616705358947655e-08,4.468345082494578395e-08,4.562548420560429299e-08,4.626612357980285525e-08,4.668316724836714521e-08,4.693925358286732505e-08,4.708126280397969919e-08,4.714290503188903701e-08,4.714789054927217742e-08,4.711269637465477798e-08,4.704869900969989041e-08,4.696372654761165913e-08,4.686315635750580399e-08,4.675068014025692676e-08,4.662883284460660770e-08,4.649935616081891878e-08,4.636344670330246708e-08,4.622192394297005665e-08,4.607534238315265756e-08,4.592406517296656208e-08,4.576831132612580969e-08,4.560818523602413255e-08,4.544369474514166812e-08,4.527476229620463273e-08,4.510123243501584834e-08,4.492287799888881070e-08,4.473940661106374091e-08,4.455046854676768408e-08,4.435566660114002019e-08,4.415456824986294230e-08,4.394672013802639422e-08,4.373166475739152609e-08,4.350895907827455242e-08,4.327818716545375357e-08,4.303894397261346718e-08,4.279083141582412229e-08,4.253346115565933651e-08,4.226645799321491190e-08,4.198946400156699308e-08,4.170214353319295428e-08,4.140418926296075849e-08,4.109532944335727483e-08,4.077533656010506344e-08,4.044403757653931168e-08,4.010132593553854369e-08,3.974717543632992287e-08,3.938165600432537811e-08,3.900495120710695238e-08,3.861737712253905082e-08,3.821940183076813301e-08,3.781166440200309421e-08,3.739499185008220510e-08,3.697041221723292027e-08,3.653916179493148301e-08,3.610268419834508060e-08,3.566261756864060722e-08,3.522076180525184419e-08,3.477901052028611647e-08,3.433923170990893888e-08,3.390310695315324170e-08,3.347196393799831851e-08,3.304638722591369048e-08,3.262621721815918884e-08,3.221070741300685835e-08,3.179866134890448478e-08,3.138849219978547993e-08,3.097819741984790887e-08,3.056526017516884827e-08,3.014653288494481345e-08,2.971826499937181945e-08,2.927647788562155488e-08,2.881712790378011147e-08,2.833625332878734390e-08,2.783007881914534048e-08,2.729506994352178501e-08,2.672795060541323568e-08,2.612569419725621241e-08,2.548549241324198804e-08,2.480470160342645368e-08,2.408076425718140423e-08,2.331109918853256814e-08,2.249294761379465432e-08,2.162316386615995389e-08,2.069797090123291943e-08,1.971273302337388095e-08,1.866153880283026845e-08,1.753721542585292386e-08,1.633157192131710724e-08,1.503576236167096518e-08,1.364087415618589975e-08,1.213912737672032477e-08,1.052674528871970368e-08,8.811696031589407671e-09,7.037257649366108161e-09,5.362605164841586044e-09,4.317435090756653311e-09,4.903420482748349438e-09,7.255054745549470881e-09,1.083819291171009595e-08,1.558000850699650433e-08,1.662927357445893982e-08,1.426503902682030057e-08,1.075074086419832267e-08,1.045855128635578198e-08,1.361222189335004623e-08,1.598950544920446890e-08,1.567875198332133033e-08,1.310255949095698210e-08,1.052336451554109885e-08,1.036790159289102188e-08,1.122399412824366997e-08,1.015236776923074267e-08,6.068621241753808829e-09,1.934679941187155475e-09,9.028330783314641493e-09,1.622194455329844155e-08,2.141432963627584518e-08,2.409785215214298026e-08,2.488989881649200680e-08,2.499674997207485085e-08,2.501660708427418857e-08,2.422367240483083125e-08,2.134939096980448347e-08,1.590677887237103804e-08,1.425632532386124887e-08,1.531396846007656339e-08,1.765410733332448298e-08,2.039862970157852428e-08,2.317804523332082230e-08,2.585595049688891332e-08,2.838706238282009864e-08,3.076150445313964620e-08,3.298323847867102535e-08,3.506063597747738916e-08,3.700289922573012612e-08,3.881886165872767343e-08,4.051657095679986750e-08,4.210302147895274181e-08,4.358378936939092663e-08,4.496249596094794483e-08,4.624024727041172655e-08,4.741564707580597712e-08,4.848618271483626369e-08,4.944889890922040112e-08,5.030110064237076901e-08,5.104092710302932913e-08,5.166773695643535716e-08,5.218234580974904951e-08,5.258715909882951536e-08,5.288622103633752371e-08,5.308518732914260897e-08,5.319122396488057959e-08,5.321282525013978970e-08,5.315952767340282554e-08,5.304149403392163494e-08,5.286900324467347998e-08,5.265193872582858813e-08,5.239876058205719323e-08,5.211641711181168971e-08,5.181064629507191394e-08,5.148623922311851235e-08,5.114712715858816433e-08,5.079627188527668076e-08,5.043538560450229624e-08,5.006461233203802114e-08,4.968256160995006441e-08,4.928718479750479569e-08,4.887614234591910305e-08,4.844713614647550239e-08,4.799814394689547812e-08,4.752754159640563548e-08,4.703415067385946762e-08,4.651724564112614730e-08,4.597653830805084841e-08,4.541214754632534590e-08,4.482455883605570210e-08,4.421457751331174995e-08,4.358327925709837540e-08,4.293196077675140494e-08,4.226209289345491985e-08,4.157527743913351688e-08,4.087320874696924431e-08,4.015764002356944521e-08,3.943035456485380408e-08,3.869314157517534360e-08,3.794777623723815068e-08,3.719600362887126244e-08,3.643952606880231099e-08,3.567999348136442361e-08,3.491899638929356514e-08,3.415806116821887403e-08,3.339864722264968767e-08,3.264214576948606711e-08,3.188983879394806002e-08,3.114273261122956623e-08,3.040150636551290599e-08,2.966649838244672693e-08,2.893769154911016962e-08,2.821469851819457843e-08,2.749674732157267036e-08,2.678266760838605194e-08,2.607087721456231241e-08,2.535936815311592951e-08,2.464569042968767270e-08,2.392693139027098726e-08,2.319968765589097500e-08,2.246002613124048158e-08,2.170343007718332028e-08,2.092472570714300635e-08,2.011798399586429223e-08,1.927639111383700842e-08,1.839207901204289165e-08,1.745590575937779607e-08,1.645717588338131735e-08,1.538330235222774208e-08,1.421945796092291606e-08,1.294841678477578390e-08,1.155127509116610845e-08,1.001135550371001616e-08,8.329360841079741900e-09,6.580505025453244644e-09,5.128045193678365649e-09,5.054074999961359957e-09,7.175241944578793023e-09,1.072519291668021157e-08,1.478784839702826708e-08,1.862574273043522046e-08,2.187524518838631248e-08,2.491043238533319264e-08,2.787871271516274053e-08,2.984174825781292946e-08
3.153658544618211228e-08,3.224036668763878392e-08,3.254361245558506707e-08,3.218325768645712983e-08,3.249966020774443619e-08,3.403412426089116912e-08,3.631226328513590922e-08,3.873267406864023019e-08,4.091045308611990690e-08,4.267741470680151287e-08,4.401164020301493280e-08,4.496660527477747293e-08,4.562046441801710218e-08,4.604861505148277236e-08,4.631307914007241696e-08,4.646090673868080837e-08,4.652623298267871291e-08,4.653321214154172534e-08,4.649870075698809931e-08,4.643437462856311008e-08,4.634829005569993268e-08,4.624599678785565350e-08,4.613131742473923492e-08,4.600688777737551532e-08,4.587452886116537493e-08,4.573550117237223359e-08,4.559067691925068222e-08,4.544065521787985205e-08,4.528583783883351313e-08,4.512647795545081505e-08,4.496271078201963207e-08,4.479457249430992662e-08,4.462201204857991172e-08,4.444489922490800262e-08,4.426303126140124039e-08,4.407613971591665263e-08,4.388389862607958380e-08,4.368593459579495843e-08,4.348183909297616972e-08,4.327118298606538117e-08,4.305353317115623820e-08,4.282847104769252694e-08,4.259560532187463378e-08,4.235455743118047950e-08,4.210495811336078045e-08,4.184645023301317947e-08,4.157869217443157176e-08,4.130136189844269181e-08,4.101416177170261561e-08,4.071682428558525467e-08,4.040911878600874242e-08,4.009085933179045142e-08,3.976191378233756768e-08,3.942221417876092614e-08,3.907176841701411890e-08,3.871067310714847007e-08,3.833912735913052891e-08,3.795744702614776206e-08,3.756607867258191800e-08,3.716561223116110686e-08,3.675679100105399261e-08,3.634051733985986928e-08,3.591785208177317306e-08,3.549000518353812361e-08,3.505831398250521227e-08,3.462420351866783512e-08,3.418912170378042389e-08,3.375444442843077510e-08,3.332135507590685267e-08,3.289070762906868772e-08,3.246286278964019829e-08,3.203764800211103015e-08,3.161440238178551297e-08,3.119203532799056637e-08,3.076905868855953589e-08,3.034358142504346132e-08,2.991327787010791496e-08,2.947536692631535529e-08,2.902666623325356912e-08,2.856375412983942845e-08,2.808310004351863660e-08,2.758117253854833477e-08,2.705451792087343614e-08,2.649980555186537743e-08,2.591384306031178909e-08,2.529356570208494206e-08,2.463600200020938292e-08,2.393821555936862519e-08,2.319722111523854147e-08,2.240987101266634415e-08,2.157270730089980212e-08,2.068177842380809603e-08,1.973243131452264899e-08,1.871909651885814936e-08,1.763506278131205329e-08,1.647240212813084859e-08,1.522202907473732831e-08,1.387387615036811035e-08,1.241727293093036984e-08,1.084184529187350210e-08,9.139903025073670750e-09,7.313658510069508331e-09,5.401553933954204318e-09,3.602698671630584381e-09,2.847404981303384113e-09,4.355933304722410191e-09,7.202818160093568006e-09,1.079026699818643968e-08,1.512398721618332168e-08,1.541762108436633884e-08,1.227926477933566048e-08,9.431638786804272592e-09,1.234615260177178697e-08,1.750306042594494081e-08,2.032488945746118602e-08,1.936294145386408302e-08,1.518141421450457409e-08,1.017180273513710214e-08,8.244166530374855638e-09,9.141087581264663919e-09,8.233912791372502713e-09,3.820984306710633309e-09,4.089351867464396537e-09,1.277229400647878253e-08,2.066348906453388996e-08,2.592483280482859255e-08,2.781676779030135924e-08,2.691260911355737475e-08,2.479566038203973847e-08,2.290681653688484774e-08,2.114803931364792371e-08,1.817676795379497484e-08,1.323017239700644367e-08,1.175616000441301608e-08,1.288271326176843658e-08,1.524125911901784396e-08,1.798004016868838728e-08,2.075172681532971319e-08,2.342940353736641722e-08,2.596918720245298020e-08,2.835920534498227722e-08,3.060040457941154335e-08,3.269864132470776610e-08,3.466134165854806033e-08,3.649609011727969245e-08,3.820998997607340322e-08,3.980928698034181930e-08,4.129904844724886129e-08,4.268285298756429429e-08,4.396258738033207909e-08,4.513857712668626328e-08,4.621018056280003633e-08,4.717632703474052699e-08,4.803602912487466616e-08,4.878881888716772002e-08,4.943507534469335412e-08,4.997624722670924808e-08,5.041498617180100002e-08,5.075520195869396029e-08,5.100204588216152130e-08,5.116182411863595930e-08,5.124183823233073927e-08,5.125014596155417960e-08,5.119524041737072673e-08,5.108566711178107330e-08,5.092960722607895393e-08,5.073440412637840690e-08,5.050639418873212486e-08,5.025094895705805479e-08,4.997255804464987102e-08,4.967485601550008110e-08,4.936056588968802239e-08,4.903138516058553978e-08,4.868790380728383953e-08,4.832970864850962295e-08,4.795575345445576825e-08,4.756465837783380924e-08,4.715496235988794313e-08,4.672531336195353043e-08,4.627459085361448337e-08,4.580197369620698183e-08,4.530697035557874060e-08,4.478942405323639900e-08,4.424950086055122445e-08,4.368766607146445423e-08,4.310465291148216494e-08,4.250142690726219907e-08,4.187914861231910661e-08,4.123913675367826304e-08,4.058283326234735556e-08,3.991177112699677816e-08,3.922754559264124876e-08,3.853178891670614769e-08,3.782614868023194850e-08,3.711226951245085487e-08,3.639177800280487807e-08,3.566627052883534253e-08,3.493730370827654054e-08,3.420638717979155384e-08,3.347497842274418464e-08,3.274447933810308975e-08,3.201623432748727184e-08,3.129148835652759132e-08,3.057121882908406723e-08,2.985608217041731066e-08,2.914639833339051653e-08,2.844213431667133454e-08,2.774288747533894796e-08,2.704786921804327389e-08,2.635588934098585704e-08,2.566534076402927481e-08,2.497418383168902277e-08,2.427992865559822698e-08,2.357961324872814365e-08,2.286977447915417661e-08,2.214640817723208161e-08,2.140491404050739969e-08,2.064002019095849704e-08,1.984568115295909432e-08,1.901494140258211679e-08,1.813975442001111709e-08,1.721074500320276972e-08,1.621690325334686407e-08,1.514521089547219566e-08,1.398025054065322444e-08,1.270401523592578148e-08,1.129667292364351865e-08,9.740833843787948195e-09,8.038380709723332246e-09,6.275244067994253763e-09,4.867758169707707941e-09,4.998074295957813207e-09,7.323606567550105189e-09,1.094368496837194933e-08,1.497679311454483049e-08,1.874742796501145768e-08,2.199386390879820690e-08,2.510998861617264245e-08,2.808350414413185680e-08,3.000992904408261470e-08
3.173893114366464113e-08,3.235529195158122900e-08,3.265288647811752570e-08,3.225022543580829467e-08,3.237396432123912892e-08,3.368197736244034842e-08,3.579066413145121325e-08,3.811020875198376903e-08,4.024038231507715613e-08,4.199412986102010501e-08,4.333348225918190731e-08,4.430089851066181862e-08,4.496833222747079329e-08,4.540837097476145013e-08,4.568215321753475419e-08,4.583675115194960318e-08,4.590665596134463725e-08,4.591644164389102469e-08,4.588334249984983658e-08,4.581934169916817355e-08,4.573273511638353284e-08,4.562925646194357253e-08,4.551286974153167162e-08,4.538632065172327269e-08,4.525151705622483146e-08,4.510978949715254225e-08,4.496206791222281382e-08,4.480900003588601435e-08,4.465102944423573323e-08,4.448844597216075105e-08,4.432141758909534853e-08,4.415001026271919802e-08,4.397420051833148699e-08,4.379388407833296277e-08,4.360888298318246129e-08,4.341895284847794358e-08,4.322379133544603766e-08,4.302304846209522739e-08,4.281633903448426961e-08,4.260325721835054891e-08,4.238339309495724988e-08,4.215635095103480523e-08,4.192176223375140098e-08,4.167927256054432824e-08,4.142853871222567995e-08,4.116923141817554090e-08,4.090103864883016480e-08,4.062366948995574355e-08,4.033685867722238947e-08,4.004037187017032290e-08,3.973401173954046651e-08,3.941762492800440200e-08,3.909110991743966333e-08,3.875442579085797758e-08,3.840760180784548154e-08,3.805074761262291512e-08,3.768406375832052520e-08,3.730785205752560545e-08,3.692252506059235293e-08,3.652861372891771806e-08,3.612677212278268983e-08,3.571777766615571951e-08,3.530252525813589067e-08,3.488201310354498192e-08,3.445731757255326461e-08,3.402955382839082488e-08,3.359981912223467774e-08,3.316911787306973916e-08,3.273827232064082726e-08,3.230782681555684358e-08,3.187795843129084227e-08,3.144843706570286517e-08,3.101862926741857061e-08,3.058751866278761199e-08,3.015372176113092914e-08,2.971549158916064471e-08,2.927071549282773346e-08,2.881692606682445957e-08,2.835134900518198111e-08,2.787099162643965289e-08,2.737273147387495133e-08,2.685339277248493058e-08,2.630980324845648726e-08,2.573882734552525740e-08,2.513737538566957160e-08,2.450238955832344294e-08,2.383080725227551005e-08,2.311950131263739350e-08,2.236519590958355245e-08,2.156435615767816236e-08,2.071305016858918047e-08,1.980678519901626483e-08,1.884032523828710324e-08,1.780750240499215733e-08,1.670103930324917148e-08,1.551243219702782326e-08,1.423190315400523108e-08,1.284842504521037210e-08,1.134987029110138526e-08,9.723461907832696087e-09,7.957102089342248476e-09,6.043808168271052679e-09,4.001541139262573787e-09,2.031821718132028409e-09,1.965080329943275286e-09,4.349083809103326966e-09,7.333435532831755635e-09,1.067003659001626155e-08,1.435049517824884919e-08,1.365629186958112655e-08,9.547515775034987700e-09,8.211849652008732246e-09,1.449956988294212064e-08,2.101274668902447921e-08,2.394460101009481843e-08,2.219262909735861857e-08,1.644202866400310497e-08,9.061760870939317241e-09,5.438590258803010772e-09,7.793582808274465872e-09,8.116925946392918013e-09,5.425491347041525739e-09,7.679334871626561518e-09,1.602974350960822682e-08,2.411198358495693558e-08,2.924887964458005942e-08,3.035465647268611321e-08,2.786466368856391573e-08,2.354812021480742509e-08,1.963664208712744093e-08,1.702518205118445105e-08,1.443199884367634840e-08,1.055509897770606736e-08,9.616589304667587426e-09,1.090099824317584241e-08,1.323528984282753806e-08,1.590398867367317975e-08,1.861304313617580258e-08,2.124808652782016074e-08,2.376401336434176039e-08,2.614424928656998568e-08,2.838494487381565366e-08,3.048812746384178546e-08,3.245846069895270811e-08,3.430161200374980867e-08,3.602336919565963404e-08,3.762910726925434691e-08,3.912342456263417917e-08,4.050989116334709949e-08,4.179093658231089127e-08,4.296794454984997529e-08,4.404156104968361146e-08,4.501205813775920676e-08,4.587970011927714299e-08,4.664507134654253115e-08,4.730933970708578239e-08,4.787444792360648853e-08,4.834323453347328804e-08,4.871948863776340350e-08,4.900794166451679800e-08,4.921419788539506920e-08,4.934460407706163708e-08,4.940605899948632889e-08,4.940576819575209144e-08,4.935095981266300368e-08,4.924858576439460292e-08,4.910504150387726053e-08,4.892600908529495093e-08,4.871641053884156046e-08,4.848040699814206835e-08,4.822139278254697706e-08,4.794196622117686848e-08,4.764389236815372354e-08,4.732810331456275972e-08,4.699479372138048838e-08,4.664362112170265233e-08,4.627391380409696300e-08,4.588485838675184698e-08,4.547565140359004435e-08,4.504560887889429599e-08,4.459423752277149157e-08,4.412127538944947037e-08,4.362670970845252782e-08,4.311077802492302142e-08,4.257395734419183559e-08,4.201694498306546614e-08,4.144063413249989100e-08,4.084608656292377153e-08,4.023450437894034239e-08,3.960720224711926512e-08,3.896558109543601124e-08,3.831110392975821605e-08,3.764527413540399887e-08,3.696961642479298820e-08,3.628566044488267685e-08,3.559492695806557128e-08,3.489891644579380415e-08,3.419909994551304345e-08,3.349691191077821846e-08,3.279374487594751556e-08,3.209094570652849009e-08,3.138981322128379906e-08,3.069155560672082768e-08,2.999712086293802809e-08,2.930714164952832372e-08,2.862191808718111107e-08,2.794139954175280680e-08,2.726516615890391983e-08,2.659241075296570908e-08,2.592192133180462654e-08,2.525206407292941826e-08,2.458076597346013014e-08,2.390549570471588125e-08,2.322324044477577238e-08,2.253047567135172943e-08,2.182312408492318192e-08,2.109649896450500099e-08,2.034522622862002949e-08,1.956313809412221064e-08,1.874312928145422785e-08,1.787696417378232888e-08,1.695502091966445253e-08,1.596595916673438810e-08,1.489631140041346939e-08,1.373005213775550060e-08,1.244838122566445057e-08,1.103054749014011066e-08,9.458527524022503348e-09,7.735727419589913019e-09,5.960526478203086942e-09,4.610853153568218342e-09,4.963690993194019708e-09,7.477971179428671583e-09,1.114943091558007041e-08,1.514296398179264343e-08,1.885058307519160502e-08,2.210701865969691013e-08,2.530113642545625821e-08,2.826832401781828380e-08,3.016952634856451264e-08
3.192934379319992815e-08,3.246449103534620818e-08,3.274569211700044457e-08,3.231365812426887623e-08,3.226201272651900385e-08,3.334661470510295200e-08,3.528082529482115020e-08,3.749320786425585356e-08,3.957041929728290950e-08,4.130721161932982971e-08,4.264963205905655643e-08,4.362879167422948701e-08,4.430997788471002526e-08,4.476256350693939024e-08,4.504652615008530545e-08,4.520879918579254454e-08,4.528414969356065051e-08,4.529753922646430537e-08,4.526657298335767912e-08,4.520354647696041434e-08,4.511700470123437130e-08,4.501287585208679976e-08,4.489527523771999945e-08,4.476706710459508061e-08,4.463025346808638897e-08,4.448624093556322536e-08,4.433602206113052777e-08,4.418029711758577012e-08,4.401955459358925768e-08,4.385412341319269675e-08,4.368420616046830283e-08,4.350989997681036713e-08,4.333120993247410344e-08,4.314805831766038618e-08,4.296029229136946988e-08,4.276769156239813341e-08,4.256997718768907363e-08,4.236682211553782283e-08,4.215786374884656756e-08,4.194271854219597035e-08,4.172099846934109457e-08,4.149232910344553408e-08,4.125636269452046821e-08,4.101276672663378119e-08,4.076122127623595754e-08,4.050142168779248532e-08,4.023308169183396207e-08,3.995593701856668462e-08,3.966974955903902534e-08,3.937431212060311786e-08,3.906945381207105963e-08,3.875504607397741583e-08,3.843100933755733481e-08,3.809732024874708338e-08,3.775401932679155582e-08,3.740121883730929543e-08,3.703911054454619937e-08,3.666797286700983437e-08,3.628817679798497202e-08,3.590018977414202450e-08,3.550457648929305186e-08,3.510199546069396794e-08,3.469318995951195686e-08,3.427897171450952683e-08,3.386019563301961698e-08,3.343772383527839221e-08,3.301237795948586435e-08,3.258488043161006377e-08,3.215578820262888143e-08,3.172542555217743089e-08,3.129382604448601782e-08,3.086069848912633270e-08,3.042541680455241496e-08,2.998702349828556726e-08,2.954423668792572143e-08,2.909545640686355433e-08,2.863877305028780641e-08,2.817198632420273861e-08,2.769264312813933343e-08,2.719809336050002446e-08,2.668554908980266802e-08,2.615213710033300361e-08,2.559493813701592579e-08,2.501100880582757766e-08,2.439738424587187666e-08,2.375106084616538500e-08,2.306895853192055042e-08,2.234786195346025615e-08,2.158433968965740082e-08,2.077464068096094136e-08,1.991456798486903481e-08,1.899933206624361475e-08,1.802338912153104674e-08,1.698027348027018399e-08,1.586243716770102942e-08,1.466111613104999314e-08,1.336623162191978141e-08,1.196633261623648131e-08,1.044859922768978936e-08,8.798960193162274052e-09,7.002449940723958491e-09,5.044163958304068340e-09,2.912709975428760755e-09,6.594863287387396654e-10,2.000304013661326887e-09,4.705557392666725851e-09,7.589533755057517828e-09,1.057824035892684567e-08,1.355027582925881340e-08,1.177524741863160373e-08,6.354364639990214408e-09,7.592189177546261862e-09,1.655395730342738166e-08,2.382512693409022303e-08,2.659304158832622368e-08,2.397628363945502315e-08,1.678347892940180823e-08,7.308532954940804703e-09,3.359742050280741846e-09,9.013454853215220877e-09,1.085181512777445100e-08,9.555511707584951269e-09,1.116823618408330661e-08,1.843633395272422689e-08,2.627361596234091275e-08,3.114994452608176723e-08,3.156611887740626243e-08,2.775910189631335362e-08,2.149407933644415262e-08,1.553683009045385848e-08,1.215277749084327101e-08,1.048912705723537243e-08,8.212877878358866987e-09,8.035631249772779149e-09,9.430262253445820147e-09,1.163269373483185162e-08,1.414766169031498894e-08,1.673787549475290129e-08,1.929223630919130921e-08,2.175716678473879342e-08,2.410710448245629062e-08,2.633108726206499323e-08,2.842603147507811125e-08,3.039309198636273890e-08,3.223558599704659330e-08,3.395776052652359613e-08,3.556403228698150931e-08,3.705850665247091115e-08,3.844468576202066416e-08,3.972533825228061916e-08,4.090252822619461718e-08,4.197778027889943804e-08,4.295231349778725753e-08,4.382729675721339587e-08,4.460409046215353987e-08,4.528445161495024607e-08,4.587069031663232553e-08,4.636577345246474129e-08,4.677337506969477925e-08,4.709787436612725396e-08,4.734430269277288908e-08,4.751824152637702779e-08,4.762567503322197361e-08,4.767280471557221939e-08,4.766583967789311008e-08,4.761078241799592841e-08,4.751323715486443280e-08,4.737827808004123042e-08,4.721037848803316528e-08,4.701337692443289851e-08,4.679045669861551382e-08,4.654412890683260398e-08,4.627622616982738897e-08,4.598792762934925951e-08,4.567983608620210968e-08,4.535210564079298958e-08,4.500458588265597835e-08,4.463696028112870500e-08,4.424886512629967459e-08,4.383998254232164075e-08,4.341010714362977607e-08,4.295918942388467332e-08,4.248736012917375281e-08,4.199493975001869394e-08,4.148243673790568298e-08,4.095053749811245030e-08,4.040009071892343593e-08,3.983208815485710834e-08,3.924764357063230959e-08,3.864797117231584031e-08,3.803436451126041666e-08,3.740817655403232919e-08,3.677080137166718308e-08,3.612365771293829408e-08,3.546817458356203833e-08,3.480577884908488076e-08,3.413788480588258496e-08,3.346588561514231531e-08,3.279114646287911956e-08,3.211499929016002635e-08,3.143873892810858880e-08,3.076362046922953288e-08,3.009081624088123677e-08,2.942124505097218081e-08,2.875551545588201989e-08,2.809390698379438047e-08,2.743635029763408722e-08,2.678240705630695712e-08,2.613125008752557656e-08,2.548164418223668533e-08,2.483192736873163015e-08,2.417999193778735857e-08,2.352326378911842877e-08,2.285867787916009235e-08,2.218264669221484314e-08,2.149101773252337951e-08,2.077901500115155962e-08,2.004115816834831575e-08,1.927115149689900705e-08,1.846173231833156233e-08,1.760446601465496998e-08,1.668947181893651964e-08,1.570506455952323832e-08,1.463731199832951620e-08,1.346956656907756010e-08,1.218222896206042289e-08,1.075364763157939671e-08,9.165257934544098838e-09,7.422361381289637383e-09,5.637745130408506366e-09,4.360744998699193884e-09,4.951620647593584473e-09,7.635936116169173228e-09,1.134095277176336289e-08,1.528689226806946541e-08,1.893745293467206273e-08,2.221559065987271949e-08,2.548208237090315030e-08,2.843346616288906487e-08,3.032131825824345074e-08
3.210686255147517332e-08,3.256871838497575466e-08,3.282261229500262736e-08,3.237153672103844206e-08,3.216230541487032693e-08,3.302822675097412594e-08,3.478371289346625101e-08,3.688281807343833391e-08,3.890166668078198495e-08,4.061759064726595915e-08,4.196078829508358058e-08,4.295075730475646288e-08,4.364569103685263995e-08,4.411135118820524804e-08,4.440626979334736091e-08,4.457706842995403444e-08,4.465869899008288175e-08,4.467647028658155405e-08,4.464834612622573815e-08,4.458693591929948547e-08,4.450104124669074815e-08,4.439679407365892903e-08,4.427847016811813201e-08,4.414906054434535272e-08,4.401066839466685855e-08,4.386478222846473684e-08,4.371246197389919222e-08,4.355446426215079751e-08,4.339132551720497700e-08,4.322341610356109652e-08,4.305097500680460094e-08,4.287413185270124810e-08,4.269292116164591659e-08,4.250729234650884893e-08,4.231711793077759449e-08,4.212220168273492548e-08,4.192228776024849120e-08,4.171707149521238803e-08,4.150621208973097391e-08,4.128934723240463325e-08,4.106610946503956090e-08,4.083614403540849390e-08,4.059912207536116085e-08,4.035473067452597866e-08,4.010267055732913641e-08,3.984265859773069470e-08,3.957443071001291297e-08,3.929774515004567318e-08,3.901238625660467032e-08,3.871816865320548171e-08,3.841494191591438908e-08,3.810259568972294822e-08,3.778106520303988898e-08,3.745033708420326676e-08,3.711045532330953341e-08,3.676152714531194979e-08,3.640372846565235151e-08,3.603730848888474507e-08,3.566259288739097892e-08,3.527998486728158464e-08,3.488996329951541770e-08,3.449307697482030911e-08,3.408993394287107705e-08,3.368118484392697808e-08,3.326749919455805454e-08,3.284953387173363869e-08,3.242789373621090843e-08,3.200308559407882239e-08,3.157546842676506349e-08,3.114520463323677313e-08,3.071221849092607600e-08,3.027616809235224696e-08,2.983643154788620715e-08,2.939210361471974122e-08,2.894199821705896706e-08,2.848465460638757377e-08,2.801834814312002861e-08,2.754110890694050680e-08,2.705075071531211578e-08,2.654490888124640554e-08,2.602108009394268137e-08,2.547665792224709097e-08,2.490895878922490547e-08,2.431523479557182599e-08,2.369267111924001774e-08,2.303836661528642209e-08,2.234929667783974612e-08,2.162225760125760177e-08,2.085379184059953238e-08,2.004009397848641826e-08,1.917689812089671230e-08,1.825934907232821317e-08,1.728186196122029506e-08,1.623797777261924218e-08,1.512022553792877862e-08,1.392000576995736274e-08,1.262751201284110941e-08,1.123171853218176831e-08,9.720495926386640942e-09,8.081006556087219781e-09,6.300824776307561240e-09,4.371643865054913795e-09,2.310561195230146441e-09,7.521861103216586995e-10,2.693321034551671541e-09,5.272895486005178618e-09,7.983407218267466757e-09,1.067697672130603624e-08,1.311175929068805851e-08,1.043786150211607632e-08,3.269660871032944692e-09,7.825997110573936592e-09,1.820098391299441697e-08,2.572257607214586117e-08,2.811715428399539928e-08,2.462982637267930014e-08,1.620957917016877587e-08,5.227208798697176282e-09,5.331416535174011248e-09,1.260319824003668720e-08,1.519097824466027190e-08,1.409091201490302887e-08,1.422694736448531015e-08,1.978221210030195517e-08,2.698072437097118169e-08,3.151353065443120349e-08,3.141024050823936104e-08,2.668022592818463972e-08,1.894878167465756967e-08,1.105466939983634320e-08,6.873029348120172495e-09,7.061426277402533823e-09,6.725134213754964322e-09,7.174820128327214778e-09,8.455021419750261089e-09,1.037620770502167265e-08,1.265573255179364280e-08,1.508293444884354848e-08,1.753067931479536466e-08,1.992721953786834418e-08,2.223356995973076760e-08,2.442975605751071083e-08,2.650681203353450754e-08,2.846208991373238689e-08,3.029646287222122934e-08,3.201262979162173372e-08,3.361407357708664976e-08,3.510442066658801908e-08,3.648706321566113764e-08,3.776497155585045099e-08,3.894065604915643274e-08,4.001624150436511317e-08,4.099361002729988952e-08,4.187457465646497929e-08,4.266105461759339860e-08,4.335523157399260227e-08,4.395967410093520534e-08,4.447742360567883102e-08,4.491203878568715279e-08,4.526759802901601656e-08,4.554866068270538961e-08,4.576018954869967622e-08,4.590743894160912175e-08,4.599581558843909663e-08,4.603072340706991755e-08,4.601740690042781787e-08,4.596081064140221567e-08,4.586547174374227750e-08,4.573544860026690105e-08,4.557427770549164465e-08,4.538494846386737198e-08,4.516989122478062902e-08,4.493098151267661520e-08,4.466956882732663664e-08,4.438653701047756627e-08,4.408239315315346994e-08,4.375737041328539906e-08,4.341153085089633826e-08,4.304485818362221805e-08,4.265733465523704363e-08,4.224900005450066408e-08,4.181999357854867674e-08,4.137058061167529269e-08,4.090116696354902277e-08,4.041230310780645466e-08,3.990468075939328995e-08,3.937912385652648684e-08,3.883657571931257390e-08,3.827808386083787405e-08,3.770478364023970601e-08,3.711788168187733197e-08,3.651863974900004563e-08,3.590835955935849410e-08,3.528836886524178947e-08,3.466000898955370832e-08,3.402462390890980672e-08,3.338355089960765216e-08,3.273811270787632074e-08,3.208961116764181274e-08,3.143932216338415001e-08,3.078849181944358050e-08,3.013833378793933491e-08,2.948998595516275120e-08,2.884433868576379203e-08,2.820197665282032194e-08,2.756315859399565242e-08,2.692779595221100576e-08,2.629543115208111281e-08,2.566521613471583353e-08,2.503589148617411957e-08,2.440576605446161966e-08,2.377269636594635030e-08,2.313406443907459724e-08,2.248675176886249488e-08,2.182710633211028447e-08,2.115089843217021470e-08,2.045326001250601273e-08,1.972860060610119742e-08,1.897049117459630554e-08,1.817150454589295454e-08,1.732299802290080465e-08,1.641482091290879128e-08,1.543493074547130113e-08,1.436891794713872169e-08,1.319950333204877491e-08,1.190628932486013620e-08,1.046675254543036815e-08,8.861891513482227095e-09,7.099298264234391512e-09,5.308387670680489509e-09,4.121149681767691796e-09,4.961705108896711622e-09,7.795082121352895937e-09,1.151707429708461387e-08,1.540945367504317997e-08,1.901029047228351805e-08,2.232005746630700878e-08,2.565110441227038668e-08,2.857952618233435331e-08,3.046582016431889118e-08
3.227070903494815734e-08,3.266846261275223024e-08,3.288446250707514251e-08,3.242206280924276818e-08,3.207318622758156513e-08,3.272682194527545320e-08,3.430022156150829560e-08,3.628016627734894571e-08,3.823523285776047305e-08,3.992622474614732787e-08,4.126769037184521040e-08,4.226731189843437447e-08,4.297580097273369171e-08,4.345492446788215021e-08,4.376147977732277203e-08,4.394159320740047395e-08,4.403029988901347893e-08,4.405320739057241816e-08,4.402862013039466861e-08,4.396945926098882296e-08,4.388478809489898810e-08,4.378095022372465907e-08,4.366239015941781054e-08,4.353223336303376224e-08,4.339269088833198806e-08,4.324533875922114385e-08,4.309130887953637823e-08,4.293141794261645927e-08,4.276625323746552647e-08,4.259622884083788025e-08,4.242162185534217097e-08,4.224259563551882442e-08,4.205921499446274577e-08,4.187145696309002477e-08,4.167921961916497016e-08,4.148233070471307497e-08,4.128055713719666470e-08,4.107361604637937943e-08,4.086118760715819403e-08,4.064292967254970148e-08,4.041849403206006172e-08,4.018754402553346657e-08,3.994976780738206335e-08,3.970486991256897010e-08,3.945256921732583821e-08,3.919260125694186025e-08,3.892472085510234846e-08,3.864870508345861897e-08,3.836435656284221620e-08,3.807150710619179605e-08,3.777002168657570109e-08,3.745980269022090626e-08,3.714079438264556099e-08,3.681298747433516092e-08,3.647642361968834570e-08,3.613119961861370635e-08,3.577747101467448642e-08,3.541545469904794903e-08,3.504543003964487937e-08,3.466773796542590743e-08,3.428277735534943426e-08,3.389099802045227380e-08,3.349288954258903866e-08,3.308896527167682948e-08,3.267974093167308043e-08,3.226570761410710739e-08,3.184729952284883460e-08,3.142485770073236698e-08,3.099859201440482178e-08,3.056854463678769081e-08,3.013455876657152362e-08,2.969625576294035195e-08,2.925302154286697016e-08,2.880400091362098098e-08,2.834809787002138963e-08,2.788398066463351791e-08,2.741009176773683739e-08,2.692466362618699619e-08,2.642574057403317389e-08,2.591120527305260678e-08,2.537880595329044043e-08,2.482618022880544115e-08,2.425087170179310294e-08,2.365033636641986656e-08,2.302193665129105666e-08,2.236292160400021364e-08,2.167039218399142217e-08,2.094125097641810907e-08,2.017213602002848504e-08,1.935933903581427392e-08,1.849870934464600887e-08,1.758554636379456972e-08,1.661448597217540293e-08,1.557938959594066923e-08,1.447325057771904526e-08,1.328814272560297581e-08,1.201525746595296946e-08,1.064513009128147215e-08,9.168303580863463333e-09,7.577140805364073542e-09,5.871282993866201958e-09,4.078634211530205081e-09,2.379036439928920731e-09,1.911649618286586840e-09,3.599653458218691552e-09,5.979783716009472100e-09,8.555934723070156302e-09,1.111736124189492013e-08,1.338528332362777369e-08,1.037685463588446563e-08,2.902768563935159245e-09,8.681253020795460917e-09,1.921868665902572346e-08,2.658106027231622957e-08,2.846331441297943902e-08,2.416533391511197161e-08,1.480224255594154191e-08,3.653842184274524948e-09,9.349808410440334034e-09,1.710483769711889636e-08,1.991483408990429210e-08,1.840005310992823667e-08,1.668743339984481925e-08,1.997880793947878928e-08,2.617977224679883869e-08,3.033419533968241153e-08,2.993473606021803880e-08,2.476650337434358697e-08,1.629999009494740433e-08,7.009819397968621339e-09,1.978383767287370771e-09,5.815322897547876663e-09,6.595904687838565838e-09,7.014467001726722106e-09,7.859438436912180664e-09,9.358752645613592926e-09,1.134715448565374697e-08,1.359153089607908737e-08,1.592520516979466735e-08,1.824888410306699838e-08,2.050709847801082573e-08,2.267023140529061559e-08,2.472360715931041401e-08,2.666113134295500297e-08,2.848156754797640867e-08,3.018632627099219824e-08,3.177813600947134250e-08,3.326024409448571767e-08,3.463594952860332527e-08,3.590835607299105979e-08,3.708027882250589838e-08,3.815425725681385613e-08,3.913263554229037482e-08,4.001767807829004233e-08,4.081169537105777154e-08,4.151716200469323667e-08,4.213681443227248050e-08,4.267372111053282585e-08,4.313132103365906833e-08,4.351342923101168783e-08,4.382420969279741238e-08,4.406811789884703345e-08,4.424981699565464198e-08,4.437407385853062305e-08,4.444564361679486866e-08,4.446915316149498921e-08,4.444899488294292353e-08,4.438924007299709264e-08,4.429357545105423567e-08,4.416526076259325406e-08,4.400710364956639428e-08,4.382144973890598205e-08,4.361018899734097376e-08,4.337478133862210279e-08,4.311630323440581438e-08,4.283551250232441624e-08,4.253292362643004505e-08,4.220888511725114854e-08,4.186365187522155667e-08,4.149744786659617687e-08,4.111051680358539268e-08,4.070316040711057898e-08,4.027576504524066896e-08,3.982881817663968872e-08,3.936291627426228644e-08,3.887876592381295166e-08,3.837717968962756491e-08,3.785906817651548905e-08,3.732542952231106751e-08,3.677733735262132862e-08,3.621592803061183859e-08,3.564238785059374480e-08,3.505794066095135889e-08,3.446383626259414744e-08,3.386133981400197116e-08,3.325172238158148338e-08,3.263625270190701001e-08,3.201619016746940654e-08,3.139277900676735745e-08,3.076724360015670611e-08,3.014078485240169586e-08,2.951457752932260898e-08,2.888972683981708148e-08,2.826709584951718382e-08,2.764724599472781713e-08,2.703041546781175831e-08,2.641649642108582231e-08,2.580501173417549695e-08,2.519509197610069193e-08,2.458545291987635460e-08,2.397437353616822256e-08,2.335967380878584657e-08,2.273869098782427537e-08,2.210825203685939583e-08,2.146463904295751882e-08,2.080354322531425346e-08,2.012000184179498930e-08,1.940831063469726926e-08,1.866190230259953972e-08,1.787317866900054597e-08,1.703328082406066361e-08,1.613177856129857895e-08,1.515626177209482804e-08,1.409183419353811450e-08,1.292058046919475900e-08,1.162131304397031159e-08,1.017067497732002234e-08,8.549341747082929277e-09,6.767606572363581522e-09,4.974037419568035949e-09,3.896046844696639690e-09,4.992952221289919276e-09,7.953059058027536324e-09,1.167694364652667887e-08,1.551183424630316554e-08,1.907128193097777964e-08,2.242051142498215729e-08,2.580662760052239217e-08,2.870734559756066544e-08,3.060328428663147994e-08
3.242029941753139290e-08,3.276394963099534288e-08,3.293224110691977853e-08,3.246368763746186354e-08,3.199287864232358777e-08,3.244221704277974968e-08,3.383116122145715650e-08,3.568635392124579460e-08,3.757222765067031853e-08,3.923409442982609086e-08,4.057111516885691145e-08,4.157901461428869075e-08,4.230067705908284003e-08,4.279350725111047194e-08,4.311227757913267994e-08,4.330242677987139024e-08,4.339896178382707197e-08,4.342773223829518093e-08,4.340735926546098409e-08,4.335106963443708852e-08,4.326819097697349409e-08,4.316528475610415982e-08,4.304697150289214514e-08,4.291651816851995603e-08,4.277624994515859273e-08,4.262783571451161183e-08,4.247248377214533818e-08,4.231107444261040076e-08,4.214424870610654664e-08,4.197246653947847691e-08,4.179604480661510256e-08,4.161518177283078373e-08,4.142997333090800808e-08,4.124042457563854204e-08,4.104645928539061883e-08,4.084792905356534790e-08,4.064462318750689598e-08,4.043628001106056499e-08,4.022259984062547071e-08,4.000325963608806468e-08,3.977792914813934025e-08,3.954628828790508400e-08,3.930804046955327333e-08,3.906290565023068842e-08,3.881061854974850988e-08,3.855093074867047508e-08,3.828361303768502484e-08,3.800845802421658497e-08,3.772528299359666538e-08,3.743393300980153907e-08,3.713428422384181501e-08,3.682624733536703627e-08,3.650977112395874929e-08,3.618484593013252702e-08,3.585150692182050079e-08,3.550983693027180044e-08,3.515996858103446091e-08,3.480208538337848088e-08,3.443642137913921644e-08,3.406325889526673704e-08,3.368292390127960058e-08,3.329577845413947203e-08,3.290220973394108145e-08,3.250261525598636951e-08,3.209738401805982386e-08,3.168687364026233855e-08,3.127138400206994922e-08,3.085112846051063483e-08,3.042620435494835860e-08,2.999656499677122705e-08,2.956199547775343453e-08,2.912209416645052503e-08,2.867626064145677874e-08,2.822368971654006579e-08,2.776337073193380309e-08,2.729409145195734718e-08,2.681444634078296493e-08,2.632284917978565642e-08,2.581754957637958497e-08,2.529665193054493255e-08,2.475813441401975077e-08,2.419986509726728310e-08,2.361961246785942048e-08,2.301504799384999490e-08,2.238373890244564380e-08,2.172312984445413241e-08,2.103051256342042391e-08,2.030298313079565574e-08,1.953738685131823133e-08,1.873025174204919254e-08,1.787771276016548718e-08,1.697543102233178531e-08,1.601851569607524522e-08,1.500146225831723727e-08,1.391813219444940310e-08,1.276182269546399807e-08,1.152552791834037940e-08,1.020262485361169469e-08,8.788577544299523176e-09,7.285381535113126705e-09,5.714643045763208785e-09,4.163748251634566048e-09,2.971399522561060600e-09,3.036586830858205984e-09,4.571120276776771459e-09,6.800972996099967967e-09,9.329492377234591761e-09,1.195803349553339942e-08,1.447859740050491355e-08,1.177142212113150057e-08,5.773466850971027060e-09,9.706681613392164876e-09,1.947401182099984928e-08,2.636942366366519871e-08,2.767529087660477769e-08,2.268285493238817128e-08,1.270007681916557882e-08,4.148316936632033652e-09,1.353574204223811191e-08,2.159044353273470414e-08,2.435165377782674946e-08,2.216107620907364542e-08,1.847674345935406514e-08,1.905666007151640522e-08,2.392326649466054166e-08,2.770456152693189541e-08,2.726232856011356433e-08,2.219504610659952919e-08,1.399454695174294657e-08,5.548368645653635228e-09,4.493194292347772829e-09,7.711971151393398718e-09,7.639724297637673797e-09,7.315841938448507987e-09,7.467053280615477702e-09,8.451312938554834938e-09,1.013199103575054568e-08,1.220424663802462470e-08,1.443751711786639637e-08,1.669756645492253525e-08,1.891179475029447047e-08,2.104213354752007892e-08,2.306955487296002446e-08,2.498560786145938741e-08,2.678772567301162941e-08,2.847655508532311564e-08,3.005440434929521367e-08,3.152433324471166504e-08,3.288962781504164004e-08,3.415351616914697439e-08,3.531904126805381002e-08,3.638903687749727537e-08,3.736616836098546323e-08,3.825300957414592888e-08,3.905213418606962103e-08,3.976620550692972662e-08,4.039805371167881194e-08,4.095073326299525795e-08,4.142755639676202101e-08,4.183210089498086098e-08,4.216819226613407186e-08,4.243986211996012517e-08,4.265128614148746475e-08,4.280670668878402472e-08,4.291034651938543893e-08,4.296632115153307144e-08,4.297855741332882951e-08,4.295072431502156855e-08,4.288617941462899879e-08,4.278793099691273058e-08,4.265861506580725829e-08,4.250048644474693041e-08,4.231542427411925239e-08,4.210495267326700687e-08,4.187027641543998703e-08,4.161232923067119011e-08,4.133183010929797618e-08,4.102934221093491367e-08,4.070532951613428062e-08,4.036020760968530436e-08,3.999438643777499409e-08,3.960830417341998773e-08,3.920245228351278773e-08,3.877739250212572658e-08,3.833376674591413006e-08,3.787230114312115523e-08,3.739380535762715502e-08,3.689916832252120064e-08,3.638935138615789212e-08,3.586537973939815678e-08,3.532833285092787313e-08,3.477933449885901257e-08,3.421954285833634811e-08,3.365014099077000325e-08,3.307232798243486464e-08,3.248731089865861729e-08,3.189629765365771620e-08,3.130049084363394272e-08,3.070108255009158918e-08,3.009925008953892378e-08,2.949615266298368637e-08,2.889292884231593286e-08,2.829065314262323916e-08,2.769016275103486901e-08,2.709199682906829898e-08,2.649637360986670412e-08,2.590316623839975603e-08,2.531187809378068817e-08,2.472161823270985016e-08,2.413107733172522462e-08,2.353850408200077052e-08,2.294168140507888788e-08,2.233790111549369951e-08,2.172393476139575435e-08,2.109599732404219963e-08,2.044969922672027757e-08,1.977998062846124625e-08,1.908102013673752164e-08,1.834610769480996168e-08,1.756746833574723532e-08,1.673601987873171721e-08,1.584104462422970207e-08,1.486975690298506197e-08,1.380676806706835627e-08,1.263352753693097475e-08,1.132807389168246831e-08,9.866264231202020641e-09,8.228570609732421007e-09,6.428403820129691899e-09,4.636376283018209632e-09,3.689593769739132791e-09,5.043628469773999257e-09,8.107662447096455073e-09,1.182004633592285506e-08,1.559548729933932738e-08,1.912247699872300911e-08,2.251669542472588889e-08,2.594728576451887092e-08,2.881795094682663452e-08,3.073371172924850910e-08
3.255524697386056855e-08,3.285515648365917006e-08,3.296707740678260460e-08,3.249513265158158677e-08,3.191952535207209143e-08,3.217403180533177560e-08,3.337724299399113808e-08,3.510245045013055003e-08,3.691375801618852461e-08,3.854219854980222266e-08,3.987187355090385349e-08,4.088646554213170413e-08,4.162072873622029066e-08,4.212735810486278369e-08,4.245881237715898529e-08,4.265964343740421559e-08,4.276470950678377884e-08,4.280003762635136523e-08,4.278453567447112332e-08,4.273172572032390243e-08,4.265119952768125340e-08,4.254974088407037974e-08,4.243215246836678996e-08,4.230184903010002257e-08,4.216127569928646045e-08,4.201219924133739479e-08,4.185590854187440386e-08,4.169335097034814681e-08,4.152522390856812191e-08,4.135203533133050296e-08,4.117414343558786894e-08,4.099178251961231919e-08,4.080508029304919260e-08,4.061407031937665604e-08,4.041870219147752558e-08,4.021885120855622050e-08,4.001432868544598284e-08,3.980489353614751704e-08,3.959026540244253965e-08,3.937013932763345818e-08,3.914420179467235910e-08,3.891214785195792289e-08,3.867369453268229276e-08,3.842857535523220424e-08,3.817653878586799334e-08,3.791735010549243501e-08,3.765079347320241481e-08,3.737667418270565499e-08,3.709482109850410989e-08,3.680508924639245079e-08,3.650736251665169698e-08,3.620155641771171673e-08,3.588762079248834146e-08,3.556554237877814076e-08,3.523534705910514408e-08,3.489710160494050234e-08,3.455091467674862177e-08,3.419693679738430746e-08,3.383535897576952754e-08,3.346640962579050706e-08,3.309034940899982040e-08,3.270746363814269287e-08,3.231805192354954115e-08,3.192241484072371566e-08,3.152083756138910424e-08,3.111357063531596868e-08,3.070080843688652781e-08,3.028266617145507907e-08,2.985915670517538939e-08,2.943016873312462167e-08,2.899544781406570972e-08,2.855458148898242461e-08,2.810698910779351672e-08,2.765191638981288185e-08,2.718843439214467716e-08,2.671544249480667070e-08,2.623167507261460118e-08,2.573571148104605159e-08,2.522598867926691819e-08,2.470081528095279624e-08,2.415838529461124495e-08,2.359678953980588012e-08,2.301402274155158746e-08,2.240798453636990191e-08,2.177647297596105389e-08,2.111716952232949169e-08,2.042761497636980476e-08,1.970517631328612376e-08,1.894700511675271110e-08,1.814998938939082002e-08,1.731070227362265091e-08,1.642535419165261298e-08,1.548976018267091166e-08,1.449934405917135940e-08,1.344922052842125517e-08,1.233443767672834254e-08,1.115055543571691996e-08,9.894962630940652682e-09,8.569937108332985837e-09,7.190211150958361205e-09,5.803406123499356981e-09,4.549043341322399406e-09,3.798445251168496824e-09,4.124464752274997638e-09,5.571618313755102152e-09,7.716008011589068695e-09,1.028114400857244570e-08,1.313527674395563695e-08,1.620236921792898790e-08,1.408296009302516837e-08,8.916011397486814096e-09,1.055117521709142179e-08,1.891776931079094363e-08,2.514678340711552730e-08,2.589070952913875237e-08,2.036396685639212066e-08,1.007850304926085791e-08,6.238566377227255741e-09,1.732191383992995718e-08,2.552378346804244242e-08,2.808701807186304064e-08,2.516421705933871037e-08,1.960828140480724581e-08,1.717656500353645109e-08,2.035966479740149220e-08,2.380203564489333359e-08,2.357579154368287894e-08,1.916627980876365522e-08,1.245889768542559516e-08,7.928612027620543137e-09,9.305591222951788199e-09,1.083831626205180636e-08,9.177674906832745249e-09,7.791394030191774668e-09,7.115392558828713496e-09,7.538290085373366475e-09,8.930746723766056411e-09,1.087099537734394693e-08,1.303694502681469593e-08,1.525424455894878051e-08,1.743548506403526667e-08,1.953736473648648051e-08,2.153903904896269091e-08,2.343144487105162106e-08,2.521182460237593871e-08,2.688078493095079918e-08,2.844065862653438909e-08,2.989457392947595133e-08,3.124592842681639244e-08,3.249810527007909025e-08,3.365434018609968381e-08,3.471768384923612805e-08,3.569102318435602861e-08,3.657713603419759957e-08,3.737876063175763409e-08,3.809866639470952693e-08,3.873971652162498153e-08,3.930491604442236492e-08,3.979744153570872768e-08,4.022065071710906577e-08,4.057807190675301902e-08,4.087337471178722789e-08,4.111032470156383272e-08,4.129272599476198457e-08,4.142435665972006993e-08,4.150890236675083998e-08,4.154989361088253107e-08,4.155065088473702433e-08,4.151424056689680526e-08,4.144344268600781950e-08,4.134073074640888680e-08,4.120826355612717953e-08,4.104788910249234887e-08,4.086116042005201205e-08,4.064936271044483975e-08,4.041354978031839458e-08,4.015458671459894721e-08,3.987319518849074639e-08,3.956999801063409729e-08,3.924556016524565743e-08,3.890042450727391090e-08,3.853514113421947357e-08,3.815029017573102112e-08,3.774649826082045562e-08,3.732444925445684154e-08,3.688489003752763632e-08,3.642863217709534241e-08,3.595655033173423782e-08,3.546957818571950148e-08,3.496870262539546536e-08,3.445495677545934384e-08,3.392941241252926310e-08,3.339317217547572797e-08,3.284736190130913985e-08,3.229312333464130958e-08,3.173160738904223232e-08,3.116396808006192812e-08,3.059135720163469465e-08,3.001491977897329913e-08,2.943579030065056498e-08,2.885508970908601632e-08,2.827392311088804198e-08,2.769333642953139004e-08,2.711414257252917263e-08,2.653685961111565926e-08,2.596168665937671892e-08,2.538847841258356024e-08,2.481671907810022910e-08,2.424549634447622182e-08,2.367347578386198989e-08,2.309887566485132461e-08,2.251944156455475803e-08,2.193241940984169779e-08,2.133452464736211803e-08,2.072190413080876815e-08,2.009008599062039143e-08,1.943391114547136596e-08,1.874743810307182594e-08,1.802381011355456580e-08,1.725507045482370518e-08,1.643190783507120882e-08,1.554331089382937867e-08,1.457611318839201629e-08,1.351443205272313882e-08,1.233908860548862358e-08,1.102737179579920575e-08,9.554408901313118156e-09,7.900589385077836001e-09,6.082851262251690853e-09,4.297191654669633323e-09,3.505968164268065550e-09,5.111409026455369209e-09,8.256896665208049806e-09,1.194620848435595016e-08,1.566208254744533265e-08,1.916572689691612343e-08,2.260805298892493506e-08,2.607196789609100067e-08,2.891249083986797673e-08,3.085687532322074444e-08
3.267535605894409711e-08,3.294183442205149520e-08,3.299017931193505705e-08,3.251540133999361437e-08,3.185123010271536332e-08,3.192168873983767799e-08,3.293906472184464929e-08,3.452948575886572794e-08,3.626092365008156255e-08,3.785154999193014097e-08,3.917080669357520555e-08,4.019030357575294939e-08,4.093640507786954224e-08,4.145677110091835254e-08,4.180126265251234942e-08,4.201334043661703220e-08,4.212758533655147040e-08,4.217012938442606641e-08,4.216013118085549744e-08,4.211139341294979243e-08,4.203376881910381249e-08,4.193426600071796191e-08,4.181787463129625344e-08,4.168816273082509701e-08,4.154770061646112222e-08,4.139835759506306122e-08,4.124150708824693448e-08,4.107816674588436123e-08,4.090909293194963683e-08,4.073484361945723047e-08,4.055581983504090082e-08,4.037229297346785418e-08,4.018442325291212355e-08,3.999227307626964844e-08,3.979581794166751042e-08,3.959495669662034114e-08,3.938952228151654558e-08,3.917929361125189030e-08,3.896400886829197200e-08,3.874338020739083594e-08,3.851710969054873057e-08,3.828490617443761263e-08,3.804649881008368458e-08,3.780163299390837273e-08,3.755006906459473345e-08,3.729158393590031891e-08,3.702597287835156811e-08,3.675305143859171919e-08,3.647265747603416900e-08,3.618465328472055109e-08,3.588892775349141084e-08,3.558539849940626993e-08,3.527401388759989248e-08,3.495475482547630153e-08,3.462763619073386714e-08,3.429270772211236673e-08,3.395005417056072505e-08,3.359979447917922750e-08,3.324207973620805262e-08,3.287708963103794670e-08,3.250502714444509518e-08,3.212611122802242572e-08,3.174056728229261297e-08,3.134861533702666535e-08,3.095045597847802007e-08,3.054625425936708277e-08,3.013612206060039501e-08,2.972009962362595194e-08,2.929813719298843606e-08,2.887007783838729635e-08,2.843564250426040120e-08,2.799441813387363339e-08,2.754584937483246632e-08,2.708923401587080047e-08,2.662372204473541126e-08,2.614831808031257279e-08,2.566188685459016378e-08,2.516316130132667713e-08,2.465075258311420370e-08,2.412316107814772828e-08,2.357878705624969498e-08,2.301593961281693499e-08,2.243284243974414824e-08,2.182763517667481515e-08,2.119836936797602445e-08,2.054299842680461590e-08,1.985936148728841487e-08,1.914516166820386279e-08,1.839794020412902539e-08,1.761504935781555407e-08,1.679362943928812343e-08,1.593059943697028512e-08,1.502267833731864040e-08,1.406646856360299973e-08,1.305866150478298756e-08,1.199648475137723771e-08,1.087864209804054254e-08,9.707303887420332962e-09,8.492461482550908616e-09,7.261900166906099715e-09,6.084810332293090059e-09,5.124070356958197172e-09,4.701935119417625324e-09,5.177699265934528753e-09,6.580812538479920264e-09,8.690100864998311759e-09,1.134512059592425488e-08,1.450313734360007466e-08,1.822659638699380454e-08,1.667052080435418640e-08,1.172092895284284694e-08,1.102180285427466283e-08,1.757646191358539073e-08,2.305781853384439300e-08,2.333766905783976124e-08,1.747113304764531951e-08,7.130943294643930678e-09,8.536604384448586165e-09,2.037818705151470978e-08,2.855242370756054419e-08,3.084510284081439069e-08,2.728075766313061631e-08,2.017433595191811562e-08,1.466530389128291285e-08,1.572150518550731047e-08,1.887280731637304705e-08,1.910109621541674841e-08,1.589013506415086946e-08,1.188891788893758767e-08,1.143379407306862935e-08,1.360373844090893179e-08,1.393220848802091818e-08,1.072583972859899022e-08,8.247567633290502428e-09,6.705789674483408503e-09,6.541506952962222226e-09,7.688673439321463437e-09,9.561141905238514260e-09,1.170711695872742078e-08,1.390957672522623519e-08,1.607218399578606635e-08,1.815159564234787821e-08,2.012860498942234943e-08,2.199568691511903023e-08,2.375120805943814042e-08,2.539653224955299788e-08,2.693449144075131028e-08,2.836855168832675621e-08,2.970235698199959516e-08,3.093949021909687799e-08,3.208336437611564340e-08,3.313719344464738423e-08,3.410401155573316738e-08,3.498671908892745529e-08,3.578814082273902411e-08,3.651108540160112976e-08,3.715839852388383822e-08,3.773300472119197452e-08,3.823793460051342473e-08,3.867633607459842619e-08,3.905146950093614266e-08,3.936668785400936923e-08,3.962540410515320674e-08,3.983104886785809585e-08,3.998702201821905638e-08,4.009664231487135922e-08,4.016309891616561765e-08,4.018940809181136471e-08,4.017837747882071911e-08,4.013257925072725900e-08,4.005433284127638808e-08,3.994569745957108468e-08,3.980847440201946604e-08,3.964421886683898384e-08,3.945426045047847263e-08,3.923973079887887864e-08,3.900159624148209634e-08,3.874069290785709647e-08,3.845776188897071901e-08,3.815348237948238627e-08,3.782850128376196379e-08,3.748345835074883857e-08,3.711900642521278116e-08,3.673582681715873344e-08,3.633464008659436047e-08,3.591621272926614186e-08,3.548136035070937365e-08,3.503094795243116680e-08,3.456588794411920887e-08,3.408713645487276954e-08,3.359568845672832282e-08,3.309257214447023709e-08,3.257884294370264636e-08,3.205557744918837480e-08,3.152386753062131376e-08,3.098481478504657601e-08,3.043952546483054936e-08,2.988910596745391494e-08,2.933465893803598779e-08,2.877728000670212184e-08,2.821805515985435997e-08,2.765805872622766293e-08,2.709831017889697993e-08,2.653959984415718368e-08,2.598242603364110874e-08,2.542696976418288785e-08,2.487306804614393525e-08,2.432018646744594332e-08,2.376739172425847217e-08,2.321332450866867417e-08,2.265617275050621716e-08,2.209364461833462210e-08,2.152293990878727788e-08,2.094071748797393837e-08,2.034305527859811614e-08,1.972539787471551634e-08,1.908248513770122061e-08,1.840825295758532119e-08,1.769569459402057310e-08,1.693666753837694487e-08,1.612162691866581580e-08,1.523926357176374277e-08,1.427602807942219542e-08,1.321554658169192225e-08,1.203802521107854881e-08,1.072003578093699830e-08,9.236039245621773606e-09,7.566458861140709606e-09,5.732147195890828352e-09,3.958390405011253856e-09,3.349120869205120024e-09,5.193561070637219012e-09,8.399024625687414842e-09,1.205559042451084950e-08,1.571344892210205981e-08,1.920263321830717671e-08,2.269378905695216619e-08,2.617984882795737289e-08,2.899217380739656131e-08,3.097235111900960186e-08
3.278060873676567041e-08,3.302353944287938912e-08,3.300278218959561093e-08,3.252378250759018192e-08,3.178610020026137556e-08,3.168441831473435685e-08,3.251709669803693695e-08,3.396844156217911067e-08,3.561481235757407649e-08,3.716317144414394098e-08,3.846878228546495465e-08,3.949120394076685851e-08,4.024819392933491958e-08,4.078207628134025162e-08,4.113983750843171927e-08,4.136363975437314093e-08,4.148765089881857786e-08,4.153802825813589806e-08,4.153413907483129896e-08,4.149004748296568092e-08,4.141586089949163671e-08,4.131881310592854168e-08,4.120408420391879126e-08,4.107540001902541614e-08,4.093546068048560686e-08,4.078624227316746684e-08,4.062920641136014020e-08,4.046544405785400594e-08,4.029577299354318307e-08,4.012080308304582906e-08,3.994097959988091269e-08,3.975661203985231649e-08,3.956789377856025598e-08,3.937491640022554240e-08,3.917768138311200551e-08,3.897611096273286979e-08,3.877005933412949503e-08,3.855932485025752104e-08,3.834366349360918873e-08,3.812280362299245813e-08,3.789646181495158964e-08,3.766435952264471720e-08,3.742623666374178997e-08,3.718184901474398805e-08,3.693096713884750123e-08,3.667337778912899872e-08,3.640888541960533048e-08,3.613731378783872317e-08,3.585850762411782609e-08,3.557233433149990612e-08,3.527868566792352587e-08,3.497747934606482644e-08,3.466866046863325518e-08,3.435220269664288310e-08,3.402810902643833057e-08,3.369641202891945025e-08,3.335717338305571920e-08,3.301048251760797440e-08,3.265645416288908503e-08,3.229522461205854083e-08,3.192694650324554216e-08,3.155178196471089372e-08,3.116989402049523252e-08,3.078143623818896306e-08,3.038654071612657117e-08,2.998530465244400653e-08,2.957777590337942812e-08,2.916393810299792496e-08,2.874369605093944132e-08,2.831686214327791968e-08,2.788314459435087129e-08,2.744213806597046905e-08,2.699331711124681984e-08,2.653603261131119922e-08,2.606951118868869311e-08,2.559285743807465424e-08,2.510505870023175879e-08,2.460499197690644581e-08,2.409143241935101295e-08,2.356306263453835480e-08,2.301848189165090325e-08,2.245621423285408348e-08,2.187471452749995594e-08,2.127237166275523458e-08,2.064750833169180829e-08,1.999837726746057186e-08,1.932315431317834201e-08,1.861992949458960980e-08,1.788669843947185423e-08,1.712135836563864605e-08,1.632171599718920485e-08,1.548552023075737411e-08,1.461054225617617690e-08,1.369474441092837686e-08,1.273661532060654802e-08,1.173582248814430285e-08,1.069448862079326745e-08,9.619735773351444768e-09,8.528887343072881307e-09,7.460287055995726007e-09,6.495122728235878696e-09,5.793274642151659090e-09,5.609839161347134887e-09,6.186268319221354977e-09,7.571282559606204298e-09,9.673155407289434750e-09,1.243244329641985555e-08,1.589430003212282745e-08,2.023880673849803428e-08,1.910018784990478833e-08,1.401284438885567967e-08,1.104698612091697418e-08,1.554208728957443808e-08,2.032872366549005713e-08,2.033579676804716007e-08,1.436382674786951921e-08,4.053982760889152556e-09,1.047342428136363583e-08,2.247407425566157611e-08,3.044381695687473601e-08,3.245466149469721449e-08,2.845496227937768779e-08,2.033044857631460113e-08,1.211056842228350268e-08,1.032189407003931212e-08,1.321613360782927965e-08,1.408940862291967346e-08,1.257769289140837102e-08,1.206870181141349233e-08,1.462578964860616396e-08,1.713544079785013357e-08,1.656663984945742632e-08,1.205500996212646293e-08,8.597885379744438070e-09,6.214676135281376380e-09,5.427982404576088927e-09,6.382458580906889995e-09,8.270432156425714578e-09,1.045051109687319118e-08,1.266639624078241424e-08,1.482339222186354072e-08,1.688494577025111225e-08,1.883733423122478684e-08,2.067672363894700673e-08,2.240383034170962333e-08,2.402148057042095585e-08,2.553340817766768401e-08,2.694363676871579725e-08,2.825616163756170609e-08,2.947479628931330342e-08,3.060311397097682907e-08,3.164444545738469715e-08,3.260190965377550860e-08,3.347846168343987095e-08,3.427694781226980467e-08,3.500015959025377453e-08,3.565088178455216196e-08,3.623193041225176986e-08,3.674617862096500940e-08,3.719656939377378229e-08,3.758611511824328163e-08,3.791788498427967948e-08,3.819498196884393761e-08,3.842051180806300286e-08,3.859754680532536270e-08,3.872908752081076109e-08,3.881802528984022398e-08,3.886710812947612744e-08,3.887891199986448003e-08,3.885581874415005789e-08,3.880000147938378270e-08,3.871341779840255688e-08,3.859781081557135591e-08,3.845471774971326389e-08,3.828548532336050617e-08,3.809129079701105248e-08,3.787316706050888519e-08,3.763202998834210560e-08,3.736870627884495442e-08,3.708396021068494372e-08,3.677851809215635073e-08,3.645308956996064921e-08,3.610838533976374353e-08,3.574513112082514598e-08,3.536407800438252525e-08,3.496600945955744408e-08,3.455174538970122967e-08,3.412214368833187025e-08,3.367809975954764627e-08,3.322054445432875661e-08,3.275044084102201772e-08,3.226878018328989487e-08,3.177657744789945662e-08,3.127486661238415866e-08,3.076469599194629186e-08,3.024712375799526148e-08,2.972321377857812601e-08,2.919403187414414572e-08,2.866064255061812434e-08,2.812410624535115482e-08,2.758547709969838685e-08,2.704580125415947750e-08,2.650607385096711687e-08,2.596706437109958742e-08,2.542925278198055868e-08,2.489280314720230567e-08,2.435753570809390078e-08,2.382289815767386118e-08,2.328793676195470406e-08,2.275126775204026896e-08,2.221104900146959413e-08,2.166495140669243064e-08,2.111012859564266042e-08,2.054318258955071969e-08,1.996012181643599325e-08,1.935630637938989488e-08,1.872637364046384423e-08,1.806413486800155080e-08,1.736243076198093798e-08,1.661293004614610892e-08,1.580585133001281251e-08,1.492958575430741878e-08,1.397020203521374065e-08,1.291084277401598564e-08,1.173111917801492492e-08,1.040692664968887331e-08,8.912129144690244571e-09,7.227288959821284412e-09,5.377518932292149165e-09,3.622024809597350390e-09,3.222437809676237222e-09,5.287134703110920787e-09,8.532604364609440458e-09,1.214867091942105045e-08,1.575151294902216709e-08,1.923450979829408798e-08,2.277293744439497346e-08,2.627040455448385037e-08,2.905820954406748149e-08,3.107955615501523014e-08
3.287114541780555935e-08,3.309966829780325023e-08,3.300610059980446793e-08,3.251984534173681528e-08,3.172228813290013473e-08,3.146126982225934716e-08,3.211166827583840016e-08,3.342024168154257977e-08,3.497649504459368132e-08,3.647809121009037272e-08,3.776669065872439117e-08,3.878987543015428218e-08,3.955662064705554849e-08,4.010363974022732077e-08,4.047477768374786013e-08,4.071068962622131444e-08,4.084498892943048821e-08,4.090377171131552824e-08,4.090656585657176968e-08,4.086767321896361264e-08,4.079744632235210723e-08,4.070334222783650413e-08,4.059073336064056967e-08,4.046350685094942800e-08,4.032449656589158508e-08,4.017578912916859780e-08,4.001893767641674742e-08,3.985510928608870671e-08,3.968518542723957096e-08,3.950982963164861815e-08,3.932953275168070651e-08,3.914464332781054466e-08,3.895538850032851000e-08,3.876188935139905713e-08,3.856417340392182155e-08,3.836218612522654477e-08,3.815580261323022544e-08,3.794484013141664751e-08,3.772907177495415519e-08,3.750824127304706743e-08,3.728207874947308302e-08,3.705031716633450951e-08,3.681270601136955028e-08,3.656901012949778971e-08,3.631900888266776735e-08,3.606249733290358738e-08,3.579928749900836841e-08,3.552920966732969013e-08,3.525211372909860769e-08,3.496787050733860669e-08,3.467637302511293413e-08,3.437753765395383156e-08,3.407130506685575046e-08,3.375764090459448201e-08,3.343653604800802872e-08,3.310800637324852549e-08,3.277209185330503081e-08,3.242885485918660465e-08,3.207837751040923157e-08,3.172075792966907321e-08,3.135610527398452303e-08,3.098453344745469265e-08,3.060615345212637002e-08,3.022106440528288206e-08,2.982934334364700612e-08,2.943103404382156539e-08,2.902613520499954718e-08,2.861458844993582118e-08,2.819626668394506998e-08,2.777096338879065970e-08,2.733838340376127244e-08,2.689813565805717404e-08,2.644972818258023936e-08,2.599256557458195446e-08,2.552594894295023661e-08,2.504907823691656776e-08,2.456105675026973509e-08,2.406089748258565933e-08,2.354753092169899674e-08,2.301981369860085262e-08,2.247653748455481065e-08,2.191643748219004504e-08,2.133819993134186820e-08,2.074046822083412145e-08,2.012184748249962348e-08,1.948090796896072712e-08,1.881618813659872196e-08,1.812619927687698189e-08,1.740943496104298303e-08,1.666439084589368275e-08,1.588960419352581772e-08,1.508372902546807802e-08,1.424567454078221719e-08,1.337485595771253465e-08,1.247164769220642269e-08,1.153820795257045525e-08,1.058000052828839369e-08,9.608650014928457220e-09,8.647353525547135526e-09,7.740974565918213044e-09,6.973175731714153054e-09,6.486852317553278522e-09,6.479587559232305920e-09,7.129510975591629376e-09,8.507183264187926961e-09,1.060711649415677071e-08,1.345132367846365769e-08,1.716003595504805185e-08,2.200340269493638365e-08,2.111841979395867884e-08,1.571776912185167297e-08,1.064300913354338252e-08,1.296141176209505886e-08,1.726953432543347506e-08,1.730624168736782265e-08,1.154892800511874742e-08,1.097598089589048798e-09,1.179902614521748443e-08,2.346334613558987190e-08,3.106754965577320141e-08,3.283743466770105489e-08,2.869759736562250675e-08,2.026681393063087263e-08,1.049916003771924895e-08,4.671506793261012018e-09,7.189961344151971489e-09,8.799839619635512009e-09,9.448196688798653796e-09,1.252168614513639267e-08,1.706889785197996619e-08,1.978081342117716403e-08,1.857966451357572349e-08,1.307265856815912098e-08,8.828365421739830545e-09,5.686020703773355996e-09,4.208710229462395910e-09,5.022123232140896598e-09,7.025976490854490442e-09,9.290547074394324536e-09,1.154005084029504053e-08,1.369785064261516063e-08,1.574164234296946168e-08,1.766656217119947496e-08,1.947409497950776835e-08,2.116813870203000138e-08,2.275342083016501423e-08,2.423480634515062580e-08,2.561698598821773451e-08,2.690434374038686108e-08,2.810091590234830219e-08,2.921039982355530787e-08,3.023619014031030088e-08,3.118142954826483997e-08,3.204906568187405815e-08,3.284190816967011033e-08,3.356268151956447276e-08,3.421407066902742523e-08,3.479875702600307578e-08,3.531944371121731453e-08,3.577886951897253421e-08,3.617981184751210951e-08,3.652507950707240253e-08,3.681749688016580303e-08,3.705988136053942918e-08,3.725501630229165622e-08,3.740562183607584075e-08,3.751432583644844537e-08,3.758363706524080132e-08,3.761592212280660111e-08,3.761338739395423132e-08,3.757806675280450425e-08,3.751181542385975615e-08,3.741631007194424741e-08,3.729305487643420118e-08,3.714339301502676816e-08,3.696852265790115566e-08,3.676951630777208385e-08,3.654734217150241974e-08,3.630288624144021114e-08,3.603697388845763123e-08,3.575038998625001929e-08,3.544389685082352843e-08,3.511824954785049492e-08,3.477420836335545334e-08,3.441254843314437952e-08,3.403406667777121376e-08,3.363958629438214756e-08,3.322995912034244812e-08,3.280606621366288033e-08,3.236881699962522243e-08,3.191914731876325393e-08,3.145801668460612898e-08,3.098640502534250156e-08,3.050530914572930220e-08,3.001573910705652242e-08,2.951871468582675109e-08,2.901526203733052494e-08,2.850641065924053388e-08,2.799319072302169459e-08,2.747663081735947363e-08,2.695775612773413403e-08,2.643758705935912490e-08,2.591709647704815243e-08,2.539703474251730701e-08,2.487786493073733452e-08,2.435973537044850554e-08,2.384245055499504250e-08,2.332544113660505696e-08,2.280773366180450935e-08,2.228792048266368098e-08,2.176412987330818089e-08,2.123399577993719290e-08,2.069462582284630254e-08,2.014256513591814339e-08,1.957375234847372943e-08,1.898346244074158379e-08,1.836622925725045142e-08,1.771573802123758808e-08,1.702467512133316261e-08,1.628451870342557694e-08,1.548524961573180679e-08,1.461495988170185260e-08,1.365934106734400589e-08,1.260106506270516320e-08,1.141917522786523410e-08,1.008893932424318216e-08,8.583697621970901934e-09,6.884237947121408540e-09,5.020213630524777666e-09,3.290338084802545456e-09,3.128347145718660158e-09,5.389140207242711889e-09,8.656513252098198760e-09,1.222622239586141143e-08,1.577823484776238743e-08,1.926235920266263092e-08,2.284443092812620811e-08,2.634341315633849467e-08,2.911175582484238559e-08,3.117779005211365796e-08
3.294724094646013056e-08,3.316949789900178059e-08,3.300128438779581381e-08,3.250342684751802590e-08,3.165803086422718102e-08,3.125112776383615076e-08,3.172295608911339636e-08,3.288574133382606162e-08,3.434702018707434300e-08,3.579733901980343681e-08,3.706544088668162910e-08,3.808705740131853644e-08,3.886224647002222849e-08,3.942186332372555001e-08,3.980635624272583438e-08,4.005466584263039368e-08,4.019970487113168403e-08,4.026741562086066057e-08,4.027743291287525612e-08,4.024426802851797704e-08,4.017850564985164092e-08,4.008782182580947852e-08,3.997778154704928270e-08,3.985243561584407388e-08,3.971475478972849122e-08,3.956693946094209826e-08,3.941063724696716115e-08,3.924709388655592198e-08,3.907725662530191194e-08,3.890184430733419512e-08,3.872139460319461437e-08,3.853629597729083178e-08,3.834680989977047705e-08,3.815308724391135820e-08,3.795518163494617368e-08,3.775306162485409114e-08,3.754662288753854314e-08,3.733570111101131577e-08,3.712008587531791994e-08,3.689953552588505096e-08,3.667379286822411802e-08,3.644260141280953978e-08,3.620571917538680734e-08,3.596291893994257129e-08,3.571398765441836696e-08,3.545872740671363860e-08,3.519695644653532187e-08,3.492851023170546958e-08,3.465324247054059665e-08,3.437102612371718780e-08,3.408175431964568495e-08,3.378534112689703723e-08,3.348172211590493690e-08,3.317085463043068071e-08,3.285271767777872006e-08,3.252731133641438216e-08,3.219465557168809662e-08,3.185478834636011172e-08,3.150776291439448998e-08,3.115364419613332568e-08,3.079250415266353790e-08,3.042441610899606921e-08,3.004944802113795583e-08,2.966765474172645315e-08,2.927906941130154631e-08,2.888369418361654735e-08,2.848149057651034001e-08,2.807236981446183383e-08,2.765618358260526050e-08,2.723271563276850692e-08,2.680167466223563286e-08,2.636268882543743763e-08,2.591530214689606793e-08,2.545897299617706026e-08,2.499307467759520747e-08,2.451689808753459931e-08,2.402965630119767686e-08,2.353049086577231735e-08,2.301847949936778953e-08,2.249264483401040198e-08,2.195196381407837779e-08,2.139537738986156011e-08,2.082180024943156094e-08,2.023013052970679549e-08,1.961925976322339639e-08,1.898808378964433858e-08,1.833551606054077409e-08,1.766050581835696396e-08,1.696206525931173270e-08,1.623931239234601939e-08,1.549154059452701886e-08,1.471833313579821646e-08,1.391975360647411512e-08,1.309666573782270684e-08,1.225127705669329219e-08,1.138807597492341609e-08,1.051546914955820947e-08,9.648666143662421268e-09,8.814721735327086148e-09,8.060932421306822763e-09,7.466828591948804515e-09,7.154330004990486561e-09,7.278116184325988373e-09,7.980669214523699297e-09,9.348936870686027301e-09,1.143463123953488170e-08,1.432101732360513755e-08,1.818641456176234005e-08,2.336485605822105269e-08,2.259020324735685873e-08,1.682111449695056954e-08,9.893634161239535741e-09,1.002910084004203241e-08,1.429018163854678618e-08,1.477869505337528808e-08,9.729604121942219391e-09,2.002953576266523427e-09,1.239514563033727702e-08,2.328350835992123059e-08,3.038777154746316577e-08,3.200008804824559073e-08,2.807685757882905816e-08,2.016521497894675253e-08,1.086859660648548977e-08,3.024753447428088460e-09,1.860123484695074651e-09,3.494029357683927188e-09,6.778850022778458010e-09,1.281090548342169184e-08,1.860265060800129392e-08,2.149350044524202817e-08,1.991892302168004965e-08,1.375634415800088851e-08,8.964566689602824815e-09,5.217686395364498140e-09,2.943319773035342706e-09,3.656817120383951376e-09,5.891968429444344845e-09,8.270801114160066042e-09,1.055615634875940087e-08,1.270957521723629783e-08,1.472861558715358627e-08,1.661894582224807215e-08,1.838789596764967320e-08,2.004270473470286346e-08,2.159003078581353154e-08,2.303584929666858820e-08,2.438547414601476731e-08,2.564362176813433241e-08,2.681448787647506224e-08,2.790182666293591940e-08,2.890902831284829048e-08,2.983919270463805490e-08,3.069519775523672883e-08,3.147976104446100547e-08,3.219549347876738036e-08,3.284494395927483719e-08,3.343063432001629938e-08,3.395508417977524776e-08,3.442082577288801892e-08,3.483040925912049059e-08,3.518639943060640378e-08,3.549136510657606491e-08,3.574786280585156118e-08,3.595841648533361678e-08,3.612549520764866773e-08,3.625149054282336267e-08,3.633869532687617261e-08,3.638928512581716622e-08,3.640530343194498884e-08,3.638865129263830313e-08,3.634108176374344678e-08,3.626419929252504542e-08,3.615946386063591762e-08,3.602819945283166585e-08,3.587160617565845891e-08,3.569077515980226436e-08,3.548670526866371081e-08,3.526032061852327288e-08,3.501248798738347684e-08,3.474403332950305983e-08,3.445575679255865296e-08,3.414844582654496928e-08,3.382288615590511712e-08,3.347987054459622456e-08,3.312020541071382601e-08,3.274471544137804751e-08,3.235424642194065360e-08,3.194966653033997186e-08,3.153186636256481424e-08,3.110175795370208416e-08,3.066027304554923207e-08,3.020836083026701915e-08,2.974698537330554517e-08,2.927712289042791808e-08,2.879975902498887062e-08,2.831588624403714733e-08,2.782650144616077918e-08,2.733260385076161919e-08,2.683519321781677933e-08,2.633526842913237483e-08,2.583382644643543060e-08,2.533181981352112432e-08,2.482998145423019788e-08,2.432875900225019426e-08,2.382828630664626086e-08,2.332835320212334842e-08,2.282837424898237133e-08,2.232735710196205755e-08,2.182387095231977357e-08,2.131601508574249024e-08,2.080138699295202387e-08,2.027704864391875009e-08,1.973948847193967862e-08,1.918457528263506822e-08,1.860749865691557081e-08,1.800268837557818302e-08,1.736370284065170888e-08,1.668307328583038265e-08,1.595208676240491649e-08,1.516048697590948415e-08,1.429607010440221083e-08,1.334415916176105961e-08,1.228697362650888304e-08,1.110302329497846051e-08,9.767004782392104665e-09,8.251809941330923685e-09,6.538511478569884929e-09,4.661488306913823377e-09,2.965841722882572210e-09,3.067954015204695910e-09,5.496697936345142351e-09,8.769960649161230565e-09,1.228927780880670836e-08,1.579554478278661145e-08,1.928686457040319555e-08,2.290717014245339144e-08,2.639894276384496971e-08,2.915387298174515628e-08,3.126627805537937752e-08
3.300927760152670786e-08,3.323222607927498677e-08,3.298938045170179984e-08,3.247461241233777618e-08,3.159168552485434212e-08,3.105273334849699999e-08,3.135097461915978183e-08,3.236571560322421316e-08,3.372740764971339509e-08,3.512194176722153861e-08,3.636595687169808551e-08,3.738351658632559989e-08,3.816566655937497838e-08,3.873718395813880173e-08,3.913487893021197330e-08,3.939577278040601488e-08,3.955192827731278933e-08,3.962903583809080548e-08,3.964677810401475220e-08,3.961984297874779082e-08,3.955903091390924911e-08,3.947223016123834456e-08,3.936519676131132542e-08,3.924214633427322308e-08,3.910618883497356708e-08,3.895964106739248983e-08,3.880424768210912474e-08,3.864133533505874437e-08,3.847191893309971587e-08,3.829677413351704528e-08,3.811648656286504484e-08,3.793148541941309835e-08,3.774206702422954910e-08,3.754841231163635718e-08,3.735060106193008266e-08,3.714862477654641555e-08,3.694239940700232786e-08,3.673177862521777212e-08,3.651656793146144560e-08,3.629653961549660295e-08,3.607144840227298300e-08,3.584104751627711786e-08,3.560510260994089429e-08,3.536339345155134508e-08,3.511571356251189963e-08,3.486187100171069553e-08,3.460168917377238044e-08,3.433500763915234289e-08,3.406168289798685154e-08,3.378158911272219405e-08,3.349461872688154916e-08,3.320068292905169531e-08,3.289971190256512275e-08,3.259165479284646340e-08,3.227647931659663739e-08,3.195417093071238831e-08,3.162473147510909550e-08,3.128817720365645484e-08,3.094453612264871092e-08,3.059384456809303248e-08,3.023614297305084225e-08,2.987147080548201159e-08,2.949986069614542409e-08,2.912133182478587121e-08,2.873588268938719071e-08,2.834348344421809405e-08,2.794406805228845933e-08,2.753752654951117458e-08,2.712369775339296648e-08,2.670236276138485947e-08,2.627323956896354486e-08,2.583597909559525214e-08,2.539016284354553699e-08,2.493530233907150568e-08,2.447084042713450522e-08,2.399615441602783356e-08,2.351056100065730443e-08,2.301332283487081384e-08,2.250365657843564025e-08,2.198074222159616441e-08,2.144373350281254914e-08,2.089176929960935930e-08,2.032398600672566929e-08,1.973953114148774439e-08,1.913757876325656815e-08,1.851734780903539442e-08,1.787812521015601757e-08,1.721929680099297624e-08,1.654039079264720812e-08,1.584114136424074202e-08,1.512158442128162460e-08,1.438220501336278202e-08,1.362416846458689835e-08,1.284968878177561893e-08,1.206262499848248402e-08,1.126945960880467335e-08,1.048091806997042552e-08,9.714643931680428787e-09,8.999506242358044059e-09,8.382020145740439245e-09,7.934145604452438810e-09,7.757890782240690974e-09,7.977000103538219668e-09,8.711769938689222446e-09,1.005876804062882844e-08,1.210595890408265527e-08,1.497919804749647080e-08,1.889762042340288801e-08,2.423642046601520460e-08,2.346201750688127502e-08,1.735421939541474418e-08,8.937518141330984843e-09,7.001361875741867772e-09,1.191920707048369987e-08,1.331100170960539143e-08,9.524741338217810114e-09,4.585251946199829967e-09,1.224108210297291517e-08,2.195451576134648349e-08,2.845518368492277683e-08,3.002427585262946900e-08,2.670639506455272955e-08,2.014922088872094889e-08,1.310989677983178963e-08,8.313031070353641421e-09,5.567861833552785323e-09,1.778804205221316015e-09,5.041703823153300310e-09,1.266747762420951213e-08,1.918977034173644636e-08,2.229125711783210003e-08,2.059774658702632938e-08,1.412303215383555507e-08,9.047107767681746914e-09,4.934864233754778852e-09,1.803218019931761914e-09,2.414349753495089928e-09,4.976106615097298785e-09,7.449443829338809487e-09,9.745288933020696041e-09,1.187422931160678788e-08,1.385319157506328541e-08,1.569702545919422554e-08,1.741788665048317799e-08,1.902567745155812540e-08,2.052854281340132969e-08,2.193326799615251628e-08,2.324557823040972991e-08,2.447036456712943776e-08,2.561185783279302182e-08,2.667376648676776496e-08,2.765938887784800685e-08,2.857170654966150540e-08,2.941346262989506698e-08,3.018722764004837024e-08,3.089545402173369299e-08,3.154052010022301307e-08,3.212476395465902349e-08,3.265050763199583666e-08,3.312007224931656235e-08,3.353578471657730748e-08,3.389997703220876044e-08,3.421497931948382972e-08,3.448310795056804376e-08,3.470665022194011742e-08,3.488784708109478415e-08,3.502887535228501828e-08,3.513183077373091975e-08,3.519871295815880999e-08,3.523141314850075314e-08,3.523170538621875028e-08,3.520124145818959469e-08,3.514154974683648996e-08,3.505403787932136606e-08,3.493999885892915431e-08,3.480062017552012225e-08,3.463699524778351036e-08,3.445013646311596316e-08,3.424098905904091800e-08,3.401044513039439368e-08,3.375935713694350520e-08,3.348855040925934588e-08,3.319883428826857066e-08,3.289101167021708273e-08,3.256588685235349072e-08,3.222427167861861878e-08,3.186699006610675274e-08,3.149488105207189661e-08,3.110880053971260547e-08,3.070962194184262551e-08,3.029823592820473980e-08,2.987554947795460697e-08,2.944248442679125054e-08,2.899997568098578998e-08,2.854896925032856345e-08,2.809042023047544838e-08,2.762529084358526575e-08,2.715454862537975309e-08,2.667916482737920162e-08,2.620011308536781124e-08,2.571836838921444233e-08,2.523490637495431829e-08,2.475066110504176236e-08,2.426634967787284682e-08,2.378240570923238724e-08,2.329894983176931032e-08,2.281575835029286381e-08,2.233223074897209011e-08,2.184735671005308985e-08,2.135968309678531202e-08,2.086728095497964406e-08,2.036771197771205017e-08,1.985799303650415802e-08,1.933455628805238514e-08,1.879320098753430825e-08,1.822903142783810911e-08,1.763637329954815237e-08,1.700865812136566379e-08,1.633826212742415044e-08,1.561628217378475674e-08,1.483222746683226415e-08,1.397360451555324172e-08,1.302538051595844453e-08,1.196934655827320072e-08,1.078352047298705076e-08,9.442091539189697023e-09,7.917578344407501943e-09,6.191361870290063979e-09,4.302599496336021112e-09,2.651443913907927477e-09,3.040814687359768497e-09,5.607154757273772891e-09,8.872489823666405542e-09,1.233908999072156412e-08,1.580528185556146242e-08,1.930839663370141995e-08,2.296008793476783219e-08,2.643732834448523156e-08,2.918548737110967433e-08,3.134421334056098278e-08
3.305771644304044351e-08,3.328701180329199951e-08,3.297130125826385739e-08,3.243371041379414806e-08,3.152176044215549870e-08,3.086471043089137672e-08,3.099556980291207968e-08,3.186084737762008346e-08,3.311864175296912618e-08,3.445291908711889524e-08,3.566917342911646539e-08,3.668004376195380022e-08,3.746750774639449456e-08,3.805007262314098634e-08,3.846068418779470324e-08,3.873424415164387806e-08,3.890181399918683527e-08,3.898872959209348254e-08,3.901465723792901591e-08,3.899442425635836735e-08,3.893902701795195753e-08,3.885655662191829048e-08,3.875295679619802226e-08,3.863260782002419963e-08,3.849876023770885380e-08,3.835384926717947884e-08,3.819971869273350876e-08,3.803777802606696407e-08,3.786911149441026477e-08,3.769455290931268964e-08,3.751473687945819960e-08,3.733013407121454696e-08,3.714107613007473954e-08,3.694777429678336614e-08,3.675033455467410131e-08,3.654877123262296948e-08,3.634302029161881556e-08,3.613295299401019156e-08,3.591839026009987916e-08,3.569911773473913765e-08,3.547490140200367962e-08,3.524550348876241618e-08,3.501069653702899076e-08,3.477026650884867551e-08,3.452401267167737658e-08,3.427174820779656761e-08,3.401330083083880681e-08,3.374851338757865264e-08,3.347724441804577332e-08,3.319936864136277616e-08,3.291477732861132778e-08,3.262337851767369672e-08,3.232509701867222698e-08,3.201987415274314625e-08,3.170766716197701019e-08,3.138844822512049929e-08,3.106220301289193973e-08,3.072892871946336014e-08,3.038863151382702704e-08,3.004132336741358174e-08,2.968701823335346640e-08,2.932572757877624935e-08,2.895745530461084076e-08,2.858219212681712677e-08,2.819990953716221762e-08,2.781055350768790426e-08,2.741403814685419698e-08,2.701023955206858789e-08,2.659899012782198231e-08,2.618007364669836946e-08,2.575322131985385187e-08,2.531810911477903632e-08,2.487435651483717280e-08,2.442152686285282249e-08,2.395912937608406566e-08,2.348662286760559654e-08,2.300342116372159824e-08,2.250890017260154592e-08,2.200240654131665214e-08,2.148326784488387936e-08,2.095080429289168192e-08,2.040434203083527667e-08,1.984322827176525459e-08,1.926684874184411199e-08,1.867464829332664979e-08,1.806615608071373104e-08,1.744101749204718227e-08,1.679903621221439248e-08,1.614023159251236306e-08,1.546491928438535022e-08,1.477382749216563684e-08,1.406826826235635215e-08,1.335039471027563844e-08,1.262359384709098262e-08,1.189309510287819138e-08,1.116692254348989101e-08,1.045738843670103631e-08,9.783407207503859674e-09,9.173936752013712121e-09,8.672611048015871873e-09,8.342633361153616111e-09,8.268860476990796330e-09,8.552409216420343308e-09,9.297828291792076839e-09,1.060524922349891381e-08,1.258345733268628288e-08,1.538491688847013138e-08,1.925391849566453834e-08,2.458785249302233367e-08,2.374012207240764072e-08,1.738399761638906969e-08,7.957375135924722183e-09,4.316561850573314749e-09,1.071051854946250166e-08,1.318270608792982544e-08,1.075294788625203522e-08,6.885655894116818429e-09,1.141478133313748539e-08,1.957439121511823389e-08,2.539585308190185967e-08,2.705402020078978054e-08,2.473174825548561634e-08,2.024811005079961224e-08,1.619378961250609907e-08,1.370859244793169657e-08,1.104178084969384159e-08,6.495063331296858989e-09,4.837469789555484658e-09,1.198064444055279160e-08,1.887557014383396828e-08,2.224866514660982793e-08,2.067653289026706746e-08,1.421298184609115929e-08,9.114203820476823175e-09,4.934843367821241225e-09,1.395921647616671573e-09,1.686186554817113472e-09,4.419362477717000341e-09,6.884929305477738815e-09,9.134486421573104106e-09,1.120428422539384944e-08,1.312028172810261410e-08,1.490155546766329528e-08,1.656248516453553335e-08,1.811417140998490808e-08,1.956537256305672731e-08,2.092313775062953893e-08,2.219324524054869573e-08,2.338051425699331666e-08,2.448903306595350150e-08,2.552233052808206345e-08,2.648350850559499468e-08,2.737534626820035971e-08,2.820038403222776834e-08,2.896099018493194619e-08,2.965941510186250905e-08,3.029783344998412316e-08,3.087837628023590840e-08,3.140315391219473445e-08,3.187427050268625244e-08,3.229383119823001578e-08,3.266394284453041015e-08,3.298670932353091722e-08,3.326422267760796518e-08,3.349855123680707253e-08,3.369172597200446943e-08,3.384572624664451575e-08,3.396246603366486751e-08,3.404378151206346819e-08,3.409142077414662130e-08,3.410703617538412794e-08,3.409217965644768792e-08,3.404830116957896219e-08,3.397675015441974450e-08,3.387877983760062081e-08,3.375555398371481692e-08,3.360815561246041272e-08,3.343759712627422781e-08,3.324483126893523712e-08,3.303076235657475506e-08,3.279625728085879143e-08,3.254215586873349555e-08,3.226928028185058962e-08,3.197844324044184536e-08,3.167045495217771870e-08,3.134612871046881891e-08,3.100628519550621039e-08,3.065175556406050153e-08,3.028338345124546721e-08,2.990202603069613026e-08,2.950855429105129041e-08,2.910385268859364401e-08,2.868881833065577307e-08,2.826435983400835932e-08,2.783139598867905066e-08,2.739085434195331534e-08,2.694366980080960159e-08,2.649078333457030063e-08,2.603314084367433973e-08,2.557169224554381024e-08,2.510739081468678361e-08,2.464119280146775325e-08,2.417401549928163856e-08,2.370656170896440714e-08,2.323925240499729411e-08,2.277219625386226267e-08,2.230515717664715345e-08,2.183752064247962820e-08,2.136825935193353033e-08,2.089589877043977583e-08,2.041848257713461648e-08,1.993353748110060532e-08,1.943803600185528007e-08,1.892835468955683291e-08,1.840022383990542401e-08,1.784866298888136080e-08,1.726789427739840536e-08,1.665122305880876262e-08,1.599087181196372782e-08,1.527774963339363120e-08,1.450113605594500312e-08,1.364825719686380769e-08,1.270374152811991836e-08,1.164898169773166867e-08,1.046155252485526625e-08,9.115206645973397034e-09,7.582162543011913036e-09,5.844088158016299194e-09,3.944793277908594293e-09,2.350658596465650178e-09,3.044942465323571707e-09,5.718166868408519627e-09,8.963969895353511828e-09,1.237708461105791529e-08,1.580913845526066499e-08,1.932703483320022676e-08,2.300220644045933875e-08,2.645913934350829596e-08,2.920736475769981508e-08,3.141079669479115985e-08
3.309306836285381932e-08,3.333301314781751190e-08,3.294780088987475610e-08,3.238122191124986164e-08,3.144694068448272325e-08,3.068559499464113445e-08,3.065641628616044651e-08,3.137171512657014452e-08,3.252166352771882423e-08,3.379127867254739331e-08,3.497603235504550515e-08,3.597745031843585880e-08,3.676842603084898516e-08,3.736103299324651377e-08,3.778414283338094169e-08,3.807034345796208379e-08,3.824954313646219419e-08,3.834661671263245195e-08,3.838114540993823896e-08,3.836805452744031626e-08,3.831851306222235290e-08,3.824080298552715650e-08,3.814105042964202393e-08,3.802379879561504834e-08,3.789243962991849470e-08,3.774952787297080536e-08,3.759700805174074785e-08,3.743637412294802868e-08,3.726878104484255362e-08,3.709512194825080811e-08,3.691608132696969342e-08,3.673217196638935169e-08,3.654376125759441835e-08,3.635109096587558195e-08,3.615429331955772924e-08,3.595340536575207360e-08,3.574838283704644822e-08,3.553911423984504342e-08,3.532543547817470573e-08,3.510714504371256580e-08,3.488401961805312706e-08,3.465582983601348985e-08,3.442235451782388697e-08,3.418338518089784480e-08,3.393872618005762084e-08,3.368819515913967291e-08,3.343162349743232743e-08,3.316885672989832717e-08,3.289975491593531000e-08,3.262419292689907157e-08,3.234206061789242833e-08,3.205326284459588129e-08,3.175771928146704856e-08,3.145536399382725698e-08,3.114614471365410947e-08,3.083002176787205598e-08,3.050696660923018660e-08,3.017695990419248713e-08,2.983998914036757461e-08,2.949604572854714236e-08,2.914512159192346439e-08,2.878720525775654709e-08,2.842227749447015412e-08,2.805030656909960099e-08,2.767124323470372553e-08,2.728501559253159882e-08,2.689152400645453730e-08,2.649063627407343022e-08,2.608218327669730844e-08,2.566595533648446221e-08,2.524169950223675640e-08,2.480911796625735917e-08,2.436786778578152406e-08,2.391756204761077452e-08,2.345777257818769160e-08,2.298803426789548571e-08,2.250785105215543592e-08,2.201670357752194525e-08,2.151405858410558103e-08,2.099938006377774314e-08,2.047214231655326079e-08,1.993184513793832248e-08,1.937803154424334821e-08,1.881030870316751129e-08,1.822837311564642336e-08,1.763204164129361919e-08,1.702129075128031997e-08,1.639630755291148184e-08,1.575755785811931379e-08,1.510587918306558886e-08,1.444261058027379278e-08,1.376977743096323023e-08,1.309035902047979293e-08,1.240868172000542260e-08,1.173100324521603021e-08,1.106638566594904738e-08,1.042799441185427805e-08,9.834990363110568978e-09,9.315144832698304890e-09,8.908065713915458135e-09,8.668273370627130507e-09,8.666357618471447146e-09,8.986274312866169033e-09,9.719949680745711123e-09,1.096634692894456516e-08,1.284387416381740311e-08,1.551878528026145648e-08,1.924740102512634466e-08,2.443404940706273424e-08,2.347493319931056678e-08,1.700188804723309130e-08,7.158186602763395589e-09,3.138892987925208911e-09,1.085208906598589525e-08,1.411234210758958306e-08,1.262538316181456223e-08,8.876695306481254074e-09,1.011470703441343572e-08,1.631406956974648987e-08,2.139738898277683361e-08,2.328207930646167034e-08,2.231777964370995167e-08,2.039605134418462759e-08,1.928719489309500414e-08,1.848534947725268899e-08,1.595522805169785471e-08,1.075467248399259188e-08,5.957861456515556915e-09,1.075903747352472392e-08,1.776860604964385522e-08,2.148826098526965771e-08,2.025061517663491072e-08,1.407986104663306279e-08,9.191314789217696224e-09,5.225782960373822847e-09,2.157392016085135763e-09,2.047626042807065977e-09,4.324148378880979339e-09,6.611562251648795293e-09,8.737047028184335598e-09,1.070404640801542579e-08,1.252970800567551441e-08,1.422997605522442032e-08,1.581786335142400305e-08,1.730372229189622713e-08,1.869579024140898580e-08,2.000068154535564072e-08,2.122377684912649512e-08,2.236952042914643394e-08,2.344164592741940646e-08,2.444334870970707654e-08,2.537741881918936005e-08,2.624634463597598031e-08,2.705239435446797516e-08,2.779768020566615987e-08,2.848420881994181501e-08,2.911392009019800025e-08,2.968871622602780134e-08,3.021048228459034359e-08,3.068109924448079745e-08,3.110245059348285328e-08,3.147642338178100560e-08,3.180490471131139740e-08,3.208977466010483831e-08,3.233289665567058454e-08,3.253610629865860433e-08,3.270119958923994880e-08,3.282992142273533864e-08,3.292395510269602129e-08,3.298491347743583418e-08,3.301433214976403468e-08,3.301366504837046110e-08,3.298428249022775952e-08,3.292747171246632730e-08,3.284443971521503018e-08,3.273631814016404575e-08,3.260416981951382909e-08,3.244899657172719546e-08,3.227174779651610227e-08,3.207332943051768506e-08,3.185461286237402262e-08,3.161644346419228180e-08,3.135964846735720279e-08,3.108504398644813877e-08,3.079344106890551630e-08,3.048565071518638619e-08,3.016248787135656582e-08,2.982477444192230582e-08,2.947334140501154149e-08,2.910903013548380575e-08,2.873269305544523289e-08,2.834519373752451305e-08,2.794740658575337165e-08,2.754021621355201418e-08,2.712451662954675363e-08,2.670121033093743623e-08,2.627120739185649362e-08,2.583542462136354976e-08,2.539478485293958996e-08,2.495021641493551812e-08,2.450265281958652148e-08,2.405303269698430716e-08,2.360225815279938822e-08,2.315101912511099097e-08,2.269972526472863642e-08,2.224847449454378018e-08,2.179701949950906946e-08,2.134473282384146391e-08,2.089057123345782844e-08,2.043303981037078141e-08,1.997015585519261343e-08,1.949941205770702500e-08,1.901773752810523412e-08,1.852145413591166749e-08,1.800622414572302663e-08,1.746698331932956960e-08,1.689785140207837313e-08,1.629200914481365698e-08,1.564152769171562275e-08,1.493713246696301272e-08,1.416788048433996868e-08,1.332073002412413586e-08,1.237999247565597690e-08,1.132669806160368630e-08,1.013803489925355956e-08,8.787396200676283121e-09,7.246770138140435936e-09,5.498037725654896953e-09,3.589296752413777755e-09,2.067935949030400131e-09,3.077063817908506266e-09,5.827752346423581830e-09,9.044578547694131224e-09,1.240480816518749940e-08,1.580861244913352419e-08,1.934260064014542594e-08,2.303268482509435423e-08,2.646514035728179995e-08,2.922009401499518618e-08,3.146527203608787002e-08
3.311586608012062199e-08,3.336942164903827231e-08,3.291945908093885786e-08,3.231780656106127321e-08,3.136610754157306256e-08,3.051386712245941621e-08,3.033301878734076544e-08,3.089878098299770347e-08,3.193736215008094344e-08,3.313801122967955696e-08,3.428747844793986935e-08,3.527656475568786749e-08,3.606910387114593708e-08,3.667059977556356212e-08,3.710565741291449447e-08,3.740436414336659852e-08,3.759532373572062257e-08,3.770284065289039390e-08,3.774633818771303065e-08,3.774079417806242653e-08,3.769752357579551554e-08,3.762498460769462544e-08,3.752947855157398998e-08,3.741570895121113935e-08,3.728720772955370414e-08,3.714665011451051249e-08,3.699608245300323458e-08,3.683708435575054357e-08,3.667088265084933029e-08,3.649843076009983672e-08,3.632046382985330160e-08,3.613753732341842495e-08,3.595005474035590229e-08,3.575828855743581783e-08,3.556239728134881129e-08,3.536244057931314670e-08,3.515839374650889598e-08,3.495016223258956688e-08,3.473759655072944695e-08,3.452050760892123928e-08,3.429868231853492509e-08,3.407189923808814996e-08,3.383994298063692837e-08,3.360261011968623980e-08,3.335970959058318633e-08,3.311106300131271055e-08,3.285650492965089489e-08,3.259588318682669744e-08,3.232905902446409835e-08,3.205590725804802435e-08,3.177631627661282413e-08,3.149018790498165694e-08,3.119743708194175725e-08,3.089799131554351979e-08,3.059178987565215483e-08,3.027878268441116385e-08,2.995892886790113983e-08,2.963219493751960349e-08,2.929855257797303013e-08,2.895797603068823786e-08,2.861043907718892506e-08,2.825591164657282942e-08,2.789435609434966575e-08,2.752572322581250409e-08,2.714994816457532021e-08,2.676694619418818943e-08,2.637660872572080516e-08,2.597879956459395286e-08,2.557335166361103251e-08,2.516006455454289068e-08,2.473870264715277754e-08,2.430899457282711134e-08,2.387063373183758936e-08,2.342328018152397540e-08,2.296656398079914921e-08,2.250009008809466431e-08,2.202344489919729329e-08,2.153620451287288819e-08,2.103794483115642460e-08,2.052825364455081458e-08,2.000674492888966819e-08,1.947307570160910556e-08,1.892696596561875442e-08,1.836822252950147518e-08,1.779676786316387809e-08,1.721267567279787525e-08,1.661621562608286150e-08,1.600791073288251695e-08,1.538861245048584559e-08,1.475960088527187183e-08,1.412272088342863800e-08,1.348056990168670924e-08,1.283676110685790731e-08,1.219629613655122587e-08,1.156609719454343727e-08,1.095576723789175341e-08,1.037866524188081680e-08,9.853385065327784243e-09,9.405672677779046726e-09,9.070639229632792296e-09,8.894773251045328909e-09,8.936880987325133979e-09,9.267374864055729987e-09,9.967239158252463481e-09,1.113097881482710204e-08,1.287886102190786801e-08,1.538134755162184773e-08,1.889659062971653193e-08,2.382418146634320745e-08,2.274744295201786729e-08,1.631186514287126147e-08,6.710760609578014766e-09,4.347308097908095560e-09,1.190611117062260105e-08,1.550367265368475886e-08,1.451661859049506717e-08,1.058578101681185465e-08,8.714452741897429112e-09,1.242219957040244314e-08,1.669629514054953764e-08,1.894029621406396431e-08,1.964141068761415870e-08,2.046815390350208035e-08,2.191681756916347611e-08,2.241286218190388158e-08,2.008444974076094179e-08,1.441358514196223984e-08,7.603784531654435770e-09,9.100585132438625559e-09,1.602578968915780771e-08,2.017047686946901119e-08,1.944032760805705936e-08,1.378439558887966666e-08,9.288783384585610157e-09,5.728254959887803820e-09,3.282045361465706001e-09,3.039496931925503453e-09,4.649953969140781193e-09,6.616893701914055229e-09,8.544766474697515939e-09,1.036621016998435931e-08,1.207442307241446988e-08,1.367541087495169586e-08,1.517735563724444405e-08,1.658793199399674749e-08,1.791370834581290072e-08,1.916014614266178328e-08,2.033176049073723260e-08,2.143230488480512148e-08,2.246493826356814167e-08,2.343236462264930506e-08,2.433694599902979073e-08,2.518079260996849487e-08,2.596583421497774525e-08,2.669387620337673084e-08,2.736664317974244099e-08,2.798581217004928518e-08,2.855303707211437296e-08,2.906996562610883490e-08,2.953824996022193964e-08,2.995955164196387264e-08,3.033554210641685269e-08,3.066789931173788783e-08,3.095830146663125632e-08,3.120841866654399528e-08,3.141990325239097470e-08,3.159437966033786934e-08,3.173343446121251329e-08,3.183860719536250647e-08,3.191138249808407584e-08,3.195318388842197187e-08,3.196536946665620295e-08,3.194922963908300428e-08,3.190598686812360124e-08,3.183679733642239593e-08,3.174275432037300968e-08,3.162489299596496261e-08,3.148419635138148901e-08,3.132160185789897974e-08,3.113800855247287220e-08,3.093428420880297406e-08,3.071127231381422258e-08,3.046979861768013809e-08,3.021067708207409580e-08,2.993471510824781447e-08,2.964271797987268954e-08,2.933549250261478488e-08,2.901384986158361583e-08,2.867860774850776761e-08,2.833059183290781858e-08,2.797063666633155319e-08,2.759958611687440614e-08,2.721829343385661513e-08,2.682762104081524412e-08,2.642844014997329926e-08,2.602163028402744276e-08,2.560807878225498935e-08,2.518868035822572351e-08,2.476433676629731086e-08,2.433595662390919212e-08,2.390445542666672775e-08,2.347075578340258836e-08,2.303574606438299454e-08,2.260010468372440998e-08,2.216423122059022950e-08,2.172821403986810686e-08,2.129179572838637270e-08,2.085433701298664054e-08,2.041477981692933363e-08,1.997160992779277706e-08,1.952281936398178096e-08,1.906586790915793762e-08,1.859764240626983449e-08,1.811441123652042241e-08,1.761176991900386271e-08,1.708457190686553090e-08,1.652683636276627839e-08,1.593162190509092632e-08,1.529085202338612990e-08,1.459507431537631137e-08,1.383313289155326655e-08,1.299173417903044483e-08,1.205489882294038877e-08,1.100333680976064932e-08,9.813913207661032364e-09,8.459745385350934982e-09,6.912657193793057880e-09,5.154610567328969389e-09,3.237312706324071951e-09,1.809153493591325748e-09,3.133053294614543293e-09,5.934318264118478441e-09,9.114776254745955254e-09,1.242387270980002899e-08,1.580496937557623353e-08,1.935470056032752194e-08,2.305085634426308103e-08,2.645624708781095086e-08,2.922408101845894914e-08,3.150695662302106003e-08
3.312663817205224378e-08,3.339549193005080186e-08,3.288667335666304195e-08,3.224424596698542155e-08,3.127835160489880526e-08,3.034798429459341000e-08,3.002471785993507054e-08,3.044237965674491175e-08,3.136656561269698357e-08,3.249408497129696869e-08,3.360445543768717317e-08,3.457822912389133081e-08,3.537024730495990680e-08,3.597933677520848608e-08,3.642566123866178252e-08,3.673662944472562693e-08,3.693939122520678372e-08,3.705756929549026760e-08,3.711035262326218098e-08,3.711272241788874066e-08,3.707610963908664882e-08,3.700913152042374904e-08,3.691825521485062043e-08,3.680833993671136277e-08,3.668305626941502471e-08,3.654519950367903772e-08,3.639691831373699211e-08,3.623987876258499300e-08,3.607538039168451801e-08,3.590443767443770767e-08,3.572783702847873498e-08,3.554617705228570897e-08,3.535989765155861833e-08,3.516930216529379363e-08,3.497457539966515149e-08,3.477579955204643621e-08,3.457296929745886122e-08,3.436600677078860669e-08,3.415477677812606113e-08,3.393910228657071106e-08,3.371878005740973760e-08,3.349359619080043042e-08,3.326334072269402358e-08,3.302781490910148671e-08,3.278683189414844367e-08,3.254021689648146835e-08,3.228780737670650047e-08,3.202945316744534152e-08,3.176501654495074863e-08,3.149437221855397895e-08,3.121740721166324496e-08,3.093402060576380861e-08,3.064412311711202182e-08,3.034763647484048088e-08,3.004449256931800737e-08,2.973463234119351988e-08,2.941800438497864875e-08,2.909456324666643637e-08,2.876426740308631796e-08,2.842707692171162172e-08,2.808295081358542738e-08,2.773184410882507882e-08,2.737370470345587554e-08,2.700847004744844013e-08,2.663606376579775745e-08,2.625639232598757100e-08,2.586934188472346271e-08,2.547477546284145312e-08,2.507253060844102892e-08,2.466241771363810913e-08,2.424421914965546086e-08,2.381768937887363065e-08,2.338255619241663229e-08,2.293852321004813812e-08,2.248527376837300779e-08,2.202247631676124501e-08,2.154979144161948077e-08,2.106688065274466980e-08,2.057341709542212501e-08,2.006909840474279639e-08,1.955366200196268689e-08,1.902690325645922048e-08,1.848869711398989929e-08,1.793902404040450100e-08,1.737800147509182554e-08,1.680592246728343035e-08,1.622330383572049771e-08,1.563094712967573395e-08,1.503001699766222054e-08,1.442214346554526342e-08,1.380955733798039363e-08,1.319527180134072642e-08,1.258332872409244909e-08,1.197913547631841904e-08,1.138992727722683901e-08,1.082539979060017698e-08,1.029856239504843026e-08,9.826853309608254185e-09,9.433513194899891182e-09,9.149110056792867649e-09,9.012955663892893083e-09,9.074091913911037395e-09,9.391906718606080267e-09,1.003760043179828880e-08,1.109927931680805232e-08,1.269411433860135216e-08,1.499022535228737816e-08,1.824034901295173789e-08,2.283100714660586211e-08,2.165641501748197133e-08,1.541825369016505343e-08,6.663631092656600728e-09,6.271012632248516550e-09,1.323078682832168415e-08,1.684975377101325830e-08,1.610318697911538564e-08,1.205793503724862984e-08,7.827025168770404084e-09,8.292328616382566403e-09,1.158158234654827866e-08,1.430895543160194061e-08,1.689644438454435585e-08,2.033289127430880671e-08,2.382981539824854401e-08,2.536661127717997778e-08,2.332404621365926235e-08,1.741144550100298389e-08,9.327602538088242576e-09,7.178008468256792669e-09,1.383945669623344206e-08,1.848367489937765499e-08,1.838249037532022228e-08,1.339066593255920200e-08,9.406564145469475859e-09,6.336906104299990660e-09,4.404186971263583541e-09,4.132117501374645577e-09,5.239213540173303641e-09,6.842317355937770844e-09,8.527440984733661301e-09,1.017144772075692883e-08,1.174021739565981250e-08,1.322646368763551367e-08,1.463132358448315650e-08,1.595838442424865057e-08,1.721163519250648651e-08,1.839478228768487088e-08,1.951106736857119996e-08,2.056327051086784839e-08,2.155377592741448803e-08,2.248465189026556225e-08,2.335772643088238641e-08,2.417465269119094988e-08,2.493696277029299773e-08,2.564611077595020584e-08,2.630350634676573948e-08,2.691053994868968304e-08,2.746860111416140114e-08,2.797909063046951983e-08,2.844342755091770242e-08,2.886305181155648913e-08,2.923942318275010177e-08,2.957401725690664084e-08,2.986831915810114702e-08,3.012381564418856377e-08,3.034198624818056436e-08,3.052429406731229580e-08,3.067217675290779551e-08,3.078703818241706370e-08,3.087024120964784616e-08,3.092310179440211911e-08,3.094688471313509914e-08,3.094280095256622176e-08,3.091200679285245936e-08,3.085560450019933379e-08,3.077464447453512916e-08,3.067012863945879226e-08,3.054301482148656799e-08,3.039422184469922096e-08,3.022463506466550657e-08,3.003511207989290189e-08,2.982648838675000460e-08,2.959958278085609227e-08,2.935520235026162859e-08,2.909414694959984511e-08,2.881721308667639276e-08,2.852519719138210050e-08,2.821889826987628415e-08,2.789911997394023307e-08,2.756667213608290308e-08,2.722237183567928750e-08,2.686704407071926956e-08,2.650152211439215803e-08,2.612664763655076187e-08,2.574327066789742109e-08,2.535224948026167669e-08,2.495445045024608471e-08,2.455074796634129463e-08,2.414202443176992934e-08,2.372917040710859661e-08,2.331308492834005545e-08,2.289467602748097166e-08,2.247481966872105668e-08,2.205418398642457573e-08,2.163315967232379618e-08,2.121182667695502041e-08,2.078991861065977737e-08,2.036678550011105970e-08,1.994135555521072141e-08,1.951209642610016279e-08,1.907697604919168159e-08,1.863342256303497714e-08,1.817828188925386298e-08,1.770777039057408675e-08,1.721741850304639103e-08,1.670199934973726947e-08,1.615543402538507197e-08,1.557066245181076788e-08,1.493946548014394311e-08,1.425222058268801804e-08,1.349757115800916068e-08,1.266199131577585963e-08,1.172924210201732784e-08,1.067976169352516317e-08,9.490163128486343353e-09,8.133378065879951689e-09,6.581129245189340243e-09,4.815267611865961845e-09,2.890020408661426017e-09,1.582239896086391467e-09,3.208424291251235843e-09,6.036667328595941040e-09,9.175272840694879415e-09,1.243589933667751988e-08,1.579921630659562638e-08,1.936277587695063781e-08,2.305625403994428347e-08,2.643347982097043137e-08,2.921955212044417656e-08,3.153526519674146688e-08
3.312588605122374013e-08,3.341056584872469457e-08,3.284965904228665760e-08,3.216140571860094068e-08,3.118297934158079814e-08,3.018641482373675797e-08,2.973070013597374936e-08,3.000270874803973054e-08,3.081003076051399000e-08,3.186043956403256230e-08,3.292790176247439622e-08,3.388329541217346282e-08,3.467258293407459682e-08,3.528783472143642857e-08,3.574461713331801004e-08,3.606749194424118358e-08,3.628200857942932147e-08,3.641099552879991875e-08,3.647332807617627734e-08,3.648393823065286618e-08,3.645433988160783517e-08,3.639328942718290522e-08,3.630740859837342875e-08,3.620170627689010185e-08,3.607998885643186203e-08,3.594517063469681214e-08,3.579950251488982494e-08,3.564473737056868043e-08,3.548224798156164055e-08,3.531311040446893466e-08,3.513816278454322267e-08,3.495804720073015191e-08,3.477324018956827663e-08,3.458407606096539317e-08,3.439076592482996008e-08,3.419341442304822337e-08,3.399203545038892358e-08,3.378656760797933280e-08,3.357688973259044273e-08,3.336283656117491134e-08,3.314421440620467951e-08,3.292081662100650168e-08,3.269243839911790780e-08,3.245888541779855067e-08,3.221997477711742998e-08,3.197553507751914699e-08,3.172540647564329636e-08,3.146944070153143088e-08,3.120750101834912288e-08,3.093946210381354089e-08,3.066520983077568582e-08,3.038464092301653558e-08,3.009766246147155085e-08,2.980419121602462736e-08,2.950415277896713605e-08,2.919748047847734872e-08,2.888411405432378545e-08,2.856399808369861396e-08,2.823708015286888230e-08,2.790330878033449656e-08,2.756263110942706303e-08,2.721499040263335538e-08,2.686032338604611240e-08,2.649855750967546626e-08,2.612960820712180395e-08,2.575337625535573379e-08,2.536974535101136950e-08,2.497858003263445230e-08,2.457972408787572140e-08,2.417299959017593387e-08,2.375820671104531768e-08,2.333512445219482877e-08,2.290351243774430882e-08,2.246311390230267788e-08,2.201366000815935119e-08,2.155487562683553256e-08,2.108648672991847986e-08,2.060822955503944686e-08,2.011986174931494782e-08,1.962117574971617753e-08,1.911201474406604443e-08,1.859229167582097865e-08,1.806201192109878209e-08,1.752130049188394870e-08,1.697043492482632434e-08,1.640988542862272483e-08,1.584036442471588729e-08,1.526288838307959366e-08,1.467885590746647037e-08,1.409014747229777404e-08,1.349925419815939801e-08,1.290944573933358439e-08,1.232499089114401404e-08,1.175144891951625416e-08,1.119605448283942910e-08,1.066822304331230341e-08,1.018020376233875419e-08,9.747897360027129912e-09,9.391830041447017232e-09,9.138230519443035336e-09,9.020124361332418865e-09,9.078434921813472359e-09,9.363431292401093100e-09,9.937593100141218304e-09,1.088183648316755804e-08,1.230751384461078081e-08,1.437646885866346842e-08,1.733144546957741497e-08,2.154047526612657072e-08,2.030633437979824836e-08,1.441456030176461696e-08,6.911528586655863199e-09,7.993888275140225992e-09,1.437774590144935593e-08,1.784693322290602031e-08,1.724260615471553860e-08,1.333186816453637580e-08,8.104761888002976707e-09,4.944366848730894616e-09,6.515235147286656964e-09,9.806310461994614323e-09,1.432019523672784775e-08,1.989869286897913364e-08,2.491109286049569230e-08,2.729836213174128777e-08,2.563407358323529238e-08,1.972316683513035488e-08,1.094556753900504036e-08,5.253581438882404724e-09,1.142861196064582161e-08,1.663552798360610012e-08,1.722311668146145699e-08,1.296431522516539258e-08,9.542525268369591807e-09,6.969455389932933003e-09,5.435842686104609117e-09,5.168344370101719835e-09,5.937381557467875598e-09,7.208290630683566597e-09,8.640402271509374292e-09,1.009129603530626642e-08,1.150701055544561051e-08,1.286785962721731238e-08,1.416750314140503706e-08,1.540485075541960387e-08,1.658080818379894619e-08,1.769693958023236216e-08,1.875492532261003827e-08,1.975636014750598744e-08,2.070269753338674133e-08,2.159525472961421995e-08,2.243524012098346861e-08,2.322378592424559974e-08,2.396197898227903811e-08,2.465088690167193602e-08,2.529157879113536395e-08,2.588514071636821359e-08,2.643268631723653825e-08,2.693536313444720299e-08,2.739435520591871325e-08,2.781088248045537379e-08,2.818619758245369118e-08,2.852158045216915377e-08,2.881833137937272954e-08,2.907776293904963127e-08,2.930119132114698674e-08,2.948992751862680351e-08,2.964526879751005873e-08,2.976849081941375681e-08,2.986084072308615332e-08,2.992353139952718686e-08,2.995773711891823923e-08,2.996459059044674139e-08,2.994518146182103985e-08,2.990055619725783507e-08,2.983171921408589507e-08,2.973963511141694345e-08,2.962523179138305775e-08,2.948940425502473597e-08,2.933301885070913423e-08,2.915691776157236964e-08,2.896192353766569100e-08,2.874884350546656829e-08,2.851847391924870943e-08,2.827160375268946383e-08,2.800901806262013529e-08,2.773150088810226535e-08,2.743983767571620308e-08,2.713481724528986147e-08,2.681723332895023397e-08,2.648788573038991456e-08,2.614758116091323033e-08,2.579713381463849846e-08,2.543736574775158217e-08,2.506910712652381806e-08,2.469319640649410026e-08,2.431048050128270892e-08,2.392181499438902677e-08,2.352806444137097313e-08,2.313010280326173099e-08,2.272881404510314936e-08,2.232509292612787730e-08,2.191980421973843940e-08,2.151360693488592415e-08,2.110688399353819518e-08,2.069970803215977269e-08,2.029180478649620831e-08,1.988251470543156163e-08,1.947075344736296916e-08,1.905497174600112866e-08,1.863311475771093284e-08,1.820258038567486252e-08,1.776017518529309380e-08,1.730206525951896301e-08,1.682371801967867813e-08,1.631982877887816300e-08,1.578422382062334921e-08,1.520972882540106700e-08,1.458798842662242679e-08,1.390921961007531086e-08,1.316187992213429648e-08,1.233223433397893952e-08,1.140382031534297749e-08,1.035685894025138555e-08,9.167789715152127935e-09,7.809456001338626802e-09,6.253543058108240297e-09,4.481545007144735066e-09,2.548587928841999531e-09,1.397629466780522457e-09,3.298762726780145133e-09,6.133988373904512323e-09,9.226987324204404634e-09,1.244246259444914005e-08,1.579208839853466124e-08,1.936615601109317983e-08,2.304862499444363562e-08,2.639791659468082409e-08,2.920656616971018661e-08,3.154972766999682461e-08
3.311406460037686878e-08,3.341409072656521450e-08,3.280845658571858279e-08,3.207019737858115267e-08,3.107951326744266383e-08,3.002767026400253745e-08,2.945001291385169007e-08,2.957982103652038141e-08,3.026843289504059973e-08,3.123797946835723463e-08,3.225874612432992755e-08,3.319262187559138416e-08,3.397685480032217740e-08,3.459670888745638525e-08,3.506301590293848085e-08,3.539733283329733777e-08,3.562346621169213225e-08,3.576333758435035404e-08,3.583542683519877838e-08,3.585456115729836742e-08,3.583230134104850498e-08,3.577752058182991297e-08,3.569698187101961257e-08,3.559583619978994309e-08,3.547802175309126123e-08,3.534656991270595645e-08,3.520383307417334358e-08,3.505165081227211410e-08,3.489146932919399995e-08,3.472442654946332846e-08,3.455141262597519044e-08,3.437311334071707647e-08,3.419004200445458986e-08,3.400256395806280664e-08,3.381091659721410933e-08,3.361522692232866343e-08,3.341552790610606163e-08,3.321177443141950341e-08,3.300385915241690217e-08,3.279162834863324276e-08,3.257489765887299784e-08,3.235346748587311210e-08,3.212713800922979847e-08,3.189571916553760397e-08,3.165903186156176500e-08,3.141690795746514848e-08,3.116919022751659036e-08,3.091573228298417620e-08,3.065639844045417573e-08,3.039106351748615745e-08,3.011961253642839719e-08,2.984194031651487530e-08,2.955795093420561399e-08,2.926755703230444578e-08,2.897067895989326993e-08,2.866724372777248101e-08,2.835718376810042763e-08,2.804043549246483111e-08,2.771693764983578822e-08,2.738662949481328144e-08,2.704944878726086966e-08,2.670532965665820168e-08,2.635420037800872840e-08,2.599598112045275756e-08,2.563058174426775204e-08,2.525789973598683637e-08,2.487781838419430019e-08,2.449020530947380926e-08,2.409491147046539209e-08,2.369177077378219059e-08,2.328060041877544165e-08,2.286120210938811144e-08,2.243336426563694710e-08,2.199686536808651019e-08,2.155147857190465424e-08,2.109697773496068743e-08,2.063314501955176714e-08,2.015978025273795141e-08,1.967671226945400740e-08,1.918381251972809851e-08,1.868101130153342969e-08,1.816831709028879485e-08,1.764583958276374291e-08,1.711381726751987635e-08,1.657265058991735327e-08,1.602294211598160624e-08,1.546554554173511328e-08,1.490162597758003043e-08,1.433273470642494823e-08,1.376090262607124265e-08,1.318875790440077830e-08,1.261967505568530135e-08,1.205796469877161347e-08,1.150911557279885656e-08,1.098010259582741578e-08,1.047977603940411823e-08,1.001934586531478630e-08,9.612970372978014752e-09,9.278450008692485315e-09,9.038024221134359471e-09,8.919300435515032816e-09,8.956469627336119012e-09,9.192259010070687746e-09,9.681557508041065586e-09,1.049818542073507238e-08,1.174661450683051879e-08,1.358051170902825370e-08,1.623017581594779757e-08,2.004200419155289089e-08,1.879660624470720268e-08,1.337479455980024946e-08,7.277125466811919731e-09,9.291101040052802641e-09,1.511913423710019961e-08,1.834893731317955730e-08,1.788456073938038972e-08,1.442097782566578992e-08,9.601866171565604489e-09,5.292801085238849578e-09,3.544728039667441936e-09,6.448470548315396570e-09,1.224649312277923981e-08,1.914549339980774552e-08,2.514530177975935835e-08,2.822427855959013062e-08,2.702432027613089495e-08,2.134649780966797241e-08,1.235313350795391834e-08,3.764234532580869328e-09,9.040803180471627104e-09,1.484555863970124750e-08,1.611030635642042459e-08,1.257129029914736747e-08,9.699737305025562090e-09,7.579350527159264882e-09,6.353349179605391683e-09,6.102583494765657861e-09,6.644751699909101492e-09,7.641064242940938455e-09,8.835359564379377559e-09,1.009298222983345239e-08,1.135123027544776153e-08,1.258172042730976826e-08,1.377173736145946638e-08,1.491573733476139173e-08,1.601148398696077051e-08,1.705826497862249452e-08,1.805606137404999363e-08,1.900516310726089992e-08,1.990599641555267160e-08,2.075905217725852614e-08,2.156486145559113334e-08,2.232399203904224929e-08,2.303705320919998566e-08,2.370470261645284804e-08,2.432765244426427711e-08,2.490667367197538174e-08,2.544259804053325539e-08,2.593631770693952765e-08,2.638878275475035432e-08,2.680099681599146775e-08,2.717401110557102593e-08,2.750891719549737313e-08,2.780683887152691341e-08,2.806892342120850739e-08,2.829633269899790633e-08,2.849023430008150964e-08,2.865179314927154850e-08,2.878216377529307978e-08,2.888248349544030626e-08,2.895386668316360676e-08,2.899740023437124708e-08,2.901414029002071210e-08,2.900511021587335711e-08,2.897129978788394288e-08,2.891366548608537712e-08,2.883313176305040104e-08,2.873059312648795638e-08,2.860691685993841306e-08,2.846294620073136089e-08,2.829950379945813973e-08,2.811739529865511172e-08,2.791741288824018702e-08,2.770033871937014497e-08,2.746694808470193188e-08,2.721801229969018931e-08,2.695430124500822169e-08,2.667658555330463352e-08,2.638563844355618053e-08,2.608223722285416096e-08,2.576716448846587580e-08,2.544120907257034161e-08,2.510516677845912402e-08,2.475984096059758269e-08,2.440604300217922795e-08,2.404459274309865311e-08,2.367631890900958221e-08,2.330205958866458980e-08,2.292266280232737314e-08,2.253898719890620592e-08,2.215190291369854034e-08,2.176229261230025566e-08,2.137101098951214074e-08,2.097870900043811323e-08,2.058576285229463328e-08,2.019223892568666933e-08,1.979785616327046118e-08,1.940194656181427588e-08,1.900341442027835049e-08,1.860069483903416764e-08,1.819171159756976231e-08,1.777383392422719621e-08,1.734383077833609541e-08,1.689782006173184295e-08,1.643120863301220618e-08,1.593861708310425367e-08,1.541378091879409232e-08,1.484941710058631068e-08,1.423704192707658490e-08,1.356672354065508126e-08,1.282675123193057925e-08,1.200320771380487354e-08,1.107944781587779137e-08,1.003553653636825872e-08,8.847826092666684912e-09,7.489177711688138645e-09,5.931309464504297396e-09,4.155076845451830447e-09,2.214206665937429602e-09,1.267580329236766552e-09,3.400040595833721171e-09,6.225834190187618675e-09,9.271002194834533162e-09,1.244503819005653187e-08,1.578404840047834842e-08,1.936411243099572147e-08,2.302793358103233643e-08,2.635064807915113187e-08,2.918503369872526051e-08,3.155000031533557093e-08
3.309151704427596495e-08,3.340558743323863064e-08,3.276291511445036689e-08,3.197151845094283986e-08,3.096767201541065052e-08,2.987033683130387302e-08,2.918159567905114940e-08,2.917363477836962711e-08,2.974236551877610485e-08,3.062756818417357918e-08,3.159789516101001709e-08,3.250705379929675929e-08,3.328379959420930336e-08,3.390657063285673153e-08,3.438134584443513964e-08,3.472653053745237713e-08,3.496405044833552895e-08,3.511480779665679608e-08,3.519680341269526461e-08,3.522470126088950288e-08,3.521007016690412138e-08,3.516187525887233750e-08,3.508700543212169316e-08,3.499074463632537201e-08,3.487715761635400178e-08,3.474939000726899282e-08,3.460989428696312527e-08,3.446059612600355940e-08,3.430301496966385348e-08,3.413835063130146758e-08,3.396754536255459329e-08,3.379132873907865103e-08,3.361025090126494786e-08,3.342470822752178740e-08,3.323496435543088131e-08,3.304116855463301660e-08,3.284337274941305965e-08,3.264154795135660207e-08,3.243560046396527301e-08,3.222538793943745891e-08,3.201073518598325531e-08,3.179144952909483987e-08,3.156733604717878417e-08,3.133820886221500622e-08,3.110389262867377319e-08,3.086422243576730529e-08,3.061904368794674775e-08,3.036821194987005481e-08,3.011159274106030538e-08,2.984906126463738641e-08,2.958050205393799471e-08,2.930580852065916800e-08,2.902488238850157314e-08,2.873763299730325997e-08,2.844397646449782228e-08,2.814383469356559595e-08,2.783713422311926417e-08,2.752380491550248088e-08,2.720377849036309156e-08,2.687698691661616312e-08,2.654336068547863492e-08,2.620282699768814357e-08,2.585530790935831063e-08,2.550071849281315617e-08,2.513896508073801230e-08,2.476994367357876568e-08,2.439353860080722083e-08,2.400962153600096627e-08,2.361805097335584726e-08,2.321867227917175836e-08,2.281131843622874778e-08,2.239581160233236180e-08,2.197196560753689132e-08,2.153958951887499714e-08,2.109849240837340659e-08,2.064848947155456522e-08,2.018940966163676235e-08,1.972110503167705238e-08,1.924346201572183216e-08,1.875641493382132834e-08,1.825996207823136134e-08,1.775418483364970802e-08,1.723927040820703115e-08,1.671553891068756644e-08,1.618347571130450617e-08,1.564377027872982369e-08,1.509736300815762148e-08,1.454550196023452795e-08,1.398981193774861172e-08,1.343237895595070421e-08,1.287585392916997211e-08,1.232358030252145190e-08,1.177975137209698152e-08,1.124960407147191976e-08,1.073965689192223427e-08,1.025800015120682093e-08,9.814647063847717835e-09,9.421955097802269300e-09,9.095133154250608172e-09,8.852872415266115128e-09,8.718200441845785128e-09,8.719795015210669089e-09,8.894239193959426145e-09,9.290042614918521129e-09,9.974605704364067625e-09,1.104552579968780334e-08,1.264770722121054158e-08,1.499790673057603459e-08,1.841921163894987601e-08,1.721188413642932533e-08,1.234800330761472216e-08,7.609183763454448700e-09,1.011736717514939514e-08,1.537161226113968093e-08,1.830764429971567320e-08,1.802166271836465122e-08,1.530372316556664529e-08,1.178089369004984667e-08,8.819145461918102936e-09,6.645940571502796262e-09,6.546300233516317919e-09,1.113142783494032374e-08,1.814069001381617003e-08,2.459304695769232789e-08,2.820994030821474553e-08,2.753841803765921625e-08,2.229008721215572127e-08,1.345986856850296295e-08,3.341605485208034322e-09,6.975509882961397086e-09,1.333376073578400565e-08,1.518407564616078409e-08,1.227455325748097821e-08,9.888941598517663875e-09,8.149389978444321043e-09,7.156526815830529325e-09,6.923359075900790671e-09,7.307667890909740025e-09,8.085088912515392704e-09,9.068890416588723189e-09,1.014415172202962802e-08,1.124845596736083837e-08,1.234910276504554591e-08,1.342891211681054421e-08,1.447867912263880552e-08,1.549332942523859830e-08,1.646996898224378195e-08,1.740688806394546426e-08,1.830304834094077075e-08,1.915781695575969726e-08,1.997082790287391366e-08,2.074190926149977233e-08,2.147104437755400252e-08,2.215835031141780208e-08,2.280406479978735608e-08,2.340853714773702433e-08,2.397222066919254191e-08,2.449566546266707648e-08,2.497951093372933233e-08,2.542447781471181085e-08,2.583135962191630283e-08,2.620101360204214865e-08,2.653435128879033525e-08,2.683232883505817479e-08,2.709593731372976361e-08,2.732619319405826374e-08,2.752412920238373301e-08,2.769078576630965245e-08,2.782720322154618575e-08,2.793441493193276370e-08,2.801344143763049998e-08,2.806528570639367626e-08,2.809092952061876939e-08,2.809133099096287596e-08,2.806742314802842578e-08,2.802011352897705690e-08,2.795028464763670302e-08,2.785879521588676707e-08,2.774648197146133305e-08,2.761416196281120407e-08,2.746263514475472314e-08,2.729268714829091612e-08,2.710509210278323918e-08,2.690061540721349169e-08,2.668001636780891645e-08,2.644405064063452431e-08,2.619347243850666048e-08,2.592903648087121027e-08,2.565149968243316335e-08,2.536162259091597980e-08,2.506017059619334677e-08,2.474791494218279862e-08,2.442563357946794996e-08,2.409411190085982926e-08,2.375414340431062168e-08,2.340653032805505793e-08,2.305208430187018154e-08,2.269162705617007588e-08,2.232599122749756281e-08,2.195602129498947921e-08,2.158257467765652868e-08,2.120652301684295508e-08,2.082871194883823551e-08,2.044978537113039298e-08,2.007011377300064971e-08,1.968975829742851419e-08,1.930843215547189689e-08,1.892546002009604869e-08,1.853973605220241998e-08,1.814968106371896463e-08,1.775319896299388240e-08,1.734763201895299686e-08,1.692971358827807458e-08,1.649551574413153531e-08,1.604038769923809341e-08,1.555887900819966774e-08,1.504463925500183051e-08,1.449028332214554607e-08,1.388720858692679840e-08,1.322534807727793034e-08,1.249284325272073791e-08,1.167562524683850109e-08,1.075691221186616242e-08,9.716680633317592005e-09,8.531290146770165207e-09,7.173737564529019792e-09,5.615861640079425415e-09,3.837600111461801785e-09,1.888157960785969888e-09,1.202837900133420208e-09,3.508824066963025429e-09,6.312103730032346918e-09,9.308520121146644119e-09,1.244495707611332131e-08,1.577529197958428027e-08,1.935589107653693071e-08,2.299432122513390652e-08,2.629269488044522494e-08,2.915469532448217956e-08,3.153581729178223353e-08
3.305826317934640040e-08,3.338447227347029914e-08,3.271258337338654182e-08,3.186612527495181714e-08,3.084729477196467807e-08,2.971309150950414360e-08,2.892434403867125142e-08,2.878399681872459024e-08,2.923238604569205804e-08,3.003004804368900682e-08,3.094622199927874078e-08,3.182738148862366450e-08,3.259407909218615842e-08,3.321794070790585416e-08,3.369999289825754410e-08,3.405535255152547517e-08,3.430393066199282771e-08,3.446549761432176315e-08,3.455748921486558715e-08,3.459434465308159532e-08,3.458759878565195298e-08,3.454628105091596177e-08,3.447738863628560743e-08,3.438632753285606839e-08,3.427728246811692105e-08,3.415350949137677789e-08,3.401755900622036742e-08,3.387144162525446715e-08,3.371674945817587680e-08,3.355474394026694158e-08,3.338641930902959783e-08,3.321254888392506612e-08,3.303371959849979198e-08,3.285035882112766347e-08,3.266275636304069788e-08,3.247108367316581948e-08,3.227541151970979491e-08,3.207572692447742853e-08,3.187194971997061620e-08,3.166394881967934980e-08,3.145155811175731602e-08,3.123459179236010065e-08,3.101285983088847204e-08,3.078618054196231147e-08,3.055438235043349107e-08,3.031730362487724211e-08,3.007479249122069343e-08,2.982670661416452379e-08,2.957291293342333764e-08,2.931328734136768932e-08,2.904771428848426914e-08,2.877608630327798287e-08,2.849830341393239058e-08,2.821427246034215851e-08,2.792390628715377327e-08,2.762712281131932406e-08,2.732384396148659998e-08,2.701399449139844937e-08,2.669750067540112086e-08,2.637428890115969024e-08,2.604428418268265566e-08,2.570740862563138678e-08,2.536357988642296325e-08,2.501270967654715868e-08,2.465470237347841160e-08,2.428945380921074120e-08,2.391685031643355615e-08,2.353676812041657259e-08,2.314907317162038398e-08,2.275362151990650833e-08,2.235026033621797429e-08,2.193882969221987905e-08,2.151916521337439088e-08,2.109110172727917688e-08,2.065447803806991338e-08,2.020914297074375507e-08,1.975496284807335022e-08,1.929183058921484585e-08,1.881967665521986976e-08,1.833848211468569675e-08,1.784829416516691144e-08,1.734924452539011259e-08,1.684157121266796188e-08,1.632564434237362474e-08,1.580199673535620947e-08,1.527136029841691422e-08,1.473470935612012580e-08,1.419331236256786748e-08,1.364879371133498737e-08,1.310320768989244018e-08,1.255912698640113678e-08,1.201974854104316873e-08,1.148901992849669394e-08,1.097178986819311520e-08,1.047398697275819868e-08,1.000283180686070345e-08,9.567089747863080029e-09,9.177378540947920148e-09,8.846560377889389668e-09,8.590284462408195577e-09,8.427819535561468751e-09,8.383447642809766555e-09,8.488892866813784861e-09,8.787512345433868626e-09,9.341211247183489131e-09,1.024116126986774488e-08,1.162339048656658486e-08,1.369041969603206782e-08,1.674090482525201117e-08,1.561339689635045403e-08,1.135602774217952412e-08,7.818868210968871271e-09,1.049992831930028101e-08,1.513734900952417137e-08,1.772870335892270135e-08,1.765765941774032652e-08,1.592324996240167323e-08,1.411151201570315624e-08,1.285638735902345489e-08,1.138929051912939397e-08,9.825877711295471051e-09,1.136187268720325475e-08,1.703766180449584061e-08,2.336589929321940687e-08,2.734730567641390748e-08,2.723278574905736162e-08,2.256004112127442994e-08,1.417252913102952111e-08,3.972139666725674485e-09,5.617026601555540585e-09,1.229339363417542794e-08,1.455905773571972025e-08,1.212622418149838922e-08,1.012450953170013078e-08,8.679595223940131227e-09,7.855034765773381555e-09,7.632230735169991702e-09,7.899841730433434309e-09,8.503037131026358951e-09,9.306122928267259833e-09,1.021592535075356037e-08,1.117547671869752330e-08,1.215132701935134525e-08,1.312381343427166674e-08,1.408109805214416413e-08,1.501578819995818328e-08,1.592306688290836689e-08,1.679966042049581421e-08,1.764326319127375648e-08,1.845221196016342852e-08,1.922529733334098919e-08,1.996165122454416434e-08,2.066067688530445160e-08,2.132200303828811755e-08,2.194545183016300610e-08,2.253101481753951105e-08,2.307883369353222780e-08,2.358918385951999210e-08,2.406245974028507553e-08,2.449916120118078210e-08,2.489988070158729803e-08,2.526529099072247960e-08,2.559613326374886674e-08,2.589320577142784665e-08,2.615735292752628667e-08,2.638945499110953727e-08,2.659041841917915815e-08,2.676116699098989962e-08,2.690263380056496617e-08,2.701575420018083781e-08,2.710145975681853491e-08,2.716067325782007292e-08,2.719430477335992681e-08,2.720324875392699812e-08,2.718838211276995081e-08,2.715056321792263396e-08,2.709063169741639160e-08,2.700940894563149145e-08,2.690769920902732498e-08,2.678629112584691352e-08,2.664595959650871171e-08,2.648746786860415418e-08,2.631156973177030113e-08,2.611901173210751765e-08,2.591053533212300849e-08,2.568687895932084712e-08,2.544877990357481927e-08,2.519697603953709207e-08,2.493220736497348475e-08,2.465521735869140214e-08,2.436675417243081148e-08,2.406757167966399457e-08,2.375843041075415027e-08,2.344009840849257241e-08,2.311335204086142486e-08,2.277897680916233975e-08,2.243776818961952624e-08,2.209053254539650312e-08,2.173808814380712703e-08,2.138126631045559788e-08,2.102091274814739129e-08,2.065788904365095929e-08,2.029303270882411525e-08,1.992698150714765717e-08,1.956010114887790578e-08,1.919244851648619245e-08,1.882373212933356423e-08,1.845327046653557293e-08,1.807994880225369725e-08,1.770217507008101276e-08,1.731783492303315048e-08,1.692424555412487962e-08,1.651810695493194819e-08,1.609544808724854608e-08,1.565156390425696764e-08,1.518093727066352369e-08,1.467713760698702806e-08,1.413268559698475355e-08,1.353887079697947043e-08,1.288550714196574983e-08,1.216061178524149894e-08,1.134999912059859266e-08,1.043680212426387836e-08,9.400983718494338101e-09,8.219015963072858320e-09,6.864165703589031792e-09,5.308515792970798748e-09,3.530882313853034036e-09,1.571932875580915560e-09,1.206951393727755442e-09,3.622431729501080145e-09,6.393056782147365806e-09,9.340844943727678118e-09,1.244337894180579021e-08,1.576574797446452034e-08,1.934068208776450040e-08,2.294796340142518554e-08,2.622481676739574582e-08,2.911496456708811954e-08,3.150677410462004322e-08
3.301393888723241007e-08,3.334999715688871955e-08,3.265668068653383215e-08,3.175457879744057765e-08,3.071829620461617997e-08,2.955468871269794765e-08,2.867711708764177465e-08,2.841070034619453743e-08,2.873904870504763883e-08,2.944628526642594436e-08,3.030461337630701764e-08,3.115438160838710001e-08,3.190831231054435801e-08,3.253127178658029742e-08,3.301925449675312697e-08,3.338396198430544976e-08,3.364315991243476982e-08,3.381537359082731017e-08,3.391738494361897128e-08,3.396334317787833962e-08,3.396470356760211958e-08,3.393052907612038263e-08,3.386790498061640084e-08,3.378234636155628697e-08,3.367814979536756720e-08,3.355867673691708806e-08,3.342657249025171935e-08,3.328393081717007243e-08,3.313241544701636887e-08,3.297334883390234700e-08,3.280777684990038515e-08,3.263651634401146072e-08,3.246019089857894718e-08,3.227925876010088740e-08,3.209403581495722961e-08,3.190471559800936221e-08,3.171138763162031863e-08,3.151405486421783376e-08,3.131265058536259735e-08,3.110705491747217991e-08,3.089711080622658973e-08,3.068263933907640590e-08,3.046345544439186100e-08,3.023938171256203585e-08,3.001025043621749677e-08,2.977590338607113914e-08,2.953619156956906630e-08,2.929097496131808252e-08,2.904012219392863315e-08,2.878351019777864045e-08,2.852102377833805425e-08,2.825255512017883321e-08,2.797800320771963509e-08,2.769727315421217905e-08,2.741027543256020826e-08,2.711692500435791153e-08,2.681714034711743315e-08,2.651084238407191370e-08,2.619795332621446938e-08,2.587839544234205752e-08,2.555208977974921400e-08,2.521895486574174870e-08,2.487890542814269309e-08,2.453185118122788356e-08,2.417769573180871475e-08,2.381633566822147031e-08,2.344765990255384904e-08,2.307154934336720016e-08,2.268787698238487278e-08,2.229650848417576512e-08,2.189730337300045248e-08,2.149011691612574549e-08,2.107480280867115747e-08,2.065121677223744336e-08,2.021922118917029165e-08,1.977869090747299155e-08,1.932952036936624053e-08,1.887163224066578088e-08,1.840498774993049393e-08,1.792959898716178000e-08,1.744554346310446367e-08,1.695298129317738320e-08,1.645217544578502296e-08,1.594351558387457202e-08,1.542754613114392261e-08,1.490499930940610060e-08,1.437683401911451307e-08,1.384428156708646872e-08,1.330889937822786806e-08,1.277263395438205339e-08,1.223789445759674774e-08,1.170763840150637222e-08,1.118547106952054694e-08,1.067576056106541811e-08,1.018377110802053204e-08,9.715819225420945409e-09,9.279461908230064847e-09,8.883736512242028937e-09,8.539493683079742418e-09,8.259906616806246251e-09,8.061314076503904316e-09,7.964672524816451041e-09,7.998055955785265157e-09,8.200826425050542181e-09,8.630243509287995903e-09,9.371316240136566753e-09,1.055065480263865532e-08,1.235524379138215155e-08,1.505792634551095410e-08,1.403693327792907803e-08,1.039813629940362624e-08,7.875537193018842354e-09,1.051022952227297439e-08,1.447196699779157986e-08,1.664613022237358860e-08,1.679208076726846815e-08,1.620079826071567815e-08,1.625152297328927826e-08,1.666269295730354054e-08,1.602171701275357185e-08,1.397199376834120787e-08,1.288283806365704716e-08,1.605779959971470498e-08,2.160735882490618134e-08,2.573728725286706808e-08,2.616397820869647558e-08,2.215634439620778116e-08,1.439981039280953964e-08,4.861017250270210317e-09,5.294959007565444936e-09,1.183896158728432519e-08,1.430179502174580617e-08,1.215705336941817794e-08,1.041680875580590394e-08,9.175513772708030436e-09,8.460184428497432750e-09,8.234601765583257440e-09,8.408712297036936805e-09,8.870703779216779766e-09,9.520462253582702366e-09,1.028388334811077210e-08,1.111131598617676890e-08,1.197077618498611925e-08,1.284170077302004421e-08,1.371060372648554787e-08,1.456835963738193198e-08,1.540857355891665107e-08,1.622661322820109453e-08,1.701903099936447219e-08,1.778321256197358685e-08,1.851715786240213184e-08,1.921933981290230764e-08,1.988860945034914536e-08,2.052412937283801638e-08,2.112532479994323213e-08,2.169184591724473927e-08,2.222353766350826641e-08,2.272041458263092513e-08,2.318263923506369052e-08,2.361050319604040147e-08,2.400441000320488754e-08,2.436485963509916106e-08,2.469243425029247185e-08,2.498778502053066857e-08,2.525161996470451564e-08,2.548469274192799445e-08,2.568779239646097538e-08,2.586173406776409309e-08,2.600735068800465706e-08,2.612548568889540301e-08,2.621698673181274085e-08,2.628270046165799815e-08,2.632346826782115770e-08,2.634012301673497464e-08,2.633348670158535410e-08,2.630436893728334164e-08,2.625356621405120661e-08,2.618186181185678183e-08,2.609002627102146512e-08,2.597881831184342365e-08,2.584898609789634661e-08,2.570126874337108885e-08,2.553639797379138015e-08,2.535509986088035390e-08,2.515809656545455571e-08,2.494610803616143647e-08,2.471985362591862782e-08,2.448005360143294686e-08,2.422743053368986436e-08,2.396271056846245334e-08,2.368662458548207868e-08,2.339990926284542946e-08,2.310330806950369618e-08,2.279757221335925079e-08,2.248346157569743207e-08,2.216174566454574543e-08,2.183320462021925223e-08,2.149863030590677011e-08,2.115882751477368464e-08,2.081461532275989066e-08,2.046682861303683185e-08,2.011631979389965776e-08,1.976391910364083862e-08,1.941025902340882713e-08,1.905570136516283138e-08,1.870029968663612952e-08,1.834375883462117261e-08,1.798539222884177744e-08,1.762407754392338258e-08,1.725821132059050500e-08,1.688566269804059754e-08,1.650372586767561839e-08,1.610906996944169626e-08,1.569768395951267996e-08,1.526481245620898838e-08,1.480487672013150448e-08,1.431137277770408075e-08,1.377673636831156792e-08,1.319216219427219813e-08,1.254736364378653761e-08,1.183026048590983295e-08,1.102658975828205902e-08,1.011945683021679149e-08,9.088894274250003766e-09,7.911603849902872705e-09,6.561279567837995819e-09,5.010430165235103183e-09,3.236733895469560583e-09,1.267589999174487773e-09,1.272895512998328586e-09,3.738919964282105144e-09,6.469280467580901658e-09,9.369353836950116278e-09,1.244128211486995716e-08,1.575510765887724595e-08,1.931764162253813679e-08,2.288903438930765998e-08,2.614746618802746278e-08,2.906491002623664731e-08,3.146226774337253553e-08
3.295778805382981231e-08,3.330123658198026826e-08,3.259409603704083489e-08,3.163721495773030279e-08,3.058064123481346353e-08,2.939394687484602617e-08,2.843872519457115326e-08,2.805347559711059777e-08,2.826291574856250085e-08,2.887720655722508179e-08,2.967402256029301001e-08,3.048887599009427005e-08,3.122713348930197405e-08,3.184700229805229370e-08,3.233938794531354837e-08,3.271246025457330029e-08,3.298171224561526006e-08,3.316430981168037377e-08,3.327628876050363360e-08,3.333143892170930730e-08,3.334108624998977185e-08,3.331429281891455385e-08,3.325820879938492121e-08,3.317844303872634632e-08,3.307939400071069486e-08,3.296452215193975517e-08,3.283656363453050711e-08,3.269769279697046164e-08,3.254964337707283556e-08,3.239379783202524089e-08,3.223125302091123554e-08,3.206286890026422155e-08,3.188930541693731378e-08,3.171105149616353639e-08,3.152844895421190391e-08,3.134171330373940555e-08,3.115095274183923408e-08,3.095618608999630679e-08,3.075736006816589394e-08,3.055436601209661751e-08,3.034705596754015396e-08,3.013525800402271932e-08,2.991879214901468613e-08,2.969748542266471608e-08,2.947117415111563975e-08,2.923970369478340759e-08,2.900292816260913541e-08,2.876071010242603189e-08,2.851292015749601541e-08,2.825943667937222685e-08,2.800014528759753605e-08,2.773493836742166040e-08,2.746371449778251102e-08,2.718637780332317896e-08,2.690283722627340740e-08,2.661300571667617123e-08,2.631679934273420902e-08,2.601413632701622105e-08,2.570493601890218244e-08,2.538911781893213703e-08,2.506660007658806754e-08,2.473729898938309823e-08,2.440112753781641843e-08,2.405799449761173369e-08,2.370780357750711936e-08,2.335045273752566493e-08,2.298583374897296653e-08,2.261383206327788013e-08,2.223432706219315009e-08,2.184719276689017917e-08,2.145229908832888208e-08,2.104951370631578741e-08,2.063870467038153478e-08,2.021974382265211555e-08,1.979251115201822090e-08,1.935690020098448440e-08,1.891282466252847743e-08,1.846022632506704891e-08,1.799908455013165826e-08,1.752942750041195906e-08,1.705134537606512122e-08,1.656500596492064502e-08,1.607067286728099865e-08,1.556872681760335725e-08,1.505969059171844091e-08,1.454425805652706196e-08,1.402332798515711698e-08,1.349804331911569239e-08,1.296983660478725207e-08,1.244048236260012956e-08,1.191215717187644139e-08,1.138750830847854956e-08,1.086973195240630196e-08,1.036266251147324308e-08,9.870875955472337925e-09,9.399813149532668391e-09,8.955935728761698830e-09,8.546940019377706176e-09,8.182078527411797983e-09,7.872679987213231316e-09,7.633024870763538737e-09,7.481827423772320463e-09,7.444691182823888884e-09,7.558017791711314061e-09,7.874920770377579260e-09,8.473722806358164764e-09,9.469730313557068196e-09,1.103148428689393052e-08,1.340371014842655345e-08,1.249476389182547319e-08,9.457904112396615297e-09,7.790552649322483413e-09,1.025236376998007693e-08,1.347120371435857073e-08,1.511285322278433653e-08,1.541832590701882517e-08,1.605722865233369857e-08,1.799457519114339728e-08,1.999528216699795062e-08,2.023267773384371236e-08,1.810594739527826107e-08,1.523324689406062394e-08,1.543208799301888389e-08,1.947573717322247357e-08,2.347852591160304849e-08,2.438610581529371399e-08,2.108000761590639195e-08,1.406644526060395800e-08,5.503060315853795641e-09,5.864159438611752839e-09,1.195106442607105005e-08,1.440892825022523927e-08,1.236498070226085569e-08,1.076296731909735173e-08,9.638207926771927283e-09,8.978781430298832074e-09,8.734248713384879674e-09,8.827068000647873068e-09,9.171643322282837632e-09,9.691641255153294508e-09,1.032778909972122906e-08,1.103752818043747576e-08,1.179130836432625968e-08,1.256868302332442676e-08,1.335529713406525793e-08,1.414083315334081833e-08,1.491768176715126105e-08,1.568009657366739653e-08,1.642365497256974251e-08,1.714490881698456210e-08,1.784115232782731665e-08,1.851026307319983236e-08,1.915058921022766671e-08,1.976086666189516367e-08,2.034015616838010025e-08,2.088779390848126511e-08,2.140335165584565585e-08,2.188660382399653155e-08,2.233749962111623744e-08,2.275613909013773575e-08,2.314275217529456812e-08,2.349768020537352442e-08,2.382135935916982310e-08,2.411430580521990500e-08,2.437710230071853047e-08,2.461038610263306379e-08,2.481483809306769098e-08,2.499117305469951910e-08,2.514013105342310999e-08,2.526246989650759785e-08,2.535895863765712839e-08,2.543037209729568311e-08,2.547748635899351703e-08,2.550107519291814149e-08,2.550190734608071079e-08,2.548074462831751876e-08,2.543834071352242469e-08,2.537544056848749121e-08,2.529278041738749501e-08,2.519108814874347744e-08,2.507108407363324274e-08,2.493348194875969852e-08,2.477899018533601334e-08,2.460831317406816736e-08,2.442215266721609199e-08,2.422120917019181489e-08,2.400618330684212094e-08,2.377777713397122546e-08,2.353669539138653828e-08,2.328364668349720096e-08,2.301934459706137125e-08,2.274450876695311058e-08,2.245986590776692408e-08,2.216615083372131124e-08,2.186410749272124666e-08,2.155449004267845947e-08,2.123806399935225658e-08,2.091560748514062254e-08,2.058791260746999752e-08,2.025578699371804082e-08,1.992005550691902025e-08,1.958156216275566914e-08,1.924113069432366530e-08,1.889938908014455111e-08,1.855669605688443090e-08,1.821310275384500137e-08,1.786831134782619987e-08,1.752163134558547317e-08,1.717193415693106335e-08,1.681760650733806885e-08,1.645650291252105452e-08,1.608589685820990352e-08,1.570242946253314219e-08,1.530205322255583629e-08,1.487996695207029753e-08,1.443053621886221576e-08,1.394719154424344640e-08,1.342229449074121910e-08,1.284695991147606190e-08,1.221082192620485724e-08,1.150173348396229185e-08,1.070539848041312762e-08,9.804958676504708136e-09,8.780608388503203862e-09,7.609410265263358106e-09,6.265671285909213945e-09,4.722593005087486314e-09,2.957050843997860947e-09,9.786966137860206938e-10,1.386418428548549789e-09,3.857011042719648860e-09,6.541645032141873804e-09,9.395462384714695806e-09,1.243945213624197549e-08,1.574285908811941381e-08,1.928593068789263102e-08,2.281770874203434852e-08,2.606078676275920958e-08,2.900328462719975303e-08,3.140149491922742126e-08
3.288865783638257740e-08,3.323707982450422383e-08,3.252338921430165942e-08,3.151411403942842096e-08,3.043432546600466613e-08,2.922974222309132076e-08,2.820791686420120318e-08,2.771196933916523389e-08,2.780455237214377909e-08,2.832382145868583604e-08,2.905551299531695586e-08,2.983178579653217425e-08,3.055124882652012509e-08,3.116561127163854382e-08,3.166066124155835397e-08,3.204093305865345552e-08,3.231952368980512759e-08,3.251212417013723483e-08,3.263392827381954326e-08,3.269829241338003016e-08,3.271635885600621071e-08,3.269715024321553805e-08,3.264785499780544254e-08,3.257415765047173036e-08,3.248054643655134356e-08,3.237057278899575356e-08,3.224705837426438249e-08,3.211225462506885498e-08,3.196796297574890102e-08,3.181562435282954699e-08,3.165638557652246970e-08,3.149114901766448671e-08,3.132061051472605451e-08,3.114528934783629806e-08,3.096555304356539323e-08,3.078163894919930952e-08,3.059367385291242215e-08,3.040169241543632619e-08,3.020565479855937738e-08,3.000546360743525378e-08,2.980098009148919021e-08,2.959203945976728057e-08,2.937846704730500015e-08,2.916009452397291150e-08,2.893676247747567178e-08,2.870832010324980983e-08,2.847462488374573859e-08,2.823554224827285947e-08,2.799094520468482810e-08,2.774071393445754167e-08,2.748473534321799425e-08,2.722290255957152807e-08,2.695511437620384903e-08,2.668127462875853940e-08,2.640129150995982822e-08,2.611507681890879682e-08,2.582254514845768414e-08,2.552361301707596237e-08,2.521819795565446171e-08,2.490621756421842460e-08,2.458758855847461285e-08,2.426222583141605330e-08,2.393004156073707142e-08,2.359094439844183137e-08,2.324483878462395212e-08,2.289162443282210004e-08,2.253119603951166963e-08,2.216344327511321780e-08,2.178825111838751555e-08,2.140550060033098096e-08,2.101507002786535809e-08,2.061683676201978662e-08,2.021067963032287811e-08,1.979648205924848774e-08,1.937413602036008031e-08,1.894354689390502248e-08,1.850463936667166902e-08,1.805736449757222115e-08,1.760170810521200778e-08,1.713770065706812172e-08,1.666542887001669803e-08,1.618504926667654248e-08,1.569680397078855864e-08,1.520103906647729384e-08,1.469822588897180758e-08,1.418898565589255684e-08,1.367411788614307708e-08,1.315463308653029994e-08,1.263179021719534075e-08,1.210713948838550105e-08,1.158257112726780457e-08,1.106037096227725559e-08,1.054328416525737379e-08,1.003458958130760750e-08,9.538189336678217276e-09,9.058722840367738607e-09,8.601722494147927866e-09,8.173842769289088832e-09,7.783217795256184590e-09,7.440037959411612673e-09,7.157483281276268249e-09,6.953203670507929789e-09,6.851576778275067198e-09,6.886986508662149076e-09,7.108383067941746376e-09,7.585587793239062615e-09,8.418518482151673636e-09,9.751790365511656870e-09,1.179808850094034480e-08,1.098038112378974794e-08,8.508947610971005784e-09,7.599170628883109351e-09,9.854278841453385097e-09,1.227102123743125908e-08,1.320671742033591241e-08,1.353233864035812099e-08,1.543719457253708124e-08,1.922145387881087985e-08,2.272583051366352988e-08,2.386963178278221876e-08,2.189720953462445670e-08,1.790036379369888383e-08,1.529389067542674146e-08,1.712740377560984654e-08,2.066312433481206091e-08,2.195902694305720457e-08,1.935011431576839473e-08,1.313123932971792640e-08,5.711101193400611445e-09,6.822710177654443225e-09,1.247854842024418215e-08,1.480210781864318566e-08,1.270900201668245997e-08,1.114003776437948819e-08,1.005743146979326380e-08,9.409074376099654119e-09,9.130056803405748688e-09,9.148250951110150844e-09,9.393176583140145201e-09,9.803605048972886830e-09,1.033082523609660736e-08,1.093811218865428594e-08,1.159843942804160654e-08,1.229197557569102029e-08,1.300402199734252569e-08,1.372350667962225432e-08,1.444194266522448281e-08,1.515272177575936371e-08,1.585063519258983844e-08,1.653154347398084901e-08,1.719214445264860907e-08,1.782980572277198856e-08,1.844244043174485138e-08,1.902841272790838988e-08,1.958646400923626546e-08,2.011565412489487753e-08,2.061531358242485086e-08,2.108500403252281385e-08,2.152448510155096579e-08,2.193368617769648988e-08,2.231268212668812113e-08,2.266167217596044008e-08,2.298096139810359916e-08,2.327094436750177032e-08,2.353209067206721518e-08,2.376493204373318412e-08,2.397005093270933556e-08,2.414807039550798395e-08,2.429964519848390890e-08,2.442545405957587157e-08,2.452619296323749229e-08,2.460256948912173661e-08,2.465529809569692918e-08,2.468509629722796717e-08,2.469268166789255532e-08,2.467876960147132419e-08,2.464407175009215228e-08,2.458929506173447841e-08,2.451514133417921064e-08,2.442230720315832503e-08,2.431148448472608256e-08,2.418336079625855101e-08,2.403862038675150389e-08,2.387794511487843929e-08,2.370201552217466683e-08,2.351151195829200403e-08,2.330711572509630278e-08,2.308951021607319431e-08,2.285938203674503943e-08,2.261742210033001911e-08,2.236432670051312746e-08,2.210079856983553464e-08,2.182754793778722351e-08,2.154529360720025616e-08,2.125476407100830882e-08,2.095669869390310174e-08,2.065184898492417681e-08,2.034097998759843532e-08,2.002487181391113094e-08,1.970432134711503687e-08,1.938014413609799329e-08,1.905317650060155581e-08,1.872423635352043223e-08,1.839394787809289645e-08,1.806266750239749622e-08,1.773044478825522987e-08,1.739698023612658768e-08,1.706158061016317064e-08,1.672311245471671343e-08,1.637995437294324687e-08,1.602994832641400149e-08,1.567034965118497641e-08,1.529777463788257913e-08,1.490814337158057846e-08,1.449661407139899794e-08,1.405750343965923377e-08,1.358418561098954014e-08,1.306896038241717432e-08,1.250287995098599612e-08,1.187552334244835157e-08,1.117471105528027156e-08,1.038616302993947984e-08,9.493127968013364591e-09,8.476063141618209005e-09,7.312538319180921231e-09,5.977693586608154097e-09,4.445805638271290945e-09,2.693860616761221784e-09,7.131626215993966595e-10,1.532481227744206469e-09,3.976013584971837756e-09,6.611259774519786198e-09,9.420583981183136798e-09,1.243846749981249179e-08,1.572832167242158853e-08,1.924475441908489546e-08,2.273416286370936399e-08,2.596461217494750507e-08,2.892855859885602452e-08,3.132345582788579205e-08
3.280499916169128855e-08,3.315622805400851722e-08,3.244279761917568416e-08,3.138506791629438564e-08,3.027935781792945833e-08,2.906101112112518024e-08,2.798336915913719344e-08,2.738571626939197980e-08,2.736450515676102107e-08,2.778722811899896640e-08,2.845028995454593212e-08,2.918417879039002001e-08,2.988149033865926910e-08,3.048767313747445956e-08,3.098340574064685345e-08,3.136949938979612981e-08,3.165653701960764623e-08,3.185861878216045895e-08,3.198999679975064431e-08,3.206351507616354432e-08,3.209007274503587475e-08,3.207860985709144036e-08,3.203632252581151758e-08,3.196894969291442260e-08,3.188105472538403752e-08,3.177627001481286536e-08,3.165749593092013812e-08,3.152705634008523014e-08,3.138681719287383542e-08,3.123827569946956058e-08,3.108262713064569145e-08,3.092081522322356229e-08,3.075357098018629549e-08,3.058144353744482034e-08,3.040482579904350195e-08,3.022397673933651186e-08,3.003904162790231932e-08,2.985007093474755173e-08,2.965703830158510911e-08,2.945985770251872168e-08,2.925839974931182598e-08,2.905250700995743527e-08,2.884201039954739766e-08,2.862674651854485905e-08,2.840656050062401981e-08,2.818130567258933143e-08,2.795084320714078513e-08,2.771504176056711281e-08,2.747377708768473830e-08,2.722693162674029835e-08,2.697439404759673385e-08,2.671605875737379620e-08,2.645182535885355627e-08,2.618159805843324618e-08,2.590528502224604738e-08,2.562279768130420003e-08,2.533404998916421832e-08,2.503895763867339997e-08,2.473743724781544215e-08,2.442940552849422322e-08,2.411477845622465080e-08,2.379347046305999598e-08,2.346539368058511822e-08,2.313045726433882222e-08,2.278856683549054549e-08,2.243962407988762822e-08,2.208352654863243706e-08,2.172016770810321427e-08,2.134943729080730385e-08,2.097122200172266081e-08,2.058540663798491718e-08,2.019187568313437114e-08,1.979051544093983142e-08,1.938121677842826081e-08,1.896387855357984291e-08,1.853841181064298144e-08,1.810474483562988543e-08,1.766282917668844153e-08,1.721264674905822748e-08,1.675421816244108582e-08,1.628761242992617251e-08,1.581295824199158950e-08,1.533045701625944169e-08,1.484039796321247602e-08,1.434317543976407531e-08,1.383930889699494208e-08,1.332946576824455220e-08,1.281448769654308293e-08,1.229542058324423444e-08,1.177354908851663399e-08,1.125043649945852261e-08,1.072797143484211066e-08,1.020842391361503285e-08,9.694515284469112717e-09,9.189510061118513522e-09,8.697343843831124870e-09,8.222811600492235076e-09,7.771856072905271052e-09,7.352017423435691879e-09,6.973129197681767235e-09,6.648360003754308913e-09,6.395677495218674802e-09,6.239714470951890096e-09,6.213858884076285943e-09,6.362395729174576396e-09,6.743286945990053431e-09,7.434209200431896090e-09,8.546922024809355461e-09,1.025527282432914284e-08,9.476314605710376159e-09,7.518408321852337656e-09,7.342315020235603868e-09,9.454233858088010648e-09,1.105693656830120377e-08,1.105676989512889926e-08,1.114875474442505233e-08,1.433319706233349701e-08,1.987553798568499139e-08,2.476583547713041852e-08,2.680281139408917707e-08,2.512416861047692206e-08,2.046201097874738589e-08,1.558234501980287687e-08,1.470208948772357460e-08,1.738107038757203270e-08,1.896885546796740224e-08,1.703077673664990999e-08,1.160742097560576165e-08,5.447464049647467796e-09,7.795533002661169886e-09,1.320478829566202512e-08,1.534653558760943586e-08,1.311338421615519610e-08,1.150419496349472882e-08,1.040951690837320533e-08,9.739599661125970127e-09,9.414954237631493953e-09,9.363998430800357795e-09,9.524103922412934971e-09,9.843000178044276614e-09,1.027890371495401563e-08,1.079935511034136436e-08,1.137945781130129477e-08,1.200012364902101566e-08,1.264661224674076479e-08,1.330741998431776684e-08,1.397347065323134543e-08,1.463753486129411223e-08,1.529381277778509624e-08,1.593763064113286113e-08,1.656521613663559193e-08,1.717352887899885619e-08,1.776012997592574534e-08,1.832307982801017551e-08,1.886085673284772752e-08,1.937229110881460685e-08,1.985651164798669970e-08,2.031290071707434565e-08,2.074105702174346004e-08,2.114076404188706441e-08,2.151196310189270916e-08,2.185473020420046237e-08,2.216925595424509046e-08,2.245582805819373185e-08,2.271481599355461478e-08,2.294665754472893660e-08,2.315184696648916174e-08,2.333092459227884608e-08,2.348446774429188775e-08,2.361308283106851438e-08,2.371739853802385447e-08,2.379806002882357665e-08,2.385572408255279392e-08,2.389105509472355518e-08,2.390472187068763441e-08,2.389739513913592720e-08,2.386974571205049422e-08,2.382244321650347298e-08,2.375615532363692686e-08,2.367154740137764595e-08,2.356928252012219398e-08,2.345002174478944476e-08,2.331442465216401042e-08,2.316315001913015162e-08,2.299685663494091111e-08,2.281620419877057092e-08,2.262185427214560332e-08,2.241447126414778310e-08,2.219472343527748203e-08,2.196328391334722659e-08,2.172083172158870331e-08,2.146805282519196193e-08,2.120564120769010910e-08,2.093429999292654405e-08,2.065474263179064801e-08,2.036769417549027707e-08,2.007389265885521461e-08,1.977409061803303500e-08,1.946905676692371288e-08,1.915957785574127148e-08,1.884646073308266352e-08,1.853053462966109486e-08,1.821261223798347645e-08,1.789331458080367363e-08,1.757299649087182550e-08,1.725170679481748225e-08,1.692914531279300718e-08,1.660461727727319370e-08,1.627698585382384791e-08,1.594462336094256359e-08,1.560536149135727702e-08,1.525644029291758446e-08,1.489445484253485491e-08,1.451529742681940249e-08,1.411409163756491953e-08,1.368511314616740616e-08,1.322169015255652960e-08,1.271607485760692435e-08,1.215927629941966029e-08,1.154084557933629640e-08,1.084860896976458770e-08,1.006835656836792921e-08,9.183520934652710984e-09,8.174932401852448189e-09,7.020829604303472399e-09,5.697445273983738876e-09,4.180661953724348569e-09,2.449370039485332321e-09,4.930673165190824187e-10,1.699138553628243854e-09,4.095743013060567161e-09,6.679423756848111694e-09,9.446081354450320341e-09,1.243868493056719252e-08,1.571068473847119217e-08,1.919340273125841704e-08,2.263857356809838488e-08,2.585846594410133978e-08,2.883895936783442476e-08,3.122696293595942262e-08
3.270487550329747847e-08,3.305719567327063854e-08,3.235025256108287234e-08,3.124954596770702053e-08,3.011574143090660776e-08,2.888676087033934545e-08,2.776368604246811984e-08,2.707410664926810714e-08,2.694326493914195020e-08,2.726860040553030379e-08,2.785971717074704071e-08,2.854730697096906347e-08,2.921886478272418901e-08,2.981391108400639133e-08,3.030806983018441105e-08,3.069836322713369260e-08,3.099275026434377400e-08,3.120362479361717548e-08,3.134419435730858164e-08,3.142670654084886022e-08,3.146175250545555684e-08,3.145814150641485179e-08,3.142304240788231307e-08,3.136222366091760867e-08,3.128030620315804440e-08,3.118099107069280749e-08,3.106724871724652492e-08,3.094146940267683554e-08,3.080557934697203798e-08,3.066112904534563469e-08,3.050936009409834698e-08,3.035125608881752613e-08,3.018758213332711964e-08,3.001891648020030759e-08,2.984567691455935083e-08,2.966814372722519652e-08,2.948648050421895475e-08,2.930075347687968444e-08,2.911094981557182620e-08,2.891699499473120876e-08,2.871876919373890764e-08,2.851612261466819999e-08,2.830889208396857394e-08,2.809691946882020027e-08,2.788005478332567644e-08,2.765815582621156883e-08,2.743108781473072099e-08,2.719872300762447967e-08,2.696094031034166498e-08,2.671762485619215010e-08,2.646866755777049436e-08,2.621396462385343476e-08,2.595341703808558059e-08,2.568692999715103894e-08,2.541441230780795222e-08,2.513577574415551704e-08,2.485093436881489477e-08,2.455980382433052829e-08,2.426230060401671197e-08,2.395834131464828981e-08,2.364784194677320761e-08,2.333071717193860061e-08,2.300687968969411226e-08,2.267623965077629427e-08,2.233870418630106922e-08,2.199417707601533581e-08,2.164255859162237321e-08,2.128374555386318624e-08,2.091763164441024923e-08,2.054410801575853170e-08,2.016306424428142060e-08,1.977438967360812996e-08,1.937797519767807283e-08,1.897371553548559697e-08,1.856151205292631538e-08,1.814127619159555264e-08,1.771293357017308128e-08,1.727642883144326228e-08,1.683173131730552846e-08,1.637884166555479784e-08,1.591779943597979197e-08,1.544869188973726704e-08,1.497166406556709868e-08,1.448693032040330009e-08,1.399478753285087651e-08,1.349563021108050629e-08,1.298996781233006721e-08,1.247844468925173964e-08,1.196186326565836531e-08,1.144121137743038119e-08,1.091769531099997951e-08,1.039278113416621430e-08,9.868248779857258055e-09,9.346266555924971853e-09,8.829499137467201560e-09,8.321270784904470805e-09,7.825818765829488394e-09,7.348690218537827089e-09,6.897356039975073731e-09,6.482124931023001754e-09,6.117403936075456643e-09,5.823196494850083555e-09,5.626371868950204547e-09,5.560772440168345866e-09,5.665345798502470554e-09,5.981550218797987907e-09,6.555468457649922052e-09,7.453279027943507973e-09,8.797739491629982829e-09,7.966607917543455452e-09,6.449529057540821103e-09,7.050340675146203433e-09,9.175297801174614739e-09,1.006752166036252343e-08,8.903773518474399487e-09,8.320109045595864012e-09,1.280846791292245032e-08,1.994901529159168135e-08,2.604434491080576862e-08,2.890066633620368009e-08,2.758246748200238974e-08,2.257214572877019570e-08,1.605060185744565674e-08,1.231417255592420951e-08,1.373404305582965174e-08,1.556400846808624766e-08,1.427060219102859739e-08,9.587077609892034576e-09,4.768829606428868234e-09,8.594778336293312704e-09,1.391474084020460508e-08,1.588248247456682609e-08,1.348150239084670696e-08,1.179690787674613826e-08,1.066040511120453289e-08,9.951280320225202163e-09,9.577120752598644083e-09,9.464426474024761785e-09,9.554037611700719039e-09,9.798556558561799787e-09,1.016037011312064310e-08,1.060983160799196725e-08,1.112360668547323730e-08,1.168326911949835852e-08,1.227418040503129053e-08,1.288463045351858782e-08,1.350519100534992346e-08,1.412823106431483618e-08,1.474755171652100224e-08,1.535810791422585938e-08,1.595579373596271556e-08,1.653727443098988083e-08,1.709985341028591864e-08,1.764136571899276638e-08,1.816009185217966276e-08,1.865468739039350510e-08,1.912412506695275303e-08,1.956764669192173607e-08,1.998472295142003434e-08,2.037501954317153231e-08,2.073836844469497571e-08,2.107474336906443048e-08,2.138423866483625745e-08,2.166705107536429767e-08,2.192346389799292017e-08,2.215383318248884864e-08,2.235857568570099261e-08,2.253815835976881087e-08,2.269308919737022948e-08,2.282390929209092809e-08,2.293118599719960822e-08,2.301550708383187726e-08,2.307747581148906713e-08,2.311770683132197289e-08,2.313682284717848157e-08,2.313545196195267648e-08,2.311422563830503034e-08,2.307377720406661557e-08,2.301474083415689614e-08,2.293775094302129473e-08,2.284344192466185565e-08,2.273244818138036486e-08,2.260540438735281487e-08,2.246294593898975871e-08,2.230570955053179499e-08,2.213433396026797951e-08,2.194946071992137102e-08,2.175173504690044927e-08,2.154180672606882020e-08,2.132033105427022609e-08,2.108796982692798499e-08,2.084539237151879349e-08,2.059327663753304236e-08,2.033231035663646196e-08,2.006319229011688821e-08,1.978663358331922079e-08,1.950335924862419238e-08,1.921410979958022350e-08,1.891964305899729601e-08,1.862073616306446699e-08,1.831818778171750781e-08,1.801282057235735732e-08,1.770544251976228367e-08,1.739667204920145544e-08,1.708686306283379945e-08,1.677606446557424161e-08,1.646397641113384126e-08,1.614990387348562858e-08,1.583270824183547328e-08,1.551075756813463166e-08,1.518187582102293093e-08,1.484329097886152460e-08,1.449158099868300813e-08,1.412261561833355502e-08,1.373149060600198271e-08,1.331244953069360340e-08,1.285878653423638117e-08,1.236272223549471751e-08,1.181524438017810926e-08,1.120590632257201800e-08,1.052258209627308990e-08,9.751190722522083627e-09,8.875431379849142701e-09,7.876625737720188457e-09,6.733858364518018612e-09,5.424757993924945259e-09,3.927527242044606521e-09,2.226009987795503289e-09,3.815241639943018542e-10,1.878211731822912844e-09,4.216442268307175238e-09,6.747566720371830056e-09,9.473210530918341177e-09,1.244022863712730462e-08,1.568905358601262030e-08,1.913129132199122153e-08,2.253111048364925537e-08,2.574156445059541861e-08,2.873252109335747942e-08,3.111065408072432636e-08
3.258598391787265782e-08,3.293831508050505999e-08,3.224340859258083261e-08,3.110666254171497157e-08,2.994344896197576427e-08,2.870608714669172712e-08,2.754740840333545983e-08,2.677635564753762830e-08,2.654121656363943532e-08,2.676915498683355059e-08,2.728531525363833197e-08,2.792263130317059443e-08,2.856459497970945607e-08,2.914524704742076558e-08,2.963527235060995667e-08,3.002786717838654481e-08,3.032826868640609722e-08,3.054705165301105283e-08,3.069627373765320385e-08,3.078749735991646143e-08,3.083093537417267092e-08,3.083521268114937222e-08,3.080743117719163048e-08,3.075335987157789357e-08,3.067765638999297555e-08,3.058407543127713360e-08,3.047564680131559533e-08,3.035481945626386061e-08,3.022357434862995629e-08,3.008351126239987460e-08,2.993591522891022408e-08,2.978180761407124862e-08,2.962198612408860722e-08,2.945705707094416297e-08,2.928746239935835729e-08,2.911350325508981418e-08,2.893536128353974610e-08,2.875311838353531812e-08,2.856677529254819768e-08,2.837626913309968204e-08,2.818148989271887006e-08,2.798229573001402220e-08,2.777852976623293143e-08,2.757003951987085600e-08,2.735668026278953199e-08,2.713831464295468742e-08,2.691481230649633030e-08,2.668604951261887096e-08,2.645190873529506542e-08,2.621227824620843593e-08,2.596705167408730184e-08,2.571612753642862661e-08,2.545940874066185248e-08,2.519680205307461164e-08,2.492821753532632777e-08,2.465356795012162601e-08,2.437276813960000438e-08,2.408573438221071607e-08,2.379238373625640534e-08,2.349263338086936344e-08,2.318639996787952638e-08,2.287359900078152167e-08,2.255414425973828997e-08,2.222794729419351668e-08,2.189491700712792968e-08,2.155495935721291194e-08,2.120797720703090259e-08,2.085387034710566875e-08,2.049253572670477780e-08,2.012386792325819262e-08,1.974775988283654536e-08,1.936410396453611746e-08,1.897279332194826397e-08,1.857372365529892911e-08,1.816679536850093658e-08,1.775191616645609454e-08,1.732900412967332323e-08,1.689799130584727924e-08,1.645882786171299086e-08,1.601148684358809038e-08,1.555596960205364862e-08,1.509231194612809635e-08,1.462059110676172278e-08,1.414093361170999827e-08,1.365352420973717800e-08,1.315861604242387901e-08,1.265654236593256497e-08,1.214773030712230867e-08,1.163271745809988071e-08,1.111217267353978191e-08,1.058692341086340551e-08,1.005799363756693468e-08,9.526659203194437951e-09,8.994532400796563659e-09,8.463695382993175938e-09,7.936914743409978112e-09,7.417988636710053395e-09,6.912303588693490837e-09,6.427704448957317967e-09,5.975781073701367950e-09,5.573570952123136586e-09,5.245296940250684207e-09,5.022898887104725491e-09,4.943065160077979061e-09,5.039113293613587680e-09,5.331017621629922389e-09,5.823453450763416619e-09,6.522350261695997612e-09,7.478373943051375260e-09,6.458751218188984736e-09,5.266344081491002785e-09,6.733627488036449236e-09,9.087864335941839491e-09,9.549609696228768586e-09,7.210008352308464939e-09,5.154886860954046795e-09,1.101854700169930902e-08,1.947183996077122005e-08,2.650263884061533552e-08,3.003338534094377974e-08,2.907801061828643295e-08,2.394293940796293880e-08,1.637279210445267221e-08,1.005570271795484230e-08,9.859958750285092299e-09,1.202062676756158691e-08,1.136682010567538449e-08,7.282359811980862491e-09,3.818423982919019135e-09,9.126011782063487313e-09,1.442814144757013361e-08,1.625598532877627387e-08,1.371458878937963324e-08,1.195625745237212553e-08,1.077278726949194114e-08,1.002229107055489358e-08,9.603139729748971598e-09,9.439672998765971078e-09,9.474055862425523120e-09,9.661336848255617003e-09,9.966198151566882744e-09,1.036066279515845494e-08,1.082240868326254837e-08,1.133350727971636759e-08,1.187947354014943987e-08,1.244854627409878511e-08,1.303113880353539534e-08,1.361941548448683922e-08,1.420696176489656626e-08,1.478852445045934735e-08,1.535980531231875654e-08,1.591729572462561300e-08,1.645814321798708231e-08,1.698004309823833957e-08,1.748114990588528680e-08,1.796000468090033334e-08,1.841547488383120707e-08,1.884670449613100171e-08,1.925307233981884213e-08,1.963415705973675317e-08,1.998970752913545852e-08,2.031961769125239118e-08,2.062390505053536478e-08,2.090269218797567227e-08,2.115619080371460237e-08,2.138468789284119916e-08,2.158853374190116236e-08,2.176813149790176439e-08,2.192392811162237421e-08,2.205640649539958339e-08,2.216607876442971171e-08,2.225348045189307821e-08,2.231916560348054711e-08,2.236370266760626434e-08,2.238767110494263684e-08,2.239165864595723497e-08,2.237625912873667422e-08,2.234207085225311366e-08,2.228969538290957695e-08,2.221973675508554056e-08,2.213280100975135744e-08,2.202949601916435622e-08,2.191043155023875087e-08,2.177621952434742083e-08,2.162747443696546548e-08,2.146481390656104363e-08,2.128885932831953022e-08,2.110023661449058934e-08,2.089957700922253711e-08,2.068751797155922261e-08,2.046470412571074371e-08,2.023178828268219215e-08,1.998943254178785272e-08,1.973830948444311051e-08,1.947910347587574081e-08,1.921251209299627139e-08,1.893924769857472439e-08,1.866003918303081218e-08,1.837563389547229060e-08,1.808679978498885313e-08,1.779432777145151783e-08,1.749903436193949213e-08,1.720172325770112370e-08,1.690301078019922117e-08,1.660325052497405702e-08,1.630249228360358529e-08,1.600043759530839853e-08,1.569639253822651893e-08,1.538921847796554782e-08,1.507728144062266814e-08,1.475840052473049255e-08,1.442979527248775124e-08,1.408803115957645623e-08,1.372896133207106550e-08,1.334766145040012737e-08,1.293835308014779418e-08,1.249430967553202431e-08,1.200773817966443299e-08,1.146962928070959433e-08,1.086957167678202274e-08,1.019553265555260192e-08,9.433623066325550981e-09,8.567896443575278526e-09,7.580291065688590408e-09,6.450929120826869989e-09,5.159186623873562405e-09,3.686521252932692130e-09,2.026463212584818315e-09,4.479957027541351017e-10,2.064569208495639327e-09,4.338699558782769012e-09,6.817177691798300241e-09,9.503060694552919999e-09,1.244298948572678605e-08,1.566250536865216149e-08,1.905800001182297951e-08,2.241191999134676775e-08,2.561282732136805251e-08,2.860714555667212343e-08,3.097300929759285822e-08
3.244569286002923110e-08,3.279774442240071755e-08,3.211968854582155163e-08,3.095515102276758395e-08,2.976238922524768021e-08,2.851819445729707728e-08,2.733303829384984062e-08,2.649148073295964825e-08,2.615857991686767475e-08,2.629009831361591804e-08,2.672873892075874447e-08,2.731182981472008133e-08,2.792015020164112578e-08,2.848284572486858934e-08,2.896585388697312712e-08,2.935854684166423662e-08,2.966335952507000747e-08,2.988894057375418923e-08,3.004609171074458742e-08,3.014559744773217084e-08,3.019721670499878837e-08,3.020933100041381432e-08,3.018893048159929371e-08,3.014175135782966700e-08,3.007246336553806587e-08,2.998485686133067870e-08,2.988200783702377870e-08,2.976641430928176524e-08,2.964010489525470114e-08,2.950472347121222015e-08,2.936159467939016306e-08,2.921177484827558550e-08,2.905609224098881290e-08,2.889517976321508897e-08,2.872950250073758875e-08,2.855938178503001990e-08,2.838501692741630533e-08,2.820650532028288736e-08,2.802386127029835341e-08,2.783703369246708342e-08,2.764592264343730538e-08,2.745039459702501616e-08,2.725029939607396124e-08,2.704549063491772146e-08,2.683582925470561433e-08,2.662118315804391979e-08,2.640142682575327545e-08,2.617644092984588967e-08,2.594611193727717270e-08,2.571033169958052492e-08,2.546899702416964211e-08,2.522200922391108043e-08,2.496927364254483835e-08,2.471069915467707566e-08,2.444619764039213205e-08,2.417568343603321094e-08,2.389907276437294506e-08,2.361628314922108499e-08,2.332723282146840322e-08,2.303184012560477800e-08,2.273002293782780791e-08,2.242169810891534462e-08,2.210678094700618473e-08,2.178518475724453187e-08,2.145682045682495937e-08,2.112159628525236312e-08,2.077941763054732450e-08,2.043018699262759896e-08,2.007380410515056619e-08,1.971016623669240436e-08,1.933916869127543938e-08,1.896070552696133724e-08,1.857467050954998389e-08,1.818095831642385048e-08,1.777946600332957028e-08,1.737009474448207231e-08,1.695275185392187915e-08,1.652735309370987188e-08,1.609382527255469383e-08,1.565210913728024621e-08,1.520216255997253986e-08,1.474396402722007012e-08,1.427751644738029029e-08,1.380285131234115274e-08,1.332003329085000618e-08,1.282916540708079017e-08,1.233039509843302754e-08,1.182392169845990258e-08,1.131000633632625571e-08,1.078898602306247082e-08,1.026129504398731408e-08,9.727499095132904312e-09,9.188351556185881299e-09,8.644887982042522358e-09,8.098586081347335937e-09,7.551636799904158310e-09,7.007401134774950839e-09,6.471169612321157947e-09,5.951391120603396913e-09,5.461554340873197417e-09,5.022739849298067272e-09,4.666124794000340205e-09,4.432854604508775267e-09,4.366409971480931737e-09,4.494989556635242380e-09,4.813015925431684402e-09,5.277801863681409220e-09,5.825801059668334954e-09,6.409516634632117226e-09,5.028502247277149777e-09,3.943078761240343528e-09,6.384692625443521643e-09,9.178830974568146512e-09,9.627163444482429800e-09,6.654353301046729752e-09,1.850347779002223685e-09,9.228779746117207148e-09,1.850070861105581594e-08,2.610061933455719327e-08,3.009357459048206091e-08,2.945083363720334475e-08,2.435397069864817495e-08,1.625600736431194345e-08,8.016475518447672651e-09,5.988676298507978039e-09,8.884283180527033116e-09,8.877702481267558279e-09,5.138166626502211288e-09,2.850086944389637040e-09,9.334617868481632224e-09,1.461246441338833798e-08,1.634382002860203235e-08,1.373081474443936801e-08,1.193022287146507950e-08,1.071521739649238046e-08,9.934374584337118494e-09,9.482235263743210340e-09,9.282505162692527053e-09,9.278190375690271784e-09,9.425603900011928568e-09,9.690584347977516509e-09,1.004601540607562774e-08,1.047013438379567104e-08,1.094533554871774101e-08,1.145729489081875941e-08,1.199431169740251705e-08,1.254680200301090719e-08,1.310690220947880303e-08,1.366815502302344587e-08,1.422525834042103886e-08,1.477386310514585570e-08,1.531040972429572331e-08,1.583199510671635173e-08,1.633626415981776252e-08,1.682132090359727309e-08,1.728565536707382036e-08,1.772808321340832150e-08,1.814769565370733206e-08,1.854381769599808724e-08,1.891597316387609307e-08,1.926385523012175204e-08,1.958730146023690894e-08,1.988627256170663744e-08,2.016083419642861901e-08,2.041114134367250621e-08,2.063742480506199250e-08,2.083997952613734407e-08,2.101915447486908412e-08,2.117534386916891207e-08,2.130897958556259064e-08,2.142052461191907147e-08,2.151046743030993464e-08,2.157931723327710818e-08,2.162759988936523667e-08,2.165585458288190300e-08,2.166463105946214032e-08,2.165448741394857104e-08,2.162598836101599764e-08,2.157970393239000579e-08,2.151620854782025505e-08,2.143608041043879102e-08,2.133990118092581340e-08,2.122825588909489458e-08,2.110173304609955661e-08,2.096092492540443957e-08,2.080642798586885201e-08,2.063884341565125652e-08,2.045877778104105683e-08,2.026684376964676485e-08,2.006366102250751300e-08,1.984985705455884117e-08,1.962606826739322196e-08,1.939294106234860771e-08,1.915113306558094024e-08,1.890131447988062920e-08,1.864416958052926276e-08,1.838039837440187793e-08,1.811071844272198481e-08,1.783586698826160796e-08,1.755660310719318629e-08,1.727371030403578608e-08,1.698799926491485085e-08,1.670026974342785460e-08,1.641113638658783644e-08,1.612095307788915038e-08,1.582977131717271787e-08,1.553729514492530588e-08,1.524283322898895089e-08,1.494524885555394862e-08,1.464290853672925751e-08,1.433362971977999834e-08,1.401462762051976573e-08,1.368246048316765630e-08,1.333297159545971834e-08,1.296122520558889548e-08,1.256143220393040451e-08,1.212686025902168435e-08,1.164972243143734423e-08,1.112103887156757222e-08,1.053046940810777595e-08,9.866123147249617036e-09,9.114369054476518604e-09,8.259706573322765113e-09,7.284821400672065748e-09,6.171078838737114362e-09,4.900006131936518989e-09,3.457512533060651280e-09,1.853647118061837963e-09,6.280152655649050793e-10,2.255229175288658760e-09,4.463359619653368459e-09,6.889722173035491888e-09,9.536496749005259580e-09,1.244664057072812139e-08,1.563015503255177538e-08,1.897330373626808113e-08,2.228110016779485276e-08,2.547090059232011604e-08,2.846067461654851053e-08,3.081237132673849332e-08
3.228110125334398651e-08,3.263347886316891030e-08,3.197634547272727010e-08,3.079335149712124709e-08,2.957236395318382256e-08,2.832241440390129496e-08,2.711907794781679611e-08,2.621829372855386073e-08,2.579534883302267038e-08,2.583255549158372449e-08,2.619173092883179297e-08,2.671678520574657059e-08,2.728726166775510060e-08,2.782814923829408560e-08,2.830092329960944847e-08,2.869118395702121181e-08,2.899850818656157996e-08,2.922952137655229233e-08,2.939366497584254833e-08,2.950085018566421469e-08,2.956030168486524827e-08,2.958009327442163900e-08,2.956705340833984650e-08,2.952684748710485610e-08,2.946412877975497589e-08,2.938270195201439250e-08,2.928567327392751367e-08,2.917557796868090431e-08,2.905448347299632849e-08,2.892407114687539155e-08,2.878570030657746154e-08,2.864045856679378157e-08,2.848920203204103234e-08,2.833258822722438413e-08,2.817110398259237576e-08,2.800508987362094442e-08,2.783476229633869952e-08,2.766023384230721381e-08,2.748153232163432558e-08,2.729861855846006760e-08,2.711140294115237255e-08,2.691976063913329800e-08,2.672354867536397230e-08,2.652262717342467110e-08,2.631686317861427038e-08,2.610613027107482655e-08,2.589030818342748394e-08,2.566928241752829512e-08,2.544294385542826794e-08,2.521118836018042568e-08,2.497391636279191618e-08,2.473103243238599898e-08,2.448244482752676419e-08,2.422806502767450977e-08,2.396780724488459818e-08,2.370158791713150150e-08,2.342932518601982906e-08,2.315093836311580823e-08,2.286634739066560690e-08,2.257547230402042070e-08,2.227823270461612684e-08,2.197454725379791244e-08,2.166433319907461482e-08,2.134750594546302434e-08,2.102397868536695495e-08,2.069366210085616142e-08,2.035646415219676207e-08,2.001228996597317170e-08,1.966104183507378138e-08,1.930261934114150887e-08,1.893691960777433336e-08,1.856383768976877461e-08,1.818326710000329106e-08,1.779510047113653388e-08,1.739923034412823423e-08,1.699555006967043946e-08,1.658395480196154331e-08,1.616434255694393394e-08,1.573661529937226126e-08,1.530068001535856988e-08,1.485644972032802003e-08,1.440384434849325444e-08,1.394279147250106963e-08,1.347322681710158737e-08,1.299509456964003823e-08,1.250834757222738135e-08,1.201294763904217014e-08,1.150886653478782957e-08,1.099608867530877103e-08,1.047461753746167487e-08,9.944489382372093004e-09,9.405800704096631156e-09,8.858760680963660711e-09,8.303788337318231622e-09,7.741688740441866796e-09,7.173967851705237722e-09,6.603388930011027014e-09,6.034944733993605689e-09,5.477524958551347107e-09,4.946659977374411970e-09,4.468588353034323133e-09,4.084692017680824398e-09,3.851400825735217166e-09,3.825249267147518172e-09,4.030203483097420189e-09,4.432081132807628150e-09,4.943270133845651581e-09,5.439691955828358913e-09,5.771996615243493682e-09,3.916169593769413005e-09,2.479062551812927514e-09,5.991081237709330189e-09,9.354122648535174776e-09,1.018248624959891346e-08,7.465935170297563500e-09,1.620580977268047661e-09,7.801985146285059454e-09,1.710863167158048416e-08,2.483308886449342934e-08,2.902870235201386218e-08,2.861308171895364342e-08,2.367880290362217577e-08,1.550720838582175182e-08,6.320337851088615027e-09,2.797052950175636586e-09,7.172897073903089658e-09,7.662614361244298695e-09,4.072303369913829709e-09,2.269688977160333886e-09,9.191585298969416347e-09,1.439317398152370948e-08,1.607329479045486420e-08,1.348150276417733211e-08,1.168858428591421877e-08,1.047054629922521720e-08,9.678764949710927372e-09,9.210331194396576734e-09,8.990974440686815044e-09,8.965105196387657589e-09,9.089906771886828320e-09,9.331720107069506282e-09,9.663722473260444305e-09,1.006434749363293597e-08,1.051614996335961903e-08,1.100495668129456052e-08,1.151921449992490623e-08,1.204948179876362203e-08,1.258802784388385276e-08,1.312851492970630459e-08,1.366574480583597375e-08,1.419545542394622887e-08,1.471415730726717620e-08,1.521900126855299615e-08,1.570767103021925212e-08,1.617829569507830610e-08,1.662937809009745954e-08,1.705973583899152098e-08,1.746845267045538991e-08,1.785483798030093662e-08,1.821839306959374991e-08,1.855878280107238130e-08,1.887581167085741549e-08,1.916940349560174076e-08,1.943958407747074883e-08,1.968646633893050756e-08,1.991023752270279798e-08,2.011114813448134126e-08,2.028950237111416669e-08,2.044564982817436470e-08,2.057997832079267794e-08,2.069290768247549789e-08,2.078488443018442940e-08,2.085637720172371477e-08,2.090787288474833653e-08,2.093987336654940192e-08,2.095289284110018397e-08,2.094745561540926164e-08,2.092409436163701054e-08,2.088334876517436061e-08,2.082576452232505553e-08,2.075189264464032540e-08,2.066228903050151694e-08,2.055751426832875671e-08,2.043813363984634924e-08,2.030471729614399803e-08,2.015784058378845086e-08,1.999808450289011639e-08,1.982603628373151627e-08,1.964229007323140599e-08,1.944744772706683606e-08,1.924211970762838993e-08,1.902692609207298609e-08,1.880249769850241933e-08,1.856947734167902776e-08,1.832852123263571735e-08,1.808030053898455766e-08,1.782550312459943394e-08,1.756483548854412519e-08,1.729902492350169799e-08,1.702882191335248936e-08,1.675500278770095361e-08,1.647837264774709508e-08,1.619972754919953515e-08,1.591968083781946567e-08,1.563858726585350893e-08,1.535650089980143813e-08,1.507312949276761113e-08,1.478778595069953198e-08,1.449933766381019616e-08,1.420615446820044713e-08,1.390605580438056671e-08,1.359625721283651702e-08,1.327331563363612550e-08,1.293307206910358541e-08,1.257058908375556433e-08,1.218007948312534783e-08,1.175482157855351728e-08,1.128705615787916263e-08,1.076786145963906508e-08,1.018700657544202103e-08,9.532793459825767046e-09,8.791917913446489762e-09,7.949419328338703434e-09,6.988865718204011847e-09,5.893084604019755222e-09,4.646218233416946918e-09,3.240133550798378961e-09,1.710605575596155877e-09,8.450856137227653392e-10,2.448656932467200463e-09,4.591427341928006091e-09,6.966553297122163702e-09,9.574114270767673998e-09,1.245067478121841654e-08,1.559122872108152068e-08,1.887719064511794325e-08,2.213866895196304528e-08,2.531419856315369424e-08,2.829097261944516949e-08,3.062697075148667517e-08
3.208912250750868041e-08,3.244336749581750128e-08,3.181054080076977292e-08,3.061922024762238776e-08,2.937301637978209413e-08,2.811821559246818299e-08,2.690408153490521040e-08,2.595541344683896246e-08,2.545123652010692271e-08,2.539748586118727954e-08,2.567605236485382824e-08,2.613954859979121251e-08,2.666791886596039276e-08,2.718289837512641427e-08,2.764189604208578843e-08,2.802685559786122235e-08,2.833447378803409422e-08,2.856927119549431380e-08,2.873922982726108763e-08,2.885329156737546790e-08,2.892006300106556128e-08,2.894724110804363348e-08,2.894143769721807557e-08,2.890820463289663768e-08,2.885214594664008028e-08,2.877705567304888706e-08,2.868605144738058727e-08,2.858169137125748377e-08,2.846607084346587056e-08,2.834090047827568461e-08,2.820756803542780298e-08,2.806718771692743174e-08,2.792063995409933759e-08,2.776860430091511649e-08,2.761158746975308729e-08,2.744994799459012060e-08,2.728391852962826967e-08,2.711362640459338405e-08,2.693911276256392317e-08,2.676035039638562961e-08,2.657726026705760385e-08,2.638972662318010772e-08,2.619761414282548468e-08,2.600078994683264014e-08,2.579912762907246295e-08,2.559250687441368528e-08,2.538081308314864917e-08,2.516393699694285227e-08,2.494177432185724361e-08,2.471422534454110130e-08,2.448119453831765637e-08,2.424259015659121829e-08,2.399832381180147336e-08,2.374831003903736115e-08,2.349246584439779684e-08,2.323071023923929921e-08,2.296296376256628905e-08,2.268914799497406689e-08,2.240918506871626097e-08,2.212299717959728057e-08,2.183050610743767898e-08,2.153163275276944874e-08,2.122629669812594083e-08,2.091441580272679566e-08,2.059590583944834037e-08,2.027068018263627189e-08,1.993864955448096049e-08,1.959972183625658767e-08,1.925380194864228605e-08,1.890079180251609295e-08,1.854059031795627509e-08,1.817309350461206300e-08,1.779819459102134897e-08,1.741578418375400000e-08,1.702575042933227739e-08,1.662797914261454855e-08,1.622235385462712170e-08,1.580875572065482499e-08,1.538706321584757388e-08,1.495715153103465838e-08,1.451889156674475298e-08,1.407214841043190842e-08,1.361677917409610412e-08,1.315263007324434506e-08,1.267953265483048907e-08,1.219729915133778617e-08,1.170571708503486000e-08,1.120454353025557862e-08,1.069349996537786819e-08,1.017226958905864210e-08,9.640500651182365922e-09,9.097822315729330104e-09,8.543884838518482426e-09,7.978445266629166740e-09,7.401536950784860731e-09,6.813792628600139328e-09,6.217049659504404131e-09,5.615476447273046739e-09,5.017660277481916039e-09,4.440413313883272626e-09,3.915262986297508418e-09,3.497168265434706011e-09,3.266982378571986903e-09,3.304329826271914940e-09,3.628028920026432225e-09,4.170509497600604384e-09,4.810298228630370884e-09,5.394420003922185307e-09,5.723558779441500861e-09,3.593972359692324707e-09,9.332367484181479521e-10,5.551278453285875521e-09,9.475914469154553238e-09,1.091488204872052208e-08,8.988029755687599132e-09,4.583005187217298818e-09,7.061457420281304500e-09,1.537745695306141387e-08,2.275177652462995198e-08,2.687727225925767107e-08,2.658903824996487842e-08,2.191498390818010276e-08,1.406199136493581982e-08,5.149979165880842649e-09,3.150728714782782888e-09,7.662304781982271433e-09,8.153429159093913408e-09,4.740450610908099692e-09,2.363664131067621831e-09,8.700279166637489604e-09,1.376499246835717721e-08,1.543585379750042208e-08,1.296140296798472760e-08,1.123021523068113585e-08,1.004102337558850010e-08,9.259784718486635416e-09,8.792580234109002570e-09,8.570166323502519012e-09,8.539305230061954590e-09,8.657950427944685226e-09,8.892469989269340363e-09,9.215857834117639029e-09,9.606417340833617880e-09,1.004671045601461560e-08,1.052270088809134867e-08,1.102306151211064738e-08,1.153862264972364519e-08,1.206193737466570179e-08,1.258694082903173478e-08,1.310868333277183716e-08,1.362312068995784809e-08,1.412694862072587866e-08,1.461747125280822686e-08,1.509249599693416395e-08,1.555024896480966903e-08,1.598930647285698326e-08,1.640853921432878346e-08,1.680706646403084771e-08,1.718421827081174292e-08,1.753950404297491896e-08,1.787258627712372404e-08,1.818325844798877181e-08,1.847142628464160422e-08,1.873709182115815554e-08,1.898033973757805354e-08,1.920132560760237439e-08,1.940026574868616870e-08,1.957742843245041267e-08,1.973312626210472960e-08,1.986770956155035189e-08,1.998156065019240512e-08,2.007508889999331603e-08,2.014872648839114327e-08,2.020292477358436252e-08,2.023815122834423459e-08,2.025488687578221009e-08,2.025362417605432885e-08,2.023486531737861860e-08,2.019912086841489735e-08,2.014690875234605119e-08,2.007875350615514342e-08,1.999518579178309654e-08,1.989674212918205348e-08,1.978396482480061750e-08,1.965740207275513502e-08,1.951760820983299437e-08,1.936514410949274089e-08,1.920057770411250086e-08,1.902448462882741419e-08,1.883744898432217724e-08,1.864006421984127441e-08,1.843293414138689092e-08,1.821667405353385100e-08,1.799191204644398942e-08,1.775929044244634002e-08,1.751946741889183872e-08,1.727311882579891962e-08,1.702094021796086858e-08,1.676364912152599842e-08,1.650198755437559979e-08,1.623672481763042504e-08,1.596866057195031859e-08,1.569858734335209547e-08,1.542711750504274034e-08,1.515460726529688274e-08,1.488111418167299070e-08,1.460635106504876996e-08,1.432963691758668535e-08,1.404984571083414749e-08,1.376535382988448188e-08,1.347398684366625856e-08,1.317296587557857002e-08,1.285885322859382628e-08,1.252749608428932348e-08,1.217396611767618907e-08,1.179249190043713214e-08,1.137638028427753910e-08,1.091792306467373740e-08,1.040828701893292523e-08,9.837390499946427892e-09,9.193781056919733085e-09,8.464551411079471496e-09,7.635376136037499144e-09,6.690843582964425322e-09,5.615477713115865356e-09,4.396571802204909896e-09,3.033828904822857658e-09,1.600258334618309025e-09,1.072217485204567462e-09,2.644276927990476026e-09,4.723966989563727787e-09,7.048827160183768215e-09,9.616218040525995121e-09,1.245446743277362245e-08,1.554513895840748858e-08,1.876986229623661220e-08,2.198453119626558471e-08,2.514096957769542898e-08,2.809601533531590600e-08,3.041495814988546901e-08
3.186659556409367138e-08,3.222514016286458077e-08,3.161943604601662670e-08,3.043036933896115524e-08,2.916377722281625261e-08,2.790519930713431010e-08,2.668671464367549470e-08,2.570130288892327596e-08,2.512563755586057686e-08,2.498559345926214296e-08,2.518339182728014238e-08,2.558227751318769864e-08,2.606434269380725217e-08,2.654913593541336591e-08,2.699052010076203270e-08,2.736697581877054297e-08,2.767234110876245569e-08,2.790897270404335300e-08,2.808330372935558439e-08,2.820321304259010986e-08,2.827660350986888015e-08,2.831072242160095023e-08,2.831190548385841770e-08,2.828554375553361855e-08,2.823615504880823405e-08,2.816749410462302348e-08,2.808266781970718176e-08,2.798424016708788115e-08,2.787432143451483422e-08,2.775464145044479659e-08,2.762660872340217616e-08,2.749135817206864470e-08,2.734979011277832348e-08,2.720260281428787872e-08,2.705032045223714414e-08,2.689331781443813656e-08,2.673184267922730302e-08,2.656603643574948824e-08,2.639595324297027446e-08,2.622157783058500239e-08,2.604284192326366516e-08,2.585963921234124895e-08,2.567184250288604071e-08,2.547932637738691778e-08,2.528197141492278343e-08,2.507966382012884690e-08,2.487229506009720338e-08,2.465976150470136261e-08,2.444196406631816323e-08,2.421880783545148036e-08,2.399020170934775455e-08,2.375605801133863092e-08,2.351629209935222733e-08,2.327082196280157526e-08,2.301956780787710684e-08,2.276245163213047495e-08,2.249939679011878422e-08,2.223032755275760069e-08,2.195516866387468295e-08,2.167384489822360109e-08,2.138628062585922817e-08,2.109239938824014476e-08,2.079212349164144231e-08,2.048537362336715196e-08,2.017206849576615932e-08,1.985212452209781872e-08,1.952545552677512414e-08,1.919197249033956300e-08,1.885158332659205362e-08,1.850419268550720507e-08,1.814970177077303018e-08,1.778800815488549610e-08,1.741900556753242358e-08,1.704258362434327568e-08,1.665862745275807660e-08,1.626701715955695762e-08,1.586762707026370281e-08,1.546032465399118539e-08,1.504496902822411397e-08,1.462140891663975745e-08,1.418947990987712843e-08,1.374900085550468416e-08,1.329976918205987281e-08,1.284155494820666054e-08,1.237409341140161817e-08,1.189707594811154747e-08,1.141013925969041738e-08,1.091285301712844645e-08,1.040470652620535009e-08,9.885095794878861570e-09,9.353313848571810864e-09,8.808549799479590986e-09,8.249907034495313767e-09,7.676459887720285172e-09,7.087385235559819954e-09,6.482238875727773558e-09,5.861514548532599543e-09,5.227767508660923529e-09,4.587899206267135153e-09,3.957877697492695288e-09,3.372377658221894013e-09,2.901860133540810415e-09,2.665667866088921507e-09,2.784403806340202075e-09,3.263846655415076898e-09,3.991036322895805105e-09,4.826122861752320709e-09,5.626229279850798969e-09,6.216735662238461871e-09,4.260377041616036472e-09,8.297830000641645321e-10,5.083164496917234589e-09,9.409464047208010600e-09,1.150210835238670722e-08,1.047625376571502341e-08,7.052859003069735159e-09,6.996793685332294546e-09,1.339549893014825217e-08,1.998554112799438139e-08,2.379758001189098687e-08,2.354457674225615346e-08,1.920425228208062803e-08,1.198906264202725604e-08,4.656814272850932541e-09,5.699451403004560934e-09,9.391382221576813305e-09,9.552354853073894040e-09,6.131422261536668360e-09,2.785528851073214362e-09,7.910888269532543809e-09,1.279796155212970884e-08,1.448964074311248544e-08,1.220927128830173795e-08,1.058287303972291577e-08,9.447971049596585174e-09,8.694681535831982312e-09,8.243402597321791723e-09,8.032392053284474935e-09,8.011426525622334753e-09,8.138944433975884255e-09,8.380748890223191789e-09,8.709117778594499624e-09,9.101886375172863348e-09,9.541481445033728024e-09,1.001400571035114598e-08,1.050844823383294549e-08,1.101604544261237015e-08,1.152978321699521983e-08,1.204401624158703838e-08,1.255417889410182858e-08,1.305656532794502425e-08,1.354816113267658560e-08,1.402651332928482826e-08,1.448962896235264317e-08,1.493589518209981672e-08,1.536401562328430654e-08,1.577295926296132738e-08,1.616191892532731581e-08,1.653027731283268531e-08,1.687757895987235886e-08,1.720350688563610433e-08,1.750786300558398498e-08,1.779055157380444364e-08,1.805156509019186515e-08,1.829097223025376947e-08,1.850890745087034119e-08,1.870556199927654607e-08,1.888117610989053937e-08,1.903603221806821484e-08,1.917044905422655608e-08,1.928477650821059165e-08,1.937939117398143748e-08,1.945469250003593347e-08,1.951109948252832296e-08,1.954904784675081611e-08,1.956898766917288021e-08,1.957138139724000551e-08,1.955670222807301318e-08,1.952543281047348311e-08,1.947806423752683989e-08,1.941509529982316309e-08,1.933703197204286361e-08,1.924438710848087052e-08,1.913768032606303972e-08,1.901743805656015668e-08,1.888419375301890180e-08,1.873848823887501938e-08,1.858087019174926819e-08,1.841189675750109783e-08,1.823213429367411529e-08,1.804215924495680124e-08,1.784255915664531158e-08,1.763393383527733375e-08,1.741689666854469850e-08,1.719207611922049325e-08,1.696011741006929478e-08,1.672168441844073884e-08,1.647746180033762291e-08,1.622815736401522336e-08,1.597450471236379091e-08,1.571726617113088033e-08,1.545723601604098074e-08,1.519520333673178066e-08,1.493177983304098205e-08,1.466732378780290645e-08,1.440189727483590270e-08,1.413521968635254004e-08,1.386661824216026101e-08,1.359497632743712037e-08,1.331868055452575156e-08,1.303556731453673587e-08,1.274286924408090981e-08,1.243716147114643575e-08,1.211430674973408905e-08,1.176939773077655709e-08,1.139669382042434771e-08,1.098954965994159495e-08,1.054033277697816789e-08,1.004033038231430478e-08,9.479651368571266905e-09,8.847142514396361071e-09,8.130363882708293086e-09,7.315720711240498055e-09,6.388963015444474459e-09,5.336565303203654444e-09,4.149602131832158733e-09,2.837952392463946676e-09,1.524995894422815931e-09,1.301210092029866363e-09,2.842141619185383485e-09,4.862005547311583675e-09,7.137436456136718775e-09,9.662834562472869121e-09,1.245736296041242319e-08,1.549155333421368789e-08,1.865171333976104023e-08,2.181845378243494174e-08,2.494938885464058214e-08,2.787398065699211134e-08,3.017444730904041711e-08
3.161042272687471155e-08,3.197645078987615570e-08,3.140029391268948262e-08,3.022414295813033666e-08,2.894381794481040616e-08,2.768307714294195676e-08,2.646581381142329189e-08,2.545433175744887708e-08,2.481761660316331848e-08,2.459724391534341800e-08,2.471525997903745338e-08,2.504714884518224321e-08,2.547893269059613047e-08,2.592918796501355275e-08,2.634888504796123519e-08,2.671332553075183083e-08,2.701356521859655535e-08,2.724976868696661127e-08,2.742674616770348391e-08,2.755122592174388886e-08,2.763032220753133395e-08,2.767075756959058967e-08,2.767852857709383807e-08,2.765881416842670135e-08,2.761600495632551104e-08,2.755378404088896413e-08,2.747522222013231305e-08,2.738286953162434650e-08,2.727883571826294804e-08,2.716485782170618846e-08,2.704235579605536341e-08,2.691247810174914446e-08,2.677613945297331060e-08,2.663405269163376366e-08,2.648675639228311558e-08,2.633463939680563504e-08,2.617796310167945891e-08,2.601688200445465818e-08,2.585146277017148624e-08,2.568170190305572815e-08,2.550754199949226538e-08,2.532888650889796191e-08,2.514561680765885131e-08,2.495761537797639299e-08,2.476477019155504506e-08,2.456697435550348257e-08,2.436412576715937398e-08,2.415612677374337700e-08,2.394288383322300197e-08,2.372430717327426743e-08,2.350031044577415513e-08,2.327081037484112251e-08,2.303572639706424079e-08,2.279498029321833855e-08,2.254849581144509300e-08,2.229619828257284168e-08,2.203801422893201150e-08,2.177387096867245554e-08,2.150369621816994624e-08,2.122741769558289976e-08,2.094496272893882072e-08,2.065625787223877404e-08,2.036122853290523272e-08,2.005979861339387817e-08,1.975189016886636950e-08,1.943742308139261661e-08,1.911631474912389744e-08,1.878847978614694817e-08,1.845382972517722518e-08,1.811227271074345776e-08,1.776371316490421290e-08,1.740805140064184181e-08,1.704518314969396244e-08,1.667499896146288786e-08,1.629738341750451496e-08,1.591221409161337548e-08,1.551936016832411821e-08,1.511868061235869578e-08,1.471002175779919501e-08,1.429321415829927905e-08,1.386806850845119927e-08,1.343437041200349448e-08,1.299187373644704942e-08,1.254029225877770629e-08,1.207928928032411590e-08,1.160846488114122312e-08,1.112734051781629116e-08,1.063534078042881080e-08,1.013177238219583356e-08,9.615800979908887346e-09,9.086427435220010472e-09,8.542467038901728125e-09,7.982538831349016582e-09,7.405079077741816645e-09,6.808406635791275667e-09,6.190896181695380425e-09,5.551376962051445573e-09,4.890019463580852162e-09,4.210339918606678588e-09,3.523959175894999543e-09,2.862578680353422602e-09,2.307733503680846328e-09,2.037361684399272532e-09,2.251513802056649954e-09,2.916196440826014064e-09,3.848525915339265901e-09,4.908907829491820980e-09,5.993265840301805121e-09,6.991646369436039948e-09,5.428424872892129621e-09,2.330537871238523802e-09,4.617782973710541508e-09,9.059834682294882219e-09,1.170644506084600161e-08,1.149011209497375114e-08,8.796948538753285391e-09,7.216790492274451139e-09,1.125997776064173145e-08,1.674927911518648143e-08,2.007713520921994549e-08,1.979398094542005793e-08,1.583196405526092664e-08,9.474294976825141243e-09,4.725434809226313582e-09,7.858807777110606537e-09,1.105453168655028478e-08,1.085077582185116075e-08,7.274804487994228967e-09,3.082843054498315515e-09,6.930866157789881278e-09,1.162767995477535803e-08,1.334434849639172285e-08,1.129549671181971355e-08,9.794016731077467028e-09,8.725447804687914616e-09,8.009532568183675799e-09,7.584023154251968299e-09,7.395847919325216345e-09,7.397620160185945062e-09,7.547414396694360713e-09,7.809553369278988538e-09,8.154941729215637585e-09,8.560608829532967448e-09,9.008756144195948921e-09,9.485685261071788803e-09,9.980834176820688885e-09,1.048600267907047225e-08,1.099476512440390735e-08,1.150203775730146601e-08,1.200376312266421946e-08,1.249667961597669222e-08,1.297815184092810185e-08,1.344604421980774235e-08,1.389862550152683213e-08,1.433449554677572060e-08,1.475252836916922498e-08,1.515182719700717795e-08,1.553168854470761128e-08,1.589157312675853069e-08,1.623108203410070394e-08,1.654993700637885862e-08,1.684796392882174174e-08,1.712507889641520088e-08,1.738127634507179341e-08,1.761661886620325385e-08,1.783122840872177849e-08,1.802527863879939673e-08,1.819898827815285402e-08,1.835261528008602091e-08,1.848645173185262199e-08,1.860081939420765876e-08,1.869606580590166095e-08,1.877256089357952276e-08,1.883069403705463756e-08,1.887087154702043781e-08,1.889351451756451135e-08,1.889905701987148327e-08,1.888794460664573017e-08,1.886063309937552475e-08,1.881758763284492118e-08,1.875928193346484730e-08,1.868619781017446668e-08,1.859882483894429890e-08,1.849766022434598889e-08,1.838320882425849450e-08,1.825598332655494393e-08,1.811650456953754559e-08,1.796530200092709680e-08,1.780291427332902176e-08,1.762988997724393152e-08,1.744678851581930750e-08,1.725418112859873075e-08,1.705265207446079579e-08,1.684279998668830461e-08,1.662523941559513903e-08,1.640060257626994661e-08,1.616954132065145360e-08,1.593272935417095241e-08,1.569086471737259569e-08,1.544467255197284661e-08,1.519490816838364020e-08,1.494236042733122680e-08,1.468781500837982714e-08,1.443188322512626684e-08,1.417492611331164138e-08,1.391701142878683506e-08,1.365786689755880591e-08,1.339683040176919010e-08,1.313279799463667936e-08,1.286417071814915831e-08,1.258880110774340205e-08,1.230393997773949729e-08,1.200618358409659815e-08,1.169142059283640944e-08,1.135477754226938754e-08,1.099056087001364196e-08,1.059219342922506223e-08,1.015214434738057977e-08,9.661854148506356417e-09,9.111664182037617118e-09,8.490774180847104956e-09,7.787281528454532561e-09,6.988417699902087703e-09,6.081241256319589536e-09,5.054461445596602427e-09,3.903696399172384045e-09,2.651933567372839160e-09,1.486217792480683163e-09,1.529736646394488765e-09,3.042706617126491152e-09,5.006453503546577505e-09,7.232978043216485953e-09,9.713765402938077532e-09,1.245877969294641106e-08,1.543044733941515140e-08,1.852329252533025436e-08,2.164006061801546436e-08,2.473767802767774734e-08,2.762333601093216770e-08,2.990357508124089649e-08
3.131773131895093114e-08,3.169494575204945114e-08,3.115058419053833951e-08,2.999773384259383876e-08,2.871202496195118469e-08,2.745163099657490126e-08,2.624043694620824530e-08,2.521286085190160054e-08,2.452593225420227252e-08,2.423240191802644494e-08,2.427288062448675307e-08,2.453625184330268306e-08,2.491418830051941922e-08,2.532561997712599030e-08,2.571941010508930176e-08,2.606806622549526504e-08,2.636000459204121285e-08,2.659320915702297347e-08,2.677081543866907834e-08,2.689832447510388810e-08,2.698198108486225922e-08,2.702790804742921880e-08,2.704169762528325297e-08,2.702826216465894963e-08,2.699182061260628562e-08,2.693594865762234176e-08,2.686365248216478322e-08,2.677744558218694866e-08,2.667941930435893067e-08,2.657130385490185766e-08,2.645451962259304550e-08,2.633022002944206670e-08,2.619932755827359571e-08,2.606256456587809500e-08,2.592048023531715524e-08,2.577347469597799244e-08,2.562182102123599471e-08,2.546568553812299604e-08,2.530514666636939002e-08,2.514021234905868119e-08,2.497083604162774495e-08,2.479693118550904127e-08,2.461838811560829807e-08,2.443509759813161880e-08,2.424695534986326721e-08,2.405386170663087379e-08,2.385572130120362803e-08,2.365244274695264709e-08,2.344393832406248868e-08,2.323012366556427418e-08,2.301091744096546159e-08,2.278624103577890702e-08,2.255601822580230387e-08,2.232017484556153512e-08,2.207863845089772598e-08,2.183133797623247118e-08,2.157820338756914138e-08,2.131916533275402484e-08,2.105415479089737781e-08,2.078310272310384226e-08,2.050593972673696631e-08,2.022259569529403086e-08,1.993299948553303003e-08,1.963707859270741457e-08,1.933475883354910888e-08,1.902596403491133928e-08,1.871061572364267431e-08,1.838863281020320221e-08,1.805993125462672525e-08,1.772442369853347312e-08,1.738201904083524912e-08,1.703262192734610265e-08,1.667613211547584847e-08,1.631244366425174034e-08,1.594144388674107017e-08,1.556301198612535447e-08,1.517701727772832883e-08,1.478331687667781885e-08,1.438175270398605425e-08,1.397214763203969129e-08,1.355430055322802684e-08,1.312798011231790593e-08,1.269291679424956927e-08,1.224879300518387759e-08,1.179523072839210085e-08,1.133177628337371103e-08,1.085788167703428224e-08,1.037288202971087350e-08,9.875968622721293337e-09,9.366157314644411991e-09,8.842252534312676155e-09,8.302808014133219503e-09,7.746087339699420160e-09,7.170031215520330972e-09,6.572246182121126287e-09,5.950046346392515854e-09,5.300618413323892522e-09,4.621478082228003719e-09,3.911663550022161005e-09,3.175023082907380757e-09,2.430486416191547266e-09,1.749741366090748045e-09,1.382433963928441009e-09,1.708948330959198207e-09,2.578586407346388691e-09,3.704065107665048156e-09,4.974038097002532518e-09,6.337303809068109736e-09,7.752431120201635514e-09,6.589036289245670469e-09,3.656458790104481797e-09,4.179608584232048423e-09,8.394296221636893207e-09,1.141273748178236284e-08,1.183361658548643174e-08,9.711363051193916922e-09,7.300169399392090332e-09,9.080511249760265782e-09,1.333368418199967710e-08,1.611395585624418251e-08,1.577617687123838111e-08,1.220038572212076396e-08,6.784247756075907252e-09,4.990002957280926102e-09,9.196903602085812289e-09,1.202097692310600314e-08,1.151179729176153490e-08,7.806094379232129423e-09,3.069038037535519112e-09,5.919109392245876651e-09,1.041980696946657290e-08,1.212535325533351533e-08,1.029754159807234004e-08,8.914673578565691578e-09,7.909992979166879340e-09,7.232946633918778088e-09,6.838788124860833416e-09,6.682620738351648465e-09,6.718582916636832063e-09,6.902778846924145090e-09,7.196769098537679381e-09,7.569375921906340495e-09,7.996597299790702875e-09,8.460470242900809580e-09,8.947679617954599298e-09,9.448324996527982835e-09,9.954966496471647578e-09,1.046193349417072252e-08,1.096483874997246809e-08,1.146024031635277859e-08,1.194540572682375074e-08,1.241814585826801939e-08,1.287669613136765911e-08,1.331963005371947538e-08,1.374579509835133176e-08,1.415426422207517620e-08,1.454429850781529699e-08,1.491531784996430331e-08,1.526687755211430028e-08,1.559864934214991650e-08,1.591040574026776779e-08,1.620200701137068676e-08,1.647339013971584787e-08,1.672455940991732418e-08,1.695557828347246417e-08,1.716656233645272652e-08,1.735767308025117108e-08,1.752911252898789486e-08,1.768111840825493428e-08,1.781395992308534897e-08,1.792793402033292227e-08,1.802336209350001138e-08,1.810058708754014550e-08,1.815997096812366122e-08,1.820189252493841379e-08,1.822674548231693153e-08,1.823493689324257851e-08,1.822688579491402212e-08,1.820302210579164704e-08,1.816378574560910371e-08,1.810962596135217420e-08,1.804100084379251606e-08,1.795837702088341084e-08,1.786222951621985717e-08,1.775304176285223220e-08,1.763130576501963938e-08,1.749752240281960613e-08,1.735220187742888009e-08,1.719586429720148124e-08,1.702904040775641251e-08,1.685227247198471958e-08,1.666611530870528567e-08,1.647113750142694434e-08,1.626792279126453502e-08,1.605707167042924682e-08,1.583920319476554385e-08,1.561495703540276845e-08,1.538499579055037184e-08,1.515000757855293960e-08,1.491070893222020869e-08,1.466784801174621839e-08,1.442220814870101480e-08,1.417457157908556900e-08,1.392554952349498873e-08,1.367550653952933460e-08,1.342451741487827711e-08,1.317232024610900603e-08,1.291826641124339539e-08,1.266126838080618333e-08,1.239974642826479834e-08,1.213157525538135100e-08,1.185403131206998278e-08,1.156374116206930089e-08,1.125663066849624657e-08,1.092787415942103866e-08,1.057184229938283855e-08,1.018204751930630455e-08,9.751087203949334562e-09,9.270588563883938194e-09,8.731167352884610545e-09,8.122429470265614269e-09,7.433078941298555246e-09,6.651270363588985592e-09,5.765528843426376325e-09,4.767131390550917639e-09,3.657197073481269144e-09,2.475541526353617363e-09,1.484044271097913489e-09,1.757703305346365729e-09,3.246682772139996827e-09,5.158058787797341753e-09,7.335767918006538182e-09,9.768682024308309549e-09,1.245832205919643759e-08,1.536213346580377120e-08,1.838525286232016789e-08,2.144885996053433027e-08,2.450424676023455087e-08,2.734291865327300820e-08,2.960058430929134230e-08
3.098605366505489731e-08,3.137836648501014147e-08,3.086809107309721099e-08,2.974833845844606557e-08,2.846701052560397737e-08,2.721066195399964512e-08,2.600989626099950714e-08,2.497534064502921746e-08,2.424910064392263533e-08,2.389060421010155103e-08,2.385709405954091379e-08,2.405147138545081234e-08,2.437260841799023221e-08,2.474116809353502299e-08,2.510480871884158191e-08,2.543373393213019392e-08,2.571393873696141736e-08,2.594128710223845101e-08,2.611721772761202317e-08,2.624594443606106557e-08,2.633276996753093527e-08,2.638314527979932670e-08,2.640219303710704344e-08,2.639450271291152611e-08,2.636407450774082164e-08,2.631433804345649774e-08,2.624820352615443010e-08,2.616812266670278498e-08,2.607614821118574732e-08,2.597398743793489412e-08,2.586304841957328061e-08,2.574447950212388326e-08,2.561920310416178012e-08,2.548794505772279595e-08,2.535126057381529680e-08,2.520955767457045466e-08,2.506311867612736299e-08,2.491212007467475570e-08,2.475665100238180290e-08,2.459673028693964883e-08,2.443232206811537214e-08,2.426334989417763546e-08,2.408971335421231777e-08,2.391131179696825564e-08,2.372804895193608307e-08,2.353983262556586700e-08,2.334657440697009569e-08,2.314818937988297152e-08,2.294459583808983237e-08,2.273571500199368168e-08,2.252147073445231053e-08,2.230178925449593171e-08,2.207659884801896705e-08,2.184582957502267374e-08,2.160941297345718475e-08,2.136728176015628734e-08,2.111936952975765284e-08,2.086561045282934690e-08,2.060593897465108629e-08,2.034028951618994634e-08,2.006859617872358411e-08,1.979079245325048812e-08,1.950681093523162226e-08,1.921658304426748241e-08,1.892003874695728721e-08,1.861710627933064215e-08,1.830771186279324734e-08,1.799177940437833554e-08,1.766923016811849532e-08,1.733998239940124310e-08,1.700395087806825615e-08,1.666104636855421716e-08,1.631117492628133870e-08,1.595423700852301879e-08,1.559012632465468878e-08,1.521872834467085326e-08,1.483991836552749745e-08,1.445355901162472977e-08,1.405949701782113312e-08,1.365755910989494693e-08,1.324754675735749612e-08,1.282922952591972663e-08,1.240233670064591617e-08,1.196654678495993576e-08,1.152147440464420232e-08,1.106665406007028587e-08,1.060152007604081824e-08,1.012538200176593037e-08,9.637394624167063220e-09,9.136521696592562566e-09,8.621492491763725980e-09,8.090750438340970477e-09,7.542393544215108603e-09,6.974107353174375502e-09,6.383093496885639359e-09,5.766002092881352294e-09,5.118888540306337655e-09,4.437247408794393767e-09,3.716272730332579123e-09,2.951845710599703477e-09,2.144424987324627848e-09,1.319952707641200859e-09,7.207382975862991846e-10,1.196690036479622817e-09,2.267129224024505871e-09,3.534298111735150863e-09,4.955050699283527568e-09,6.530465328274874478e-09,8.274314600904981454e-09,7.447500558772508008e-09,4.643430721269192289e-09,3.766778635584388124e-09,7.450609740583040591e-09,1.063287613054890022e-08,1.149212110078577873e-08,9.815953158950578101e-09,7.026407512855453333e-09,6.978090163160634095e-09,1.007365203684439596e-08,1.236698478399501066e-08,1.199873908808268648e-08,8.780363896308162300e-09,4.212403570452781330e-09,5.130007193964265819e-09,9.642570247012829335e-09,1.210394224781327130e-08,1.137338226008067535e-08,7.663369263044462842e-09,2.737723120386899850e-09,5.048815154863774076e-09,9.309649848851466706e-09,1.092639601710354094e-08,9.272081306612354119e-09,7.983316935459973413e-09,7.031420665754303589e-09,6.390929274635226741e-09,6.032469587310801901e-09,5.917440294055266228e-09,5.999058809371202151e-09,6.229100333331990987e-09,6.564885073838239454e-09,6.972649908855735127e-09,7.427472673454366517e-09,7.911579175872249793e-09,8.412415371978369570e-09,8.921058238477561490e-09,9.431065172039744646e-09,9.937688890410838747e-09,1.043735504163202845e-08,1.092731680583838725e-08,1.140542539502287593e-08,1.186997571002535816e-08,1.231960078148154758e-08,1.275319811324923020e-08,1.316987713290136894e-08,1.356892080954353859e-08,1.394975693664838041e-08,1.431193612441762608e-08,1.465511453544907791e-08,1.497904003682275975e-08,1.528354086005932999e-08,1.556851613792469410e-08,1.583392787385826688e-08,1.607979402741370806e-08,1.630618248753787640e-08,1.651320576761651739e-08,1.670101630032247672e-08,1.686980224190375685e-08,1.701978371831513707e-08,1.715120946202876513e-08,1.726435380019166955e-08,1.735951396326567516e-08,1.743700768928327302e-08,1.749717110304778110e-08,1.754035685250327253e-08,1.756693248648911086e-08,1.757727905947845380e-08,1.757178994991799844e-08,1.755086987962117412e-08,1.751493412246048365e-08,1.746440789146056727e-08,1.739972589438739155e-08,1.732133204910745643e-08,1.722967935138311113e-08,1.712522988938399213e-08,1.700845500102750253e-08,1.687983557229729791e-08,1.673986247690541229e-08,1.658903716003122089e-08,1.642787237135448950e-08,1.625689305516014894e-08,1.607663740788395687e-08,1.588765811603512937e-08,1.569052378990842805e-08,1.548582061079703920e-08,1.527415421142774287e-08,1.505615181091078165e-08,1.483246462642926192e-08,1.460377058391837236e-08,1.437077734874897645e-08,1.413422569446696921e-08,1.389489322234818218e-08,1.365355863503827485e-08,1.341083337548092068e-08,1.316708641320602364e-08,1.292240114674524066e-08,1.267652842328010185e-08,1.242883640978082091e-08,1.217825831677880406e-08,1.192323913128629390e-08,1.166168251836294655e-08,1.139089887396011618e-08,1.110755515668361331e-08,1.080762664361817502e-08,1.048635027044179060e-08,1.013817896631309471e-08,9.756736795160101478e-09,9.334776486420485682e-09,8.864145359017701361e-09,8.335775110642476421e-09,7.739730337505176511e-09,7.065391141808511142e-09,6.301936857566277812e-09,5.439538915210293549e-09,4.472455942654436016e-09,3.408563302191101231e-09,2.309283150530962978e-09,1.517436047097585840e-09,1.986090999817273758e-09,3.454952142760634196e-09,5.317408170299635899e-09,7.445910931171204401e-09,9.827255252765217197e-09,1.245588681611993148e-08,1.528726329523307333e-08,1.823830506347115216e-08,2.124431424418540330e-08,2.424784770719915063e-08,2.703200792341746097e-08,2.926393582999287674e-08
3.061351819926723111e-08,3.102469423457200709e-08,3.055102151636987650e-08,2.947334457533423111e-08,2.820717516409956930e-08,2.695994173536963500e-08,2.577376919949783412e-08,2.474041332207454507e-08,2.398549812249430094e-08,2.357098132705051541e-08,2.346829179384899479e-08,2.359437784979995949e-08,2.385657933571796297e-08,2.417864966575766094e-08,2.450803041103171070e-08,2.481321193997937770e-08,2.507806772331559240e-08,2.529645976527439672e-08,2.546814528190150175e-08,2.559601383912177587e-08,2.568436651561042308e-08,2.573791696509470722e-08,2.576125545398513556e-08,2.575859234252410126e-08,2.573366066926132329e-08,2.568970331580298464e-08,2.562950087710568867e-08,2.555541576080659082e-08,2.546943977472078066e-08,2.537323925570864733e-08,2.526819552751619894e-08,2.515544038099411329e-08,2.503588712258659881e-08,2.491025801042363930e-08,2.477910887457936306e-08,2.464285156326362857e-08,2.450177466200050978e-08,2.435606274731710834e-08,2.420581428412480646e-08,2.405105816666488283e-08,2.389176883893846744e-08,2.372787991074798342e-08,2.355930039105295562e-08,2.338593838817877707e-08,2.320770579388125959e-08,2.302451801188518044e-08,2.283629369554182683e-08,2.264295449184542858e-08,2.244442478947043294e-08,2.224063146891668052e-08,2.203150365327965180e-08,2.181697245859392157e-08,2.159697074312708983e-08,2.137143285541903201e-08,2.114029438125913854e-08,2.090349189015528837e-08,2.066096268215706754e-08,2.041264453612749678e-08,2.015847546068757496e-08,1.989839344905190651e-08,1.963233623879719735e-08,1.936024107721286992e-08,1.908204449222722304e-08,1.879768206792579403e-08,1.850708822231689605e-08,1.821019598317786467e-08,1.790693675544931532e-08,1.759724007063273653e-08,1.728103330487230893e-08,1.695824134772546380e-08,1.662878619788122406e-08,1.629258645507159032e-08,1.594955666889442879e-08,1.559960649493340892e-08,1.524263959605970580e-08,1.487855221169590037e-08,1.450723129958005835e-08,1.412855213254301889e-08,1.374237520622319778e-08,1.334854228155355368e-08,1.294687134714647462e-08,1.253715024005085600e-08,1.211912860721348692e-08,1.169250782255782856e-08,1.125692839387500201e-08,1.081195429747309703e-08,1.035705356438484231e-08,9.891574307528455430e-09,9.414715222451581500e-09,8.925489413747061190e-09,8.422680194863856260e-09,7.904787283224494617e-09,7.369961571715349064e-09,6.815926414575331171e-09,6.239883143276623802e-09,5.638398364452979614e-09,5.007270551291693799e-09,4.341373639105980665e-09,3.634476053923182844e-09,2.879035867735510379e-09,2.065982635246605067e-09,1.184576254142804543e-09,2.257983180260883297e-10,8.427424370465537319e-10,2.018729416118674611e-09,3.333589512171083947e-09,4.814074138595787229e-09,6.495034599854911564e-09,8.424879300653086133e-09,7.851644002031422018e-09,5.196512246683479896e-09,3.350665920286419965e-09,6.329778441732132036e-09,9.486793703065482975e-09,1.058943391761295237e-08,9.248742223257431480e-09,6.375474833618750899e-09,5.075978732218689078e-09,7.299461286054169494e-09,9.273967727607150120e-09,8.945411800048577611e-09,6.051264105930788742e-09,2.018186845039296398e-09,4.994634010069854601e-09,9.290728441930873548e-09,1.137528940188052453e-08,1.051531044658253710e-08,6.957462878105080270e-09,2.187094245471658728e-09,4.429848595051775310e-09,8.344177697073705189e-09,9.776670108284436698e-09,8.239832753342190300e-09,7.019204519322082672e-09,6.110142054701118458e-09,5.506075375714092873e-09,5.190397419554419590e-09,5.128215953589474013e-09,5.268287361106870270e-09,5.555089520503079695e-09,5.940466944835789552e-09,6.388237487362960246e-09,6.873297097398347547e-09,7.378823652956074146e-09,7.893611975262088257e-09,8.410110800824587682e-09,8.923117867350523870e-09,9.428949138661343101e-09,9.924917776141626088e-09,1.040900746801469076e-08,1.087966596010540485e-08,1.133567281121286795e-08,1.177605322847543396e-08,1.220002077516953197e-08,1.260693837888705549e-08,1.299629109116270957e-08,1.336766650062946680e-08,1.372074020682738911e-08,1.405526469497683403e-08,1.437106053693521035e-08,1.466800921442905638e-08,1.494604709864989938e-08,1.520516027489745662e-08,1.544538000258227493e-08,1.566677866846732368e-08,1.586946613639957931e-08,1.605358642748787668e-08,1.621931468555823771e-08,1.636685439691068902e-08,1.649643484299328201e-08,1.660830877099949578e-08,1.670275027154536964e-08,1.678005285516646407e-08,1.684052772087639262e-08,1.688450221080364927e-08,1.691231844523872120e-08,1.692433213248058168e-08,1.692091154782659340e-08,1.690243667602033843e-08,1.686929851154648967e-08,1.682189851140574110e-08,1.676064819545991071e-08,1.668596889013546059e-08,1.659829161222631620e-08,1.649805709074539733e-08,1.638571592623218261e-08,1.626172888861457842e-08,1.612656735662800268e-08,1.598071390388530283e-08,1.582466303893861697e-08,1.565892210904081090e-08,1.548401237975761873e-08,1.530047030504710278e-08,1.510884900484303132e-08,1.490971996946194026e-08,1.470367501218001562e-08,1.449132849293075337e-08,1.427331983703732215e-08,1.405031637291379219e-08,1.382301651134963374e-08,1.359215328580311514e-08,1.335849826738808135e-08,1.312282647445773841e-08,1.288574991927852123e-08,1.264764302105513027e-08,1.240859964146538477e-08,1.216838616264754029e-08,1.192639136876341287e-08,1.168157419254578572e-08,1.143241058672031796e-08,1.117684083612537813e-08,1.091221851321558725e-08,1.063526200213913844e-08,1.034200913198753137e-08,1.002777510573782928e-08,9.687113847234389500e-09,9.313783567934287697e-09,8.900719568483131286e-09,8.440022467943431322e-09,7.922980965831890094e-09,7.340170795651694061e-09,6.681720030695353965e-09,5.937945864822723448e-09,5.100886122240914413e-09,4.168328833213464928e-09,3.156625872042841733e-09,2.154980985001519614e-09,1.584745550623910862e-09,2.216535596694376295e-09,3.668543158719687619e-09,5.484984735079989518e-09,7.563423492239565827e-09,9.889305656717066298e-09,1.245175059642650482e-08,1.520680679713404722e-08,1.808319307227993446e-08,2.102595721375204517e-08,2.396773355898785027e-08,2.669039270973255800e-08,2.889245346556620706e-08
3.019904422854983658e-08,3.063234109120920138e-08,3.019811855209728738e-08,2.917054097167374542e-08,2.793083225116433685e-08,2.669918673155093306e-08,2.553188995350364301e-08,2.450700735890603582e-08,2.373349657776668643e-08,2.327233675270268909e-08,2.310640255944930138e-08,2.316614508515773817e-08,2.336826802018396524e-08,2.364086430292064023e-08,2.393218584518463690e-08,2.420968478679842094e-08,2.445549396528014754e-08,2.466165457536821091e-08,2.482630216249938028e-08,2.495099441571713086e-08,2.503898957718839033e-08,2.509420928262519874e-08,2.512065427355435197e-08,2.512210195282065294e-08,2.510197015972578281e-08,2.506327356822525506e-08,2.500862811552624764e-08,2.494027771008965910e-08,2.486012915575563808e-08,2.476978818154505933e-08,2.467059341892628858e-08,2.456364728553944611e-08,2.444984376762956429e-08,2.432989351210654029e-08,2.420434672906697375e-08,2.407361433646232539e-08,2.393798764807091146e-08,2.379765676793026939e-08,2.365272773675554982e-08,2.350323839142060708e-08,2.334917285190617404e-08,2.319047454176446022e-08,2.302706188471941301e-08,2.285885176614405884e-08,2.268576423632048134e-08,2.250772227503853587e-08,2.232465156458714845e-08,2.213648026887577740e-08,2.194313881682129803e-08,2.174455968853205146e-08,2.154067720321578089e-08,2.133142730812869374e-08,2.111674736826496961e-08,2.089657595685039693e-08,2.067085264704424589e-08,2.043951780555272932e-08,2.020251238910311873e-08,1.995977774489820395e-08,1.971125541624434059e-08,1.945688695449439618e-08,1.919661373823985898e-08,1.893037680028608449e-08,1.865811666231059720e-08,1.837977317618896779e-08,1.809528536972015293e-08,1.780459129283130543e-08,1.750762785821640653e-08,1.720433066767832546e-08,1.689463381209727407e-08,1.657846962882092015e-08,1.625576839521580479e-08,1.592645793096299675e-08,1.559046307421137686e-08,1.524770498766227745e-08,1.489810023973861455e-08,1.454155959280963064e-08,1.417798641453893203e-08,1.380727460923927889e-08,1.342930594297807513e-08,1.304394660826944905e-08,1.265104284053988426e-08,1.225041535800785252e-08,1.184185234781329132e-08,1.142510066259159927e-08,1.099985482141858392e-08,1.056574332520311232e-08,1.012231169718745325e-08,9.669001542529316732e-09,9.205124786246704976e-09,8.729832097808711373e-09,8.242074350680298147e-09,7.740555816217486680e-09,7.223677702540104270e-09,6.689470737992282983e-09,6.135516053154377069e-09,5.558855373444952713e-09,4.955896535101934491e-09,4.322334797336526180e-09,3.653155959243687695e-09,2.942953682924044082e-09,2.187560601511326422e-09,1.393155641467830127e-09,6.662141353608502349e-10,8.647733178330649412e-10,1.872675874783292450e-09,3.110095547481973367e-09,4.544026927129016408e-09,6.208408730978913658e-09,8.163092011280147450e-09,7.757626613395218054e-09,5.289313603149973378e-09,2.899046914277337217e-09,5.172279308691793468e-09,8.159014557038348452e-09,9.333457073156316618e-09,8.228808071305037192e-09,5.456772605139311990e-09,3.484369885393007818e-09,5.269417129961948061e-09,7.118810186091790774e-09,6.913857149355359815e-09,4.384064623077933435e-09,3.782767501735819994e-10,4.575291182419270141e-09,8.353007220966202282e-09,1.006518128763751048e-08,9.164484610415521606e-09,5.899410887022951369e-09,1.573115543525592484e-09,4.035447526616814044e-09,7.474945479567553540e-09,8.648643602912088455e-09,7.194437299918125034e-09,6.029722799231269005e-09,5.162590230510776631e-09,4.601476264203604077e-09,4.341403400589035489e-09,4.348121039620112501e-09,4.560897752573669020e-09,4.913690231273530794e-09,5.352742807638299026e-09,5.840911433115897764e-09,6.354481499635722711e-09,6.878724330550770826e-09,7.404476915036333147e-09,7.925932704528298707e-09,8.439305037414881210e-09,8.942035999498437210e-09,9.432329388674594245e-09,9.908873353203258329e-09,1.037067403115120100e-08,1.081695457700722011e-08,1.124709305414813585e-08,1.166058364777302444e-08,1.205701199434828736e-08,1.243603912149144987e-08,1.279739067226753665e-08,1.314084938768638093e-08,1.346624960473797617e-08,1.377347300452959195e-08,1.406244513848309575e-08,1.433313244241211018e-08,1.458553956178160825e-08,1.481970688259652414e-08,1.503570820704467647e-08,1.523364854100569356e-08,1.541366197790548608e-08,1.557590967395711440e-08,1.572057791599953758e-08,1.584787628647440185e-08,1.595803593157225269e-08,1.605130793889553107e-08,1.612796183057091291e-08,1.618828417690094867e-08,1.623257733458846774e-08,1.626115831244828570e-08,1.627435776645005951e-08,1.627251912499577693e-08,1.625599784458429658e-08,1.622516079549723209e-08,1.618038577688410081e-08,1.612206116064933084e-08,1.605058566385779356e-08,1.596636824998086029e-08,1.586982816019663868e-08,1.576139507712532257e-08,1.564150942480892781e-08,1.551062281041575364e-08,1.536919861504088709e-08,1.521771274305843060e-08,1.505665454172742161e-08,1.488652790512074061e-08,1.470785257888344323e-08,1.452116568476603106e-08,1.432702348622431182e-08,1.412600341850388603e-08,1.391870640835614825e-08,1.370575950962051737e-08,1.348781888102242360e-08,1.326557313122965383e-08,1.303974705288370471e-08,1.281110576119456560e-08,1.258042035810661979e-08,1.234830380044634503e-08,1.211513715975800269e-08,1.188102692568953747e-08,1.164575826520978886e-08,1.140874502453565388e-08,1.116897759772201583e-08,1.092497003190692934e-08,1.067470785321631312e-08,1.041559805313833368e-08,1.014442247975996779e-08,9.857295594980147035e-09,9.549627337952899185e-09,9.216091959781959959e-09,8.850604663282220925e-09,8.446310575353288159e-09,7.995596633658261740e-09,7.490149674506984359e-09,6.921110725081054313e-09,6.279434949473775842e-09,5.556714010920564559e-09,4.747143542478587003e-09,3.852810943721770235e-09,2.901000985290480556e-09,2.016565471397759128e-09,1.684456845315162120e-09,2.451172547121339411e-09,3.888661799674207312e-09,5.661281117819470988e-09,7.688397866424621679e-09,9.954957327573743210e-09,1.244663111355150683e-08,1.512202193546799263e-08,1.792071143052027076e-08,2.079355559683192281e-08,2.366380518873071644e-08,2.631844182036088173e-08,2.848550214467158413e-08
2.974253426429196208e-08,3.020038553968598297e-08,2.980878784325769564e-08,2.883833767384183919e-08,2.763639791609911473e-08,2.642807813971085032e-08,2.528433364073949262e-08,2.427441757861410581e-08,2.349162085226459744e-08,2.299328556282279870e-08,2.277094689482922169e-08,2.276752098124876707e-08,2.290954412275688340e-08,2.313050369781531285e-08,2.338046803148163901e-08,2.362658198168931440e-08,2.384969154391595285e-08,2.404026290475013922e-08,2.419491941210522914e-08,2.431391459147796623e-08,2.439944650790768191e-08,2.445460538244298849e-08,2.448275460822133433e-08,2.448718999427082186e-08,2.447096865312546752e-08,2.443683638047272727e-08,2.438720916885230801e-08,2.432418240670753004e-08,2.424955271390950203e-08,2.416484432828396535e-08,2.407133603913736133e-08,2.397008694120734073e-08,2.386196046813401289e-08,2.374764671355881059e-08,2.362768324337344353e-08,2.350247461613947830e-08,2.337231076150698369e-08,2.323738427612902995e-08,2.309780661416267608e-08,2.295362309044458052e-08,2.280482658556875793e-08,2.265136984561804221e-08,2.249318049228059628e-08,2.233018400768464805e-08,2.216230840841954644e-08,2.198948404889210623e-08,2.181164343207111503e-08,2.162872102587879385e-08,2.144065308385853664e-08,2.124737746911356347e-08,2.104883348087184566e-08,2.084496168338500049e-08,2.063570373720867189e-08,2.042100223323271438e-08,2.020080053012294764e-08,1.997504259609043229e-08,1.974367285610697561e-08,1.950663604582029726e-08,1.926387707346972224e-08,1.901534089104269575e-08,1.876097237571736817e-08,1.850071622227954092e-08,1.823451684664892905e-08,1.796231829986354450e-08,1.768406419080792104e-08,1.739969761458024267e-08,1.710916108161801981e-08,1.681239644047182241e-08,1.650934478435152938e-08,1.619994632817324283e-08,1.588414023869207478e-08,1.556186439527863548e-08,1.523305505281907454e-08,1.489764637088996104e-08,1.455556976453947351e-08,1.420675302140668659e-08,1.385111911718625482e-08,1.348858464618605217e-08,1.311905776544890911e-08,1.274243552905527396e-08,1.235860046315442916e-08,1.196741620128336829e-08,1.156872196289088269e-08,1.116232561500087792e-08,1.074799500714583770e-08,1.032544721312739446e-08,9.894335251023317660e-09,9.454231788754022234e-09,9.004609284877366348e-09,8.544815981318414381e-09,8.074047194767928963e-09,7.591311527006566861e-09,7.095392103537579428e-09,6.584804134001739167e-09,6.057752839825727447e-09,5.512102238053638716e-09,4.945380946376603601e-09,4.354891858810075931e-09,3.738108316185864809e-09,3.093912542977627139e-09,2.426649796808004758e-09,1.761569459949563511e-09,1.214681039178042690e-09,1.175826986005276913e-09,1.837871079523376087e-09,2.878130458678661946e-09,4.164465407905406033e-09,5.698310451705085264e-09,7.529818385763914221e-09,7.215365169180359826e-09,4.970931575279530388e-09,2.403782168007465932e-09,4.120274914129257115e-09,6.836637098771193820e-09,7.946332947083895425e-09,6.995032001187092898e-09,4.431969828124417816e-09,2.285554466572188864e-09,4.057205500603082191e-09,5.855698103936137464e-09,5.796995529394316312e-09,3.714411821841200273e-09,6.759807083105264419e-10,3.954348312290320239e-09,7.098592545354234776e-09,8.470093992652099293e-09,7.601984107178786941e-09,4.727221405326364205e-09,1.071947949457820097e-09,3.733417790240359243e-09,6.616181631021887989e-09,7.502101346235620137e-09,6.128440259598063743e-09,5.025643516891916817e-09,4.210149789711653192e-09,3.706193170367517852e-09,3.521542009246732401e-09,3.617577464240433555e-09,3.916570965332479362e-09,4.339772529067862676e-09,4.830312154628714425e-09,5.353296508634547398e-09,5.888624904838700723e-09,6.424865657850621290e-09,6.955445792970646359e-09,7.476496128695675872e-09,7.985663292239852776e-09,8.481454806628167838e-09,8.962875050778082112e-09,9.429221037820931555e-09,9.879967081246396961e-09,1.031469950358533186e-08,1.073307978667744049e-08,1.113482396948422055e-08,1.151969131936371162e-08,1.188747824823436338e-08,1.223801513259834254e-08,1.257116467589449624e-08,1.288682102614942648e-08,1.318490920137583904e-08,1.346538457655983257e-08,1.372823230548585869e-08,1.397346662097251291e-08,1.420112999785749897e-08,1.441129218597399265e-08,1.460404913247169001e-08,1.477952181845280178e-08,1.493785503664536632e-08,1.507921613633463629e-08,1.520379376001192079e-08,1.531179659378863104e-08,1.540345215093962760e-08,1.547900560521671476e-08,1.553871868795499863e-08,1.558286866057138142e-08,1.561174737188256594e-08,1.562566040778421098e-08,1.562492633925547455e-08,1.560987607339725346e-08,1.558085231128383867e-08,1.553820911581040801e-08,1.548231159244853518e-08,1.541353568587652381e-08,1.533226809582213804e-08,1.523890631613356550e-08,1.513385880206839792e-08,1.501754527204764955e-08,1.489039715164685674e-08,1.475285816937177099e-08,1.460538511577147663e-08,1.444844877965029867e-08,1.428253507751685735e-08,1.410814639490756515e-08,1.392580316077536689e-08,1.373604567864996155e-08,1.353943624061900814e-08,1.333656155216295714e-08,1.312803549723447703e-08,1.291450227334018923e-08,1.269663992525559311e-08,1.247516430270519192e-08,1.225083346097049677e-08,1.202441422662623786e-08,1.179652087852617209e-08,1.156754250781074839e-08,1.133760073786380752e-08,1.110650329470872443e-08,1.087369423683686607e-08,1.063820203104587567e-08,1.039858695959258115e-08,1.015288952217513182e-08,9.898581527417386563e-09,9.632521461127764436e-09,9.350915541758019561e-09,9.049285791149584954e-09,8.722446772218899677e-09,8.364493930255862952e-09,7.968809724779580587e-09,7.528100879125756822e-09,7.034495141479392175e-09,6.479758390043518004e-09,5.855767765644970720e-09,5.155569870798282078e-09,4.375933332695935008e-09,3.524387590782250109e-09,2.642785091153718407e-09,1.901038409706237593e-09,1.815802583961294946e-09,2.692596311814544637e-09,4.116772579862552730e-09,5.846958529719348069e-09,7.821189541652506246e-09,1.002477873905307379e-08,1.244172324999308490e-08,1.503443533541821512e-08,1.775178012422078152e-08,2.054730476691238491e-08,2.333674363175491458e-08,2.591718814248550683e-08,2.804319447059843341e-08
2.924506051937913702e-08,2.972884378992203927e-08,2.938324849805000833e-08,2.847598727243090458e-08,2.732264080631016437e-08,2.614635043924731184e-08,2.503141488581325611e-08,2.404237184032777187e-08,2.325871717113036351e-08,2.273244776896774871e-08,2.246117157593780918e-08,2.239887446575542637e-08,2.248195856716210671e-08,2.265009587637263810e-08,2.285609060604433322e-08,2.306752761102414055e-08,2.326447527374653148e-08,2.343613090899500278e-08,2.357776681791556694e-08,2.368839984242220106e-08,2.376917927351304998e-08,2.382234437453828930e-08,2.385058653234246268e-08,2.385667967511888557e-08,2.384327965454188443e-08,2.381282543980596940e-08,2.376749902327404730e-08,2.370921753968109700e-08,2.363964196247650690e-08,2.356019355385523922e-08,2.347207335527768964e-08,2.337628238201385527e-08,2.327364148742467129e-08,2.316481052152820605e-08,2.305030669800195327e-08,2.293052217395496628e-08,2.280574083997931252e-08,2.267615427397136765e-08,2.254187676449774036e-08,2.240295927578362327e-08,2.225940221538952341e-08,2.211116688116062459e-08,2.195818962634603144e-08,2.180040411621173889e-08,2.163774592041390927e-08,2.147015235658729361e-08,2.129756234014605063e-08,2.111991623909118225e-08,2.093715573295694270e-08,2.074922367536051919e-08,2.055606395994381469e-08,2.035762138981032050e-08,2.015384155086038493e-08,1.994467068970867229e-08,1.973005559712118963e-08,1.950994349812743931e-08,1.928428195013486241e-08,1.905301875048625693e-08,1.881610185494064863e-08,1.857347930850933190e-08,1.832509918992119351e-08,1.807090957070487694e-08,1.781085848943477875e-08,1.754489394106632470e-08,1.727296388045135503e-08,1.699501623804003080e-08,1.671099894439918857e-08,1.642085995845877488e-08,1.612454729227869589e-08,1.582200902253899141e-08,1.551319327581480235e-08,1.519804817090547406e-08,1.487652169692916265e-08,1.454856150043294067e-08,1.421411454824257377e-08,1.387312662499794922e-08,1.352554161507415991e-08,1.317130050763135074e-08,1.281034005060418622e-08,1.244259096426124106e-08,1.206797560728148872e-08,1.168640496792793583e-08,1.129777482983693475e-08,1.090196093652613167e-08,1.049881295197329991e-08,1.008814698882667220e-08,9.669736455643197627e-09,9.243300969114816758e-09,8.808493103988099334e-09,8.364882845773092848e-09,7.911939834212766490e-09,7.449013966908739413e-09,6.975315932261712516e-09,6.489901304261095707e-09,5.991666151877268474e-09,5.479371438008580124e-09,4.951734508960984070e-09,4.407676250758634499e-09,3.846941822087363594e-09,3.271676015444030707e-09,2.690655807754417677e-09,2.131584018361237658e-09,1.677151279807087273e-09,1.527514913399359510e-09,1.877920097626993042e-09,2.650109413702091210e-09,3.712353843411093961e-09,5.028829207944754677e-09,6.626148326576127102e-09,6.344830866980271550e-09,4.352480717166512405e-09,1.892254478388607144e-09,3.273140564699240505e-09,5.648648163858938181e-09,6.598624418510035908e-09,5.743076016155049897e-09,3.448211554602280422e-09,1.521113214754662040e-09,3.444255613034924780e-09,5.109011172830155826e-09,5.131314588631216378e-09,3.453325970542274529e-09,1.170332228005271983e-09,3.254951457107413612e-09,5.783500072770866285e-09,6.861416504962909752e-09,6.073253073478569222e-09,3.634045846358289996e-09,8.207902782361620640e-10,3.402437287884791033e-09,5.715467389734071016e-09,6.327378272292745792e-09,5.055256042408098450e-09,4.031977465922270139e-09,3.284348136284649336e-09,2.858277269245425803e-09,2.776231187721936491e-09,2.983645974424426729e-09,3.375922492041404192e-09,3.864322250012091771e-09,4.395456059356067463e-09,4.941089142876653591e-09,5.486752470329808431e-09,6.025005213095383496e-09,6.551970166488533722e-09,7.065594348513880633e-09,7.564766836699143740e-09,8.048863850005150278e-09,8.517511234527012033e-09,8.970460148824260889e-09,9.407522820389637168e-09,9.828540557672392824e-09,1.023336911485676259e-08,1.062187328063667469e-08,1.099392620557652778e-08,1.134941098367209154e-08,1.168822312100733045e-08,1.201027315549546860e-08,1.231548905027708663e-08,1.260381818687983504e-08,1.287522889855369752e-08,1.312971154679565515e-08,1.336727917663680259e-08,1.358796780143546803e-08,1.379183637314449067e-08,1.397896649369594394e-08,1.414946191986977482e-08,1.430344790931175209e-08,1.444107045012757295e-08,1.456249541121033288e-08,1.466790764543550710e-08,1.475751007322362247e-08,1.483152276979222114e-08,1.489018207571626500e-08,1.493373974718700243e-08,1.496246215959003373e-08,1.497662957569411174e-08,1.497653548783269088e-08,1.496248604195155464e-08,1.493479955026899833e-08,1.489380609853458366e-08,1.483984725346377016e-08,1.477327587585582010e-08,1.469445604516046208e-08,1.460376310183337158e-08,1.450158381470402652e-08,1.438831668176080768e-08,1.426437237422978769e-08,1.413017433557416364e-08,1.398615954905818444e-08,1.383277948978423974e-08,1.367050127959871050e-08,1.349980906593133445e-08,1.332120564842401663e-08,1.313521438002874188e-08,1.294238137197555611e-08,1.274327803443593385e-08,1.253850398655036885e-08,1.232869037035225336e-08,1.211450360244307484e-08,1.189664959428818525e-08,1.167587846567120133e-08,1.145295219393679725e-08,1.122848669483490491e-08,1.100288057894539896e-08,1.077627345694739765e-08,1.054849996291397113e-08,1.031904031958378313e-08,1.008696869176581029e-08,9.850900931567749808e-09,9.608943569285306946e-09,9.358646018945980606e-09,9.096957956964830312e-09,8.820193771103710361e-09,8.524006045011821523e-09,8.203370588699509862e-09,7.852587181134423949e-09,7.465304136818770581e-09,7.034583389953419314e-09,6.553041138687132906e-09,6.013139721171090230e-09,5.407803656935288849e-09,4.731793829837294147e-09,3.985082643711778434e-09,3.182424644057244647e-09,2.385759188086491930e-09,1.819321648771371047e-09,1.979094402074223829e-09,2.943878509272333095e-09,4.354718463840882684e-09,6.043034289362175349e-09,7.962607194424609531e-09,1.009990098780789807e-08,1.243872183524297669e-08,1.494585814948135171e-08,1.757758359983246275e-08,2.028804243232377952e-08,2.298812517525293055e-08,2.548843790610174274e-08,2.756661634824978566e-08
2.870904521535013989e-08,2.921896191962152605e-08,2.892271859779776392e-08,2.808380315513201166e-08,2.698897868408074284e-08,2.585396382223320813e-08,2.477372942944629022e-08,2.381109680828123766e-08,2.303412598109416187e-08,2.248868695533511878e-08,2.217626712358152328e-08,2.206033786352483613e-08,2.208680721819698013e-08,2.220201463139618004e-08,2.236227168686318164e-08,2.253632037742254887e-08,2.270399005092084094e-08,2.285356457721178711e-08,2.297917572363179067e-08,2.307871286161818483e-08,2.315232032103493065e-08,2.320139074613479188e-08,2.322792579261603076e-08,2.323414883421903844e-08,2.322228162819257664e-08,2.319442327538446820e-08,2.315249067272860004e-08,2.309819460421875208e-08,2.303303569348286066e-08,2.295831093714255787e-08,2.287512556861054884e-08,2.278440740910721709e-08,2.268692223860163558e-08,2.258328946204262301e-08,2.247399771450801758e-08,2.235942020663955727e-08,2.223982965997271653e-08,2.211541268100907203e-08,2.198628340809706602e-08,2.185249625579090247e-08,2.171405758762743631e-08,2.157093617548103777e-08,2.142307635668439327e-08,2.127041930294816521e-08,2.111290747576745989e-08,2.095048451037996484e-08,2.078309510472295687e-08,2.061068491271690157e-08,2.043320044150516970e-08,2.025058895257304884e-08,2.006279836695495937e-08,1.986977717501244570e-08,1.967147435152543959e-08,1.946783927707931764e-08,1.925882166694619195e-08,1.904437150884284461e-08,1.882443901109298302e-08,1.859897456281821673e-08,1.836792870782081224e-08,1.813125213379030617e-08,1.788889567835277643e-08,1.764081035327150647e-08,1.738694738778489673e-08,1.712725829161393679e-08,1.686169493756541100e-08,1.659020966287575758e-08,1.631275538745491928e-08,1.602928574596843922e-08,1.573975522920087724e-08,1.544411932833073332e-08,1.514233467356433334e-08,1.483435915596383840e-08,1.452015201819301946e-08,1.419967389621487781e-08,1.387288678961836371e-08,1.353975393313164587e-08,1.320023953589546231e-08,1.285430834812647100e-08,1.250192500681951450e-08,1.214305310308836186e-08,1.177765390368620318e-08,1.140568464841160404e-08,1.102709633403147367e-08,1.064183088512230234e-08,1.024981760487971269e-08,9.850968798184032479e-09,9.445174471701182361e-09,9.032296053494957519e-09,8.612159159065365055e-09,8.184545601174713179e-09,7.749185170080261735e-09,7.305748336801475765e-09,6.853842223197432274e-09,6.393014477758383277e-09,5.922774217212463365e-09,5.442648377951987904e-09,4.952311215608490569e-09,4.451867603179508477e-09,3.942470913886872124e-09,3.427703252128678029e-09,2.916781728646490553e-09,2.432256983163619486e-09,2.027715725649213930e-09,1.814668161548614014e-09,1.936449971644975970e-09,2.431659294390897821e-09,3.230210201578716196e-09,4.280036594407575177e-09,5.581118038148146314e-09,5.299171453141062928e-09,3.575832077406597916e-09,1.418708550941975195e-09,2.652669381950852360e-09,4.636945606443310604e-09,5.376747318110206755e-09,4.588885114401929511e-09,2.596240196291644451e-09,1.154000708169116162e-09,3.069298426451723124e-09,4.491746296493347274e-09,4.511817224149352462e-09,3.130192758592303841e-09,1.256969234217150951e-09,2.594465652486769511e-09,4.589349084501819346e-09,5.417262748679217569e-09,4.726276007137650419e-09,2.720181433350014448e-09,7.772211969502112413e-10,2.999578581982580679e-09,4.780899840066731569e-09,5.157135874935235239e-09,4.012108518361048464e-09,3.086969592268320499e-09,2.424885982551007813e-09,2.104520049022241603e-09,2.159518848312400641e-09,2.493289334014556384e-09,2.970243900557531597e-09,3.505164185498301306e-09,4.057347448517873772e-09,4.608473243714276975e-09,5.150283114305588125e-09,5.679052639015681047e-09,6.193143536546592111e-09,6.691885019095032028e-09,7.175045520170485079e-09,7.642578273119941054e-09,8.094499036580487440e-09,8.530829473296168655e-09,8.951573651898712301e-09,9.356711213875830299e-09,9.746198675976182416e-09,1.011997438747855587e-08,1.047796478818143030e-08,1.082009075283885764e-08,1.114627342658086547e-08,1.145643929294516802e-08,1.175052439816592658e-08,1.202847775099342853e-08,1.229026396455628449e-08,1.253586522698465711e-08,1.276528269283391063e-08,1.297853738473326483e-08,1.317567068811340557e-08,1.335674451360499824e-08,1.352184119301246548e-08,1.367106316633795355e-08,1.380453250950421597e-08,1.392239034535348336e-08,1.402479617422386204e-08,1.411192715490849638e-08,1.418397736203977103e-08,1.424115704185341863e-08,1.428369188481568714e-08,1.431182233068405039e-08,1.432580291916717975e-08,1.432590169740874139e-08,1.431239969400500130e-08,1.428559046814613306e-08,1.424577974172180713e-08,1.419328512183242972e-08,1.412843592108348138e-08,1.405157308330113780e-08,1.396304922288469428e-08,1.386322878690144274e-08,1.375248835022976826e-08,1.363121705556585876e-08,1.349981721192779033e-08,1.335870506741570562e-08,1.320831177441254089e-08,1.304908456812201140e-08,1.288148818231243645e-08,1.270600652931888097e-08,1.252314467467185422e-08,1.233343114004121654e-08,1.213742057131379639e-08,1.193569681126858332e-08,1.172887641804544532e-08,1.151761267080595226e-08,1.130260010179122184e-08,1.108457958819457722e-08,1.086430731042841576e-08,1.064240094128875073e-08,1.041927015314014613e-08,1.019507570835940847e-08,9.969684099198109103e-09,9.742618563923567251e-09,9.513007777421329009e-09,9.279533938268896972e-09,9.040382306630080571e-09,8.793194458912081641e-09,8.535027625622436156e-09,8.262322549979670432e-09,7.970882547569030816e-09,7.655867259468194570e-09,7.311806719619926713e-09,6.932646241078298421e-09,6.511843245651887397e-09,6.042560306454618905e-09,5.518051527795541724e-09,4.932470611769998651e-09,4.282693931297468934e-09,3.572914867145425144e-09,2.828036252809372675e-09,2.138498670315226204e-09,1.786233846769323003e-09,2.175787020722395391e-09,3.208619297262114698e-09,4.604865483620808770e-09,6.251078254717567523e-09,8.114089101237622018e-09,1.018211426102967656e-08,1.243985173105193661e-08,1.485845821834469737e-08,1.739976907580806519e-08,2.001746343852147223e-08,2.262052630809017454e-08,2.503491318531402461e-08,2.705805908959294671e-08
2.813843646618512332e-08,2.867351019970938357e-08,2.842964124359334662e-08,2.766337719669297369e-08,2.663580492588938677e-08,2.555136540044047266e-08,2.451226858954547035e-08,2.358140667946451682e-08,2.281786189430747229e-08,2.226138467431758235e-08,2.191566404073511602e-08,2.175205527254056952e-08,2.172530405272116891e-08,2.178858602661692624e-08,2.190229690213427837e-08,2.203697602209782866e-08,2.217274945694334062e-08,2.229737481988022535e-08,2.240409591134460254e-08,2.248982423743141670e-08,2.255377707416296865e-08,2.259653161968161458e-08,2.261940227225335110e-08,2.262404789577019375e-08,2.261223376109516065e-08,2.258569328305239379e-08,2.254605203429644896e-08,2.249478952513022809e-08,2.243322330691088869e-08,2.236250597452143539e-08,2.228362948318671917e-08,2.219743355860674999e-08,2.210461638099183146e-08,2.200574651929114451e-08,2.190127551933720187e-08,2.179155076265305666e-08,2.167682830826082382e-08,2.155728546745294008e-08,2.143303287654244457e-08,2.130412584553279585e-08,2.117057478294329248e-08,2.103235453517111234e-08,2.088941637359172263e-08,2.074170801588191502e-08,2.058917788773545797e-08,2.043177504598432517e-08,2.026944910562247593e-08,2.010215017057301183e-08,1.992982876829957901e-08,1.975243578861447800e-08,1.956992242727771102e-08,1.938224013521155324e-08,1.918934057437072856e-08,1.899117558150569818e-08,1.878769714123188994e-08,1.857885736996590047e-08,1.836460851240566964e-08,1.814490295230966299e-08,1.791969323936359220e-08,1.768893213390482997e-08,1.745257267119804285e-08,1.721056824681048411e-08,1.696287272441404574e-08,1.670944056703225588e-08,1.645022699234235030e-08,1.618518815212194849e-08,1.591428133528087251e-08,1.563746519312372273e-08,1.535469998452724039e-08,1.506594783756463135e-08,1.477117302274081890e-08,1.447034223138748557e-08,1.416342485087383502e-08,1.385039322608390602e-08,1.353122289406219857e-08,1.320589277580883317e-08,1.287438530589803144e-08,1.253668647690756842e-08,1.219278577163241489e-08,1.184267595183717542e-08,1.148635266812730926e-08,1.112381385184570822e-08,1.075505884753350202e-08,1.038008724481636333e-08,9.998897373949999127e-09,9.611484443685533735e-09,9.217838330421307376e-09,8.817941085497956552e-09,8.411764333277559216e-09,7.999266922070924166e-09,7.580393527082803567e-09,7.155075506498322083e-09,6.723236398235992808e-09,6.284806438825662640e-09,5.839754228027595528e-09,5.388150881690935472e-09,4.930296397607754289e-09,4.466967667944010838e-09,3.999911300827697699e-09,3.532845738228259677e-09,3.073554246108053293e-09,2.638317443380765555e-09,2.260863342304212488e-09,2.005985351861225224e-09,1.969213551915536432e-09,2.221761938042690851e-09,2.755357404933087505e-09,3.527326297190712782e-09,4.517933688186905326e-09,4.224656467517271944e-09,2.776489690966538066e-09,1.043514320896022574e-09,2.206401192502261345e-09,3.777452229350480647e-09,4.297947858767253985e-09,3.574674195592287164e-09,1.904562173122054086e-09,1.025678449590248474e-09,2.707289597527691506e-09,3.832264046715634511e-09,3.800105765963222537e-09,2.642663372332130655e-09,1.102075997586474484e-09,2.048417094739322539e-09,3.595844843397894500e-09,4.203408655500158862e-09,3.602774899919154127e-09,1.993145203467898065e-09,7.745618423675802221e-10,2.547761903984491048e-09,3.862152853052197224e-09,4.048176328473696635e-09,3.046530570417863190e-09,2.232115076307450385e-09,1.673997107666249445e-09,1.500632436086552201e-09,1.726442307728567661e-09,2.175852324676266329e-09,2.706736361073305743e-09,3.258410244194095999e-09,3.807880921123444293e-09,4.346330007822847048e-09,4.870414001908848686e-09,5.379004508764098865e-09,5.871878584113703268e-09,6.349160782310586543e-09,6.811078202029700902e-09,7.257854175363291731e-09,7.689665982195861220e-09,8.106632671725700857e-09,8.508816854620439634e-09,8.896232551665827172e-09,9.268855164226137849e-09,9.626631626105390796e-09,9.969489820111244311e-09,1.029734687455242131e-08,1.061011623058186254e-08,1.090771351075512190e-08,1.119006128537520454e-08,1.145709285995505608e-08,1.170875521292291917e-08,1.194501120773090679e-08,1.216584119346244111e-08,1.237124409598944503e-08,1.256123808939118422e-08,1.273586092558718056e-08,1.289516998936949357e-08,1.303924213640159783e-08,1.316817336329744520e-08,1.328207835154893085e-08,1.338108992074265207e-08,1.346535842109575779e-08,1.353505109074489435e-08,1.359035139934765802e-08,1.363145839631800599e-08,1.365858607934284387e-08,1.367196279665361071e-08,1.367183069480272551e-08,1.365844522237727399e-08,1.363207469913833578e-08,1.359299995947779460e-08,1.354151407881698685e-08,1.347792219162112693e-08,1.340254141006355414e-08,1.331570085304363392e-08,1.321774179624484161e-08,1.310901795522266128e-08,1.298989591514601856e-08,1.286075572279310739e-08,1.272199165873593338e-08,1.257401321034759258e-08,1.241724626933721743e-08,1.225213458095222519e-08,1.207914147575939996e-08,1.189875191896655814e-08,1.171147491646762806e-08,1.151784632100436232e-08,1.131843208574898459e-08,1.111383201578025244e-08,1.090468406968869860e-08,1.069166926294170424e-08,1.047551722029188914e-08,1.025697672321123027e-08,1.003666687455679174e-08,9.815009792867551149e-09,9.592190738354648146e-09,9.368113574529477466e-09,9.142352376299955179e-09,8.914100520505961461e-09,8.682119094190069826e-09,8.444686884382686072e-09,8.199554539720156775e-09,7.943905728949577325e-09,7.674328355140728363e-09,7.386799347780377427e-09,7.076687719322424586e-09,6.738783356182078652e-09,6.367365257864280543e-09,5.956336615430607113e-09,5.499484645163704864e-09,4.990995139899985688e-09,4.426537231964241037e-09,3.805767916242058527e-09,3.138848280373910826e-09,2.465863426691124708e-09,1.917880897196257537e-09,1.818506712443222681e-09,2.408389476181280536e-09,3.491019027370847604e-09,4.870257994280378876e-09,6.473402186296168563e-09,8.277859282990019573e-09,1.027395446887723542e-08,1.244792928664150691e-08,1.477490007473230693e-08,1.722068866283364103e-08,1.973832282625115390e-08,2.223763087601014441e-08,2.456042930187878104e-08,2.652124477568248645e-08
2.753888153544623069e-08,2.809706097956623970e-08,2.790794879001051798e-08,2.721780474028302239e-08,2.626482884117149451e-08,2.523983187296873421e-08,2.424863034280537964e-08,2.335484630628780548e-08,2.261081516115141333e-08,2.205074621669878328e-08,2.167939900983359913e-08,2.147453812422492596e-08,2.139887979171733131e-08,2.141231973426625244e-08,2.147969575146373834e-08,2.157386825800887884e-08,2.167575908855901280e-08,2.177299621929818781e-08,2.185821799732030830e-08,2.192754298821223236e-08,2.197937254206344351e-08,2.201352776246403883e-08,2.203066079704515694e-08,2.203186938628773078e-08,2.201845290739340596e-08,2.199176278481385051e-08,2.195311387668316788e-08,2.190373432162304894e-08,2.184473921094097997e-08,2.177711884782853117e-08,2.170173589892428294e-08,2.161932798964495131e-08,2.153051367116722499e-08,2.143580050151102582e-08,2.133559444701046723e-08,2.123021006367239602e-08,2.111988105084240652e-08,2.100477083892190662e-08,2.088498291329073863e-08,2.076057060882277643e-08,2.063154614569000103e-08,2.049788872490889168e-08,2.035955519100511112e-08,2.021649855461568745e-08,2.006867200437852233e-08,1.991602886679427567e-08,1.975852256917788235e-08,1.959610660601215365e-08,1.942873450922960306e-08,1.925635982315308583e-08,1.907893608502043024e-08,1.889641681219984179e-08,1.870875549737049089e-08,1.851590561309307616e-08,1.831782062732550923e-08,1.811445403154636080e-08,1.790575938323013175e-08,1.769169036447020158e-08,1.747220085856425539e-08,1.724724504635987430e-08,1.701677752409999945e-08,1.678075344440660619e-08,1.653912868189102758e-08,1.629186002467621011e-08,1.603890539285531862e-08,1.578022408458592933e-08,1.551577705012320757e-08,1.524552719362204821e-08,1.496943970197803314e-08,1.468748239932286765e-08,1.439962612503166142e-08,1.410584513223010092e-08,1.380611750280180210e-08,1.350042557378841999e-08,1.318875636885163221e-08,1.287110202714336535e-08,1.254746022054453192e-08,1.221783454885021232e-08,1.188223490121622572e-08,1.154067777123320645e-08,1.119318651267599490e-08,1.083979152380121669e-08,1.048053035085848909e-08,1.011544770756703040e-08,9.744595418832997362e-09,9.368032317429236763e-09,8.985824157451474129e-09,8.598043667607560226e-09,8.204770966785711764e-09,7.806094731231004040e-09,7.402114784613317369e-09,6.992947263718539702e-09,6.578734346564376700e-09,6.159662000979353745e-09,5.735991862984630371e-09,5.308118251128064178e-09,4.876670617892842739e-09,4.442699903973542337e-09,4.008023783105233399e-09,3.575880835829544239e-09,3.152197922721256475e-09,2.748071501840737906e-09,2.384471874140026965e-09,2.099760600356643037e-09,1.954883851342722751e-09,2.016553712585843744e-09,2.313646758009285020e-09,2.827163775989456026e-09,3.529872947651273633e-09,3.231414640919445270e-09,2.055365639779808783e-09,8.056167370981837305e-10,1.857115518392651164e-09,3.030029393338318250e-09,3.352573910700959034e-09,2.704339022613562725e-09,1.364364588989245889e-09,9.656432243044874964e-10,2.305918735575886539e-09,3.129416385989624471e-09,3.031308008451737071e-09,2.065154085836465247e-09,8.597001894326842333e-10,1.635120776188617878e-09,2.799029607137657007e-09,3.207144523045706338e-09,2.680324597614569852e-09,1.415001465148127354e-09,7.424394507689002613e-10,2.094659744702707859e-09,3.016053877401843541e-09,3.054910466901967044e-09,2.199735278146077068e-09,1.502179941099622286e-09,1.075995920868836010e-09,1.111175990052331175e-09,1.504421028508413133e-09,2.019410142665687505e-09,2.560204895779022466e-09,3.098042358889878901e-09,3.623902203817210789e-09,4.134999637953262693e-09,4.630713773735796286e-09,5.111185533807147727e-09,5.576786247311834004e-09,6.027907688197753739e-09,6.464881910143415480e-09,6.887956451451637010e-09,7.297293559854311856e-09,7.692979445775132703e-09,8.075037096962513143e-09,8.443439637666647985e-09,8.798122863688069686e-09,9.138996392223336401e-09,9.465953264206887584e-09,9.778878030468501613e-09,1.007765344158884093e-08,1.036216589568644040e-08,1.063230980499479116e-08,1.088799103502586626e-08,1.112912955686511505e-08,1.135566143769311224e-08,1.156754027906103829e-08,1.176473819779203729e-08,1.194724643109538037e-08,1.211507563570911960e-08,1.226825594061171422e-08,1.240683680396503314e-08,1.253088671733693318e-08,1.264049279376026822e-08,1.273576027068012035e-08,1.281681195419636533e-08,1.288378762711313410e-08,1.293684344006302722e-08,1.297615130229907252e-08,1.300189828657104889e-08,1.301428606076722074e-08,1.301353035766020692e-08,1.299986049310944072e-08,1.297351894241424813e-08,1.293476098416103605e-08,1.288385442085268028e-08,1.282107938584349530e-08,1.274672824663014906e-08,1.266110561537573804e-08,1.256452847868521719e-08,1.245732646012475454e-08,1.233984223081073840e-08,1.221243208561498094e-08,1.207546670517366282e-08,1.192933212698220853e-08,1.177443095243775848e-08,1.161118382077857307e-08,1.144003118547403368e-08,1.126143543371921419e-08,1.107588339521847778e-08,1.088388929226177451e-08,1.068599818895227992e-08,1.048279000290949980e-08,1.027488414717477420e-08,1.006294487235162317e-08,9.847687377681333179e-09,9.629850295432331287e-09,9.410052910617347768e-09,9.188730597580101891e-09,8.966096314892531567e-09,8.742097170810496215e-09,8.516366825414751512e-09,8.288175078733852231e-09,8.056376579969237890e-09,7.819361136572141088e-09,7.575008571236717655e-09,7.320651481983296133e-09,7.053049710472494158e-09,6.768381092117663272e-09,6.462254734359935699e-09,6.129756836799533698e-09,5.765547422794379368e-09,5.364044913014118116e-09,4.919778076857657766e-09,4.428089133353421440e-09,3.886650685918591583e-09,3.299090053135239560e-09,2.684764395809336648e-09,2.107955729504273173e-09,1.753659249965672718e-09,1.930717365438834903e-09,2.680342689424207909e-09,3.795965505488644754e-09,5.154774953252586563e-09,6.713234553821834776e-09,8.457068015739764149e-09,1.037879947204568972e-08,1.246647517478912629e-08,1.469855077534448610e-08,1.704366357594666205e-08,1.945462168307484045e-08,2.184435283910872570e-08,2.407010061099679593e-08,2.596153364211293762e-08
2.691789661817045155e-08,2.749623481196845866e-08,2.736335324937822407e-08,2.675192570476807889e-08,2.587941830743604499e-08,2.492187612653386456e-08,2.398533807272172707e-08,2.313392004685769211e-08,2.241499891968272349e-08,2.185814210698092151e-08,2.146854242677546412e-08,2.122912103473846881e-08,2.110961083374899227e-08,2.107628359684084240e-08,2.109856007074934466e-08,2.115200308196488093e-08,2.121876215985164738e-08,2.128671751573331430e-08,2.134819880071913841e-08,2.139874329542930547e-08,2.143607711303430903e-08,2.145935216333298618e-08,2.146860692557536638e-08,2.146440058293291293e-08,2.144757230424867312e-08,2.141908681705645692e-08,2.137993762533958304e-08,2.133108789928462521e-08,2.127343564288626861e-08,2.120779441033888848e-08,2.113488399928729431e-08,2.105532760857420431e-08,2.096965324940439487e-08,2.087829799676655341e-08,2.078161414336110696e-08,2.067987659442947882e-08,2.057329100015128648e-08,2.046200221497541237e-08,2.034610273321752231e-08,2.022564079776399505e-08,2.010062792626059023e-08,1.997104565465647706e-08,1.983685473642954295e-08,1.969801193526450375e-08,1.955447373411706244e-08,1.940619632845897683e-08,1.925313562224290715e-08,1.909524722730754082e-08,1.893248646710746896e-08,1.876480838580654824e-08,1.859216776391611773e-08,1.841451914179009134e-08,1.823181685240415355e-08,1.804401506494594431e-08,1.785106784082448727e-08,1.765292920376872412e-08,1.744955322572562205e-08,1.724089413028600680e-08,1.702690641536035435e-08,1.680754499679525207e-08,1.658276537456418788e-08,1.635252382308187412e-08,1.611677760707880314e-08,1.587548522433174340e-08,1.562860667637454302e-08,1.537610376811164625e-08,1.511794043702272583e-08,1.485408311238052991e-08,1.458450110460400889e-08,1.430916702453715440e-08,1.402805723208117930e-08,1.374115231321973685e-08,1.344843758407173195e-08,1.314990362019960597e-08,1.284554680901659208e-08,1.253536992281329209e-08,1.221938270972049683e-08,1.189760249993117766e-08,1.157005482485470579e-08,1.123677404777307750e-08,1.089780400631735347e-08,1.055319867014375033e-08,1.020302282226507771e-08,9.847352780663742022e-09,9.486277189752089561e-09,9.119897931586236278e-09,8.748331238667988437e-09,8.371709140444900466e-09,7.990181455316335970e-09,7.603918667524767080e-09,7.213116235044493926e-09,6.818001214558466255e-09,6.418842658284466695e-09,6.015968207018465891e-09,5.609790992630536905e-09,5.200853974579074991e-09,4.789904341137295247e-09,4.378020940113636205e-09,3.966837592889869353e-09,3.558944185101533573e-09,3.158624317091699357e-09,2.773233453387112093e-09,2.415747050992418571e-09,2.109077307340201703e-09,1.891221339213355149e-09,1.813582659594916127e-09,1.918814910754159247e-09,2.212657780971455929e-09,2.672209249453987577e-09,2.383641485958832351e-09,1.469288510281482925e-09,6.925088923365386665e-10,1.552453066917142707e-09,2.373537897337839768e-09,2.536465725331515287e-09,1.976520131106673439e-09,9.613070587232748446e-10,9.005983708438763740e-10,1.891031230648320313e-09,2.443642593435112969e-09,2.290201162377545392e-09,1.501378987502864658e-09,6.449853289466059038e-10,1.328917291132864714e-09,2.159367632703395967e-09,2.392513757087417904e-09,1.926846440890263145e-09,9.559818402304789559e-10,6.916268013816442569e-10,1.680977290105776594e-09,2.283203000720383178e-09,2.213387773988750669e-09,1.498089898643496290e-09,9.235157963508639179e-10,6.921252928603809168e-10,9.707375120672196547e-10,1.452075113777895930e-09,1.968766081655677194e-09,2.483231349860699819e-09,2.986232225964930402e-09,3.475452441955094462e-09,3.950595916914833872e-09,4.411972144586156946e-09,4.860023112927227510e-09,5.295156155764118511e-09,5.717689162349978257e-09,6.127839971296193961e-09,6.525733315878979434e-09,6.911414166225518602e-09,7.284862619628480199e-09,7.646008234745199258e-09,7.994742955372397200e-09,8.330932352514752540e-09,8.654425184659158803e-09,8.965061396700539583e-09,9.262678724419478562e-09,9.547118081491889034e-09,9.818227898760323101e-09,1.007586757067150357e-08,1.031991014638521352e-08,1.055024438559772211e-08,1.076677628279432518e-08,1.096943014894785385e-08,1.115814932674574625e-08,1.133289660420649277e-08,1.149365438190033949e-08,1.164042464075096357e-08,1.177322875039244416e-08,1.189210715212665666e-08,1.199711894552476977e-08,1.208834140351435963e-08,1.216586943728042399e-08,1.222981502939067834e-08,1.228030665115296149e-08,1.231748867825992068e-08,1.234152081721832202e-08,1.235257755385346059e-08,1.235084763428801806e-08,1.233653358819353211e-08,1.230985130378290006e-08,1.227102966394344264e-08,1.222031025309925720e-08,1.215794714484273661e-08,1.208420678109992616e-08,1.199936795461216994e-08,1.190372190785331488e-08,1.179757256319274600e-08,1.168123690120165678e-08,1.155504550653407785e-08,1.141934330385290783e-08,1.127449050987976393e-08,1.112086383189469348e-08,1.095885794796783158e-08,1.078888730993381745e-08,1.061138831666765912e-08,1.042682191259847107e-08,1.023567667455286973e-08,1.003847245879171347e-08,9.835764689159732527e-09,9.628149376003121408e-09,9.416268962910565796e-09,9.200819102769868255e-09,8.982523506266140049e-09,8.761998583728666351e-09,8.539692352305101970e-09,8.315847767760259366e-09,8.090460813269874210e-09,7.863234024477163525e-09,7.633526773207044674e-09,7.400304316457431922e-09,7.162088301187148008e-09,6.916912069022569236e-09,6.662284747005883431e-09,6.395168871104338317e-09,6.111977518121087711e-09,5.808599394342675006e-09,5.480465697360096576e-09,5.122684462285800248e-09,4.730295086015660350e-09,4.298759811633851626e-09,3.824972369641596172e-09,3.309520351363037799e-09,2.762343244572336122e-09,2.218504022308587739e-09,1.782324636813608354e-09,1.689623018636010204e-09,2.131528206493437525e-09,2.995950395099823723e-09,4.129140073802670637e-09,5.463285312420314399e-09,6.974883638427115126e-09,8.655930371914942665e-09,1.050099496347618508e-08,1.249988761631855791e-08,1.463373611792354056e-08,1.687324838898937046e-08,1.917177756229241902e-08,2.144698317006610183e-08,2.357056042645675177e-08,2.538610570053502249e-08
2.628502714658905259e-08,2.687990409372887976e-08,2.680364201356286496e-08,2.627258555862529926e-08,2.548493830627413327e-08,2.460169393000577578e-08,2.372626115659497193e-08,2.292242775900934178e-08,2.223386919621888175e-08,2.168649762777911013e-08,2.128568212445470714e-08,2.101850588181661879e-08,2.086077168416561473e-08,2.078462630459042441e-08,2.076402162133261092e-08,2.077745295426584254e-08,2.080864009278568540e-08,2.084606012852780942e-08,2.088202776296683305e-08,2.091172618226077856e-08,2.093237031234241719e-08,2.094255463878557707e-08,2.094177568216985338e-08,2.093009664913630897e-08,2.090791875869001285e-08,2.087582865910634229e-08,2.083449834812140568e-08,2.078462055177883319e-08,2.072686776229681167e-08,2.066186700475175949e-08,2.059018510674051500e-08,2.051232106140132411e-08,2.042870325524713024e-08,2.033969007944801374e-08,2.024557290498668408e-08,2.014658068281942098e-08,2.004288560048666953e-08,1.993460933307866718e-08,1.982182949906040951e-08,1.970458598928246943e-08,1.958288689275752360e-08,1.945671380357216116e-08,1.932602944220008132e-08,1.919079252052277579e-08,1.905096110142431783e-08,1.890649262155898586e-08,1.875734391703921842e-08,1.860347125308805719e-08,1.844483035881297952e-08,1.828137646835963942e-08,1.811306436979390395e-08,1.793984846313705353e-08,1.776168282904109896e-08,1.757852130963748401e-08,1.739031760312268047e-08,1.719702537365700723e-08,1.699859837814847224e-08,1.679499061147112847e-08,1.658615647162751872e-08,1.637205094630764589e-08,1.615262982222265406e-08,1.592784991850144508e-08,1.569766934533272504e-08,1.546204778891534149e-08,1.522094682364691395e-08,1.497433025233620207e-08,1.472216447507073070e-08,1.446441888720973057e-08,1.420106630680812710e-08,1.393208343161399141e-08,1.365745132562861077e-08,1.337715593508470654e-08,1.309118863360088063e-08,1.279954679623115826e-08,1.250223440217920434e-08,1.219926266613272593e-08,1.189065069855728441e-08,1.157642619595956261e-08,1.125662616321334531e-08,1.093129767171495866e-08,1.060049865965267821e-08,1.026429878440377532e-08,9.922780342548575933e-09,9.576039281004588156e-09,9.224186334522626293e-09,8.867348342057511311e-09,8.505669820121852471e-09,8.139314909543740661e-09,7.768469870097771297e-09,7.393346386688934313e-09,7.014186090085813274e-09,6.631266916663547483e-09,6.244912290558282561e-09,5.855504705745778249e-09,5.463506291424073421e-09,5.069490688866270397e-09,4.674193673299805007e-09,4.278595631395518486e-09,3.884059664385877934e-09,3.492569588706372344e-09,3.107152142134382807e-09,2.732645173291862296e-09,2.377112076211477262e-09,2.054375802774229356e-09,1.787949647433850723e-09,1.614248555193590206e-09,1.575925972317306981e-09,1.697416640546477328e-09,1.968223068039166165e-09,1.707681674297386746e-09,1.039627211496579250e-09,6.472426542759343463e-10,1.275507553369505665e-09,1.809163767208666437e-09,1.857619578769474987e-09,1.397050633230100963e-09,6.911688293935451533e-10,8.205473541816877243e-10,1.501353012344190936e-09,1.834100686472533853e-09,1.649042226323489405e-09,1.030408375599058738e-09,5.202472485359605121e-10,1.092589513780451287e-09,1.643110997910847658e-09,1.736302830304751002e-09,1.328946548104747426e-09,6.170122048990524519e-10,6.433202797553420127e-10,1.329164508244525271e-09,1.683653750051940768e-09,1.540921233551680687e-09,9.557190480062312577e-10,5.285878789284389030e-10,5.844155113750817754e-10,1.000742730141456737e-09,1.477878926158217815e-09,1.957253118616707806e-09,2.427889325647245844e-09,2.887332898267623535e-09,3.335219501753578058e-09,3.771746804282875833e-09,4.197220960962963390e-09,4.611909713016252273e-09,5.015998483703615889e-09,5.409584289119883271e-09,5.792683729388288116e-09,6.165245662347970043e-09,6.527164675750178649e-09,6.878293763422476777e-09,7.218455610898795425e-09,7.547452343396957092e-09,7.865073787000658135e-09,8.171104375394451611e-09,8.465328860759619452e-09,8.747536987779115801e-09,9.017527278507902106e-09,9.275110060278820762e-09,9.520109852345475251e-09,9.752367211273249008e-09,9.971740120886437615e-09,1.017810500008529119e-08,1.037135739104191071e-08,1.055141238103801149e-08,1.071820480334748862e-08,1.087168925591284158e-08,1.101183997094797748e-08,1.113865056386991797e-08,1.125213368598720974e-08,1.135232060204307751e-08,1.143926071093287208e-08,1.151302102561051133e-08,1.157368562630371381e-08,1.162135509961976758e-08,1.165614597489981031e-08,1.167819016823591855e-08,1.168763444387502232e-08,1.168463990227735836e-08,1.166938150386203281e-08,1.164204763745184093e-08,1.160283974262425293e-08,1.155197199559271137e-08,1.148967106889634305e-08,1.141617597608954630e-08,1.133173801382665252e-08,1.123662081527135043e-08,1.113110053067720019e-08,1.101546615334735533e-08,1.089002001206463768e-08,1.075507845457809600e-08,1.061097275094579858e-08,1.045805025058744916e-08,1.029667583293335274e-08,1.012723369871751305e-08,9.950129557408425307e-09,9.765793276148794485e-09,9.574682067000239212e-09,9.377284302302587756e-09,9.174124062460100125e-09,8.965766536108245955e-09,8.752824408624480505e-09,8.535965389872252068e-09,8.315889932118236474e-09,8.093205046227796763e-09,7.868367652950713995e-09,7.641650428316423196e-09,7.413102068646637279e-09,7.182502508403087891e-09,6.949314322783805706e-09,6.712632338997595952e-09,6.471134334773492040e-09,6.223036600586192088e-09,5.966059120836890660e-09,5.697406368738211079e-09,5.413771693586421759e-09,5.111377125273655435e-09,4.786068638506236240e-09,4.433505335551366262e-09,4.049524117233418384e-09,3.630868488555512683e-09,3.176757739004379319e-09,2.692617245225774175e-09,2.199944512508650806e-09,1.763782506235167779e-09,1.548574609139605832e-09,1.770686462385740428e-09,2.423368263376843029e-09,3.360413491572790893e-09,4.497152880983320811e-09,5.801809007872084265e-09,7.263900134041037513e-09,8.879879559906840698e-09,1.064602293689589709e-08,1.255367020401992262e-08,1.458602231904424165e-08,1.671547743582047188e-08,1.889678433353362026e-08,2.105335926522729611e-08,2.307017525858544446e-08,2.480411151771822106e-08
2.565198558806511623e-08,2.625934627658081945e-08,2.623895154088804755e-08,2.578890867213816727e-08,2.508908013279011240e-08,2.428562371632966103e-08,2.347711354895837250e-08,2.272590983889547386e-08,2.207273588993506686e-08,2.154074374603273358e-08,2.113546050676372671e-08,2.084737841355310901e-08,2.065749272122816189e-08,2.054323662764917045e-08,2.048288797279514093e-08,2.045796078576409364e-08,2.045398687007162590e-08,2.046032998181114723e-08,2.046956417535856157e-08,2.047674888766327914e-08,2.047876722494994062e-08,2.047378841086378380e-08,2.046085993091869481e-08,2.043961136913756867e-08,2.041004557908881135e-08,2.037239434612160275e-08,2.032701998486318413e-08,2.027434893376362379e-08,2.021482737783598725e-08,2.014889199595038440e-08,2.007695114725504600e-08,1.999937334568861720e-08,1.991648089708892369e-08,1.982854724037904295e-08,1.973579695907128889e-08,1.963840769651397915e-08,1.953651337690886798e-08,1.943020824400935318e-08,1.931955130693253241e-08,1.920457084496618437e-08,1.908526868208351588e-08,1.896162400502203575e-08,1.883359932756020027e-08,1.870115328060005441e-08,1.856424358611849143e-08,1.842282710565369518e-08,1.827685989254775994e-08,1.812629724921110059e-08,1.797109379073561622e-08,1.781120351623329064e-08,1.764657988931366612e-08,1.747717592913727470e-08,1.730294431349106427e-08,1.712383749532655642e-08,1.693980783418039307e-08,1.675080774386166109e-08,1.655678985773972118e-08,1.635770721290152867e-08,1.615351345436928199e-08,1.594416306047814189e-08,1.572961159041143269e-08,1.550981595477829283e-08,1.528473470999706072e-08,1.505432837711970694e-08,1.481855978559898292e-08,1.457739444236424905e-08,1.433080092643613533e-08,1.407875130917940028e-08,1.382122160017153871e-08,1.355819221856014931e-08,1.328964848970315714e-08,1.301558116684674768e-08,1.273598697761273377e-08,1.245086919516461791e-08,1.216023823413071535e-08,1.186411227172634690e-08,1.156251789509234162e-08,1.125549077673050425e-08,1.094307638117201962e-08,1.062533070780357430e-08,1.030232107729184407e-08,9.974126972560203523e-09,9.640840950162635151e-09,9.302569644713472115e-09,8.959434898560799058e-09,8.611575062309273690e-09,8.259146530873009326e-09,7.902325607185151973e-09,7.541310825751903600e-09,7.176325927685392347e-09,6.807623768698694507e-09,6.435491580111159096e-09,6.060258221318168812e-09,5.682304414589220488e-09,5.302077536109790422e-09,4.920113527949020239e-09,4.537070227822329494e-09,4.153779534661681266e-09,3.771331631959679034e-09,3.391215633294261651e-09,3.015563048857288052e-09,2.647584963531982055e-09,2.292383206547020898e-09,1.958480924031822656e-09,1.660615999361640905e-09,1.423931163542480239e-09,1.285844206547894182e-09,1.282899303110259870e-09,1.421513057982236586e-09,1.208242999680062754e-09,7.669774067587216321e-10,6.208231032525117932e-10,1.030014268293300203e-09,1.347502259606521852e-09,1.328359499041226530e-09,9.767035754930666986e-10,5.503387924901016794e-10,7.334717070213461046e-10,1.165664075559407092e-09,1.339479109949743583e-09,1.152899664338483477e-09,7.016011899484142911e-10,4.808420677972757084e-10,9.017076954845493239e-10,1.235718000589263753e-09,1.233975003240904364e-09,8.924809230548686477e-10,4.248945275466894588e-10,6.030724591903177370e-10,1.047253254233705672e-09,1.224477086612084888e-09,1.045186941219684434e-09,5.863581298166350202e-10,3.792988187606663483e-10,6.549862030284917098e-10,1.072445942931047563e-09,1.506122871549784638e-09,1.937029175364634889e-09,2.361000302114158365e-09,2.776959469199662029e-09,3.184653955090998241e-09,3.584050313879051262e-09,3.975143692412907026e-09,4.357895737803017456e-09,4.732217983672003754e-09,5.097972313055800891e-09,5.454977687565391112e-09,5.803018747901822565e-09,6.141854455228223614e-09,6.471226035865220182e-09,6.790863975883259615e-09,7.100494028687522154e-09,7.399842292485317529e-09,7.688639450625451387e-09,7.966624276691662167e-09,8.233546502656833494e-09,8.489169139609581767e-09,8.733270330115513287e-09,8.965644800883359358e-09,9.186104974837020898e-09,9.394481793232611412e-09,9.590625291148574512e-09,9.774404963446947065e-09,9.945709953039512757e-09,1.010444908886474266e-08,1.025055079726806995e-08,1.038396290736841269e-08,1.050465236839348055e-08,1.061260489479579343e-08,1.070782455315500597e-08,1.079033330337737319e-08,1.086017050547691906e-08,1.091739240223153520e-08,1.096207158722405033e-08,1.099429646718348947e-08,1.101417072711946715e-08,1.102181280648446329e-08,1.101735539449837819e-08,1.100094495282769561e-08,1.097274127403261381e-08,1.093291708458996705e-08,1.088165770188470076e-08,1.081916075536217012e-08,1.074563598308002108e-08,1.066130511623463709e-08,1.056640186591717018e-08,1.046117202844671851e-08,1.034587372821806875e-08,1.022077782019416178e-08,1.008616847809841390e-08,9.942343999177009316e-09,9.789617862298524747e-09,9.628320083368095866e-09,9.458798920831557015e-09,9.281422994753745635e-09,9.096583895944857926e-09,8.904699377287899557e-09,8.706217238214882467e-09,8.501620035582444860e-09,8.291430780278399152e-09,8.076219808726859265e-09,7.856613051449176142e-09,7.633273156012337280e-09,7.406784716768524920e-09,7.177603357672212617e-09,6.946025054351407936e-09,6.712149584412697567e-09,6.475838418120210383e-09,6.236668097485807634e-09,5.993881049515418479e-09,5.746336833505840390e-09,5.492468044372619110e-09,5.230246571476053376e-09,4.957167934713030530e-09,4.670264743538963192e-09,4.366166767722246424e-09,4.041239004653481229e-09,3.691861250012054600e-09,3.314991795249979543e-09,2.909367732840187369e-09,2.478300521926276434e-09,2.036909484080258530e-09,1.632198975442612654e-09,1.388917456120134208e-09,1.504092400742844859e-09,2.017920160525880784e-09,2.805461244095797718e-09,3.779987737512277630e-09,4.907721942690495977e-09,6.177695798862457689e-09,7.587253446550105219e-09,9.135747416547085181e-09,1.082071266720824523e-08,1.263469417032269235e-08,1.456249412838378155e-08,1.657808022689544050e-08,1.863836252519741298e-08,2.067304201768076660e-08,2.257923025881320708e-08,2.422678656344449052e-08
2.503274527535283654e-08,2.564833650525953413e-08,2.568198696222822382e-08,2.531256061628317143e-08,2.470216935901032819e-08,2.398258870779649160e-08,2.324598887140554738e-08,2.255217612007277231e-08,2.193926060478739958e-08,2.142833098099665172e-08,2.102515677054793487e-08,2.072307477786753899e-08,2.050749194126111153e-08,2.036050776041420116e-08,2.026441163339799710e-08,2.020369793553978667e-08,2.016585074345997387e-08,2.014134442862383610e-08,2.012325366375391906e-08,2.010673561109857452e-08,2.008852732151504908e-08,2.006651955730775872e-08,2.003942176095084188e-08,2.000651078178134170e-08,1.996744805094252345e-08,1.992214911300072576e-08,1.987069162104885545e-08,1.981325091169841079e-08,1.975005511254176624e-08,1.968135404554937180e-08,1.960739792661724366e-08,1.952842309921129861e-08,1.944464288880401783e-08,1.935624223005302926e-08,1.926337508719946999e-08,1.916616392571357969e-08,1.906470064707233354e-08,1.895904850155046252e-08,1.884924456835288780e-08,1.873530245338373447e-08,1.861721491278565915e-08,1.849495617254036358e-08,1.836848620522293972e-08,1.823776137061187191e-08,1.810273698370195674e-08,1.796336738580704126e-08,1.781960602086125704e-08,1.767140551829053674e-08,1.751871778383812725e-08,1.736149409972763201e-08,1.719968523553383689e-08,1.703324157110528946e-08,1.686211323284235462e-08,1.668625024458024565e-08,1.650560269425923729e-08,1.632012091748291923e-08,1.612975569897174110e-08,1.593445849281303912e-08,1.573418166229188038e-08,1.552887873995960548e-08,1.531850470846079936e-08,1.510301630249547144e-08,1.488237233214321463e-08,1.465653402762155300e-08,1.442546540539424454e-08,1.418913365538893209e-08,1.394750954893154922e-08,1.370056786686098172e-08,1.344828784715769888e-08,1.319065365131223443e-08,1.292765484858311738e-08,1.265928691726224182e-08,1.238555176209542973e-08,1.210645824711921349e-08,1.182202274339912159e-08,1.153226969152677895e-08,1.123723217929959461e-08,1.093695253582823504e-08,1.063148294447318145e-08,1.032088607860668605e-08,1.000523576636986045e-08,9.684617693535304849e-09,9.359130157552288620e-09,9.028884891206159218e-09,8.694007981581454709e-09,8.354640919925592181e-09,8.010941831670875608e-09,7.663086954951001166e-09,7.311272463005970956e-09,6.955716764931210014e-09,6.596663476759740848e-09,6.234385341497714247e-09,5.869189510357874899e-09,5.501424808966577965e-09,5.131491956658363282e-09,4.759858284556791512e-09,4.387079498722314035e-09,4.013832829381323885e-09,3.640969249756671029e-09,3.269598930248985863e-09,2.901237216616764526e-09,2.538066172956701889e-09,2.183427758728891122e-09,1.842801495521923076e-09,1.525810642947797167e-09,1.250226957690178207e-09,1.048077890973611509e-09,9.645882646461547786e-10,1.026518576107616397e-09,8.806148177462946065e-10,6.331216423237436395e-10,5.939538374881456585e-10,8.246367397828963286e-10,9.968993520328074605e-10,9.571295927233104104e-10,7.226552619005938095e-10,5.078645987335671055e-10,6.485901070765924495e-10,8.998427164192517455e-10,9.788867682922624663e-10,8.244385042431681596e-10,5.366319994879620211e-10,4.790693161926078415e-10,7.474516591271650048e-10,9.349629466546137565e-10,8.900854871952681958e-10,6.317147203082671757e-10,3.837456721425953673e-10,5.659942008747313192e-10,8.359614371248172604e-10,9.069309774827129090e-10,7.321457312888696138e-10,4.124222941872426216e-10,4.282346930704910576e-10,7.408722534486374042e-10,1.115689232331428599e-09,1.500863716456058147e-09,1.885775919723540211e-09,2.267258196770095590e-09,2.644072177350852079e-09,3.015596679806777542e-09,3.381425972120986230e-09,3.741227217101947430e-09,4.094686358969096765e-09,4.441487980391259150e-09,4.781309171732284667e-09,5.113819341657257167e-09,5.438682475018772909e-09,5.755560260798027300e-09,6.064115367731862277e-09,6.364014543831324189e-09,6.654931406917240306e-09,6.936548885467739922e-09,7.208561312787387751e-09,7.470676197005780430e-09,7.722615696766874236e-09,7.964117833834417287e-09,8.194937472395014127e-09,8.414847092234518218e-09,8.623637380034467503e-09,8.821117660193004557e-09,9.007116184000839520e-09,9.181480293759156073e-09,9.344076476515145043e-09,9.494790320484850908e-09,9.633526385895759935e-09,9.760208000873973733e-09,9.874776992087890851e-09,9.977193359110754404e-09,1.006743490085438964e-08,1.014549680193528704e-08,1.021139118644802230e-08,1.026514664632920491e-08,1.030680775129096921e-08,1.033643454718340147e-08,1.035410204960997760e-08,1.035989973967167242e-08,1.035393106885978576e-08,1.033631298036413306e-08,1.030717545442513810e-08,1.026666108585364787e-08,1.021492470249464269e-08,1.015213303425159526e-08,1.007846444335650814e-08,9.994108727917909743e-09,9.899267012469701986e-09,9.794151741360015240e-09,9.678986793465482546e-09,9.554007740023807125e-09,9.419462271513987475e-09,9.275610824689961373e-09,9.122727447358785840e-09,8.961100946627960074e-09,8.791036376559909146e-09,8.612856934007982214e-09,8.426906347552824915e-09,8.233551864764791505e-09,8.033187968541343816e-09,7.826240985283392282e-09,7.613174787676939062e-09,7.394497844497290774e-09,7.170771930818419692e-09,6.942597045177195697e-09,6.710510809241723441e-09,6.474944855472760804e-09,6.236198850248844133e-09,5.994408536674804551e-09,5.749507813579006503e-09,5.501185596867555888e-09,5.248839180289828276e-09,4.991527069439972674e-09,4.727925889381126546e-09,4.456298173949275320e-09,4.174481184138663908e-09,3.879912768790951281e-09,3.569722177356970738e-09,3.240940712753265951e-09,2.890954015191168499e-09,2.518498792496219047e-09,2.126045327460755485e-09,1.726156725586811391e-09,1.359995873445763184e-09,1.142471051897444181e-09,1.256723873078896368e-09,1.724368905324901546e-09,2.422696830230425285e-09,3.277419606092879957e-09,4.262262593677985679e-09,5.369909337530734841e-09,6.599834291402746769e-09,7.953531715317453540e-09,9.431973334055756496e-09,1.103347878172641298e-08,1.275146405459085838e-08,1.457199991706936298e-08,1.647065360905707628e-08,1.840709020619521514e-08,2.031747212213404541e-08,2.211006019146916073e-08,2.366751796434030579e-08
2.444355887118237780e-08,2.506316032409956368e-08,2.514815007016031749e-08,2.485795711645167397e-08,2.433742395597032840e-08,2.370448104505584257e-08,2.304387200014319817e-08,2.241186110128644403e-08,2.184400165639342615e-08,2.135977908614415705e-08,2.096528540146890844e-08,2.065625786459517189e-08,2.042182880488122672e-08,2.024814867494750817e-08,2.012113468750407720e-08,2.002812351900569589e-08,1.995859787098064076e-08,1.990429658168196557e-08,1.985899350367475543e-08,1.981814565551660990e-08,1.977852732383981624e-08,1.973790581662748592e-08,1.969477755782077074e-08,1.964816402219439170e-08,1.959745891718099041e-08,1.954231595855819709e-08,1.948256734958151614e-08,1.941816485828116254e-08,1.934913729903192986e-08,1.927555988406797236e-08,1.919753220933964404e-08,1.911516259193608917e-08,1.902855714442970766e-08,1.893781242450765788e-08,1.884301079800004158e-08,1.874421784905221621e-08,1.864148129932166643e-08,1.853483098486789464e-08,1.842427950312940441e-08,1.830982319577663059e-08,1.819144318534889384e-08,1.806910624119629638e-08,1.794276740387575400e-08,1.781237850508503078e-08,1.767789033265821652e-08,1.753925272254785020e-08,1.739641465790467001e-08,1.724932437661116575e-08,1.709792948859123813e-08,1.694217710417231123e-08,1.678201397471755097e-08,1.661738664667468514e-08,1.644824163010384909e-08,1.627452558264980341e-08,1.609618550981527079e-08,1.591316898227042836e-08,1.572542437080160615e-08,1.553290109935870417e-08,1.533554991650787104e-08,1.513332318543368463e-08,1.492617519246494417e-08,1.471406247392151356e-08,1.449694416089728594e-08,1.427478234140939322e-08,1.404754243915752666e-08,1.381519360795316007e-08,1.357770914070063867e-08,1.333506689164516292e-08,1.308724971045272755e-08,1.283424588656286283e-08,1.257604960216508124e-08,1.231266139210780235e-08,1.204408860906868245e-08,1.177034589241691265e-08,1.149145563940412634e-08,1.120744847765997890e-08,1.091836373847693388e-08,1.062424993109089685e-08,1.032516521915718654e-08,1.002117790195724962e-08,9.712366904646742386e-09,9.398822284195213814e-09,9.080645760745025655e-09,8.757951288167939796e-09,8.430865682956848143e-09,8.099529337737981562e-09,7.764097055330492064e-09,7.424739052472053923e-09,7.081642200686082045e-09,6.735011597813592879e-09,6.385072601507588528e-09,6.032073512104655973e-09,5.676289177863861196e-09,5.318025929808843062e-09,4.957628470535191626e-09,4.595489704295453513e-09,4.232065124487960254e-09,3.867894507522221420e-09,3.503635792654999723e-09,3.140120230496514439e-09,2.778446627703671901e-09,2.420151820988643790e-09,2.067539994517650880e-09,1.724368019568469575e-09,1.397388630440229831e-09,1.100049113537890675e-09,8.609901033914314873e-10,7.345598152659922279e-10,7.717192604580715410e-10,7.072698138250557854e-10,5.925307204276288249e-10,5.640481870427510725e-10,6.643431130133783384e-10,7.571146053857415382e-10,7.397567398477211078e-10,6.162175336954870064e-10,5.096289879127316047e-10,5.722491858245032900e-10,7.081750293984244381e-10,7.537851170381992856e-10,6.603433498956557663e-10,5.015497067053898099e-10,4.789903350090759917e-10,6.277945878707084099e-10,7.378116227633422529e-10,7.009131691878033190e-10,5.367566659043477203e-10,4.141246271159712672e-10,5.275356339736243847e-10,6.907615982143733742e-10,7.229699251218292423e-10,5.928127329660953533e-10,4.027168249108483887e-10,5.028886771594054460e-10,7.838130739070000930e-10,1.112759530820772824e-09,1.454802738705097747e-09,1.800229212651300696e-09,2.145400180534750791e-09,2.488565917956137873e-09,2.828689184960769790e-09,3.165039804349765233e-09,3.497033586068724812e-09,3.824161756040185635e-09,4.145957978170079325e-09,4.461982375010762720e-09,4.771813731543199066e-09,5.075045818550405843e-09,5.371285850534471884e-09,5.660154063343215089e-09,5.941283874050743221e-09,6.214322330758948076e-09,6.478930690254752659e-09,6.734785032612449014e-09,6.981576861543114396e-09,7.219013661830108197e-09,7.446819398145154131e-09,7.664734947065133601e-09,7.872518458525446115e-09,8.069945645569751843e-09,8.256810002846917179e-09,8.432922955302879112e-09,8.598113939172762697e-09,8.752230417844167030e-09,8.895137835519117797e-09,9.026719511897143820e-09,9.146876481360015405e-09,9.255527280373621424e-09,9.352607687040784804e-09,9.438070416944729484e-09,9.511884779619256447e-09,9.574036300170998309e-09,9.624526310765740488e-09,9.663371516878848246e-09,9.690603543405740052e-09,9.706268465939447541e-09,9.710426332758101742e-09,9.703150683336392953e-09,9.684528069516113548e-09,9.654657585857560195e-09,9.613650416167299988e-09,9.561629403783371104e-09,9.498728653928846437e-09,9.425093177358695123e-09,9.340878585674580174e-09,9.246250850132531143e-09,9.141386137603585570e-09,9.026470739675448803e-09,8.901701113844624400e-09,8.767284059526141557e-09,8.623437056441856007e-09,8.470388799153773324e-09,8.308379969503403646e-09,8.137664299057269210e-09,7.958509987082953991e-09,7.771201557084286907e-09,7.576042257846056806e-09,7.373357145083455764e-09,7.163497019597934271e-09,6.946843450601152512e-09,6.723815183007301644e-09,6.494876320909473873e-09,6.260524842403880186e-09,6.021209226142956702e-09,5.777293638840483544e-09,5.529037693768053377e-09,5.276570437559492529e-09,5.019858238371264096e-09,4.758666889374872799e-09,4.492519182034866147e-09,4.220650559685464067e-09,3.941967442859193996e-09,3.655015882966591769e-09,3.357973477833388909e-09,3.048687915332725194e-09,2.724809237596280709e-09,2.384124224961918607e-09,2.025380660530156529e-09,1.650490480276145172e-09,1.271336783543450255e-09,9.341129718891578781e-10,7.883314196263422761e-10,1.017006191949194216e-09,1.527748599217152537e-09,2.191944755230351155e-09,2.966627586736495728e-09,3.841583513059049569e-09,4.816542467144478679e-09,5.894419217889910895e-09,7.078895920925590756e-09,8.373164253078789581e-09,9.778827612025431690e-09,1.129455651840276235e-08,1.291434866710681488e-08,1.462533369848258756e-08,1.640477244746228739e-08,1.821548838466942313e-08,2.000006509137332975e-08,2.167709586821784014e-08,2.314184139237312221e-08
2.390285822412702559e-08,2.452251087199396258e-08,2.465552861132577465e-08,2.444235683496616461e-08,2.401110788314720622e-08,2.346642784159699448e-08,2.288504446423440974e-08,2.231891170498870925e-08,2.180092049178057817e-08,2.134918958662714211e-08,2.097014230733593319e-08,2.066152844969598736e-08,2.041559357884915896e-08,2.022194546875473287e-08,2.006970610680571551e-08,1.994884122321012666e-08,1.985079663580609924e-08,1.976866035625850803e-08,1.969705549673537334e-08,1.963191334830069776e-08,1.957021804967490485e-08,1.950977003358028384e-08,1.944898713460642293e-08,1.938674656233361160e-08,1.932226359502441322e-08,1.925500032270317741e-08,1.918459769164496151e-08,1.911082505863592063e-08,1.903354269459202390e-08,1.895267382763335103e-08,1.886818375369409808e-08,1.878006424864563887e-08,1.868832201863786322e-08,1.859297026880272960e-08,1.849402269767903939e-08,1.839148937183664705e-08,1.828537403012000991e-08,1.817567243026357224e-08,1.806237139714311253e-08,1.794544827223522136e-08,1.782487050576609991e-08,1.770059518258577766e-08,1.757257011738299696e-08,1.744074042902448434e-08,1.730505033879824780e-08,1.716544328349991983e-08,1.702186203768262061e-08,1.687424884629114068e-08,1.672254556882600554e-08,1.656669383609620024e-08,1.640663522052082447e-08,1.624231142082949387e-08,1.607366446188919792e-08,1.590063691025201329e-08,1.572317210587300370e-08,1.554121441029255759e-08,1.535470947141124429e-08,1.516360450481018495e-08,1.496784859138539382e-08,1.476739299087267772e-08,1.456219147064055075e-08,1.435220064892501627e-08,1.413738035147278923e-08,1.391769398035210896e-08,1.369310889348476871e-08,1.346359679325439952e-08,1.322913412235783196e-08,1.298970246489549405e-08,1.274528895054897456e-08,1.249588665957835871e-08,1.224149502629707341e-08,1.198212023866027575e-08,1.171777563164609626e-08,1.144848207223345679e-08,1.117426833400272070e-08,1.089517145972759455e-08,1.061123711081290927e-08,1.032251990309383914e-08,1.002908372938475272e-08,9.731002070298343284e-09,9.428358296308994557e-09,9.121245965891670744e-09,8.809769126940218713e-09,8.494042631714028756e-09,8.174192479501439800e-09,7.850356206345423452e-09,7.522683348028735700e-09,7.191336011781787483e-09,6.856489604962904223e-09,6.518333787004575410e-09,6.177073737010412272e-09,5.832931868116022014e-09,5.486150178849235119e-09,5.136993524727831881e-09,4.785754244421259911e-09,4.432758828948815014e-09,4.078377766423192786e-09,3.723040503776284381e-09,3.367259010848724684e-09,3.011666537998637434e-09,2.657084792034419001e-09,2.304647939192428348e-09,1.956049505709061134e-09,1.614080731282030500e-09,1.283937700799265236e-09,9.767895727026350581e-10,7.202263772900883889e-10,5.805036510130729494e-10,6.334678373639812311e-10,6.435203334338794145e-10,5.914590708471533392e-10,5.328862714214655637e-10,5.472651455290963558e-10,6.144648131045154302e-10,6.448531356069038711e-10,5.977862226888548836e-10,5.173823455017018219e-10,5.070553812109625351e-10,5.833965757678007447e-10,6.419980573413990126e-10,6.132580140198851258e-10,5.183607202559023419e-10,4.686947833875220073e-10,5.394094412922147172e-10,6.282383361397405476e-10,6.307489963696481280e-10,5.375068044322897875e-10,4.445378462593519420e-10,4.867330588734802154e-10,5.999073336943873937e-10,6.424179674232940258e-10,5.692537019389482838e-10,4.446245981313013158e-10,5.417664507874635222e-10,7.807915678128642673e-10,1.069306145839226010e-09,1.375249403639554160e-09,1.687844258025649526e-09,2.002606785276581511e-09,2.317248665352340254e-09,2.630383662534565291e-09,2.941047297634380350e-09,3.248493739098260151e-09,3.552100862325407229e-09,3.851322294561157815e-09,4.145661692758384520e-09,4.434658296121434421e-09,4.717878530517956629e-09,4.994911018015276555e-09,5.265363578860006074e-09,5.528861437489283582e-09,5.785046175014205602e-09,6.033575153169585572e-09,6.274121239069853996e-09,6.506372721656962563e-09,6.730033348079014894e-09,6.944822431521528717e-09,7.150474996906755165e-09,7.346741940655789786e-09,7.533390187307938211e-09,7.710202830379042800e-09,7.876979248132437103e-09,8.033535187380238173e-09,8.179702810310931090e-09,8.315330700832247801e-09,8.440283828141525792e-09,8.554443466263638027e-09,8.657707069178103681e-09,8.749988101923664875e-09,8.831215828741805624e-09,8.901335059915380778e-09,8.960305859485673376e-09,9.008103216499646083e-09,9.044716682857039097e-09,9.070149981202309984e-09,9.084420586647174645e-09,9.087559286425393927e-09,9.079609721882033003e-09,9.060627917497275108e-09,9.030681801953045638e-09,8.989850726585990358e-09,8.938224986951905072e-09,8.875905353678789797e-09,8.803002619337391921e-09,8.719637168747415596e-09,8.625938581011333739e-09,8.522045272688461249e-09,8.408104192969416479e-09,8.284270583592485593e-09,8.150707818700370713e-09,8.007587343059878184e-09,7.855088731317830590e-09,7.693399896600479480e-09,7.522717484272881065e-09,7.343247496747480626e-09,7.155206208836244991e-09,6.958821451658479563e-09,6.754334368530649308e-09,6.542001781458470815e-09,6.322099356058009123e-09,6.094925822234746872e-09,5.860808607171687879e-09,5.620094604555040851e-09,5.373086962912874966e-09,5.120019780359144987e-09,4.861043424724872959e-09,4.596204452337388330e-09,4.325419378082845013e-09,4.048441930978001122e-09,3.764824027255517913e-09,3.473871601613132695e-09,3.174597825699707435e-09,2.865678497534131902e-09,2.545418568791199327e-09,2.211748200967480974e-09,1.862293087367151836e-09,1.494655632579698459e-09,1.107458712983545614e-09,7.054432160166207380e-10,3.455214167548558199e-10,4.343665446289034457e-10,9.131711956713617154e-10,1.490499089424189910e-09,2.136347640628304269e-09,2.850714961045865806e-09,3.638123094108530165e-09,4.504110405982989713e-09,5.454296736277796461e-09,6.493945414598130681e-09,7.627602810942983739e-09,8.858647761981533655e-09,1.018861806652998457e-08,1.161619182634716449e-08,1.313573385990041688e-08,1.473531975557976612e-08,1.639400804646727490e-08,1.807801742998139993e-08,1.973619445644499308e-08,2.129678803810523691e-08,2.266733048286332064e-08
2.343097931765946387e-08,2.404721458866552700e-08,2.422468494005108339e-08,2.408575409679184694e-08,2.374249357573991789e-08,2.328684895093509724e-08,2.278727183148464622e-08,2.229087467704850639e-08,2.182771172088666555e-08,2.141458964429542425e-08,2.105817218298406530e-08,2.075784187603511906e-08,2.050839290896940914e-08,2.030232087059799761e-08,2.013150886029810843e-08,1.998828317273345455e-08,1.986594815653067021e-08,1.975896049837033253e-08,1.966289138628268580e-08,1.957428671203497914e-08,1.949049507699524870e-08,1.940950158035404657e-08,1.932978422479930729e-08,1.925019747723255715e-08,1.916988134227446726e-08,1.908819184886983740e-08,1.900464840182709063e-08,1.891889393036538319e-08,1.883066456168976252e-08,1.873976634975655928e-08,1.864605726718103719e-08,1.854943318706711912e-08,1.844981695222322010e-08,1.834714987975577219e-08,1.824138521021451397e-08,1.813248310966725649e-08,1.802040689227178478e-08,1.790512016677212745e-08,1.778658463521069870e-08,1.766475829511871496e-08,1.753959382440073928e-08,1.741103696652244030e-08,1.727902633702720374e-08,1.714349843347943064e-08,1.700438915042675446e-08,1.686163391616907461e-08,1.671516784048615491e-08,1.656492587429917177e-08,1.641084298212906405e-08,1.625285432809132316e-08,1.609089547603310654e-08,1.592490260427389735e-08,1.575481273525609469e-08,1.558056398024672084e-08,1.540209579905648005e-08,1.521934927455834899e-08,1.503226740159489463e-08,1.484079538966355402e-08,1.464488097856205757e-08,1.444447476596481094e-08,1.423953054568670858e-08,1.403000565517585592e-08,1.381586133056453529e-08,1.359706306740158417e-08,1.337358098499363339e-08,1.314539019210203970e-08,1.291247115158291984e-08,1.267481004142518687e-08,1.243239910954339606e-08,1.218523701962621896e-08,1.193332918533542026e-08,1.167668809020404984e-08,1.141533359070527630e-08,1.114929320016583344e-08,1.087860235149151332e-08,1.060330463706972547e-08,1.032345202473030415e-08,1.003910504929783218e-08,9.750332980079265631e-09,9.457213965627087319e-09,9.159835158339317490e-09,8.858292822955616595e-09,8.552692434858004887e-09,8.243148776392908083e-09,7.929786042354881784e-09,7.612737969545205937e-09,7.292148010291289913e-09,6.968169576522877359e-09,6.640966390283859351e-09,6.310712989739236170e-09,5.977595458962285126e-09,5.641812478618907264e-09,5.303576839171678692e-09,4.963117629045383229e-09,4.620683426600204953e-09,4.276547022922380346e-09,3.931012553031692674e-09,3.584426560504712292e-09,3.237195775139875255e-09,2.889816952657276063e-09,2.542929734999016259e-09,2.197416694547967207e-09,1.854608729427947322e-09,1.516751534669181597e-09,1.188207258572247561e-09,8.790604644136424406e-10,6.175444599123469116e-10,4.841770256069026840e-10,5.719634616499239848e-10,6.314430471261533675e-10,5.969759322176769148e-10,5.021280310711973574e-10,4.650826116488319419e-10,5.406011001986014263e-10,6.176835541960373103e-10,6.071952881867682331e-10,5.173698530318889808e-10,4.523331128882544237e-10,5.081427589378828838e-10,5.996386531314459539e-10,6.152359628083114030e-10,5.370160654743899624e-10,4.482155502527103020e-10,4.752455988654682623e-10,5.760030545974416342e-10,6.196747011157227587e-10,5.604114532145074867e-10,4.555127319346828327e-10,4.446788909450816914e-10,5.457928484821652585e-10,6.181572091187584229e-10,5.852943398269637940e-10,4.754875191670064733e-10,5.443685559989642373e-10,7.440875532415045197e-10,9.986368890850416464e-10,1.274850596843251290e-09,1.560308892775941807e-09,1.849642812192094737e-09,2.140098909032395952e-09,2.430034635090086795e-09,2.718338476102545185e-09,3.004178740245424108e-09,3.286883752567766403e-09,3.565880111352064316e-09,3.840658813218091294e-09,4.110755708347371818e-09,4.375739763581817157e-09,4.635205794379645297e-09,4.888769864700229727e-09,5.136066338334202444e-09,5.376745984440923793e-09,5.610474773481919919e-09,5.836933134489713140e-09,6.055815524951222091e-09,6.266830213903339025e-09,6.469699209938567053e-09,6.664158285933101486e-09,6.849957065642806444e-09,7.026859146371091246e-09,7.194642238226468037e-09,7.353098305009491453e-09,7.502033695102456259e-09,7.641269253269450592e-09,7.770640406261798682e-09,7.889997216730631776e-09,7.999204401283772731e-09,8.098141309660355670e-09,8.186701862981553371e-09,8.264794449900397245e-09,8.332341780238634847e-09,8.389280696377326134e-09,8.435561943269374020e-09,8.471149898473105676e-09,8.496022264071103314e-09,8.510169722742460021e-09,8.513595560603802264e-09,8.506315259729479292e-09,8.488356063509688942e-09,8.459756518212977990e-09,8.420565994293134104e-09,8.370844191128382992e-09,8.310660629011245823e-09,8.240094132331811621e-09,8.159232308027303187e-09,8.068171023522329704e-09,7.967013888575463396e-09,7.855871745702942947e-09,7.734862174199924210e-09,7.604109013264881518e-09,7.463741910408824240e-09,7.313895902273667296e-09,7.154711036299410742e-09,6.986332043517615949e-09,6.808908075324388823e-09,6.622592520713204674e-09,6.427542925590487861e-09,6.223921043150811014e-09,6.011893054916310902e-09,5.791630017594838234e-09,5.563308613989798673e-09,5.327112321004288478e-09,5.083223299867231687e-09,4.831783927008981047e-09,4.572883322978984616e-09,4.306550130478219729e-09,4.032741656042489009e-09,3.751329041525546843e-09,3.462078768199651118e-09,3.164632001998713905e-09,2.858485678042584519e-09,2.542984338229227310e-09,2.217343931846872260e-09,1.880762061825181571e-09,1.532776051421877913e-09,1.174451978927911829e-09,8.131802429840965688e-10,4.899343165445084066e-10,4.178153560513536398e-10,7.360887468934886781e-10,1.200592835336632319e-09,1.732279444890760303e-09,2.319657818151097102e-09,2.963404051744784444e-09,3.667342135960752882e-09,4.436310198887730368e-09,5.275411014008888069e-09,6.189626967585976990e-09,7.183531109355459305e-09,8.260984344438324888e-09,9.424735294009806175e-09,1.067583044005398246e-08,1.201273234388608771e-08,1.343004689762160283e-08,1.491675637643524788e-08,1.645380769552113748e-08,1.801092620228974305e-08,1.954300502734074782e-08,2.098736011953982114e-08,2.226332498975868009e-08
2.304964565022017064e-08,2.365971140697293281e-08,2.387816570019361852e-08,2.381046957075388158e-08,2.355351667190022144e-08,2.318718227961760927e-08,2.277162898044317182e-08,2.234881310916143437e-08,2.194576920341089513e-08,2.157791516585466838e-08,2.125196525546110628e-08,2.096853540008473786e-08,2.072442764760546332e-08,2.051447441496146714e-08,2.033286461476727895e-08,2.017397519554218262e-08,2.003280629728730841e-08,1.990514239351594058e-08,1.978754931225257494e-08,1.967728893684712357e-08,1.957220439262514267e-08,1.947060540231280301e-08,1.937116770720140537e-08,1.927285095197914333e-08,1.917483444044183437e-08,1.907646803459316489e-08,1.897723494859245929e-08,1.887672345919814873e-08,1.877460512490029957e-08,1.867061771434142035e-08,1.856455157090893845e-08,1.845623854557528425e-08,1.834554291635239705e-08,1.823235389977508237e-08,1.811657947192649189e-08,1.799814127648044986e-08,1.787697042408722385e-08,1.775300399608110761e-08,1.762618206725798968e-08,1.749644506589285311e-08,1.736373130078003584e-08,1.722797451010002148e-08,1.708910277387117899e-08,1.694704262664489357e-08,1.680172043802527509e-08,1.665306257800904647e-08,1.650099559422778669e-08,1.634544640172450132e-08,1.618634248574923163e-08,1.602361211790264569e-08,1.585718458579059575e-08,1.568699043617811095e-08,1.551296173144807749e-08,1.533503231897884194e-08,1.515313811285683793e-08,1.496721738713641249e-08,1.477721107965076801e-08,1.458306310516694322e-08,1.438472067646666665e-08,1.418213463172592420e-08,1.397525976636311680e-08,1.376405516733139284e-08,1.354848454765028732e-08,1.332851657880911290e-08,1.310412521853491023e-08,1.287529003130655870e-08,1.264199649891926589e-08,1.240423631836610189e-08,1.216200768431091243e-08,1.191531555348594919e-08,1.166417188846271771e-08,1.140859587842165370e-08,1.114861413478976951e-08,1.088426085993000016e-08,1.061557798745659353e-08,1.034261529322197965e-08,1.006543047657812888e-08,9.784089212167067897e-09,9.498665173251283885e-09,9.209240028470969733e-09,8.915903414934669074e-09,8.618752891748074266e-09,8.317893879515500487e-09,8.013439593090274000e-09,7.705510977025006484e-09,7.394236655964528148e-09,7.079752915915271149e-09,6.762203737351092423e-09,6.441740908162861482e-09,6.118524254623073351e-09,5.792722043607338186e-09,5.464511632281507030e-09,5.134080477457700284e-09,4.801627674910675843e-09,4.467366295677631930e-09,4.131526953070639977e-09,3.794363332593094859e-09,3.456160974753923369e-09,3.117251695645162379e-09,2.778038304602551970e-09,2.439039328309361528e-09,2.100975589211099567e-09,1.764952607438981238e-09,1.432888478726368559e-09,1.108666920048795993e-09,8.018489050923707001e-10,5.420538984010091150e-10,4.243196493675078538e-10,5.467931692900401738e-10,6.328506482710801698e-10,5.978102597539754409e-10,4.727093373467858950e-10,4.064232269479821904e-10,5.035720963710894763e-10,6.136143825399765480e-10,6.160993908791051636e-10,5.086648094859883152e-10,4.056504976575345662e-10,4.621827131040617600e-10,5.859124802338218122e-10,6.249869583680765996e-10,5.440427670541936850e-10,4.210827878754703258e-10,4.269768801380760547e-10,5.513327727278751194e-10,6.241235473723521196e-10,5.757482740898570704e-10,4.493305656157972669e-10,4.029269755345454538e-10,5.118874112116599711e-10,6.132875378145956049e-10,6.013264192529923246e-10,4.857728620150657290e-10,5.224942538704916500e-10,6.879227902161195038e-10,9.144474774885787691e-10,1.166388498245017298e-09,1.429533365575884510e-09,1.697705086905291890e-09,1.967786833408867168e-09,2.237967634437339120e-09,2.507058943742277234e-09,2.774198002253067499e-09,3.038706503373823493e-09,3.300017862241871554e-09,3.557637352061389211e-09,3.811119101054213660e-09,4.060052255077936617e-09,4.304052376235035013e-09,4.542755963449646244e-09,4.775816904991484508e-09,5.002904165710122981e-09,5.223700285557613196e-09,5.437900423732553064e-09,5.645211776642679301e-09,5.845353255369889948e-09,6.038055344465366263e-09,6.223060087183659293e-09,6.400121157607118502e-09,6.569003990450239113e-09,6.729485946458057743e-09,6.881356496340058344e-09,7.024417409820674965e-09,7.158482939097575464e-09,7.283379988079474684e-09,7.398948260425227577e-09,7.505040380757077060e-09,7.601521984561850785e-09,7.688271773282830239e-09,7.765181531980902199e-09,7.832156107730875053e-09,7.889113347633529840e-09,7.935983995975254050e-09,7.972711550660511519e-09,7.999252079580922819e-09,8.015573998069860371e-09,8.021657809024370817e-09,8.017495807658058768e-09,8.003091753180503725e-09,7.978460509983241082e-09,7.943627661151942596e-09,7.898629097323138664e-09,7.843510584066307846e-09,7.778327311104337581e-09,7.703143426794159082e-09,7.618031561383446265e-09,7.523072342648612301e-09,7.418353907616834727e-09,7.303971414195889614e-09,7.180026556700774047e-09,7.046627089501678852e-09,6.903886363360162483e-09,6.751922879518510153e-09,6.590859867331581276e-09,6.420824892280983450e-09,6.241949502735484822e-09,6.054368926038005500e-09,5.858221827740451255e-09,5.653650152585811117e-09,5.440799072959203757e-09,5.219817081292174913e-09,4.990856279435237311e-09,4.754071751057525229e-09,4.509622989207586064e-09,4.257689966787477909e-09,3.998498089575853801e-09,3.732354671624142828e-09,3.459705813215213804e-09,3.181230280689162002e-09,2.898001801444243160e-09,2.611780420922870169e-09,2.325552205197897893e-09,2.044552031298989216e-09,1.778203762562176355e-09,1.543571518233927231e-09,1.369973589498385933e-09,1.298926305985860698e-09,1.366156255870351304e-09,1.574751102523834450e-09,1.899795635123602796e-09,2.314312729390342252e-09,2.801036767937468530e-09,3.351481341365577443e-09,3.962675108748665304e-09,4.634793695724231675e-09,5.369744752424756688e-09,6.170324500894895309e-09,7.039673117286198453e-09,7.980868443663125550e-09,8.996554441408505619e-09,1.008851886374415003e-08,1.125713215737604174e-08,1.250055167550247865e-08,1.381359210604587252e-08,1.518616294688379486e-08,1.660117485879461856e-08,1.803188732432336278e-08,1.943899476791335754e-08,2.076833262332183581e-08,2.195043269780672594e-08
2.278114437362218338e-08,2.338321065017108427e-08,2.363964722225048213e-08,2.364033092886472211e-08,2.346799102875086502e-08,2.319112991420963519e-08,2.286179684221359878e-08,2.251665765837218941e-08,2.217956830159131066e-08,2.186439764221334686e-08,2.157763988676596625e-08,2.132071604866167052e-08,2.109190310145990604e-08,2.088782984452471056e-08,2.070452648350973301e-08,2.053807727151024683e-08,2.038496506482708659e-08,2.024220503556406071e-08,2.010735169199872554e-08,1.997844150889708724e-08,1.985391175099146642e-08,1.973251868221294257e-08,1.961326625204049377e-08,1.949534887456442173e-08,1.937810786596227833e-08,1.926099931042423695e-08,1.914357065706773441e-08,1.902544356593797532e-08,1.890630101385887583e-08,1.878587721084450740e-08,1.866394935226143285e-08,1.854033059920946556e-08,1.841486393671434308e-08,1.828741672159709590e-08,1.815787582085504269e-08,1.802614327862333994e-08,1.789213245410605082e-08,1.775576455956369072e-08,1.761696550845132958e-08,1.747566296826133026e-08,1.733178350755196519e-08,1.718524973754120486e-08,1.703597892218300148e-08,1.688388724499989384e-08,1.672889129120712025e-08,1.657090824796407160e-08,1.640985611590279029e-08,1.624565393213185989e-08,1.607822200473646736e-08,1.590748215861022104e-08,1.573335799226262630e-08,1.555577514504881855e-08,1.537466157406682407e-08,1.518994783976333861e-08,1.500156739908437923e-08,1.480945690480410835e-08,1.461355650946633130e-08,1.441381017218213597e-08,1.421016596634674027e-08,1.400257638617330583e-08,1.379099864979466361e-08,1.357539499656057075e-08,1.335573297606195378e-08,1.313198572634953084e-08,1.290413223878615322e-08,1.267215760698424642e-08,1.243605325733514411e-08,1.219581715873928156e-08,1.195145400929701518e-08,1.170297539792094877e-08,1.145039993908295719e-08,1.119375337921247143e-08,1.093306867361621385e-08,1.066838603319267573e-08,1.039975294066543750e-08,1.012722413655723287e-08,9.850861575671351494e-09,9.570734355439965537e-09,9.286918618145610863e-09,8.999497429731688377e-09,8.708560638707208024e-09,8.414204719548341698e-09,8.116532606047428840e-09,7.815653521326927113e-09,7.511682812823289195e-09,7.204741802611493809e-09,6.894957666225384719e-09,6.582463357006605530e-09,6.267397598575323823e-09,5.949904976206049426e-09,5.630136170263666982e-09,5.308248394015615503e-09,4.984406128582939608e-09,4.658782297517246988e-09,4.331560107169593659e-09,4.002935924619486348e-09,3.673123828011680453e-09,3.342362960376549963e-09,3.010929801606242063e-09,2.679159539112146205e-09,2.347485364410204980e-09,2.016515872895474584e-09,1.687201414242236510e-09,1.361234271775652020e-09,1.042165942421464163e-09,7.392104744893473080e-10,4.834417558984562828e-10,3.836386711045557277e-10,5.342499857267802485e-10,6.341705232711697256e-10,5.936596464170813292e-10,4.452121901476867821e-10,3.613933412101893482e-10,4.820763035439632210e-10,6.132609155269369548e-10,6.188017426528557710e-10,4.945932297545076431e-10,3.645434796376620706e-10,4.309515802764623235e-10,5.800718394940998229e-10,6.304021868892611095e-10,5.412009134695148563e-10,3.909908444880554908e-10,3.884105128633305680e-10,5.372039988894781802e-10,6.280049965815061786e-10,5.803089548813454211e-10,4.329117510016627271e-10,3.629664578170835336e-10,4.882908360690278271e-10,6.119187849866762480e-10,6.088047944297489908e-10,4.814641537128003753e-10,4.877848548572897980e-10,6.239425107018861507e-10,8.278720706896349258e-10,1.060564578499715472e-09,1.305938390999151673e-09,1.557101877312326232e-09,1.810669421081437750e-09,2.064732505637444463e-09,2.318075925316532517e-09,2.569841704719791673e-09,2.819370866664097949e-09,3.066122875006287650e-09,3.309631893803745191e-09,3.549481748739799197e-09,3.785290964665479395e-09,4.016703512156248220e-09,4.243382932648070982e-09,4.465008540353550416e-09,4.681272943949921607e-09,4.891880431806104529e-09,5.096545936760076076e-09,5.294994398347178457e-09,5.486960402420296937e-09,5.672188016874040938e-09,5.850430766993066070e-09,6.021451710167585646e-09,6.185023580548391829e-09,6.340928981589427079e-09,6.488960609554349749e-09,6.628921494709304784e-09,6.760625249581446388e-09,6.883896315656001792e-09,6.998570201429625992e-09,7.104493705979986103e-09,7.201525123249359237e-09,7.289534423140942508e-09,7.368403406336199935e-09,7.438025830491146390e-09,7.498307506180080554e-09,7.549166361640976839e-09,7.590532476047435040e-09,7.622348081694663921e-09,7.644567536147067568e-09,7.657157266058750416e-09,7.660095685051578596e-09,7.653373088727644764e-09,7.636991530615396840e-09,7.610964683617135203e-09,7.575317692361569737e-09,7.530087022796940387e-09,7.475320316425777356e-09,7.411076257831512420e-09,7.337424465645741045e-09,7.254445418940092303e-09,7.162230433313812135e-09,7.060881703841889000e-09,6.950512435756029029e-09,6.831247088533186700e-09,6.703221765347413213e-09,6.566584788129326412e-09,6.421497509508124158e-09,6.268135427714633908e-09,6.106689690558438934e-09,5.937369101941033761e-09,5.760402782032625603e-09,5.576043684590323794e-09,5.384573248338773537e-09,5.186307563352084436e-09,4.981605582094067157e-09,4.770888083031243454e-09,4.554696282723725816e-09,4.333757536046268512e-09,4.109066476308050348e-09,3.881996091434035248e-09,3.654451602961157311e-09,3.429084286680160443e-09,3.209584810718375464e-09,3.001069628054533304e-09,2.810543448262177036e-09,2.647335768668618948e-09,2.523238370157176768e-09,2.451857151541081498e-09,2.446712048421881205e-09,2.518331445226837795e-09,2.671806505336330543e-09,2.906491917027637964e-09,3.217921260945753869e-09,3.600399858671693822e-09,4.048886350398752898e-09,4.559833476395637567e-09,5.131302716177251771e-09,5.762734780712747833e-09,6.454612859267070236e-09,7.208122715775442864e-09,8.024837597442756486e-09,8.906418181197628590e-09,9.854296887282626261e-09,1.086929953115574530e-08,1.195114132343867980e-08,1.309772024765257083e-08,1.430412319853198417e-08,1.556126266211619885e-08,1.685408266288523786e-08,1.815935395397135386e-08,1.944330918376387073e-08,2.065976388498976245e-08,2.174974239190684849e-08
2.264715406127799674e-08,2.324046660952289512e-08,2.353265075897612398e-08,2.359935747723703665e-08,2.351027007504401236e-08,2.332328981267821664e-08,2.308267488554011153e-08,2.281980974868422027e-08,2.255525264401998820e-08,2.230111966893942334e-08,2.206336010522158199e-08,2.184374669923286666e-08,2.164149868827956889e-08,2.145450446904473601e-08,2.128016054891326999e-08,2.111588492588679924e-08,2.095938405306717258e-08,2.080875302018437022e-08,2.066247599100179978e-08,2.051937638502232090e-08,2.037854932963221711e-08,2.023929521554858833e-08,2.010106343463441240e-08,1.996340916343932125e-08,1.982596256818448923e-08,1.968840820149726153e-08,1.955047192506995797e-08,1.941191289541877507e-08,1.927251863506289444e-08,1.913210176116883486e-08,1.899049744125042815e-08,1.884756104059480850e-08,1.870316570826650588e-08,1.855719982854353414e-08,1.840956436232838919e-08,1.826017014044797954e-08,1.810893516829939102e-08,1.795578197646297812e-08,1.780063501876558597e-08,1.764341808880582813e-08,1.748405170655265137e-08,1.732245042472612837e-08,1.715852197007034706e-08,1.699217320668851610e-08,1.682331206580847918e-08,1.665184778657616257e-08,1.647769116508568031e-08,1.630075481133112314e-08,1.612095341356820150e-08,1.593820400937461889e-08,1.575242626249865811e-08,1.556354274438801490e-08,1.537147921909851146e-08,1.517616493009723227e-08,1.497753288730079089e-08,1.477552015252985034e-08,1.457006812141918118e-08,1.436112279970271108e-08,1.414863507169804941e-08,1.393256095874926761e-08,1.371286186535272354e-08,1.348950481069228516e-08,1.326246264334882530e-08,1.303171423702728135e-08,1.279724466526286347e-08,1.255904535322753192e-08,1.231711420495694473e-08,1.207145570455654496e-08,1.182208099021967544e-08,1.156900790019868227e-08,1.131226099020730598e-08,1.105187152209566080e-08,1.078787742402287282e-08,1.052032322275332298e-08,1.024925994911574621e-08,9.974745018088279163e-09,9.696842085405142589e-09,9.415620883023479133e-09,9.131157036246786029e-09,8.843531865783962802e-09,8.552832178546868984e-09,8.259150051580904668e-09,7.962582614223038957e-09,7.663231834450967369e-09,7.361204316517580361e-09,7.056611118495450821e-09,6.749567600497953164e-09,6.440193317424614700e-09,6.128611974613664265e-09,5.814951471603871979e-09,5.499344069673220118e-09,5.181926735231000677e-09,4.862841737471330816e-09,4.542237622052203220e-09,4.220270756053063888e-09,3.897107768198700262e-09,3.572929442500355206e-09,3.247937068261630551e-09,2.922363137908379684e-09,2.596490167032374293e-09,2.270685692267224898e-09,1.945472102692888708e-09,1.621679119585520202e-09,1.300818377279981043e-09,9.861617083847495303e-10,6.866000130106589076e-10,4.345924854661179313e-10,3.528413790669049991e-10,5.267974557292284859e-10,6.348509987727142376e-10,5.878794969550203518e-10,4.201991430688883091e-10,3.241542111634752336e-10,4.678967549846735084e-10,6.134956339714256155e-10,6.182378489655498094e-10,4.789908833958089646e-10,3.275312505037472964e-10,4.080808397875734737e-10,5.771142264789058652e-10,6.326348596605705245e-10,5.338139388680037607e-10,3.608176198551028726e-10,3.568531303298944123e-10,5.284884985253218836e-10,6.303516907430174469e-10,5.789989923442277000e-10,4.124565238635369898e-10,3.262570235901499014e-10,4.718054765352865620e-10,6.117037923642477256e-10,6.109550799006316520e-10,4.702724520043657707e-10,4.487140651353377680e-10,5.602308151238633166e-10,7.470504805719183500e-10,9.658064694568676151e-10,1.198375245440507555e-09,1.437221845008689920e-09,1.678771881776307173e-09,1.921075675566671674e-09,2.162928225582002157e-09,2.403500423580797490e-09,2.642168716163559761e-09,2.878429746041408766e-09,3.111854610158223339e-09,3.342062961995629775e-09,3.568707676306469592e-09,3.791465434950878263e-09,4.010030783807232997e-09,4.224112305496536293e-09,4.433430126978805554e-09,4.637714295487593098e-09,4.836703734952188803e-09,5.030145600020213284e-09,5.217794908289986668e-09,5.399414370796289033e-09,5.574774365869297422e-09,5.743653017779015013e-09,5.905836352375465046e-09,6.061118509227804599e-09,6.209301994784178598e-09,6.350197964596147041e-09,6.483626525178185461e-09,6.609417047932852077e-09,6.727408488985570646e-09,6.837449709888590714e-09,6.939399795074574738e-09,7.033128362738324574e-09,7.118515866551799956e-09,7.195453886309687721e-09,7.263845406287967362e-09,7.323605080796927420e-09,7.374659487139718476e-09,7.416947366962045800e-09,7.450419857811027189e-09,7.475040717625424371e-09,7.490786545869953041e-09,7.497647006121156726e-09,7.495625056132915760e-09,7.484737192783318458e-09,7.465013720865633012e-09,7.436499056478178106e-09,7.399252077846052523e-09,7.353346538841689413e-09,7.298871563348661176e-09,7.235932242044179501e-09,7.164650357297769702e-09,7.085165266868058113e-09,6.997634983138809434e-09,6.902237492031481269e-09,6.799172364784852279e-09,6.688662726890638728e-09,6.570957662078700889e-09,6.446335145891666451e-09,6.315105623672729950e-09,6.177616372330543093e-09,6.034256814596246715e-09,5.885464988970597468e-09,5.731735417944688789e-09,5.573628660025353645e-09,5.411782874189127032e-09,5.246942836850762019e-09,5.080051628580391052e-09,4.912329807675335772e-09,4.745355515124713418e-09,4.581157892079776737e-09,4.422322308019506108e-09,4.272101700440163779e-09,4.134520855960977585e-09,4.014448980849598792e-09,3.917601528297877974e-09,3.850420521866468808e-09,3.819785813297491662e-09,3.832544059754641246e-09,3.894913866384744906e-09,4.011909396540737988e-09,4.186962440631393886e-09,4.421866631743705659e-09,4.717038265166641845e-09,5.071970281064119694e-09,5.485718678773256687e-09,5.957301783204022646e-09,6.485962310202477641e-09,7.071296362251878544e-09,7.713278374292234451e-09,8.412212954611108768e-09,9.168634337197011957e-09,9.983159187916550823e-09,1.085628203979860598e-08,1.178808568827856643e-08,1.277782231335916866e-08,1.382330706756981438e-08,1.492005831749939065e-08,1.606012335631084378e-08,1.723055581839021481e-08,1.841158773630995884e-08,1.957471148754959897e-08,2.068117272366480236e-08,2.168171035841303697e-08
2.266724062217733527e-08,2.325217970525562907e-08,2.357882355762393320e-08,2.370992944058192013e-08,2.370330996907605475e-08,2.360710550866297961e-08,2.345822165911593007e-08,2.328288502989391410e-08,2.309828562301498813e-08,2.291457272887750863e-08,2.273680042933125504e-08,2.256662714445467277e-08,2.240368182630286228e-08,2.224657515484178262e-08,2.209358160167373526e-08,2.194304862401963320e-08,2.179360157394958297e-08,2.164421065935321931e-08,2.149417541562494225e-08,2.134306809026492938e-08,2.119066375790546651e-08,2.103687372942850157e-08,2.088169047770248657e-08,2.072514671815943752e-08,2.056728795821513080e-08,2.040815617434167134e-08,2.024778173848755448e-08,2.008618084668002880e-08,1.992335616972981867e-08,1.975929902565749268e-08,1.959399193125574309e-08,1.942741085711647498e-08,1.925952686162894574e-08,1.909030701687404391e-08,1.891971467919555069e-08,1.874770922150301346e-08,1.857424535570292002e-08,1.839927215262645866e-08,1.822273183072306389e-08,1.804455834742568600e-08,1.786467579909144538e-08,1.768299662477267216e-08,1.749942239549673184e-08,1.731385360302314831e-08,1.712619251194782732e-08,1.693634344222273013e-08,1.674421305358812438e-08,1.654971063106267318e-08,1.635274837045708242e-08,1.615324166270511128e-08,1.595110937564492103e-08,1.574627413173745487e-08,1.553866258008015349e-08,1.532820566096728356e-08,1.511483886116566683e-08,1.489850245801960470e-08,1.467914175047399432e-08,1.445670727511201243e-08,1.423115500534508722e-08,1.400244653196868967e-08,1.377054922340842213e-08,1.353543636412590996e-08,1.329708726983194179e-08,1.305548737836271372e-08,1.281062831531125409e-08,1.256250793376593450e-08,1.231113032778763750e-08,1.205650581955176009e-08,1.179865092038549052e-08,1.153758826624006253e-08,1.127334652844667910e-08,1.100596030090887959e-08,1.073546996517951360e-08,1.046192153515377423e-08,1.018536648337937979e-08,9.905861551240306904e-09,9.623468545513709034e-09,9.338254124034692797e-09,9.050289573438591594e-09,8.759650582197233387e-09,8.466417012443023271e-09,8.170672674408572787e-09,7.872505107739467249e-09,7.572005374518716095e-09,7.269267869656923001e-09,6.964390155473982500e-09,6.657472829012510295e-09,6.348619433166829633e-09,6.037936426535792365e-09,5.725533232740857886e-09,5.411522398991837111e-09,5.096019907960429200e-09,4.779145710062668135e-09,4.461024581376272305e-09,4.141787477343868012e-09,3.821573666692614769e-09,3.500534138950407007e-09,3.178837178158732359e-09,2.856677798248120617e-09,2.534294450726229955e-09,2.212000353981733058e-09,1.890246669194758715e-09,1.569762372803785323e-09,1.251904548777854078e-09,9.396965534321873333e-10,6.417311321473288005e-10,3.920579230962337895e-10,3.293656810461909063e-10,5.249929657145832756e-10,6.385014683510661662e-10,5.841766774279735363e-10,3.983507259197000900e-10,2.927584701263955122e-10,4.605448390962244232e-10,6.172100341160457763e-10,6.190174647212272886e-10,4.649604873129725666e-10,2.942687698224491546e-10,3.928761569153417505e-10,5.788449828672699031e-10,6.362701136005324246e-10,5.267215394981315846e-10,3.325627471109780171e-10,3.324399528537286796e-10,5.260807868990392744e-10,6.350046098005381551e-10,5.774288303418377646e-10,3.922607581657954122e-10,2.943504262786464365e-10,4.631212501592457454e-10,6.154147440398522655e-10,6.132099616793571991e-10,4.580893679956444952e-10,4.105251911242828524e-10,5.019802404521100307e-10,6.779360925076628494e-10,8.889652817176489657e-10,1.114613744987713240e-09,1.346780796792097655e-09,1.581788278135901510e-09,1.817700471496681021e-09,2.053355867839970897e-09,2.287974430861590081e-09,2.520980657419493610e-09,2.751916610079890076e-09,2.980396023782084227e-09,3.206078641984208901e-09,3.428655171065561883e-09,3.647838117347139534e-09,3.863356037900555970e-09,4.074949854176750719e-09,4.282370457478894476e-09,4.485377149808392292e-09,4.683736640872400636e-09,4.877222425407309301e-09,5.065614427095667468e-09,5.248698833708127271e-09,5.426268072359469008e-09,5.598120889447619265e-09,5.764062510183341544e-09,5.923904859562991305e-09,6.077466831385010379e-09,6.224574595216237874e-09,6.365061933560109726e-09,6.498770603181414051e-09,6.625550715812315058e-09,6.745261134445152185e-09,6.857769882207873961e-09,6.962954561488170172e-09,7.060702781572626067e-09,7.150912593634913090e-09,7.233492932470259541e-09,7.308364064954080715e-09,7.375458045818407910e-09,7.434719182004922243e-09,7.486104507580883889e-09,7.529584272005045028e-09,7.565142445415434330e-09,7.592777245589744153e-09,7.612501692312112301e-09,7.624344196077638424e-09,7.628349189388258101e-09,7.624577810351046885e-09,7.613108649892502059e-09,7.594038575658232623e-09,7.567483647582404534e-09,7.533580142185794325e-09,7.492485704886931276e-09,7.444380651965908972e-09,7.389469446261493479e-09,7.327982373134443944e-09,7.260177445572172140e-09,7.186342569354262586e-09,7.106798000663497791e-09,7.021899129001328686e-09,6.932039617162147160e-09,6.837654926512989624e-09,6.739226248783425919e-09,6.637284853476482074e-09,6.532416840879487435e-09,6.425268261968188365e-09,6.316550525202064333e-09,6.207064467145241845e-09,6.097793584685755778e-09,5.989966651731686393e-09,5.885107473781184295e-09,5.785084989968569765e-09,5.692160087104993283e-09,5.609023641594468608e-09,5.538818138863999048e-09,5.485133186595066108e-09,5.451964219339634876e-09,5.443624998601861492e-09,5.464609545372745112e-09,5.519408561637454342e-09,5.612297974258154981e-09,5.747129165734211806e-09,5.927156270641466739e-09,6.154931325296136834e-09,6.432283196624219081e-09,6.760376484708395810e-09,7.139829788876924722e-09,7.570864476368045718e-09,8.053456144815954912e-09,8.587467939480923327e-09,9.172753019057175403e-09,9.809219043078610761e-09,1.049684878369894464e-08,1.123566765165076093e-08,1.202564180034837332e-08,1.286648074534334315e-08,1.375730779989971185e-08,1.469615260961035017e-08,1.567921653487943587e-08,1.669986944602030129e-08,1.774736541151090714e-08,1.880533266795604595e-08,1.985022692245393049e-08,2.085015285812808317e-08,2.176473618001861383e-08
2.285712515749586454e-08,2.343512818580189700e-08,2.379588763332544660e-08,2.399053728204344345e-08,2.406621408017508368e-08,2.406219513314548944e-08,2.400856763087976525e-08,2.392662105413941254e-08,2.383016481238160194e-08,2.372718705561695560e-08,2.362150105941982888e-08,2.351419050815023125e-08,2.340476821080853980e-08,2.329202910199473817e-08,2.317462137001907939e-08,2.305138389586795891e-08,2.292150722902816333e-08,2.278457345010599730e-08,2.264052207486352196e-08,2.248957839024381445e-08,2.233216979984120341e-08,2.216884631136049902e-08,2.200021383733468821e-08,2.182688360104554649e-08,2.164943743942701594e-08,2.146840682206485560e-08,2.128426256370495406e-08,2.109741212279102710e-08,2.090820173674318492e-08,2.071692120798358416e-08,2.052380976007055380e-08,2.032906193212652814e-08,2.013283292318721627e-08,1.993524312201588770e-08,1.973638176980913331e-08,1.953630982206638273e-08,1.933506212509069982e-08,1.913264902541656753e-08,1.892905750763157206e-08,1.872425192467493532e-08,1.851817435813089354e-08,1.831074463433351334e-08,1.810186419619183115e-08,1.789143249431772423e-08,1.767935137406596397e-08,1.746552539212517103e-08,1.724986212504565549e-08,1.703227246846120376e-08,1.681267092567271073e-08,1.659097588419211534e-08,1.636710987879728687e-08,1.614099983962601314e-08,1.591257732384090784e-08,1.568177872942913570e-08,1.544854548976196631e-08,1.521282424762878721e-08,1.497456700757887795e-08,1.473373126554951252e-08,1.449028011492937193e-08,1.424418232839902145e-08,1.399541241510161280e-08,1.374395065292407569e-08,1.348978309590633182e-08,1.323290155704033205e-08,1.297330356696638897e-08,1.271099230931722477e-08,1.244597653369585757e-08,1.217827044749761084e-08,1.190789358799562804e-08,1.163487067630045135e-08,1.135923145497460911e-08,1.108101051123186877e-08,1.080024708777712278e-08,1.051698488344730129e-08,1.023127184589833119e-08,9.943159958651515739e-09,9.652705024869278499e-09,9.359966450282947878e-09,9.065007027753420999e-09,8.767892726022817559e-09,8.468692485329626769e-09,8.167478022736685156e-09,7.864323650295303392e-09,7.559306109590112017e-09,7.252504426849964720e-09,6.943999793778285694e-09,6.633875480713932530e-09,6.322216790932967998e-09,6.009111068240031544e-09,5.694647775117851410e-09,5.378918666667240448e-09,5.062018098181287163e-09,4.744043524602466484e-09,4.425096283970100835e-09,4.105282814813167136e-09,3.784716559653653807e-09,3.463520994507880925e-09,3.141834584848170740e-09,2.819819198269360772e-09,2.497675075295427229e-09,2.175669102752840036e-09,1.854192382214489512e-09,1.533889385487332646e-09,1.215987581700379795e-09,9.033033080778910954e-10,6.042201694442793234e-10,3.550293565248265862e-10,3.141112130302464380e-10,5.315383211594394903e-10,6.488618471693100248e-10,5.855142761085113517e-10,3.804661407607947158e-10,2.676765368448237713e-10,4.620748075909125259e-10,6.280705913514933093e-10,6.249768730608081093e-10,4.547263773768335652e-10,2.652147579036181311e-10,3.869054024034671989e-10,5.884265675258762419e-10,6.454958671921195918e-10,5.233700912760644520e-10,3.075874288808201307e-10,3.166776223709042414e-10,5.324235457157798369e-10,6.459733924731903107e-10,5.798219809597664978e-10,3.749687552709041682e-10,2.688853288248545089e-10,4.640730824150411700e-10,6.264596376737418575e-10,6.200177816849667329e-10,4.486716364782646642e-10,3.761642867242816988e-10,4.526182892226583813e-10,6.251706898448608242e-10,8.357324454080540915e-10,1.061275322365760040e-09,1.293294685430918987e-09,1.528125305559977336e-09,1.763909836396642301e-09,1.999565293905151788e-09,2.234380348123443173e-09,2.467839009780897604e-09,2.699535787163934785e-09,2.929131632837057260e-09,3.156329618295276670e-09,3.380860814460989114e-09,3.602475759441357665e-09,3.820939136566022280e-09,4.036026376039174029e-09,4.247521452805636038e-09,4.455215453582388584e-09,4.658905653899672121e-09,4.858394943205902963e-09,5.053491494153707618e-09,5.244008607838167378e-09,5.429764689199891437e-09,5.610583321247901815e-09,5.786293416240438697e-09,5.956729428303233474e-09,6.121731616277670176e-09,6.281146348572009614e-09,6.434826443881661306e-09,6.582631543138797507e-09,6.724428509138620734e-09,6.860091851098760765e-09,6.989504172027663361e-09,7.112556637269839122e-09,7.229149463003514388e-09,7.339192423821714422e-09,7.442605378853557762e-09,7.539318816195851880e-09,7.629274415737807451e-09,7.712425630782877836e-09,7.788738289207257152e-09,7.858191215247366984e-09,7.920776873379867361e-09,7.976502036145189762e-09,8.025388478164743459e-09,8.067473699005021662e-09,8.102811677936867312e-09,8.131473664009453216e-09,8.153549005184405698e-09,8.169146020528078839e-09,8.178392919603664375e-09,8.181438773194705869e-09,8.178454539271305973e-09,8.169634147611032622e-09,8.155195645623216548e-09,8.135382406596635542e-09,8.110464399674367414e-09,8.080739518214837414e-09,8.046534959661107923e-09,8.008208645430714661e-09,7.966150663460558776e-09,7.920784708697993844e-09,7.872569487835707406e-09,7.822000043801076738e-09,7.769608942864352596e-09,7.715967252790194082e-09,7.661685224488531445e-09,7.607431160184582727e-09,7.554016894122578774e-09,7.502446512190830703e-09,7.453948737998397931e-09,7.410007407705882790e-09,7.372387792757421765e-09,7.343155877247819093e-09,7.324687051860993997e-09,7.319660217456388266e-09,7.331033243909113738e-09,7.361996400770935332e-09,7.415902038985910888e-09,7.496171575383197479e-09,7.606184517914658821e-09,7.749158250123379373e-09,7.928030573609884257e-09,8.145358493321431025e-09,8.403245672863125481e-09,8.703307378717333333e-09,9.046676397927561138e-09,9.434047677951948069e-09,9.865754529868337137e-09,1.034186577159710705e-08,1.086229099353985842e-08,1.142687945675351029e-08,1.203549607760771546e-08,1.268805484354074112e-08,1.338448564718771436e-08,1.412460529247406330e-08,1.490785831523590228e-08,1.573289006769100591e-08,1.659691620396394817e-08,1.749486406603663259e-08,1.841829032704408261e-08,1.935413821852938191e-08,2.028350398746945340e-08,2.118074929609362040e-08,2.201351845590600404e-08
2.322692105562897295e-08,2.380024624502245186e-08,2.419548255150411220e-08,2.445334375393971920e-08,2.461148926772981152e-08,2.470128149583589937e-08,2.474660978021356963e-08,2.476414038409852245e-08,2.476436347686923850e-08,2.475296263209016219e-08,2.473220247599668049e-08,2.470216239803574442e-08,2.466173499395275482e-08,2.460936775675732392e-08,2.454356406157147470e-08,2.446318024140384723e-08,2.436756396291344347e-08,2.425657918570429569e-08,2.413055807704645524e-08,2.399021286929196709e-08,2.383653251836647530e-08,2.367068126512593963e-08,2.349390948539298738e-08,2.330748187480665069e-08,2.311262413497868301e-08,2.291048680766468964e-08,2.270212352545892690e-08,2.248848043673240784e-08,2.227039364108045602e-08,2.204859189403603941e-08,2.182370241332528261e-08,2.159625820838704218e-08,2.136670587811161902e-08,2.113541323921256942e-08,2.090267645021720330e-08,2.066872649377266190e-08,2.043373499283749049e-08,2.019781938781628002e-08,1.996104751451393548e-08,1.972344161669428069e-08,1.948498181798355794e-08,1.924560907806261285e-08,1.900523392667080159e-08,1.876376289886425190e-08,1.852110520707554546e-08,1.827717307403286768e-08,1.803188204548213328e-08,1.778515128152545408e-08,1.753690382547023696e-08,1.728706684918340417e-08,1.703557187406451820e-08,1.678235496688986425e-08,1.652735690993461052e-08,1.627052334495087632e-08,1.601180489076329470e-08,1.575115723443765016e-08,1.548854119617909716e-08,1.522392276832128185e-08,1.495727312897260536e-08,1.468856863108716779e-08,1.441779076792222200e-08,1.414492611602787825e-08,1.386996625708516205e-08,1.359290768006232016e-08,1.331375166529481641e-08,1.303250415220919914e-08,1.274917559250414415e-08,1.246378079067274739e-08,1.217633873379819757e-08,1.188687241258139878e-08,1.159540863556462562e-08,1.130197783850192275e-08,1.100661389079753949e-08,1.070935390089089383e-08,1.041023802241499484e-08,1.010930926289936206e-08,9.806613296734913528e-09,9.502198284073762272e-09,9.196114697311790653e-09,8.888415156807473832e-09,8.579154277543634368e-09,8.268388528560928338e-09,7.956176107213840592e-09,7.642576830664817913e-09,7.327652047603884676e-09,7.011464574054030784e-09,6.694078658440955970e-09,6.375559983093625887e-09,6.055975712354373702e-09,5.735394602090416723e-09,5.413887192568605388e-09,5.091526118010086526e-09,4.768386584531440542e-09,4.444547098748997505e-09,4.120090581689054096e-09,3.795106095485938226e-09,3.469691581579498739e-09,3.143958339704112135e-09,2.818038650196060318e-09,2.492099402643705553e-09,2.166368012516140592e-09,1.841185692230573130e-09,1.517128534582337587e-09,1.195322405329911915e-09,8.784324781756500776e-10,5.747855291118178977e-10,3.240103471154673575e-10,3.086537578271391816e-10,5.485172895526360216e-10,6.685383693737893555e-10,5.940034023289755747e-10,3.673989200035298795e-10,2.502483954580076557e-10,4.742133783238524105e-10,6.486676603999304661e-10,6.387277838414495756e-10,4.498660998633436274e-10,2.411723183489559768e-10,3.916007829244738250e-10,6.081584752465746066e-10,6.631569879062412041e-10,5.260177814282660300e-10,2.868574700778850827e-10,3.110036496301521280e-10,5.493298859711820131e-10,6.660305565322176842e-10,5.889192111003896479e-10,3.621794451473463994e-10,2.513340915249883374e-10,4.759619858425986702e-10,6.472507032714171517e-10,6.343136710618031203e-10,4.442671061387963356e-10,3.472585846704639122e-10,4.145491946426984166e-10,5.921628107802404461e-10,8.100296668021654763e-10,1.042648418430157718e-09,1.281406422677814219e-09,1.522795587260353156e-09,1.765102316004506948e-09,2.007352986780917854e-09,2.248920209230267525e-09,2.489355295664829877e-09,2.728309263996768878e-09,2.965492431219852071e-09,3.200652355226176358e-09,3.433561143464117419e-09,3.664007835106667441e-09,3.891793672803111889e-09,4.116729093167930095e-09,4.338631779457677651e-09,4.557325393723230469e-09,4.772638757691930789e-09,4.984405339083095602e-09,5.192462952017854771e-09,5.396653611942903045e-09,5.596823505396882410e-09,5.792823047713461855e-09,5.984507010106443426e-09,6.171734703144471260e-09,6.354370207386235568e-09,6.532282644528519669e-09,6.705346484210857461e-09,6.873441882875310721e-09,7.036455051965115188e-09,7.194278653372770301e-09,7.346812220492708220e-09,7.493962603547303302e-09,7.635644438074179439e-09,7.771780635612479116e-09,7.902302895723439002e-09,8.027152238538788329e-09,8.146279557056999970e-09,8.259646188407524184e-09,8.367224503279609176e-09,8.468998512665323788e-09,8.564964490995026837e-09,8.655131614644136903e-09,8.739522614658035050e-09,8.818174442370016683e-09,8.891138946366948762e-09,8.958483558977747868e-09,9.020291990108299092e-09,9.076664925807897670e-09,9.127720728410521723e-09,9.173596134429874542e-09,9.214446945581133360e-09,9.250448707333097619e-09,9.281797368242206881e-09,9.308709911964129628e-09,9.331424952264264597e-09,9.350203279542876795e-09,9.365328345351624894e-09,9.377106669113235861e-09,9.385868148789617013e-09,9.391966254619265049e-09,9.395778082333338495e-09,9.397704239561640795e-09,9.398168536593575249e-09,9.397617450442778691e-09,9.396519329500204081e-09,9.395379555525806516e-09,9.394813058571804564e-09,9.395582472728412213e-09,9.398621197932457434e-09,9.405054620672662663e-09,9.416218096685627691e-09,9.433669973810556204e-09,9.459197618167815121e-09,9.494814177639852523e-09,9.542743776258302635e-09,9.605393103614863869e-09,9.685308065165137396e-09,9.785115375193023827e-09,9.907450702736768790e-09,1.005487709037658264e-08,1.022979957176545398e-08,1.043438380078718403e-08,1.067048760599925694e-08,1.093961429954872350e-08,1.124289508743777989e-08,1.158110508401064345e-08,1.195471348640587212e-08,1.236396379360034756e-08,1.280897493722743157e-08,1.328984912580736685e-08,1.380676730834795415e-08,1.436004863701667468e-08,1.495014641514680054e-08,1.557755015890100301e-08,1.624256221440429952e-08,1.694491892054974340e-08,1.768323247727837751e-08,1.845424384329563842e-08,1.925190493676251409e-08,2.006635928705898054e-08,2.088297622989541723e-08,2.168172549271199489e-08,2.243735628753052070e-08
2.377960302356402086e-08,2.435094556013960227e-08,2.478122418816117338e-08,2.510190022318039001e-08,2.534236675041365631e-08,2.552707742034046960e-08,2.567443422925943124e-08,2.579689615295255350e-08,2.590179227257455306e-08,2.599244443493091227e-08,2.606933749561309403e-08,2.613118305198635891e-08,2.617579951575938502e-08,2.620078256334925264e-08,2.620397191415109513e-08,2.618373849915622525e-08,2.613912473067458851e-08,2.606987302298813709e-08,2.597637622275379770e-08,2.585957971713500467e-08,2.572085975284143154e-08,2.556189671366868584e-08,2.538455640148217485e-08,2.519078723739136820e-08,2.498253707653959854e-08,2.476169016812154858e-08,2.453002268787650767e-08,2.428917409662131881e-08,2.404063113657795634e-08,2.378572134592449276e-08,2.352561334549073080e-08,2.326132166305912362e-08,2.299371439126936233e-08,2.272352245148058017e-08,2.245134962268116263e-08,2.217768278346544366e-08,2.190290201512709144e-08,2.162729034275006446e-08,2.135104296936029131e-08,2.107427590544777272e-08,2.079703392946446468e-08,2.051929784787863886e-08,2.024100023062990495e-08,1.996206598720453985e-08,1.968242221163192237e-08,1.940199851224765154e-08,1.912072731184933949e-08,1.883854411760122825e-08,1.855538776029376649e-08,1.827120060281431962e-08,1.798592871793235766e-08,1.769952203574421747e-08,1.741193446135544657e-08,1.712312396360062556e-08,1.683305263580826108e-08,1.654168672980994274e-08,1.624899666456580211e-08,1.595495701093128026e-08,1.565954645422123612e-08,1.536274773633575530e-08,1.506454757929724516e-08,1.476493659210991109e-08,1.446390916289090973e-08,1.416146333823825751e-08,1.385760069179429141e-08,1.355232618393731149e-08,1.324564801448894218e-08,1.293757747026316876e-08,1.262812876920717468e-08,1.231731890279621239e-08,1.200516747824792037e-08,1.169169656201849569e-08,1.137693052593731442e-08,1.106089589723116558e-08,1.074362121358875284e-08,1.042513688432424382e-08,1.010547505862122563e-08,9.784669501781234320e-09,9.462755480372363864e-09,9.139769657183198036e-09,8.815749996949181590e-09,8.490735683951516411e-09,8.164767052819167199e-09,7.837885534231017100e-09,7.510133617774596286e-09,7.181554835055006695e-09,6.852193767393636747e-09,6.522096084314564934e-09,6.191308621812413365e-09,5.859879513656672172e-09,5.527858395594528994e-09,5.195296712769067817e-09,4.862248177611075916e-09,4.528769453669816252e-09,4.194921189285729906e-09,3.860769611163471528e-09,3.526389047449668134e-09,3.191866059458837233e-09,2.857306495330809100e-09,2.522848164628862488e-09,2.188685106048012843e-09,1.855117930032388032e-09,1.522669699778573452e-09,1.192392840772000935e-09,8.668616460823160250e-10,5.545258548859239241e-10,2.997636388959529778e-10,3.135494789436457702e-10,5.766533839517646256e-10,6.989578413670698465e-10,6.111075567903058134e-10,3.599722580807169014e-10,2.414194966661881026e-10,4.973693754191906470e-10,6.802823117607403785e-10,6.619004632176051362e-10,4.515627113485952200e-10,2.228293779440000380e-10,4.071435720729874926e-10,6.390292612641010586e-10,6.909067846927174926e-10,5.361705073506621117e-10,2.710613642300719941e-10,3.157413720176054831e-10,5.773811508302696981e-10,6.966874725919693123e-10,6.064376993381472708e-10,3.549397767029439694e-10,2.424758395113630106e-10,4.989328449618415481e-10,6.789937462304293868e-10,6.578686427715157550e-10,4.462891421326809076e-10,3.247102568091379955e-10,3.891301274182456855e-10,5.802317847483837153e-10,8.126572354865001266e-10,1.059048685433870513e-09,1.311037647172304509e-09,1.565393137268122121e-09,1.820586686206928101e-09,2.075768541552423073e-09,2.330399825806655039e-09,2.584099810959424853e-09,2.836575097733916202e-09,3.087583825497046400e-09,3.336916308939130105e-09,3.584383972560499626e-09,3.829812742196070473e-09,4.073038957667393012e-09,4.313906776330909877e-09,4.552266493356382855e-09,4.787973445793857954e-09,5.020887300618748041e-09,5.250871603198863536e-09,5.477793507754229126e-09,5.701523638870006822e-09,5.921936050303705469e-09,6.138908258313378683e-09,6.352321333900305244e-09,6.562060043117819664e-09,6.768013027804031654e-09,6.970073021281793611e-09,7.168137095071367496e-09,7.362106933696774898e-09,7.551889135377923973e-09,7.737395536882167430e-09,7.918543561124439932e-09,8.095256586298095372e-09,8.267464335418928809e-09,8.435103285193231057e-09,8.598117093091418529e-09,8.756457041431818436e-09,8.910082497161380709e-09,9.058961385865802275e-09,9.203070678354090363e-09,9.342396887943261232e-09,9.476936576318814061e-09,9.606696865565871279e-09,9.731695953654228099e-09,9.851963630317391480e-09,9.967541789890310892e-09,1.007848493726239386e-08,1.018486068266087010e-08,1.028675022050490362e-08,1.038424878706355906e-08,1.047746609111266046e-08,1.056652671121953630e-08,1.065157045269574480e-08,1.073275265665257919e-08,1.081024445298239459e-08,1.088423294848330548e-08,1.095492134076170950e-08,1.102252894800731701e-08,1.108729114426423992e-08,1.114945918944874078e-08,1.120929994312532358e-08,1.126709545098754353e-08,1.132314239314213070e-08,1.137775138371281990e-08,1.143124611201231747e-08,1.148396231662533110e-08,1.153625874583103830e-08,1.158857078447119699e-08,1.164143756764616741e-08,1.169551741533885280e-08,1.175160170271768738e-08,1.181062626005422962e-08,1.187367920893053600e-08,1.194200396227971037e-08,1.201699599180282845e-08,1.210019195909070166e-08,1.219324998892468424e-08,1.229792030881673095e-08,1.241600624702613149e-08,1.254931669316496734e-08,1.269961253760395999e-08,1.286855118706211452e-08,1.305763477522282342e-08,1.326816883551292930e-08,1.350123862136717658e-08,1.375770961291046452e-08,1.403825680332758929e-08,1.434342404711258393e-08,1.467371021980804895e-08,1.502967354234787846e-08,1.541203969971884500e-08,1.582179398519016974e-08,1.626023331057855604e-08,1.672895116662863708e-08,1.722972800689594214e-08,1.776430148326232252e-08,1.833399599505317801e-08,1.893920015546618005e-08,1.957869624859227701e-08,2.024887179060131285e-08,2.094288685180689878e-08,2.164994117746889358e-08,2.235489142248667578e-08,2.303861339546944366e-08
2.450999211420427094e-08,2.508200172235160938e-08,2.554733267407278031e-08,2.592939807744875656e-08,2.625058953766277186e-08,2.652953949629999840e-08,2.677997928207107258e-08,2.701069665218976832e-08,2.722614242928439148e-08,2.742734425681828046e-08,2.761289778922532502e-08,2.777989671053035307e-08,2.792472813264024713e-08,2.804370292032676160e-08,2.813351711862151866e-08,2.819155623677827916e-08,2.821606271605564961e-08,2.820619114423878147e-08,2.816197721001055003e-08,2.808424580986074810e-08,2.797448157873669127e-08,2.783468179123983827e-08,2.766720750163577662e-08,2.747464443613553262e-08,2.725968097957499308e-08,2.702500697611601781e-08,2.677323421229227395e-08,2.650683744161642095e-08,2.622811358809565816e-08,2.593915619432072187e-08,2.564184208554308638e-08,2.533782743366739530e-08,2.502855078000506042e-08,2.471524100573645191e-08,2.439892865474603501e-08,2.408045937722132075e-08,2.376050856021825292e-08,2.343959644476454695e-08,2.311810320798523313e-08,2.279628362673796034e-08,2.247428105031823064e-08,2.215214050668508070e-08,2.182983390078344518e-08,2.150731948256894493e-08,2.118455590386100761e-08,2.086150253827597664e-08,2.053811977205350463e-08,2.021436926546014227e-08,1.989021418477026511e-08,1.956561940512083272e-08,1.924055168481085075e-08,1.891497981186533131e-08,1.858887472390611857e-08,1.826220960256647574e-08,1.793495994385213339e-08,1.760710360598793402e-08,1.727862083639749242e-08,1.694949427954267086e-08,1.661970896740256814e-08,1.628925229439850875e-08,1.595811397857466189e-08,1.562628601082470613e-08,1.529376259391640582e-08,1.496054007300936270e-08,1.462661685929016175e-08,1.429199334826504514e-08,1.395667183415660701e-08,1.362065642174979074e-08,1.328395293692659481e-08,1.294656883702067999e-08,1.260851312201536990e-08,1.226979624750367686e-08,1.193043004022979149e-08,1.159042761694045930e-08,1.124980330719551509e-08,1.090857258072191197e-08,1.056675197984996295e-08,1.022435905754849184e-08,9.881412321583919865e-09,9.537931185375372670e-09,9.193935926215718244e-09,8.849447651693362745e-09,8.504488275405805846e-09,8.159080503438194072e-09,7.813247833640583312e-09,7.467014570555236853e-09,7.120405860041477717e-09,6.773447749410561145e-09,6.426167281521041042e-09,6.078592635291852118e-09,5.730753331294006228e-09,5.382680530899616354e-09,5.034407473394822325e-09,4.685970122035385242e-09,4.337408135773575051e-09,3.988766365021926809e-09,3.640097221578989247e-09,3.291464568619690344e-09,2.942950385919420779e-09,2.594666805740560979e-09,2.246779306933119929e-09,1.899555242594855135e-09,1.553476853952338992e-09,1.209545688984447053e-09,8.702938245816747875e-10,5.444439222887927513e-10,2.825757023261864563e-10,3.278012292687228570e-10,6.155603001962428976e-10,7.407320987501103792e-10,6.378790586794366790e-10,3.589052219248962906e-10,2.408860983991305083e-10,5.307655878596757679e-10,7.232588278713244179e-10,6.955152385647457728e-10,4.607693184293703625e-10,2.103129472487754452e-10,4.324215059059219780e-10,6.810333667111346340e-10,7.296371646622803137e-10,5.549288533294551234e-10,2.606003608792631719e-10,3.297683379160763222e-10,6.161538612717612583e-10,7.386079376291734140e-10,6.335258604322820516e-10,3.540128510630713054e-10,2.418482987731980660e-10,5.321140648647295508e-10,7.220284138580849284e-10,6.917695669326476408e-10,4.557575627486441687e-10,3.088732418672739458e-10,3.760747815229610709e-10,5.876802077903743355e-10,8.405448756629967151e-10,1.106310732869614887e-09,1.377092522415336891e-09,1.649980585430069961e-09,1.923634111474725939e-09,2.197321439475796022e-09,2.470585551516116674e-09,2.743107732822937549e-09,3.014645121833066878e-09,3.284999423663263672e-09,3.554000091557855426e-09,3.821494761995873817e-09,4.087343563008792353e-09,4.351415602680548772e-09,4.613586741393795138e-09,4.873738150250551761e-09,5.131755368095513752e-09,5.387527685028753038e-09,5.640947746215532636e-09,5.891911308707093148e-09,6.140317107630515387e-09,6.386066802852346089e-09,6.629064986631289954e-09,6.869219238902400717e-09,7.106440220894029489e-09,7.340641800505818619e-09,7.571741204727707906e-09,7.799659195644727897e-09,8.024320267435972973e-09,8.245652862360140549e-09,8.463589604104880902e-09,8.678067547117604000e-09,8.889028440668055403e-09,9.096419006443838299e-09,9.300191228466618712e-09,9.500302654052156380e-09,9.696716704430116084e-09,9.889402993496857726e-09,1.007833765300091390e-08,1.026350366226061983e-08,1.044489118028957007e-08,1.062249787796125388e-08,1.079632926758186066e-08,1.096639902696295646e-08,1.113272931479641909e-08,1.129535107383594865e-08,1.145430431808676955e-08,1.160963839990232315e-08,1.176141225258849972e-08,1.190969460382911074e-08,1.205456415497684658e-08,1.219610972101017817e-08,1.233443032574702854e-08,1.246963524674026701e-08,1.260184400416845347e-08,1.273118628798942996e-08,1.285780181765590026e-08,1.298184012881362270e-08,1.310346028162662892e-08,1.322283048571240963e-08,1.334012763713430821e-08,1.345553676349940752e-08,1.356925037395572643e-08,1.368146771177876779e-08,1.379239390828678159e-08,1.390223903802520930e-08,1.401122363697637198e-08,1.411960718469677873e-08,1.422770191791606472e-08,1.433587986812120355e-08,1.444457856974243561e-08,1.455430494995636747e-08,1.466563684341149449e-08,1.477922152485052623e-08,1.489577065272599722e-08,1.501605110816939952e-08,1.514087144110193802e-08,1.527106404135684235e-08,1.540746376618088861e-08,1.555088457606681047e-08,1.570209671135507551e-08,1.586180797214297402e-08,1.603065356168135295e-08,1.620919947091661635e-08,1.639796423303473906e-08,1.659746278788008509e-08,1.680827397463278468e-08,1.703112978155951086e-08,1.726702010616597947e-08,1.751730184188732198e-08,1.778379624453701571e-08,1.806885450043539096e-08,1.837536896028818303e-08,1.870670719801361773e-08,1.906654822062399778e-08,1.945860487439474708e-08,1.988622381977143849e-08,2.035186486207352156e-08,2.085647649102434884e-08,2.139880759450737196e-08,2.197473223887738348e-08,2.257672309659766421e-08,2.319369791761859012e-08,2.381158695278282576e-08
2.540455064666588447e-08,2.597932022714731337e-08,2.647816978037384472e-08,2.691782435287715518e-08,2.731506580454251647e-08,2.768391790475987542e-08,2.803439017245343315e-08,2.837227580098710386e-08,2.869957913632326299e-08,2.901525880831277988e-08,2.931607688705199194e-08,2.959742639926407779e-08,2.985406694049925943e-08,3.008073504360871843e-08,3.027261824080019722e-08,3.042569471453440798e-08,3.053694803832994887e-08,3.060447124020996287e-08,3.062747752156075903e-08,3.060623685126310790e-08,3.054195834273004748e-08,3.043663774800207362e-08,3.029288762558698854e-08,3.011376499411284513e-08,2.990260794857389737e-08,2.966288921618680301e-08,2.939809134790145745e-08,2.911160545572394129e-08,2.880665326030178737e-08,2.848623073210537124e-08,2.815307072846445459e-08,2.780962163256004644e-08,2.745803895772640801e-08,2.710018706766937400e-08,2.673764847882092688e-08,2.637173857994424725e-08,2.600352397650845070e-08,2.563384301443338785e-08,2.526332734627955362e-08,2.489242367007151345e-08,2.452141500039343186e-08,2.415044103039716315e-08,2.377953536401834082e-08,2.340870926913043648e-08,2.303797114185812158e-08,2.266732680943644536e-08,2.229677981979495189e-08,2.192633171674346781e-08,2.155598229989950143e-08,2.118572986874675752e-08,2.081557145044752039e-08,2.044550301124610968e-08,2.007551965149594669e-08,1.970561578451677161e-08,1.933578529964116040e-08,1.896602170994106110e-08,1.859631828523497209e-08,1.822666817106598828e-08,1.785706449441093390e-08,1.748750045693230084e-08,1.711796941661916858e-08,1.674846495868231664e-08,1.637898095657399178e-08,1.600951162399581366e-08,1.564005155874156412e-08,1.527059577919598251e-08,1.490113975427880639e-08,1.453167942758669287e-08,1.416221123644613450e-08,1.379273212654974361e-08,1.342323956280830110e-08,1.305373153701359881e-08,1.268420657287374767e-08,1.231466372895605962e-08,1.194510260005452613e-08,1.157552331749219565e-08,1.120592654887687581e-08,1.083631349785557155e-08,1.046668590446468369e-08,1.009704604675713930e-08,9.727396744514894149e-09,9.357741366041314688e-09,8.988083839295186273e-09,8.618428669009596444e-09,8.248780961983716691e-09,7.879146463518712153e-09,7.509531609105626012e-09,7.139943597143942179e-09,6.770390490964170962e-09,6.400881362218529614e-09,6.031426493580739971e-09,5.662037668014336172e-09,5.292728587019508098e-09,4.923515485606265921e-09,4.554418055484503462e-09,4.185460866253553513e-09,3.816675620416795659e-09,3.448104863822149168e-09,3.079808364588459440e-09,2.711874682176147817e-09,2.344443587427098017e-09,1.977753319663933085e-09,1.612251768164341171e-09,1.248900447039565294e-09,8.902087646700938494e-10,5.452224951590126042e-10,2.717983654956465591e-10,3.492950948493101723e-10,6.643509053982784541e-10,7.941307280702642194e-10,6.751983683767797287e-10,3.647851804873928833e-10,2.469216119332828547e-10,5.730556312919494693e-10,7.775453414597591190e-10,7.403480513556211535e-10,4.783247912252534192e-10,2.028472036801788534e-10,4.656176217416098964e-10,7.337367431432023135e-10,7.799350786304969274e-10,5.832370701638336884e-10,2.555319431711880125e-10,3.509439334570552813e-10,6.647771944575271674e-10,7.921118971242494767e-10,6.711204809838327207e-10,3.599990019120824138e-10,2.476483592534976754e-10,5.741541909777726473e-10,7.763364962418889864e-10,7.368459737937997023e-10,4.735444891817357169e-10,2.995118892604183059e-10,3.729924572590701625e-10,6.099763252392494437e-10,8.876465347998510386e-10,1.177205619169656084e-09,1.471293602093202567e-09,1.767293712073038060e-09,2.064027376158845241e-09,2.360863576361943320e-09,2.657415400815190519e-09,2.953418023692668042e-09,3.248673308342294248e-09,3.543022227701083347e-09,3.836330107822178618e-09,4.128478266304448752e-09,4.419359050967834441e-09,4.708872785538233596e-09,4.996925834351647343e-09,5.283429349815905602e-09,5.568298450956280981e-09,5.851451682586553379e-09,6.132810662304238242e-09,6.412299856469442672e-09,6.689846446928426631e-09,6.965380263070315051e-09,7.238833761977818739e-09,7.510142044745120621e-09,7.779242900549396204e-09,8.046076872418891082e-09,8.310587340237954304e-09,8.572720617619185617e-09,8.832426060016452722e-09,9.089656181956016379e-09,9.344366781596778484e-09,9.596517071042393406e-09,9.846069810950397311e-09,1.009299144803973369e-08,1.033725225410389318e-08,1.057882646510487226e-08,1.081769241886161473e-08,1.105383268976277190e-08,1.128723421883284350e-08,1.151788843736802327e-08,1.174579138223719576e-08,1.197094380081865940e-08,1.219335124341811132e-08,1.241302414089167800e-08,1.262997786508362522e-08,1.284423276958551235e-08,1.305581420823631503e-08,1.326475252871581370e-08,1.347108303854078192e-08,1.367484594075999358e-08,1.387608623666439584e-08,1.407485359288797219e-08,1.427120217037710631e-08,1.446519041285646655e-08,1.465688079262141845e-08,1.484633951174432862e-08,1.503363615709788114e-08,1.521884330797449111e-08,1.540203609551839943e-08,1.558329171368544514e-08,1.576268888200355289e-08,1.594030726102144908e-08,1.611622682199869272e-08,1.629052717310085899e-08,1.646328684511036619e-08,1.663458254043621866e-08,1.680448773296471681e-08,1.697306913354424812e-08,1.714038416004421180e-08,1.730647805645301523e-08,1.747137999507767328e-08,1.763509816308708530e-08,1.779761391593242434e-08,1.795887519435232060e-08,1.811878956805095361e-08,1.827721750677863957e-08,1.843396680319708367e-08,1.858878948578652505e-08,1.874138304941474263e-08,1.889139835260093773e-08,1.903845700269403617e-08,1.918218134885762392e-08,1.932224016389853568e-08,1.945841253230212959e-08,1.959067119556763303e-08,1.971928451718651931e-08,1.984493331341009354e-08,1.996883521394340184e-08,2.009286532425944885e-08,2.021965829108472049e-08,2.035267406427713720e-08,2.049620832925351923e-08,2.065532922972635101e-08,2.083572481899106139e-08,2.104345057578345040e-08,2.128457300092744273e-08,2.156471354232505635e-08,2.188850716238771711e-08,2.225900316077340661e-08,2.267705554510493258e-08,2.314078166422474303e-08,2.364521846744901300e-08,2.418238408658037704e-08,2.474206516023888552e-08
