5.215695806990539335e-10,4.630292924423879606e-10,4.237465456863787296e-10,4.068835881183870956e-10,4.119235226181964956e-10,4.346771052038275080e-10,4.693594940192093056e-10,5.106994035739597948e-10,5.547965182156828010e-10,5.990807038819686226e-10,6.420001711464244438e-10,6.827356365182500575e-10,7.210171938502606935e-10,7.570493257550367925e-10,7.915283320705570062e-10,8.257102288782090098e-10,8.614434780285324364e-10,9.010404435087256424e-10,9.468727270102177355e-10,1.000685285894418993e-09,1.062809674747572677e-09,1.131586410991969002e-09,1.203244467409324224e-09,1.272265421812006195e-09,1.332062250570227236e-09,1.375749071342607940e-09,1.396837470729268698e-09,1.389781565835292540e-09,1.350361116284627189e-09,1.275939656931510213e-09,1.165686923390503382e-09,1.020968370828486336e-09,8.464719847758866068e-10,6.541131758204041497e-10,4.780699767554296437e-10,4.154617500220408168e-10,5.588685873718357250e-10,8.335111756848522060e-10,1.165381076544759270e-09,1.525971832375167795e-09,1.901756370117312840e-09,2.283336727025014536e-09,2.662311430509937039e-09,3.030346990824073326e-09,3.378905338468214732e-09,3.699180412100760829e-09,3.982137079512767337e-09,4.218609380464248814e-09,4.399443519564135192e-09,4.515684808200212964e-09,4.558819071080828489e-09,4.521095476196235345e-09,4.395990196233306829e-09,4.178943596215605638e-09,3.868684574887484136e-09,3.469940856351798716e-09,2.999732657849057645e-09,2.503495639328531490e-09,2.094980349546864510e-09,2.002944365648098510e-09,2.424654086674488387e-09,3.287099952366532234e-09,4.432348468667395810e-09,5.767082201427426893e-09,7.242981884274239346e-09,8.830143252731372379e-09,1.050541013269811093e-08,1.224769644515301599e-08,1.403604650735012081e-08,1.584882236364312060e-08,1.766340222683618743e-08,1.945613776201845690e-08,2.120245826790861398e-08,2.287706769512077297e-08,2.445420579628892157e-08,2.590795634321810623e-08,2.721259085942693043e-08,2.834293896670040332e-08,2.833748156760937959e-08,2.833174015922757452e-08,2.832547510560266445e-08,2.831895416699047981e-08,2.831255785167823596e-08,2.830660527117691293e-08,2.830120772544882512e-08,2.829621727912062678e-08,2.829129412726926402e-08,2.828606205850756921e-08,2.828028082696729164e-08,2.827395638019603709e-08,2.826733832116093897e-08,2.826080568856900253e-08,2.825469338611037897e-08,2.824913883568610185e-08,2.824401915196986774e-08,2.823900759708065600e-08,2.823372335685292359e-08,2.822790591358397110e-08,2.822153408701265714e-08,2.821483531532935774e-08,2.820818109256875499e-08,2.820191672332288835e-08,2.767182280484267363e-08,2.306197816497939432e-08,1.836587630981635326e-08,1.397259910539225810e-08,1.047307629452826812e-08,8.713281302575549595e-09,8.159105463340032974e-13,3.563074394212499299e-14,3.275594936452026235e-14,2.976819633111857034e-14,2.664681377607639963e-14,2.337824383749416866e-14,1.995588047631510871e-14,1.638602137922791355e-14,1.268894098005377554e-14,8.896821047495429622e-15,5.056697129973717553e-15,1.381207297737456114e-15,2.970248146531758864e-15,6.788179288658133325e-15,1.061319144843920373e-14,1.437677524484633951e-14,1.804662489316863306e-14,2.159747698603918836e-14,2.501132896720592832e-14,2.827996762933898340e-14,3.140515368639688931e-14,3.439450105755706786e-14,3.726962257151661850e-14,5.038158948812529129e-13,4.854692203867036693e-13,5.064828678841710245e-09,1.046578995942955881e-08,1.600699733281591899e-08,2.148175080368320699e-08,2.668605604106468951e-08,2.669177366612405949e-08,2.669774790274389966e-08,2.670421671316785511e-08,2.671091969913196590e-08,2.671748384313141628e-08,2.672359414300082823e-08,2.672913804638111045e-08,2.673425739152399842e-08,2.673928385527550722e-08,2.674458730792728348e-08,2.675040647200106804e-08,2.675673948821801389e-08,2.676334459964199970e-08,2.676985071246607957e-08,2.677592721685904696e-08,2.678143527069113290e-08,2.678649124364029899e-08,2.679141329517593482e-08,2.679657563068558042e-08,2.680223725978280147e-08,2.680842368824027628e-08,2.681491562361875120e-08,2.682134968209390851e-08,2.682738479302177814e-08,2.795508448190745895e-08,2.701701197785563733e-08,2.590297749723964024e-08,2.463346800615105060e-08,2.322973122964736471e-08,2.171347022841600152e-08,2.010654800616702934e-08,1.843070553667363329e-08,1.670729630990199594e-08,1.495704014746228425e-08,1.319979864837359773e-08,1.145437421865114904e-08,9.738334235696825386e-09,8.067861550014554627e-09,6.457632360289391546e-09,4.920723000861426786e-09,3.468550754647851567e-09,2.110878034028742814e-09,8.562339220957420474e-10,2.976110541056068933e-10,1.327970375998533591e-09,2.245933960794877740e-09,3.047143515631798410e-09,3.731680801129784713e-09,4.301193809406533817e-09,4.758671340358275334e-09,5.108307092970841272e-09,5.355372910513117735e-09,5.506092685581019754e-09,5.567517449027394248e-09,5.547404192704064946e-09,5.454101822303446807e-09,5.296448351924274951e-09,5.083684342864513913e-09,4.825388787300908222e-09,4.531445157277606793e-09,4.212046871600959750e-09,3.877751790953997829e-09,3.539591055442422949e-09,3.209219900081319068e-09,2.899044373075540419e-09,2.622225455805327400e-09,2.392225398955932529e-09,2.221159094190495421e-09,2.116672682585961228e-09,2.078488992511649324e-09,2.097178628233742628e-09,2.156603958249054725e-09,2.238362943306017548e-09,2.325482143435069881e-09,2.404258049069899432e-09,2.464710258787927060e-09,2.500401913483595668e-09,2.508072149556419710e-09,2.487227649403647423e-09,2.439694665127138360e-09,2.369095025629299245e-09,2.280227628334479781e-09,2.178380737865233024e-09,2.068650467114669234e-09,1.955376760334912986e-09,1.841807928906741186e-09,1.730055323019936077e-09,1.621312840118258800e-09,1.516230819907393799e-09,1.415294490562845457e-09,1.319080258275226761e-09,1.228327985995276592e-09,1.143836738890401322e-09,1.066240044259796938e-09,9.957409917999338270e-10,9.318943477133259044e-10,8.735141669439861706e-10,8.187564496482929149e-10,7.653801073562338495e-10,7.111477532681566612e-10,6.543214783805606312e-10,5.942577974512849910e-10
4.942491333394092753e-10,4.402850588185665242e-10,4.122749266384789256e-10,4.134929027193872108e-10,4.404757218788319080e-10,4.854030665737602332e-10,5.403811838464251411e-10,5.995275372833600922e-10,6.590172263153484987e-10,7.165341785865442867e-10,7.707715113943197553e-10,8.210724645188609449e-10,8.671540882338613106e-10,9.088516592428528113e-10,9.458566177024613019e-10,9.774718160603087048e-10,1.002462269124134897e-09,1.019114506531083519e-09,1.025612421955593483e-09,1.020794458253679000e-09,1.005298403448035939e-09,9.830221661652280398e-10,9.626146496949548997e-10,9.580866483242192580e-10,9.866664239116060521e-10,1.062694666682554824e-09,1.190991560116151627e-09,1.365785097269195127e-09,1.575065815126295684e-09,1.805195840283947125e-09,2.043270370209252201e-09,2.277820941721842566e-09,2.498842524066155280e-09,2.697633024600906501e-09,2.866602453610951045e-09,2.999087404282988420e-09,3.089177123744428122e-09,3.131555973448055986e-09,3.121371046036635512e-09,3.054137342582184181e-09,2.925695771442783226e-09,2.732242721053406844e-09,2.470500546608279352e-09,2.138139889248417023e-09,1.734335691462587942e-09,1.261429374205489572e-09,7.344637621169477803e-10,3.235321676128478118e-10,7.518635471064725052e-10,1.488378287255948276e-09,2.313113346961694804e-09,3.201981006759910681e-09,4.143817086295312321e-09,5.128720448397750519e-09,6.146266810662039556e-09,7.185097158631007502e-09,8.232835756040686359e-09,9.276123481049346238e-09,1.030070739622170872e-08,1.129156643941480899e-08,1.223306493671804804e-08,1.310912965200329505e-08,1.390344751240312912e-08,1.459968163928959790e-08,1.518170348052117342e-08,1.563383896000919347e-08,1.594112681979995530e-08,1.608958792900016792e-08,1.606650558700641080e-08,1.586071934004120327e-08,1.546293974657385831e-08,1.486610144200045275e-08,1.406579272299678747e-08,1.306084652043027851e-08,1.185429017190915782e-08,1.045514978611500721e-08,8.882493068317584353e-09,7.176133761088107614e-09,7.591560107175892549e-09,8.056878844544350992e-09,8.613982187821927258e-09,9.304355841877434043e-09,1.016213014550192210e-08,1.120866788256256913e-08,1.245055935067992371e-08,1.388105689048854656e-08,1.548350340767814727e-08,1.723512822471140503e-08,1.911024379714975599e-08,2.108256224919318905e-08,2.312671247764323230e-08,2.521913359135496529e-08,2.733849849775636997e-08,2.946577848153523545e-08,3.158403121116142939e-08,3.367798468434949032e-08,3.573349125818515235e-08,3.773693066406961522e-08,3.967464210583177847e-08,4.153245909678627431e-08,4.329540601796009812e-08,4.494759257731825005e-08,3.903080099974896722e-08,3.224777409700259634e-08,2.475534653554660974e-08,1.673965107114045852e-08,8.409081366882979326e-09,2.046848461474430607e-11,2.611632612110773781e-11,2.573984376848328783e-11,1.338494549390657408e-11,5.355301432368729294e-12,2.157564792854492661e-11,2.785824154689907349e-11,2.119526058312290415e-11,4.661299343942572094e-12,1.411760141322707232e-11,2.633386868433457407e-11,2.631628382781149846e-11,1.405386699880017014e-11,4.754580687450627370e-12,2.135428003541257598e-11,2.801937975894902427e-11,2.165398599004705391e-11,5.240460616736722988e-12,1.360068532230883493e-11,2.606862591970857513e-11,2.640336776195081905e-11,1.448997808486769210e-11,4.189090807029391279e-12,2.074566662758965821e-11,2.765967610648162744e-11,1.535211006410558113e-12,9.268198063491451557e-09,1.825244650715919391e-08,2.668605675907193356e-08,3.432891070324028372e-08,4.097824086897854039e-08,3.957587516720192780e-08,3.806892952278716223e-08,3.647040096000127164e-08,3.479247194068820172e-08,3.304666175185307839e-08,3.124412736883989056e-08,2.939607377498837870e-08,2.751421742253623194e-08,2.561123731670452672e-08,2.370114713715355888e-08,2.179952822146017378e-08,1.992357495197951229e-08,1.809191794179103673e-08,1.632420300016789416e-08,1.464041256040758718e-08,1.305992092239102851e-08,1.160028051045613839e-08,1.027575817965832627e-08,9.095705380399739902e-09,8.062983316743072404e-09,7.172868291149239556e-09,6.413030248467513714e-09,5.765102116839864633e-09,5.207894344031172683e-09,6.403502176898220206e-09,7.803721837119118462e-09,9.214345037687413899e-09,1.054477388486577796e-08,1.174993492374361573e-08,1.280585810204524882e-08,1.369962956304966466e-08,1.442494073884393611e-08,1.497992125763639378e-08,1.536597124759738279e-08,1.558706069050965463e-08,1.564925964998852957e-08,1.556038824191150426e-08,1.532973161772752221e-08,1.496779224009044529e-08,1.448606537838121033e-08,1.389683101459242324e-08,1.321295945003846728e-08,1.244773044470871187e-08,1.161466759864430726e-08,1.072739153744126478e-08,9.799497963984819695e-09,8.844470829620433637e-09,7.875648781805342921e-09,6.906279047690282979e-09,5.949727220206752875e-09,5.019989117432850718e-09,4.132836108437818345e-09,3.308379569480445430e-09,2.576879705646031085e-09,1.990812044699187896e-09,1.637233164156608588e-09,1.593732020544716362e-09,1.812395817800571479e-09,2.159762020302996566e-09,2.538749833157183390e-09,2.901136891533147185e-09,3.224563942259015005e-09,3.498711562992167181e-09,3.719211958301085655e-09,3.884932544351539006e-09,3.996529457258915072e-09,4.055724031483079514e-09,4.064986015453780295e-09,4.027431130045071300e-09,3.946845225418557114e-09,3.827780161270342294e-09,3.675677956426547369e-09,3.496979898414593403e-09,3.299170024908014518e-09,3.090689652207428345e-09,2.880645351436132513e-09,2.678228988519876940e-09,2.491803153167324805e-09,2.327720069153325639e-09,2.189150767152702006e-09,2.075404664395486986e-09,1.982190097293004077e-09,1.902870565793823727e-09,1.830247497617010106e-09,1.758182158184568230e-09,1.682583188906810239e-09,1.601667159238422333e-09,1.515666992762852141e-09,1.426247988257484123e-09,1.335856689926293158e-09,1.247145864355899753e-09,1.162532965399945125e-09,1.083885776579654785e-09,1.012303458733208891e-09,9.479751269272013373e-10,8.901319815891129460e-10,8.371303613573779847e-10,7.866893707098668445e-10,7.362680992748789955e-10,6.835424188620663723e-10,6.269672888907552256e-10,5.665061083673576237e-10
4.749525733241516135e-10,4.288676559718825077e-10,4.163251389852087863e-10,4.387726802236528581e-10,4.885832160194373772e-10,5.551350090646196237e-10,6.297914392741668564e-10,7.068117874806127616e-10,7.826223554547634056e-10,8.550442296292140162e-10,9.227890991257240636e-10,9.851694858760153934e-10,1.041959596662046088e-09,1.093390172731751377e-09,1.140287351032802598e-09,1.184347064421493666e-09,1.228461569677686054e-09,1.276895731337912538e-09,1.335012667309376917e-09,1.408305105182220114e-09,1.500819497408837540e-09,1.613539548362899402e-09,1.743482881565639145e-09,1.883880221270077163e-09,2.025198742669028287e-09,2.156481622392942275e-09,2.266582757733713031e-09,2.345107649703974865e-09,2.383032414095452249e-09,2.373041360859782454e-09,2.309642761347307841e-09,2.189125688731128411e-09,2.009423245484367763e-09,1.769960350652307046e-09,1.471623137605981791e-09,1.117282265808384743e-09,7.153745006050460869e-10,3.193520411355980859e-10,4.187582941798258800e-10,9.453589353544442480e-10,1.555187308194665382e-09,2.214577401113806983e-09,2.913585280178664944e-09,3.644785679641303852e-09,4.400811188642079164e-09,5.173844427886221917e-09,5.955510348087692376e-09,6.736891069569975163e-09,7.508592869579604670e-09,8.260842818273149145e-09,8.983606397930208664e-09,9.666722099860235158e-09,1.030005076862720251e-08,1.087363825914372228e-08,1.137789046810001712e-08,1.180376030122758305e-08,1.214294683259898895e-08,1.238810798811507343e-08,1.253308978425043908e-08,1.257317783611866601e-08,1.250538108054094091e-08,1.232876433008613885e-08,1.204485676893077393e-08,1.165817985977988326e-08,1.117696294528768972e-08,1.061414990655060681e-08,9.988840956840122650e-09,9.328330114388409931e-09,8.670783751406673645e-09,8.068066754492209906e-09,7.586727376293200016e-09,7.302626421442874941e-09,7.284227025249547222e-09,7.568168017249955961e-09,8.144838566045452781e-09,8.967184522857587160e-09,9.972490456442540765e-09,1.109951672326399309e-08,1.229565974939140149e-08,1.355528432968767687e-08,1.487699459479232868e-08,1.626018959719986350e-08,1.770145964537553356e-08,1.919146513796245559e-08,2.071282241055946796e-08,2.223928804439705059e-08,2.373625615729719845e-08,2.516235553480120204e-08,2.647180820514205460e-08,2.761718601545723440e-08,2.855224189477092070e-08,2.923455962387802286e-08,2.962783511247997604e-08,2.970366327524568317e-08,2.944275695966797992e-08,2.883557123864431639e-08,2.788235155023665623e-08,2.659267116070611151e-08,2.498457646413995100e-08,2.308352660844496290e-08,2.092141836852231038e-08,1.853619178836442051e-08,1.597300276067165251e-08,1.318369949976238340e-08,1.015630805533550505e-08,6.914386938548708473e-09,3.511485039322502341e-09,4.177192418916234504e-11,4.733727756715539170e-11,4.224097784213224089e-11,1.814016169107406314e-11,1.412850909948775006e-11,3.997902870875600284e-11,4.782009841930111057e-11,3.413118726289347880e-11,5.099780662464471102e-12,2.623520403441470259e-11,4.572932413809334178e-11,4.463319183136144726e-11,2.344531826909787884e-11,8.297340637957492098e-12,3.630194934003919694e-11,4.796660789243830917e-11,3.803626802576788727e-11,1.097497079302112614e-11,2.104104194565348707e-11,4.359787589671434336e-11,4.653186593931638017e-11,2.850704231837784869e-11,2.396213489559385223e-12,3.222132621750990402e-11,4.757398789853903922e-11,2.838231489864519777e-12,3.073094477885497933e-09,6.061790639051082771e-09,8.893688897254968241e-09,1.152604328171504585e-08,1.395463944495104168e-08,1.621854085560088416e-08,1.827954796518005421e-08,2.010671754632563835e-08,2.167467191096164875e-08,2.296378805565472161e-08,2.396098975268466215e-08,2.466061026183571109e-08,2.506504612238170702e-08,2.518503195103715838e-08,2.503942942018492547e-08,2.465447160589255846e-08,2.406244856085415535e-08,2.329986781235168365e-08,2.240517964297302093e-08,2.141622487272456159e-08,2.036764050266290650e-08,1.928853303848248513e-08,1.820077248708083240e-08,1.711823336044885179e-08,1.604718280900065819e-08,1.498779750192442072e-08,1.393653943552424557e-08,1.288892751176308455e-08,1.184217856830986216e-08,1.079726871570418469e-08,9.784706954743935070e-09,8.841832944542242020e-09,8.013621780065782728e-09,7.351112086494401395e-09,6.904327064440200490e-09,6.707964319959949028e-09,6.765601061593182173e-09,7.045305957528679776e-09,7.491766657279587510e-09,8.044398723502287820e-09,8.649552003395416763e-09,9.264636317664902338e-09,9.857596484707455494e-09,1.040490529517217768e-08,1.088956210207073378e-08,1.129952174659444367e-08,1.162655979426919093e-08,1.186547197597107549e-08,1.201350509742640816e-08,1.206994148969519016e-08,1.203578347206733148e-08,1.191350264161468927e-08,1.170683140132908178e-08,1.142058250029642456e-08,1.106048786702123985e-08,1.063305168067525591e-08,1.014541513879054796e-08,9.605232222569810171e-09,9.020557290053113108e-09,8.399746863976404591e-09,7.751379892762804641e-09,7.084203584298131197e-09,6.407116535148739554e-09,5.729208897256142615e-09,5.059893615907828306e-09,4.409188264752143784e-09,3.788250438171223936e-09,3.210331301767390511e-09,2.692336706698647166e-09,2.256882265927074898e-09,1.933127492959005903e-09,1.750072196976528111e-09,1.716666280200976145e-09,1.806114773123230126e-09,1.969894663958455228e-09,2.162910345773586460e-09,2.353429568399715456e-09,2.521393260371220628e-09,2.654636745781233338e-09,2.746228084885193108e-09,2.792995352073259899e-09,2.794770024739581483e-09,2.753966923925393955e-09,2.675256678390420492e-09,2.565179893493176440e-09,2.431618126769949114e-09,2.283096045306387043e-09,2.127953935410917821e-09,1.973500644030793032e-09,1.825317687517845953e-09,1.686899952385807697e-09,1.559748807112854480e-09,1.443880627968577898e-09,1.338548774642659337e-09,1.242902878266186967e-09,1.156371168836663991e-09,1.078698320282724512e-09,1.009712265597003420e-09,9.489728324751281626e-10,8.954667931354632471e-10,8.474732792074031904e-10,8.026497227837395648e-10,7.583108625915357097e-10,7.118304359959216171e-10,6.611135176187998962e-10,6.051710414324405270e-10,5.449812110994888082e-10
4.630267958873168442e-10,4.265798092781178465e-10,4.315062847031927964e-10,4.756868059031216588e-10,5.474749619232293987e-10,6.347853310212058726e-10,7.290908782568189159e-10,8.250511357604697880e-10,9.193803047061894764e-10,1.010080436984224997e-09,1.096047898569845777e-09,1.176905380533239829e-09,1.252941669117409259e-09,1.325059779179065867e-09,1.394629496851124224e-09,1.463145272042420891e-09,1.531645262969019802e-09,1.599966712317912519e-09,1.666049780866789435e-09,1.725559974401525291e-09,1.772015403675238352e-09,1.797425219391085129e-09,1.793289516146063421e-09,1.751766414223477474e-09,1.666890763201236217e-09,1.535927546587599491e-09,1.361366994077775899e-09,1.155176092485125071e-09,9.498798268688205971e-10,8.224045548065252440e-10,8.868931335717860578e-10,1.167648765930947085e-09,1.590163591364329249e-09,2.094712576066210261e-09,2.650433399930125743e-09,3.240032694337394972e-09,3.851920120291911406e-09,4.477088544078964504e-09,5.107778141032828365e-09,5.736797929367488861e-09,6.357106891541560862e-09,6.961513480064406429e-09,7.542531407676387914e-09,8.092639111773216171e-09,8.604450720416530003e-09,9.070830663661884150e-09,9.485019937637088404e-09,9.840773030496690710e-09,1.013250566700275297e-08,1.035545475205235681e-08,1.050585342392000975e-08,1.058112618515686540e-08,1.058011189493882466e-08,1.050332621076111311e-08,1.035327998419152471e-08,1.013487585067440074e-08,9.855910304207624822e-09,9.527708371824346376e-09,9.165901262645000778e-09,8.791299641421428486e-09,8.430673349473365989e-09,8.116973717803425574e-09,7.888153836637469083e-09,7.783554410293128479e-09,7.837521944787117129e-09,8.071942069457463467e-09,8.491333558875121239e-09,9.083320932474951097e-09,9.823702753028182025e-09,1.068276823703192245e-08,1.163013848929944442e-08,1.263740786858857419e-08,1.367911715171360197e-08,1.473281958395256612e-08,1.577877887535795789e-08,1.679958239199463283e-08,1.777978743343477878e-08,1.870563498317578989e-08,1.956483024783783903e-08,2.034637786332134459e-08,2.104110280442259654e-08,2.164191512622791586e-08,2.214374031154603306e-08,2.254310960942322231e-08,2.283748075401698576e-08,2.302442537909043403e-08,2.310086097830003983e-08,2.306251054133853368e-08,2.290373720345950102e-08,2.261783014169201537e-08,2.219772771284277529e-08,2.163707625540855595e-08,2.093145806140687877e-08,2.007959158947488174e-08,1.908431238367313655e-08,1.795317730521377627e-08,1.669858652455899740e-08,1.533737642422709891e-08,1.388989473275784795e-08,1.237862165366841751e-08,1.082644841754740035e-08,9.254766054430918542e-09,7.681555063530001547e-09,6.119699186936789493e-09,4.576126805854287043e-09,3.051988782663913933e-09,1.543630188537834803e-09,4.994993175301736787e-11,5.546177783747382178e-11,4.856665713412275700e-11,1.995037938231177871e-11,1.761030482052231479e-11,4.725451291952483178e-11,5.575486117075567211e-11,3.930611577657206536e-11,5.291496598026607851e-12,3.112443044098355840e-11,5.357954409549725128e-11,5.205664047467250038e-11,2.723799244374427914e-11,9.778258884675251861e-12,4.240901633502449084e-11,5.606494838078224693e-11,4.462959931327698229e-11,1.321900736582137485e-11,2.411395705222849837e-11,5.065812158116175394e-11,5.453354758666260184e-11,3.400097317571628276e-11,1.755527118879805404e-12,3.673629632500543563e-11,5.528456745665572817e-11,3.962134083939702903e-12,1.188511852376155340e-09,2.389078383414025857e-09,3.605618117091318746e-09,4.841440206343556140e-09,6.094782610620966309e-09,7.358129111652732579e-09,8.618550715421707183e-09,9.859444407428075470e-09,1.106245137876713562e-08,1.220931869366934294e-08,1.328352193837509551e-08,1.427151398003847012e-08,1.516350936388057467e-08,1.595375978813472739e-08,1.664032710974505333e-08,1.722441662864716021e-08,1.770939038885861036e-08,1.809962839619071146e-08,1.839943224662093526e-08,1.861215891769231882e-08,1.873972731228652241e-08,1.878256269743362061e-08,1.873995193910371336e-08,1.861069877711012934e-08,1.839391398226887553e-08,1.808976095961333518e-08,1.770000218072197387e-08,1.722824572075324131e-08,1.667986015745168837e-08,1.606159634592439645e-08,1.538101430442934718e-08,1.464656120074171580e-08,1.386767451909094569e-08,1.305492015512924635e-08,1.222017724778715851e-08,1.137688129161052258e-08,1.054032996692043161e-08,9.728032420095029389e-09,8.960024032600819011e-09,8.258948159583432231e-09,7.649508423930591022e-09,7.156689032475331000e-09,6.802210413420835400e-09,6.599508980740030205e-09,6.549108749494061963e-09,6.637170499959265386e-09,6.838486910233368450e-09,7.122216254551027255e-09,7.457359220027393142e-09,7.816200209010795654e-09,8.175675075789502661e-09,8.517426190970985764e-09,8.827273694342365645e-09,9.094540046226927640e-09,9.311423006937805968e-09,9.472477177889785121e-09,9.574204973133485785e-09,9.614738023724032569e-09,9.593587112753932729e-09,9.511441795693894746e-09,9.370005232680013940e-09,9.171853769183198400e-09,8.920314014691707696e-09,8.619352604783361337e-09,8.273475646645105270e-09,7.887636214828682274e-09,7.467149340764191391e-09,7.017614869740509830e-09,6.544849487252533037e-09,6.054759282569541431e-09,5.553107668570685077e-09,5.045669469139186561e-09,4.538522403670256728e-09,4.038395375316400107e-09,3.553085083903310404e-09,3.091953839321461265e-09,2.666486354729695530e-09,2.290722371507479318e-09,1.980902645996595629e-09,1.752786995190976623e-09,1.615062744224255681e-09,1.561349330362181139e-09,1.569146595599101001e-09,1.608817824878686686e-09,1.654004666419636602e-09,1.686393153788049189e-09,1.695779995160658936e-09,1.678458857740738654e-09,1.635450067513092319e-09,1.570935791520916951e-09,1.490899253828766827e-09,1.401947218656425757e-09,1.310347191678748394e-09,1.221337584359293338e-09,1.138746145336353881e-09,1.064891150866885267e-09,1.000679059518197126e-09,9.457940165074255099e-10,8.989108168565921632e-10,8.579204530341788366e-10,8.201881988286045980e-10,7.828534692572819625e-10,7.431569623554143189e-10,6.987815122136762974e-10,6.482365291268896434e-10,5.914110882352185630e-10,5.305996666805723708e-10
4.585178273438903646e-10,4.319208247535553895e-10,4.542976412483207567e-10,5.190091166335734906e-10,6.112640711322348459e-10,7.184983117782629230e-10,8.326330549912517482e-10,9.487354781950018440e-10,1.063687730097474441e-09,1.175415358602325192e-09,1.282476587957659024e-09,1.383809309719359775e-09,1.478504869374853903e-09,1.565537721018302689e-09,1.643445860569841322e-09,1.710039197700015388e-09,1.762292445842084500e-09,1.796617401345218957e-09,1.809683813896307422e-09,1.799888506957148139e-09,1.769499905212417325e-09,1.727394743618206895e-09,1.691862660269381342e-09,1.691546580868508294e-09,1.760515176608700182e-09,1.925599368374020515e-09,2.194536287781843604e-09,2.556437919673991735e-09,2.991276676343477188e-09,3.477920183421658139e-09,3.997540212466377276e-09,4.534292455351559143e-09,5.075070549253906353e-09,5.609081151551060621e-09,6.127439037369949000e-09,6.622808011857411557e-09,7.089079701733564178e-09,7.521085157617927951e-09,7.914342085953962453e-09,8.264846457367075426e-09,8.568920953187288315e-09,8.823135184923146805e-09,9.024403261815628797e-09,9.170449953934438977e-09,9.260062736676503459e-09,9.293278302810099903e-09,9.271597846222322652e-09,9.198237851373791083e-09,9.078422007246134408e-09,8.919714590596663551e-09,8.732381912602542664e-09,8.529739352783900913e-09,8.328388837585126670e-09,8.148172104384465714e-09,8.011577759809064491e-09,7.942313297540732342e-09,7.962909999196828469e-09,8.091657849407275347e-09,8.339722414520189262e-09,8.709521068326128829e-09,9.194965093356954926e-09,9.783274298222056743e-09,1.045745784005256597e-08,1.119859426385549075e-08,1.198747590513343944e-08,1.280558783839349709e-08,1.363558814987731990e-08,1.446148410551813515e-08,1.526865313118172417e-08,1.604380133680340533e-08,1.677490939709373788e-08,1.745118874472394262e-08,1.806305618062397813e-08,1.860212758645661258e-08,1.906122812007275452e-08,1.943441506085134700e-08,1.971700921838701742e-08,1.990563094296213594e-08,1.999823699154813741e-08,1.999415467960729624e-08,1.989410983148526146e-08,1.970024156677255710e-08,1.941608766437473039e-08,1.904651985355245128e-08,1.859761057990560954e-08,1.807642154916654315e-08,1.749071794316952914e-08,1.684862759247679690e-08,1.615827785621057616e-08,1.542745090147753936e-08,1.466329790919858194e-08,1.387214371129964572e-08,1.305939706473736381e-08,1.222956197242804227e-08,1.138632727332776989e-08,1.053270004970517489e-08,9.671146317216260331e-09,8.803710034557121959e-09,7.932095780458584545e-09,7.057716162972800020e-09,6.181716736456718478e-09,5.304994500081557617e-09,4.428219683981271634e-09,3.551856549562795664e-09,2.676162448228863150e-09,1.801189760034493046e-09,9.268133110307533679e-10,5.361463865133982930e-11,5.909085795156970338e-11,5.137767908471168192e-11,2.073282370714978795e-11,1.920344191781528804e-11,5.052416154226698284e-11,5.929102794008517092e-11,4.158276716682835918e-11,5.339967398122252378e-12,3.334822225997206894e-11,5.709617074546374463e-11,5.534799483117919738e-11,2.888425725748680686e-11,1.049435922283345492e-11,4.516759604160510962e-11,5.967771786658292298e-11,4.753667254933852521e-11,1.416745046854866538e-11,2.553700586286792704e-11,5.383253249198260489e-11,5.808824554085128554e-11,3.640109765632478807e-11,1.553146508919526814e-12,3.880565180779979960e-11,5.873736412305233055e-11,4.965202766100763520e-12,6.513045221005990973e-10,1.307718473674645767e-09,1.964996338467857160e-09,2.623468425829075429e-09,3.283369173809622321e-09,3.944825911082739400e-09,4.607844151906055496e-09,5.272266060271897016e-09,5.937734447022297550e-09,6.603672875275297591e-09,7.269273041386444001e-09,7.933469876978752786e-09,8.594885570916425745e-09,9.251734677991599706e-09,9.901699075131592395e-09,1.054179749963981843e-08,1.116828394912371944e-08,1.177660885886673136e-08,1.236146660651120727e-08,1.291693566849008334e-08,1.343669877380627183e-08,1.391431491451974532e-08,1.434350684375777090e-08,1.471842811881687728e-08,1.503388183342655338e-08,1.528547614633516270e-08,1.546971588606212512e-08,1.558404127620008881e-08,1.562683142125760944e-08,1.559739031417806857e-08,1.549592721980970699e-08,1.532353347530059598e-08,1.508215761234660331e-08,1.477458065084212391e-08,1.440439346707821577e-08,1.397597830486612842e-08,1.349449677658129707e-08,1.296588708167960761e-08,1.239687360367380474e-08,1.179499240050404578e-08,1.116863606615044131e-08,1.052712034652312170e-08,9.880771418297869621e-09,9.241024443839499777e-09,8.620506883678189496e-09,8.033048705960845976e-09,7.493512321017300323e-09,7.017275400413090038e-09,6.619168298796419411e-09,6.311751089847343757e-09,6.103110192494046170e-09,5.994816220488244080e-09,5.980970128771525779e-09,6.048942698499372807e-09,6.181559438054926862e-09,6.359797015674991725e-09,6.565064963990461800e-09,6.780643804459632849e-09,6.992327322171254437e-09,7.188526398401875767e-09,7.360089871106980665e-09,7.500016603472229246e-09,7.603153409643668215e-09,7.665920330477476314e-09,7.686075728502767314e-09,7.662520241321401961e-09,7.595133653829205935e-09,7.484637794905182060e-09,7.332479263549038588e-09,7.140641908913879485e-09,6.911237480443960814e-09,6.646426504797554797e-09,6.348491535403379359e-09,6.019964510403389094e-09,5.663795223742559688e-09,5.283547234366503942e-09,4.883605926369875404e-09,4.469380902074343161e-09,4.047481268832768579e-09,3.625836662314605595e-09,3.213725758897048495e-09,2.821649573484541777e-09,2.460934756626312653e-09,2.142862646300463453e-09,1.877044449073437499e-09,1.668939084148445462e-09,1.517223765012171735e-09,1.412887276502454084e-09,1.341615864554145566e-09,1.288441761155307374e-09,1.241749884041506308e-09,1.194902054764837963e-09,1.145783190879076157e-09,1.095329899264542292e-09,1.045870267319742694e-09,9.997293318816284093e-10,9.583131066705583001e-10,9.217264285794716705e-10,8.888468672688877435e-10,8.576816363032113956e-10,8.258165019743091738e-10,7.908243141239320363e-10,7.505899564956581422e-10,7.035871089999348098e-10,6.492107607032001448e-10,5.883717069869062895e-10,5.247715096583129309e-10
4.617181917140953347e-10,4.439825754403261744e-10,4.823034914130529072e-10,5.653935439017947161e-10,6.762708287795954655e-10,8.024281788900655290e-10,9.363473856343013377e-10,1.073524548417731115e-09,1.211044878054227814e-09,1.346812308335343455e-09,1.479138353134369541e-09,1.606504851940247956e-09,1.727433337053155925e-09,1.840482464092597506e-09,1.944459585578281383e-09,2.038956711052729381e-09,2.125272571394190708e-09,2.207630003448180300e-09,2.294328584905695289e-09,2.398136597462858705e-09,2.535053922982620904e-09,2.721039701649222626e-09,2.967625799274696940e-09,3.278566624328339208e-09,3.649210282191028212e-09,4.068365191410220895e-09,4.521156126158593145e-09,4.991584621914013786e-09,5.464310586918032639e-09,5.925696947946741450e-09,6.364314553748207770e-09,6.771088865078481907e-09,7.139220417659589125e-09,7.463971849343208661e-09,7.742388921289005812e-09,7.973006264908445751e-09,8.155576539632394700e-09,8.290852383530015618e-09,8.380443218041438075e-09,8.426763124437364287e-09,8.433080830877104866e-09,8.403676826391591069e-09,8.344153872066858051e-09,8.261908090739561125e-09,8.166330491191154740e-09,8.068850752619794053e-09,7.982804076976502822e-09,7.923017241942543417e-09,7.905016569027417050e-09,7.943826348460620120e-09,8.052466983016838739e-09,8.240439289454526573e-09,8.512588865419753709e-09,8.868673783784465895e-09,9.303714217395360144e-09,9.808928505168147433e-09,1.037291871190759599e-08,1.098280235247487361e-08,1.162511815161810952e-08,1.228646356379217097e-08,1.295390045467174430e-08,1.361519289341713632e-08,1.425893784563210557e-08,1.487463466298606000e-08,1.545272348729711539e-08,1.598461021340198891e-08,1.646268710552884321e-08,1.688035281025140111e-08,1.723203238525208316e-08,1.751319626295189468e-08,1.772037622721629025e-08,1.785117614337384446e-08,1.790427513258253454e-08,1.787942100391567717e-08,1.777741198584961311e-08,1.760006510923466885e-08,1.735016997039225560e-08,1.703142705006890753e-08,1.664837028350144775e-08,1.620627417478873704e-08,1.571104643040082884e-08,1.516910785111243270e-08,1.458726153415094817e-08,1.397255328044963453e-08,1.333212469895944145e-08,1.267306021289947110e-08,1.200222936375315322e-08,1.132612670625206003e-08,1.065071319236925234e-08,9.981265008220127463e-09,9.322237908074586840e-09,8.677156637024404867e-09,8.048539531368164774e-09,7.437867460835195101e-09,6.845603801891990351e-09,6.271268257895113717e-09,5.713562497141391434e-09,5.170540424914609261e-09,4.639811031314156899e-09,4.118758219511229609e-09,3.604759764420796923e-09,3.095387443301288340e-09,2.588571958875218756e-09,2.082719383323907572e-09,1.576769892443264935e-09,1.070194019181310936e-09,5.629303880054114472e-10,5.551014448648467029e-11,6.094863046544999833e-11,5.279955182360469188e-11,2.111154105053599499e-11,2.005641569810430421e-11,5.221365463913119049e-11,6.109281096314736518e-11,4.271926276854296418e-11,5.343950178832705183e-12,3.452105595656520127e-11,5.890569253477149168e-11,5.701231940850402417e-11,2.968453309137828103e-11,1.091199201930992291e-11,4.661095575440251887e-11,6.152530045978853168e-11,4.898868412068696314e-11,1.459676817630009484e-11,2.631724809896267399e-11,5.548082404732420742e-11,5.989017751671826544e-11,3.757644329931263196e-11,1.511443412613481890e-12,3.991493115222187751e-11,6.051490967481875464e-11,5.868701479564095720e-12,3.863710962060653653e-10,7.784534623921552964e-10,1.170356987849852473e-09,1.562301172351555691e-09,1.954830282366033889e-09,2.348850746254206524e-09,2.745620548473843132e-09,3.146691153228932580e-09,3.553806596827509550e-09,3.968768613281749277e-09,4.393280164569540754e-09,4.828781915159451778e-09,5.276296671754770531e-09,5.736295534024663270e-09,6.208596673407595037e-09,6.692303704947223811e-09,7.185786137474857915e-09,7.686700038287905818e-09,8.192043444122454546e-09,8.698238644730305624e-09,9.201232479969500986e-09,9.696606171924265066e-09,1.017968765967929995e-08,1.064566144009703535e-08,1.108967301144576633e-08,1.150692670793306230e-08,1.189277672558813177e-08,1.224281143800039637e-08,1.255293087801946800e-08,1.281941685245369915e-08,1.303899490301063652e-08,1.320888743190492685e-08,1.332685775062919590e-08,1.339124516461978387e-08,1.340099149084748240e-08,1.335565963274211446e-08,1.325544502183135421e-08,1.310118089125202975e-08,1.289433848529587520e-08,1.263702344130650974e-08,1.233196971323825092e-08,1.198253254355605909e-08,1.159268212484960862e-08,1.116699970170118287e-08,1.071067788974183939e-08,1.022952681511923634e-08,9.729987077715508757e-09,9.219149106998511373e-09,8.704775517085925524e-09,8.195317499348034661e-09,7.699906680395162205e-09,7.228288905307101192e-09,6.790646477738334712e-09,6.397236161663012689e-09,6.057767825655722190e-09,5.780491381722793161e-09,5.571074035870785189e-09,5.431519413975870843e-09,5.359505664586347507e-09,5.348460527774871785e-09,5.388414695370076402e-09,5.467348715388838900e-09,5.572601743377885777e-09,5.692003723985335322e-09,5.814598374397872960e-09,5.930992343643116510e-09,6.033439619290734981e-09,6.115771889095395498e-09,6.173256593357709895e-09,6.202374258903359419e-09,6.200391616332331321e-09,6.165107568485907259e-09,6.094736108033752215e-09,5.987873519797750502e-09,5.843542684538891615e-09,5.661305011348943465e-09,5.441427957963822448e-09,5.185092474276846338e-09,4.894619802543060643e-09,4.573691142697707565e-09,4.227527429543621406e-09,3.862990863213294573e-09,3.488565842674992249e-09,3.114174796947551018e-09,2.750782731688671693e-09,2.409740525805535525e-09,2.101813439797376137e-09,1.835865117835319793e-09,1.617299030904280473e-09,1.446691373389364079e-09,1.319435237078296786e-09,1.227053919375912810e-09,1.159779623249296206e-09,1.108997532883621465e-09,1.068425277782037471e-09,1.033985917743678852e-09,1.003028957520740476e-09,9.735427271917870562e-10,9.436737334594006152e-10,9.115747374567245440e-10,8.754626383785790384e-10,8.337602793257179642e-10,7.852573124603708179e-10,7.293027474590840707e-10,6.661286022809921284e-10,5.975439043993576980e-10,5.285159172967242028e-10
4.727417096913653998e-10,4.622115639240321436e-10,5.140744152535789224e-10,6.128798373625066662e-10,7.402288819468588157e-10,8.839072408871423252e-10,1.036994387274930883e-09,1.195512149380101960e-09,1.356987838648231554e-09,1.519747435126243373e-09,1.682607371141892760e-09,1.844803824014097550e-09,2.006113547906775317e-09,2.167165838681725309e-09,2.329923163325785706e-09,2.498215520719464307e-09,2.678073805486344077e-09,2.877501594288094669e-09,3.105390063614031117e-09,3.369617306106569634e-09,3.674869879550876942e-09,4.021017026751296163e-09,4.402657168499193463e-09,4.809885190185418842e-09,5.229846931753333243e-09,5.648519940174121511e-09,6.052303687051444783e-09,6.429214554092412981e-09,6.769641550576191971e-09,7.066708211981855244e-09,7.316324869465116688e-09,7.517025230856302016e-09,7.669675576377585522e-09,7.777131313241740103e-09,7.843898408032012752e-09,7.875838844010047296e-09,7.879941018744697978e-09,7.864158169439407890e-09,7.837300084578495314e-09,7.808945117343379782e-09,7.789321597495860658e-09,7.789093586860508467e-09,7.818996590427638620e-09,7.889264259196987189e-09,8.008800863831814096e-09,8.184342802613707879e-09,8.419802512620619058e-09,8.715936839580565641e-09,9.070395924215009291e-09,9.478102640665774048e-09,9.931837906854012408e-09,1.042289045909769377e-08,1.094166111559348693e-08,1.147816203511550674e-08,1.202239584780856166e-08,1.256462694515426981e-08,1.309556847929307692e-08,1.360650936534396605e-08,1.408940135253294882e-08,1.453692069216905064e-08,1.494251390240660168e-08,1.530043323570715744e-08,1.560576471470957782e-08,1.585444980725569945e-08,1.604330071487850598e-08,1.617000863847457702e-08,1.623314410238243083e-08,1.623214835424551393e-08,1.616731494003564214e-08,1.603976073483529025e-08,1.585138596027820937e-08,1.560482301847547232e-08,1.530337430553811315e-08,1.495093952336125297e-08,1.455193337564288649e-08,1.411119490164937897e-08,1.363389005763158029e-08,1.312540948761580747e-08,1.259126371895492123e-08,1.203697825802728429e-08,1.146799123302942049e-08,1.088955631879764575e-08,1.030665366861757956e-08,9.723911442497571751e-09,9.145540223212501478e-09,8.575282129325951158e-09,8.016375768100828011e-09,7.471537354548652552e-09,6.942957422287868111e-09,6.432311662035681605e-09,5.940783653935404159e-09,5.469096723346120871e-09,5.017551938812191249e-09,4.586069440624731106e-09,4.174230827466278104e-09,3.781321150150910709e-09,3.406369988172689217e-09,3.048191932217878133e-09,2.705427122143261183e-09,2.376582681872035068e-09,2.060074892675004047e-09,1.754271172208646705e-09,1.457529611940270363e-09,1.168233100246519637e-09,8.848153641114156840e-10,6.057797595107196866e-10,3.297374520764656028e-10,5.658895388052797021e-11,6.196013251692289464e-11,5.353511056857656369e-11,2.127255670785942155e-11,2.059437828419714815e-11,5.316123073758240512e-11,6.205724589097949849e-11,4.328918736659529582e-11,5.317208549644938467e-12,3.520880599563905475e-11,5.990068392382212169e-11,5.788750311284716468e-11,3.006367576133766197e-11,1.119878178787830012e-11,4.742968939972418018e-11,6.252461792541630148e-11,4.973633437453603132e-11,1.476894537131009324e-11,2.679039137388316329e-11,5.639582076596702206e-11,6.084963459361296783e-11,3.816521775932306497e-11,1.542878355388351892e-12,4.055706809988873521e-11,6.148475654399332283e-11,6.688883250008546383e-12,2.455317291452609165e-10,4.987344319386918212e-10,7.540085973265751454e-10,1.012391832161416882e-09,1.274918861561535499e-09,1.542614301919510079e-09,1.816481968328709081e-09,2.097490801148700556e-09,2.386557920299213061e-09,2.684529359290729926e-09,2.992158870520673248e-09,3.310084961857892715e-09,3.638806160753947445e-09,3.978654512182507917e-09,4.329767539004196378e-09,4.692059292105228393e-09,5.065191598961574058e-09,5.448547066368622253e-09,5.841205700413386209e-09,6.241927104045797946e-09,6.649140078314019796e-09,7.060941106972801443e-09,7.475102699133934038e-09,7.889091969238248119e-09,8.300099221652527933e-09,8.705075746362518938e-09,9.100779576152898228e-09,9.483827638935544022e-09,9.850752571437980081e-09,1.019806242908440299e-08,1.052230160112411037e-08,1.082011138111772421e-08,1.108828882083841258e-08,1.132384269479410623e-08,1.152404561195713147e-08,1.168648152126303418e-08,1.180908806072534542e-08,1.189019339311356063e-08,1.192854735118342839e-08,1.192334688155569217e-08,1.187425592936346567e-08,1.178142004607577127e-08,1.164547613279530480e-08,1.146755785122794898e-08,1.124929734593929428e-08,1.099282402202023087e-08,1.070076120774628106e-08,1.037622158911000931e-08,1.002280230834170917e-08,9.644580525931769707e-09,9.246109975231761558e-09,8.832418454736688798e-09,8.409005090066908515e-09,7.981834231569875847e-09,7.557319602731274688e-09,7.142287319694823921e-09,6.743899460759029120e-09,6.369511705552798089e-09,6.026432048020817433e-09,5.721549106443791647e-09,5.460818031051168178e-09,5.248638209661612686e-09,5.087225749218401494e-09,4.976145331916448135e-09,4.912170892473234090e-09,4.889561224931194905e-09,4.900695027704979357e-09,4.936891888074351081e-09,4.989216999786496141e-09,5.049099976180282778e-09,5.108613107306790295e-09,5.160554757522345123e-09,5.198437114385502165e-09,5.216437881998443851e-09,5.209368427823860698e-09,5.172690391010359068e-09,5.102596488923413696e-09,4.996158605439967992e-09,4.851535544959903542e-09,4.668222686755989569e-09,4.447315558223755753e-09,4.191749370067704331e-09,3.906467987875770403e-09,3.598470353628708162e-09,3.276681607321161769e-09,2.951600660267882509e-09,2.634684848102421350e-09,2.337445492970098280e-09,2.070255573219116619e-09,1.840947217944977673e-09,1.653455557621899442e-09,1.507019672569075342e-09,1.396516222087014701e-09,1.314031147796691957e-09,1.250980483275055604e-09,1.199785424565729185e-09,1.154596743851522172e-09,1.111234219814213041e-09,1.066780742145875563e-09,1.019171135972116818e-09,9.669164120997094145e-10,9.089724673513440592e-10,8.447255960211643508e-10,7.740991274000093071e-10,6.978720825289514376e-10,6.184748877763691514e-10,5.418682699814265464e-10
4.912659044010435413e-10,4.861389950826522059e-10,5.487558921423880342e-10,6.603701195777922114e-10,8.017449163361180011e-10,9.610194151786693952e-10,1.131839595722523289e-09,1.310802057685961138e-09,1.496038543033349522e-09,1.686578185920263104e-09,1.882125845423925920e-09,2.083076403500641894e-09,2.290668595845826047e-09,2.507183812446059755e-09,2.736050443333823011e-09,2.981670960888991104e-09,3.248812860767430456e-09,3.541545875462719836e-09,3.861938882307102659e-09,4.208921797559634111e-09,4.577724178860014211e-09,4.960098124821666980e-09,5.345247626001301295e-09,5.721183018357589568e-09,6.076166955514728335e-09,6.399982740914174230e-09,6.684866657765470325e-09,6.926051014298890560e-09,7.121941249535835356e-09,7.273995062508125172e-09,7.386388922082854343e-09,7.465554783270408608e-09,7.519654840316218568e-09,7.558041435470405178e-09,7.590728516201463306e-09,7.627884808156685961e-09,7.679350220719164996e-09,7.754177041648914080e-09,7.860204553064750917e-09,8.003685138752368402e-09,8.188985272815336191e-09,8.418380803245019912e-09,8.691971989461290866e-09,9.007791137707623703e-09,9.362036301211370980e-09,9.749404349571746263e-09,1.016347305360213086e-08,1.059707707378323373e-08,1.104264244515835408e-08,1.149246386186591356e-08,1.193892358796579995e-08,1.237465900541262040e-08,1.279268887667286573e-08,1.318650826932800854e-08,1.355016042163330956e-08,1.387829171654035211e-08,1.416619395833848752e-08,1.440983654804868392e-08,1.460588997342051465e-08,1.475174122281590171e-08,1.484550122611764307e-08,1.488600414841156069e-08,1.487279825298798278e-08,1.480612806244213048e-08,1.468690764494058181e-08,1.451668501228636914e-08,1.429759781648562612e-08,1.403232075857257729e-08,1.372400536413084739e-08,1.337621302402614931e-08,1.299284243610727283e-08,1.257805280505418156e-08,1.213618435326429986e-08,1.167167785682187690e-08,1.118899503757705684e-08,1.069254170696602842e-08,1.018659555923957083e-08,9.675240444798061634e-09,9.162308810867274311e-09,8.651333771831343329e-09,8.145511965010919089e-09,7.647677961685554840e-09,7.160290548251754668e-09,6.685430685092794147e-09,6.224810417035071951e-09,5.779791480750810677e-09,5.351411870449481349e-09,4.940418224503585380e-09,4.547301621430575764e-09,4.172334257942476484e-09,3.815604546274181383e-09,3.477048417963217560e-09,3.156475046628540777e-09,2.853585771671183848e-09,2.567985674127358582e-09,2.299187967117405900e-09,2.046612039554883170e-09,1.809576692828894426e-09,1.587290201795940081e-09,1.378839805406169697e-09,1.183182332402027737e-09,9.991381979425329520e-10,8.253902380134880337e-10,6.604885033244144787e-10,5.028619557150710470e-10,3.508396496211025196e-10,2.027001391342015415e-10,5.716596290865744733e-11,6.238681299080834896e-11,5.374702038883553111e-11,2.122889704268264283e-11,2.099579399548799515e-11,5.362405755975447831e-11,6.242600848758980041e-11,4.342393299158481945e-11,5.247964630821268243e-12,3.559394402820093815e-11,6.033536596527089522e-11,5.819708119654239002e-11,3.012406654672949439e-11,1.141179911711295383e-11,4.781942347462713562e-11,6.292867036174803193e-11,4.998721151140812228e-11,1.476317378282772338e-11,2.704077604379998561e-11,5.678858290509818998e-11,6.122013263466490538e-11,3.836341930345333378e-11,1.733195249957656280e-12,4.084467941888591436e-11,6.187488947762181479e-11,7.435782151692772291e-12,1.809856866112957180e-10,3.705446039091764372e-10,5.623924084120228539e-10,7.576086013587955314e-10,9.571994655608532275e-10,1.162080796861135190e-09,1.373066129131421089e-09,1.590860627347888287e-09,1.816060355460717125e-09,2.049156100892010047e-09,2.290540485652539853e-09,2.540516770498979040e-09,2.799307599711796196e-09,3.067061959816709183e-09,3.343858835854820389e-09,3.629706423097046980e-09,3.924536251327616424e-09,4.228192149580569715e-09,4.540414560615275225e-09,4.860821243631405519e-09,5.188885826370604123e-09,5.523915943999042097e-09,5.865032809903914149e-09,6.211154003268967772e-09,6.560981049286534125e-09,6.912993043794057467e-09,7.265447177698077765e-09,7.616386591332895170e-09,7.963655575524022244e-09,8.304921764057287282e-09,8.637704655468072782e-09,8.959409569281983786e-09,9.267365986944155497e-09,9.558869144989199826e-09,9.831223729104732664e-09,1.008178854922462254e-08,1.030802114802726160e-08,1.050752139436865381e-08,1.067807323078944570e-08,1.081768387233195976e-08,1.092461988517916821e-08,1.099743970501983192e-08,1.103502228229035231e-08,1.103659166328649878e-08,1.100173743133948006e-08,1.093043103936893930e-08,1.082303816520918972e-08,1.068032731116871054e-08,1.050347494986201784e-08,1.029406758445847845e-08,1.005410113837632590e-08,9.785978105785553045e-09,9.492502862573008543e-09,9.176875428713478928e-09,8.842683741031564973e-09,8.493894071368872714e-09,8.134838509254959440e-09,7.770197289753107715e-09,7.404972036002956066e-09,7.044443587049201281e-09,6.694105034107843591e-09,6.359557329863041437e-09,6.046352562364072824e-09,5.759771019330558852e-09,5.504525894075356656e-09,5.284407076570259138e-09,5.101902773958357910e-09,4.957867222033434924e-09,4.851318780673140658e-09,4.779428390720216616e-09,4.737684276044733911e-09,4.720208801379128259e-09,4.720136694045133367e-09,4.729993583854848539e-09,4.742040883198879158e-09,4.748577945788952875e-09,4.742213378263192926e-09,4.716127719148455305e-09,4.664348895673460745e-09,4.582052606179636724e-09,4.465885339053497855e-09,4.314290908002482607e-09,4.127804498296524452e-09,3.909263613680264638e-09,3.663875551208365080e-09,3.399078749453990720e-09,3.124142967390331322e-09,2.849473243956465299e-09,2.585619502170377436e-09,2.342057200684727303e-09,2.125906632311366212e-09,1.940888782735635022e-09,1.786894018952973742e-09,1.660421919605860445e-09,1.555787808325327382e-09,1.466607966416249322e-09,1.387001314042309139e-09,1.312220291887419045e-09,1.238767720790880444e-09,1.164226252356633082e-09,1.087011072041208537e-09,1.006167858449289501e-09,9.212706287670883086e-10,8.324666555003025223e-10,7.407847443453380814e-10,6.490103680189338757e-10,5.638102599396272512e-10
5.164941081522427577e-10,5.151772575127410712e-10,5.857577353966341309e-10,7.072364116955630534e-10,8.599834462049086109e-10,1.032459265647395081e-09,1.218771660374616112e-09,1.416021395386647118e-09,1.622893845324975721e-09,1.839034180550087325e-09,2.064813625673058196e-09,2.301272849938507739e-09,2.550102439655490675e-09,2.813534615812500520e-09,3.094030891648655695e-09,3.393702912612298737e-09,3.713515304028872059e-09,4.052455903050020286e-09,4.406943786460297096e-09,4.770714411577798173e-09,5.135278723291071407e-09,5.490873286320077414e-09,5.827686627127123817e-09,6.137104500453859962e-09,6.412753300898381864e-09,6.651199948433516304e-09,6.852252804390836254e-09,7.018879108907934678e-09,7.156801284019880076e-09,7.273858153330286816e-09,7.379223884569208389e-09,7.482574740700085306e-09,7.593286997105611721e-09,7.719740083422042063e-09,7.868784751247677110e-09,8.045413531940846174e-09,8.252639884651927314e-09,8.491558884332783177e-09,8.761535486226238564e-09,9.060454296304065000e-09,9.384969398790757404e-09,9.730709805575575901e-09,1.009246553484225506e-08,1.046451727822056581e-08,1.084088790220470758e-08,1.121552799583534685e-08,1.158246976271907563e-08,1.193595172284364939e-08,1.227051840518574068e-08,1.258109950248819791e-08,1.286307246230563332e-08,1.311231166749450878e-08,1.332522649887954542e-08,1.349878981803036498e-08,1.363055781561548360e-08,1.371868174620056978e-08,1.376191179664316650e-08,1.375959318653191126e-08,1.371165454916978581e-08,1.361858866729415437e-08,1.348142571883443614e-08,1.330169930921717665e-08,1.308140571344606910e-08,1.282295691316317281e-08,1.252912818087839539e-08,1.220300112645014945e-08,1.184790327240972673e-08,1.146734535666972052e-08,1.106495766684850347e-08,1.064442678304012692e-08,1.020943413943009014e-08,9.763597804120639713e-09,9.310418816899731518e-09,8.853233312308655818e-09,8.395171490984092114e-09,7.939124284761778748e-09,7.487718296809753124e-09,7.043299294067620346e-09,6.607924198012244624e-09,6.183361177892179522e-09,5.771097117728938455e-09,5.372351427039752119e-09,4.988094918635792108e-09,4.619072304676660563e-09,4.265826781413459419e-09,3.928725190394624104e-09,3.607982359296526680e-09,3.303683426833409604e-09,3.015803224909025500e-09,2.744222099379488508e-09,2.488737872162147193e-09,2.249073952919416499e-09,2.024883877346252867e-09,1.815752765175488717e-09,1.621196348398499566e-09,1.440658318630595288e-09,1.273506774719147662e-09,1.119030595238329217e-09,9.764363946242649522e-10,8.448468021268248158e-10,7.233005301563740050e-10,6.107546177728876376e-10,5.060890343612681908e-10,4.081136699696672988e-10,3.155777039909917221e-10,2.271818977972366621e-10,1.415987593234673712e-10,5.756890385343628941e-11,6.243853807112722108e-11,5.350724991540774158e-11,2.092846295031908366e-11,2.149054515791430373e-11,5.383836700587840347e-11,6.237575146841801350e-11,4.318672220420195113e-11,5.109081465804065432e-12,3.584756008720307773e-11,6.041389158975930902e-11,5.810774925102063570e-11,2.993803556101970718e-11,1.159253949867656707e-11,4.792457411653816608e-11,6.293280581139962836e-11,4.992057601276621791e-11,1.468841062642530244e-11,2.709671637895495165e-11,5.679720893762415653e-11,6.121106878494519423e-11,3.838892035454332321e-11,2.337408940329396757e-12,4.080253815202711966e-11,6.183697580866804716e-11,8.115257632736865978e-12,1.593432259033253632e-10,3.273914600051349653e-10,4.966766821430741945e-10,6.678109885125184908e-10,8.413991269203773818e-10,1.018033969219840628e-09,1.198291188673785596e-09,1.382723162151148088e-09,1.571852456547350919e-09,1.766165371542426074e-09,1.966106020261182278e-09,2.172071344150915667e-09,2.384407295299926266e-09,2.603406205510642330e-09,2.829305132669000447e-09,3.062284767511146141e-09,3.302468330720761218e-09,3.549919815198762591e-09,3.804640944198701638e-09,4.066566324164136076e-09,4.335556459268370967e-09,4.611388543583903774e-09,4.893745226468117487e-09,5.182201826753297729e-09,5.476212718797526067e-09,5.775097802098084237e-09,6.078030075288398974e-09,6.384025356392613999e-09,6.691935123820635712e-09,7.000443308824594891e-09,7.308067666835128121e-09,7.613166115682209607e-09,7.913948176122163343e-09,8.208491405606334975e-09,8.494762497674583238e-09,8.770642537622892158e-09,9.033955768171411038e-09,9.282501126612657772e-09,9.514085766688317637e-09,9.726559768073480609e-09,9.917851258243449978e-09,1.008600121847686619e-08,1.022919731109654206e-08,1.034580614305722236e-08,1.043440346658484197e-08,1.049380190641062253e-08,1.052307589277845223e-08,1.052158356666521470e-08,1.048898550718544418e-08,1.042526020926646858e-08,1.033071631066866673e-08,1.020600162926674630e-08,1.005210912156032501e-08,9.870379906889440454e-09,9.662503512818729402e-09,9.430515475092607032e-09,9.176792356166020214e-09,8.904044108280298643e-09,8.615303471393120389e-09,8.313911724883428350e-09,8.003499560082670110e-09,7.687961064430027560e-09,7.371417783850565252e-09,7.058168594756237613e-09,6.752619836288323860e-09,6.459189216893278100e-09,6.182177128300373055e-09,5.925601221457283320e-09,5.692995578906108073e-09,5.487165373959449761e-09,5.309909508895134037e-09,5.161842266571376079e-09,5.042236709484134372e-09,4.948906476959687380e-09,4.878172174759889103e-09,4.824946486467175967e-09,4.782950391599163247e-09,4.745050305324032166e-09,4.703690680419016247e-09,4.651391095267594190e-09,4.581277457704598182e-09,4.487617572982574636e-09,4.366327547019055520e-09,4.215406684999667517e-09,4.035247602142292485e-09,3.828760264187866798e-09,3.601249434090379893e-09,3.359999996320232842e-09,3.113558345661408364e-09,2.870753222419203553e-09,2.639574533305240777e-09,2.426110765594684137e-09,2.233799252200275664e-09,2.063212863377324958e-09,1.912455012349278276e-09,1.778009463967427071e-09,1.655726845981545684e-09,1.541636544316799973e-09,1.432426146467995237e-09,1.325605325814091404e-09,1.219468244277267760e-09,1.112980015571876881e-09,1.005688207601324451e-09,8.977554426636107672e-10,7.902711085499786325e-10,6.861905165627130296e-10,5.926374857128747957e-10
5.472818928113564691e-10,5.485326111066311869e-10,6.245293341910892721e-10,7.530627251478958849e-10,9.144704595533548623e-10,1.097468236804064819e-09,1.296476645785057991e-09,1.508944082942096709e-09,1.733921415168419289e-09,1.971393996279863335e-09,2.221964040601514422e-09,2.486655183862518430e-09,2.766698678371380928e-09,3.063209230717021553e-09,3.376715729046731939e-09,3.706594935644365714e-09,4.050545063865985503e-09,4.404285903369481589e-09,4.761644898095152790e-09,5.115086426546575933e-09,5.456609150542554358e-09,5.778830839815582572e-09,6.076037189296950797e-09,6.344992994973952320e-09,6.585379649198291745e-09,6.799805268671741636e-09,6.993411734406068729e-09,7.173164815596172348e-09,7.346954947045634356e-09,7.522655627285596404e-09,7.707282183340056130e-09,7.906364704336754336e-09,8.123598580595057428e-09,8.360775252734940229e-09,8.617941169131269858e-09,8.893699662028702786e-09,9.185564500055886450e-09,9.490290399056149734e-09,9.804133550491552110e-09,1.012302321686711746e-08,1.044264693111701053e-08,1.075846496971937660e-08,1.106574553612771170e-08,1.135984183703199227e-08,1.163633550512702774e-08,1.189110625614934540e-08,1.212038860804033631e-08,1.232081741224566911e-08,1.248946359074900468e-08,1.262386110909269336e-08,1.272202590158816165e-08,1.278246722489444385e-08,1.280419175316291941e-08,1.278670063738558696e-08,1.272997972232591640e-08,1.263448313517180830e-08,1.250111051884270391e-08,1.233117826985270142e-08,1.212638524546699242e-08,1.188877352001779932e-08,1.162068488702745295e-08,1.132471391609582162e-08,1.100365847447439161e-08,1.066046870704072945e-08,1.029819552997385738e-08,9.919939727556255982e-09,9.528802744583119730e-09,9.127840235208201050e-09,8.720019360801084601e-09,8.308180723633802827e-09,7.895005680525265690e-09,7.482989604426180491e-09,7.074421456447818804e-09,6.671369804455146212e-09,6.275675186453351725e-09,5.888948479661801694e-09,5.512574713255926213e-09,5.147721568229564912e-09,4.795351654965283664e-09,4.456237559362490038e-09,4.130978609145544295e-09,3.820018336380429544e-09,3.523661697125311970e-09,3.242091247562535623e-09,2.975381654098785220e-09,2.723512118642945862e-09,2.486376510809092875e-09,2.263791201820565867e-09,2.055500775054863606e-09,1.861181935952554325e-09,1.680446054109320688e-09,1.512840839609391396e-09,1.357851687281708215e-09,1.214903217390543247e-09,1.083361504093655157e-09,9.625373925188735561e-10,8.516913807101331373e-10,7.500397780266748073e-10,6.567629854523547555e-10,5.710149231708798040e-10,4.919338313113437734e-10,4.186539974070874746e-10,3.503185437151145232e-10,2.860948649761918306e-10,2.251993981624589023e-10,1.669586527338650574e-10,1.110420560702966354e-10,5.897453926076779053e-11,6.305592859412785320e-11,5.336035755002441317e-11,2.037148906167218883e-11,2.273115991661106240e-11,5.473747174944932956e-11,6.277110738479846851e-11,4.304549319577425617e-11,4.862837829817763091e-12,3.660172595680229177e-11,6.104019180534405615e-11,5.844277610635518066e-11,2.992811269693556698e-11,1.187964289621808916e-11,4.839473921925992735e-11,6.344516864830624347e-11,5.035361142486434153e-11,1.498040090976081037e-11,2.715846450346457041e-11,5.711861999247300258e-11,6.176945243103110318e-11,3.909637432706928219e-11,3.626571749116182724e-12,4.070617032366986066e-11,6.214645761899382175e-11,8.731808447731418844e-12,1.566393150267500777e-10,3.218905597697665029e-10,4.874665031590517635e-10,6.535447048429109259e-10,8.203300109979941766e-10,9.880574076911331902e-10,1.156994936642680726e-09,1.327444510821264357e-09,1.499740338046356038e-09,1.674244996522956368e-09,1.851343402883265811e-09,2.031435065991777567e-09,2.214925128742957136e-09,2.402214755017711081e-09,2.593691412964370304e-09,2.789719537532094832e-09,2.990631934297604213e-09,3.196722127587516035e-09,3.408237682183552725e-09,3.625374361966339680e-09,3.848270855730298916e-09,4.077003716949464515e-09,4.311582142321008553e-09,4.551942256151384660e-09,4.797940667894426603e-09,5.049347214793145127e-09,5.305836972861634946e-09,5.566981795298993092e-09,5.832241797341260223e-09,6.100957332294292434e-09,6.372342081749062756e-09,6.645477905937584578e-09,6.919312068733307394e-09,7.192657369358586705e-09,7.464195590935161940e-09,7.732484527427401579e-09,7.995968688381804148e-09,8.252993620664254621e-09,8.501823637116577419e-09,8.740662614532221973e-09,8.967677421291237910e-09,9.181023462153062947e-09,9.378871782595198074e-09,9.559437156641516835e-09,9.721006586393832114e-09,9.861967664632139810e-09,9.980836289216709027e-09,1.007628326685258621e-08,1.014715939839441695e-08,1.019251869767344480e-08,1.021163945594770565e-08,1.020404292362194270e-08,1.016950943758184621e-08,1.010809187423061880e-08,1.002012635289342101e-08,9.906240149861203181e-09,9.767356805496110881e-09,9.604698412163636768e-09,9.419785052645716790e-09,9.214431309009122659e-09,8.990739670583004644e-09,8.751090523713108367e-09,8.498128190861314116e-09,8.234742188790003173e-09,7.964042487323137516e-09,7.689327078641910653e-09,7.414039651630686140e-09,7.141714699090718807e-09,6.875907142303816466e-09,6.620065426064652235e-09,6.377317366157846688e-09,6.150407473539083319e-09,5.941621225087201360e-09,5.752642445879674046e-09,5.584351795535018236e-09,5.436593293914756031e-09,5.307955759206819895e-09,5.195629891132322891e-09,5.095401863749065448e-09,5.001826923773924499e-09,4.908594968717691292e-09,4.809063696242177908e-09,4.696903634441062422e-09,4.566778698238482718e-09,4.414975957376230850e-09,4.239896783137274314e-09,4.042327642258719513e-09,3.825424728575582979e-09,3.594376437379237060e-09,3.355754491826083984e-09,3.116626918327069139e-09,2.883574272244919789e-09,2.661803307406376131e-09,2.454559023811903063e-09,2.262971174067278643e-09,2.086340870270834651e-09,1.922730320745878908e-09,1.769639159911625763e-09,1.624573271100461228e-09,1.485407428769587523e-09,1.350545747750068469e-09,1.218948276244572519e-09,1.090118753864964571e-09,9.641724143215171954e-10,8.421757951410317766e-10,7.271443194320312652e-10,6.264540431064588492e-10
5.823207356686350884e-10,5.852249778910016230e-10,6.644536342320474596e-10,7.974957085901118022e-10,9.649531179823758992e-10,1.155733941379831843e-09,1.364418200578165307e-09,1.588624621794078798e-09,1.827561001635989288e-09,2.081290354222146220e-09,2.350315799365351167e-09,2.635265692988327452e-09,2.936564857237338535e-09,3.254049255912587463e-09,3.586550944875781210e-09,3.931546080449584705e-09,4.284996511024171559e-09,4.641499176941391961e-09,4.994783948400065616e-09,5.338496623637542831e-09,5.667112150780221310e-09,5.976778101564769218e-09,6.265901636367231105e-09,6.535354563644702354e-09,6.788258945901458166e-09,7.029406696099337393e-09,7.264440808857606788e-09,7.498968102646653313e-09,7.737774438845263907e-09,7.984273359803811630e-09,8.240250167585248537e-09,8.505888019719174404e-09,8.780004388560227407e-09,9.060399608703984563e-09,9.344224173005919736e-09,9.628296843045331516e-09,9.909337370677811746e-09,1.018410509443320103e-08,1.044945314388874611e-08,1.070231743609989147e-08,1.093966242517930400e-08,1.115840446578713617e-08,1.135541112518536510e-08,1.152778912412174107e-08,1.167299239574846099e-08,1.178884955944284711e-08,1.187358408928238533e-08,1.192582759218616740e-08,1.194462651215903932e-08,1.192944251792021045e-08,1.188014680989027762e-08,1.179700859475082511e-08,1.168067801544342276e-08,1.153216388506026574e-08,1.135280664780211284e-08,1.114424707338452552e-08,1.090839127622514982e-08,1.064737273277383290e-08,1.036351204378842466e-08,1.005927524879474508e-08,9.737231543128681755e-09,9.400011270411919981e-09,9.050265061423540541e-09,8.690624962844611354e-09,8.323668343648763279e-09,7.951885284133541456e-09,7.577650042651565876e-09,7.203197061100829988e-09,6.830601816277962083e-09,6.461766655782841456e-09,6.098411581514467864e-09,5.742069769889956661e-09,5.394087454361523963e-09,5.055627652494657944e-09,4.727677106047862249e-09,4.411055724081964917e-09,4.106427783157889261e-09,3.814314145076738778e-09,3.535104801463859259e-09,3.269071140217307248e-09,3.016377443949280829e-09,2.777091265113927298e-09,2.551192465650351190e-09,2.338580849895350760e-09,2.139082448259865497e-09,1.952454618683852784e-09,1.778390217674163379e-09,1.616521150923925250e-09,1.466421643890082618e-09,1.327611578073882994e-09,1.199560219723848120e-09,1.081690626958793476e-09,9.733849601269070549e-10,8.739908400231403953e-10,7.828288019089369201e-10,6.992007865078118144e-10,6.223995218316973471e-10,5.517184410741882335e-10,4.864622351917295290e-10,4.259573514917679449e-10,3.695633125046277498e-10,3.166858506619517400e-10,2.667958442775111894e-10,2.194647515054922631e-10,1.744482793025649848e-10,1.319261056852402685e-10,9.333142707276518397e-11,6.456741140641879375e-11,6.713100786353889514e-11,5.529176635031280099e-11,1.984877675459805904e-11,2.617630772676637378e-11,5.901472340573541625e-11,6.637270231926071822e-11,4.468717670918356428e-11,4.474484683296670018e-12,3.963042760054452175e-11,6.498733115319913937e-11,6.182996976180768496e-11,3.150088135534672840e-11,1.267253174375909931e-11,5.126305059361831056e-11,6.730907431277015338e-11,5.378284116641851504e-11,1.679392817052542572e-11,2.798501365284502371e-11,6.003881488252874783e-11,6.580627863845352700e-11,4.284788413100671918e-11,5.784773844910245003e-12,4.167583013333477627e-11,6.534774857987879132e-11,9.289728480475006861e-12,1.604115583232119059e-10,3.292902788522550160e-10,4.980139243815129509e-10,6.665079080687458579e-10,8.347289372179709541e-10,1.002664971163645365e-09,1.170340169403893993e-09,1.337819438621185278e-09,1.505211807141222045e-09,1.672672317301836900e-09,1.840402244652442639e-09,2.008647531497562569e-09,2.177695405548018054e-09,2.347869246698625652e-09,2.519521861358067213e-09,2.693027414369455437e-09,2.868772342957834804e-09,3.047145624263789009e-09,3.228528780968498796e-09,3.413285984275407268e-09,3.601754552729734174e-09,3.794236056780092496e-09,3.990988134386595690e-09,4.192217018474880562e-09,4.398070686719657564e-09,4.608632482139622515e-09,4.823915027682751548e-09,5.043854272547835304e-09,5.268303560120975405e-09,5.497027689201044690e-09,5.729697039698009822e-09,5.965881937958385938e-09,6.205047531530922458e-09,6.446549516283832955e-09,6.689631102779266191e-09,6.933421617895513565e-09,7.176937112387351590e-09,7.419083288513287151e-09,7.658660980153204522e-09,7.894374319652851444e-09,8.124841619428339218e-09,8.348608890298246999e-09,8.564165820807335929e-09,8.769963956429594868e-09,8.964436749339070604e-09,9.146021099196767672e-09,9.313179973936256778e-09,9.464425684608247954e-09,9.598343389317281281e-09,9.713614414353606579e-09,9.809039003819547386e-09,9.883558140061350462e-09,9.936274112200120066e-09,9.966469548642197579e-09,9.973624668141699521e-09,9.957432541707748451e-09,9.917812192440060110e-09,9.854919390205290196e-09,9.769155021351503050e-09,9.661170927391036626e-09,9.531873108006360395e-09,9.382422169856919571e-09,9.214230867525509343e-09,9.028958523860995208e-09,8.828502026598417025e-09,8.614982973451108107e-09,8.390730376440305237e-09,8.158258141764028725e-09,7.920236327904271256e-09,7.679400343313862589e-09,7.438333798138481180e-09,7.199473487426199599e-09,6.965152260750642645e-09,6.737601038830453528e-09,6.518894883590003811e-09,6.310832686416569216e-09,6.114750131956441550e-09,5.931282045215505495e-09,5.760111464369869202e-09,5.599763469857338699e-09,5.447513287395221397e-09,5.299471705322012053e-09,5.150882626205297599e-09,4.996622457397819099e-09,4.831841361367606238e-09,4.652646295323212753e-09,4.456705349107933040e-09,4.243656018749134022e-09,4.015226147317086845e-09,3.775022669856443799e-09,3.528005496987401502e-09,3.279733259637125223e-09,3.035528978116989682e-09,2.799745619359659123e-09,2.575293423831646223e-09,2.363517020590861402e-09,2.164402444389165297e-09,1.976998027393431684e-09,1.799892508758940488e-09,1.631619987398227206e-09,1.470928608737237469e-09,1.316920514477979299e-09,1.169126094680315115e-09,1.027628927816003804e-09,8.934503395316017568e-10,7.696002380152186293e-10,6.635343562849290724e-10
6.202955836338922937e-10,6.241698393092716566e-10,7.048338937922937814e-10,8.401776694464221443e-10,1.011300383337582420e-09,1.207258268260122333e-09,1.422659823095265341e-09,1.655138859363926877e-09,1.903893458021725844e-09,2.168893558624887589e-09,2.450390968464545815e-09,2.748536324340877021e-09,3.063019572696692739e-09,3.392727226958377059e-09,3.735468950328445919e-09,4.087861584957654054e-09,4.445454674348465431e-09,4.803131620151721796e-09,5.155739849690372831e-09,5.498823591904132865e-09,5.829286877134849427e-09,6.145820607572617615e-09,6.448984162474209831e-09,6.740920584308025722e-09,7.024777888506174392e-09,7.303979912647052874e-09,7.581517821052697658e-09,7.859411066633651459e-09,8.138424733185223437e-09,8.418053067036814598e-09,8.696714066639658567e-09,8.972065327231963844e-09,9.241349596719728032e-09,9.501699890881895407e-09,9.750364377583408688e-09,9.984839135560815219e-09,1.020291653197024476e-08,1.040266749306148044e-08,1.058237927909483663e-08,1.074046922983705277e-08,1.087539168748609296e-08,1.098555154697261993e-08,1.106931553758138548e-08,1.112530751361564346e-08,1.115249603262296491e-08,1.115019931754185341e-08,1.111808475533929906e-08,1.105616316397225656e-08,1.096477808423089647e-08,1.084459039432800331e-08,1.069655859796811488e-08,1.052191519770020227e-08,1.032213962917494596e-08,1.009892829568222997e-08,9.854162300360343580e-09,9.589873523469315491e-09,9.308209729526849270e-09,9.011399411626581380e-09,8.701717085054924126e-09,8.381449727563613621e-09,8.052865027890666808e-09,7.718182047669384864e-09,7.379544824166157092e-09,7.038999345339916710e-09,6.698474215714836446e-09,6.359765207301231242e-09,6.024523756956338886e-09,5.694249338606522249e-09,5.370285509953975802e-09,5.053819316701858118e-09,4.745883639427041185e-09,4.447361993674030026e-09,4.158995248377775926e-09,3.881389712338385127e-09,3.615026054379131032e-09,3.360268567662426112e-09,3.117374357475637032e-09,2.886502119916399175e-09,2.667720277451936683e-09,2.461014340136567376e-09,2.266293459413811991e-09,2.083396229332025206e-09,1.912095861906059679e-09,1.752104916087419547e-09,1.603079790772151704e-09,1.464625202041236759e-09,1.336298853523730961e-09,1.217616477676516469e-09,1.108057379473919654e-09,1.007070552211425685e-09,9.140813665178693847e-10,8.284987603231899506e-10,7.497227904752532008e-10,6.771523545659830160e-10,6.101928687241353274e-10,5.482637095692533585e-10,4.908053153499051533e-10,4.372860636865351497e-10,3.872092900863067750e-10,3.401217706185949089e-10,2.956260247968443549e-10,2.534022344890230347e-10,2.132529921171525130e-10,1.752044174578037920e-10,1.397552364980969197e-10,1.085278717067667977e-10,8.580988473089045269e-11,7.963346003888465658e-11,8.006465472834185212e-11,6.352142058944619977e-11,2.035579507507702609e-11,3.383784549755525142e-11,7.143610559298766856e-11,7.849560353368274171e-11,5.165010895612423576e-11,3.953456218129122632e-12,4.802839550972351035e-11,7.743887004642282354e-11,7.330766715762106940e-11,3.739478102941286247e-11,1.473109179785636530e-11,6.043468452680658883e-11,7.991933776817370184e-11,6.477824257794350840e-11,2.182961246875466413e-11,3.128469028441121007e-11,7.010724259492635397e-11,7.872804825771514443e-11,5.350117328449716009e-11,8.978511932230061586e-12,4.631755741470007235e-11,7.648582736498136123e-11,9.793353301987900355e-12,1.660793040273009108e-10,3.403867156411966489e-10,5.143228896529003214e-10,6.876848269705166189e-10,8.603003205777960963e-10,1.032020733056754824e-09,1.202724364320032995e-09,1.372320864269999977e-09,1.540755562083760228e-09,1.708013364424719227e-09,1.874121997683436392e-09,2.039154393531723155e-09,2.203230029522825540e-09,2.366515056916183956e-09,2.529221082843024244e-09,2.691602523099929395e-09,2.853952504403865766e-09,3.016597365424738481e-09,3.179889879154926385e-09,3.344201386891441072e-09,3.509913089748202337e-09,3.677406779314767457e-09,3.847055301233187224e-09,4.019213031627823486e-09,4.194206608711692387e-09,4.372326105835929553e-09,4.553816765875855084e-09,4.738871349943835895e-09,4.927623095804746051e-09,5.120139241398034071e-09,5.316415051666191774e-09,5.516368294439253024e-09,5.719834141424163811e-09,5.926560517453575868e-09,6.136203978410638952e-09,6.348326255700592720e-09,6.562391655457305303e-09,6.777765535766848869e-09,6.993714101505302761e-09,7.209405749965269700e-09,7.423914174131941307e-09,7.636223384760348412e-09,7.845234753295194400e-09,8.049776109652908946e-09,8.248612857995802211e-09,8.440461004581997780e-09,8.624001928835343049e-09,8.797898675559581872e-09,8.960813503583040434e-09,9.111426395814945792e-09,9.248454217081003725e-09,9.370670197968251607e-09,9.476923424609124323e-09,9.566158023625082482e-09,9.637431746673064710e-09,9.689933678630769702e-09,9.723000815817480719e-09,9.736133284009928516e-09,9.729007988979666129e-09,9.701490513785947103e-09,9.653645095308854581e-09,9.585742525868169073e-09,9.498265833223400376e-09,9.391913591192023256e-09,9.267600701702272296e-09,9.126456465507377500e-09,8.969819720027487566e-09,8.799230768510369663e-09,8.616419753482266423e-09,8.423226175988855646e-09,8.221355855726792808e-09,8.012389402998509137e-09,7.797862098624877209e-09,7.579332937235813021e-09,7.358429103101984286e-09,7.136850838625534607e-09,6.916322301197120460e-09,6.698478362698569987e-09,6.484687182431727078e-09,6.275824589852850278e-09,6.072037202224990106e-09,5.872551419546053692e-09,5.675596190931009471e-09,5.478499475593986291e-09,5.277987101418854008e-09,5.070662950094426444e-09,4.853595062196295001e-09,4.624891330901276630e-09,4.384135424106064578e-09,4.132574405614114197e-09,3.873000852654997918e-09,3.609343050184582880e-09,3.346050209901068314e-09,3.087414970511377741e-09,2.836992711963346289e-09,2.597245459916767372e-09,2.369464598286785311e-09,2.153938970252895449e-09,1.950269857676014898e-09,1.757716443731708151e-09,1.575483792159117951e-09,1.402920148192875263e-09,1.239653227037957496e-09,1.085767647209626910e-09,9.422357049656674975e-10,8.120114476184261634e-10,7.024796130949722153e-10
6.599857891449396525e-10,6.642745153026290672e-10,7.449331514910418601e-10,8.807350941781848618e-10,1.053442559828753206e-09,1.252234916675102161e-09,1.471650003039314667e-09,1.709217500245310592e-09,1.964011184077780398e-09,2.235819649176261421e-09,2.524613059751236613e-09,2.830136832784114220e-09,3.151572234198317059e-09,3.487273744474798347e-09,3.834634349367062244e-09,4.190138818241319599e-09,4.549636578482884254e-09,4.908807114437430949e-09,5.263724234554139767e-09,5.611379994528522966e-09,5.950026404056481800e-09,6.279238076162578081e-09,6.599677700455100911e-09,6.912631646300455029e-09,7.219445418120846024e-09,7.521007068986041427e-09,7.817397340248101298e-09,8.107763330444936188e-09,8.390404107501767938e-09,8.663006183184313031e-09,8.922946220850934550e-09,9.167585465910353356e-09,9.394503991827946694e-09,9.601650476537837506e-09,9.787406206080974271e-09,9.950576758508969539e-09,1.009033158386843074e-08,1.020611257035627548e-08,1.029753012940799931e-08,1.036426135310751982e-08,1.040596071601802472e-08,1.042219030641719777e-08,1.041244963554097332e-08,1.037646027268324955e-08,1.031423600308169416e-08,1.022607437287324273e-08,1.011254419635550633e-08,9.974469341836553282e-09,9.812909161373246956e-09,9.629135980177521628e-09,9.424610110027122902e-09,9.200952895340991899e-09,8.959918336736084538e-09,8.703363863501287875e-09,8.433220840100668273e-09,8.151465391799495974e-09,7.860090118495001965e-09,7.561077233755876414e-09,7.256373617771282021e-09,6.947868208724393616e-09,6.637372079328983606e-09,6.326601455190872360e-09,6.017163833741445271e-09,5.710547259684965046e-09,5.408112710044564073e-09,5.111089444327397819e-09,4.820573086976389692e-09,4.537526135881745988e-09,4.262780535321304704e-09,3.997041917566108682e-09,3.740895105903433210e-09,3.494810483131182524e-09,3.259150861623553675e-09,3.034178540926102388e-09,2.820062301992327153e-09,2.616884158884371671e-09,2.424645762013494540e-09,2.243274418342326839e-09,2.072628755901648419e-09,1.912504111010950852e-09,1.762637750858001085e-09,1.622714062539974461e-09,1.492369839140510124e-09,1.371199776470359355e-09,1.258762261489454540e-09,1.154585488328222498e-09,1.058173884966551830e-09,9.690147781094556941e-10,8.865851719494678626e-10,8.103584764148310314e-10,7.398109980258635305e-10,6.744280096089961117e-10,6.137092485831494315e-10,5.571737638057776061e-10,5.043641448266353115e-10,4.548503415956032782e-10,4.082335598182443621e-10,3.641511633874723983e-10,3.222843808032072310e-10,2.823723241249039111e-10,2.442396136739813130e-10,2.078537658554296644e-10,1.734502735459418946e-10,1.418162191700371106e-10,1.149222787486897792e-10,9.698348647228791504e-11,9.413164194940992465e-11,1.088801334903158662e-10,1.072820291176762957e-10,8.292596327602295268e-11,2.373719093715463704e-11,4.726643583961662585e-11,9.654254748411639771e-11,1.046417508683079313e-10,6.791309524055987514e-11,3.458349609442074712e-12,6.474841651930861499e-11,1.036207154882872544e-10,9.802716900014140633e-11,5.036806799655587754e-11,1.892268676131566535e-11,8.002045694607548597e-11,1.067692166157129583e-10,8.771905971828325574e-11,3.127169058873871059e-11,3.928874445087821843e-11,9.227003522792537449e-11,1.058571324954971962e-10,7.425246813893419133e-11,1.338449524411767173e-11,5.810260162062875452e-11,1.009809862566421009e-10,1.024704523501204360e-11,1.722713868870287087e-10,3.524017348610553375e-10,5.320672543485382725e-10,7.109977458183688748e-10,8.889561451201317408e-10,1.065723254660786714e-09,1.241098843855427818e-09,1.414904747249499982e-09,1.586988390854200240e-09,1.757226384783459073e-09,1.925528016275268089e-09,2.091838508899242497e-09,2.256141910601120481e-09,2.418463463992249964e-09,2.578871307051741408e-09,2.737477354559319783e-09,2.894437222770941116e-09,3.049949083272887161e-09,3.204251366007037134e-09,3.357619275425543489e-09,3.510360134084251656e-09,3.662807622109728533e-09,3.815315032906598110e-09,3.968247711530455934e-09,4.121974876952615554e-09,4.276861049599635875e-09,4.433257308937621192e-09,4.591492593238390169e-09,4.751865225916876541e-09,4.914634816165943809e-09,5.080014639483417960e-09,5.248164564242535170e-09,5.419184557839369024e-09,5.593108785396720163e-09,5.769900307158310378e-09,5.949446388075268394e-09,6.131554452073894988e-09,6.315948740036079615e-09,6.502267760005796959e-09,6.690062644690528624e-09,6.878796550712599143e-09,7.067845242786286386e-09,7.256499001878912644e-09,7.443965979004975105e-09,7.629377087947787685e-09,7.811792491511425341e-09,7.990209691745580968e-09,8.163573187235397898e-09,8.330785613991495134e-09,8.490720242781700094e-09,8.642234668061073513e-09,8.784185492260611005e-09,8.915443785620788486e-09,9.034911085678427434e-09,9.141535691513276765e-09,9.234329005217733698e-09,9.312381675645306518e-09,9.374879306351879370e-09,9.421117499524849114e-09,9.450516019394295969e-09,9.462631871727211727e-09,9.457171108268133304e-09,9.433999176938328647e-09,9.393149647931665346e-09,9.334831152407206908e-09,9.259432372684758354e-09,9.167524919801660489e-09,9.059863924985199868e-09,8.937386154622246283e-09,8.801136427756094422e-09,8.652008683149422457e-09,8.490738907179314823e-09,8.317984159394721523e-09,8.134408274756232463e-09,7.940765052600869408e-09,7.737967318880965626e-09,7.527128044947156102e-09,7.309558754185293759e-09,7.086712252046972699e-09,6.860063012351552839e-09,6.630930643516885275e-09,6.400269447048394681e-09,6.168466936258650836e-09,5.935209513951680334e-09,5.699475300773920521e-09,5.459695053535820906e-09,5.214081820421793964e-09,4.961078098665836057e-09,4.699823420791434358e-09,4.430523988236939704e-09,4.154620274327904953e-09,3.874697170764324685e-09,3.594150795711326488e-09,3.316694937962225396e-09,3.045835037683015954e-09,2.784441674576512135e-09,2.534516056610198006e-09,2.297172278617803594e-09,2.072793263562898798e-09,1.861276453916679638e-09,1.662284018659151902e-09,1.475446090892262213e-09,1.300523802972296250e-09,1.137620201610950692e-09,9.876481288984164260e-10,8.534548279615522368e-10,7.422236561366332162e-10
7.003156573893851261e-10,7.045183362117471051e-10,7.840304461541217311e-10,9.187966725039061387e-10,1.091342671159011126e-09,1.290959180308252499e-09,1.512044361527732143e-09,1.751938209254118564e-09,2.009515370781758220e-09,2.284342761561696610e-09,2.576128994193288846e-09,2.884321078188624257e-09,3.207802425911845003e-09,3.544704065814493507e-09,3.892365202441539375e-09,4.247470833960724191e-09,4.606356928242729211e-09,4.965422009886316083e-09,5.321540937416983635e-09,5.672364196589525792e-09,6.016414336191016714e-09,6.352952809599051882e-09,6.681663076784932937e-09,7.002251605058975810e-09,7.314086641450856435e-09,7.615971006421701732e-09,7.906093077074260532e-09,8.182142846685411303e-09,8.441538485783000857e-09,8.681693103817677776e-09,8.900259023059998971e-09,9.095308086742000749e-09,9.265430707224743267e-09,9.409756188755589246e-09,9.527909310228763477e-09,9.619923462532695219e-09,9.686130673213632058e-09,9.727045826204696065e-09,9.743258131339523733e-09,9.735338643858722025e-09,9.703769035903122229e-09,9.648894113665222476e-09,9.570966129648954901e-09,9.470406302184453545e-09,9.347860336221435532e-09,9.204183076327824339e-09,9.040420505016443698e-09,8.857789472582426637e-09,8.657655580295862881e-09,8.441509668353293627e-09,8.210943381748053017e-09,7.967624299371250051e-09,7.713271112521869749e-09,7.449629327662408436e-09,7.178447944343916328e-09,6.901457522174055627e-09,6.620350001786331062e-09,6.336760584539482047e-09,6.052251906210769253e-09,5.768300663844501880e-09,5.486286774804971791e-09,5.207485066483353642e-09,4.933059418269879602e-09,4.664059206431534687e-09,4.401417843346967332e-09,4.145953155456775991e-09,3.898369313883725140e-09,3.659260017447161111e-09,3.429112631287214930e-09,3.208313003344798467e-09,2.997150714510755047e-09,2.795824561945532538e-09,2.604448126315588432e-09,2.423055327132213812e-09,2.251605922029720345e-09,2.089990951732749027e-09,1.938038168231420410e-09,1.795517507508949402e-09,1.662146677001279398e-09,1.537596922798414335e-09,1.421499021651989161e-09,1.313449510991476609e-09,1.213017130691634506e-09,1.119749405957516693e-09,1.033179259734718582e-09,9.528315089769941095e-10,8.782290790034249082e-10,8.088987678004642673e-10,7.443764098489220798e-10,6.842113273221942467e-10,6.279700147612715583e-10,5.752390799884060372e-10,5.256275608638833001e-10,4.787688636014974245e-10,4.343227480456637454e-10,3.919780737887040404e-10,3.514575433672060797e-10,3.125267053009114110e-10,2.750116360490849006e-10,2.388345362161828505e-10,2.040876460098695454e-10,1.711924736729822605e-10,1.412499590784035250e-10,1.167574870935281965e-10,1.024996494679727068e-10,1.041844140276278561e-10,1.228908808997735105e-10,1.544207984471585914e-10,1.513478130439522132e-10,1.160597389998040832e-10,3.160648998471138649e-11,6.718543311533104927e-11,1.364285661322061321e-10,1.474487755243312975e-10,9.547561768895852473e-11,3.498702144129062232e-12,9.118354246530223067e-11,1.460129334962755663e-10,1.384105520180386884e-10,7.165038854050881250e-11,2.575033036955779378e-11,1.120513646511698930e-10,1.504416358161486015e-10,1.245274031512515151e-10,4.554434542420707194e-11,5.339683301755874229e-11,1.289882836802805052e-10,1.495670925268310043e-10,1.063299514210443154e-10,1.917697549290934717e-11,7.923163234491714423e-11,1.414715249225303984e-10,1.065512971294393052e-11,1.786377622217387948e-10,3.646407481045275950e-10,5.501411161010003789e-10,7.348305267508483246e-10,9.184384807826678897e-10,1.100709201273171139e-09,1.281400699917101155e-09,1.460286589506987160e-09,1.637158559891552027e-09,1.811829095859155423e-09,1.984134301231538320e-09,2.153936752573920444e-09,2.321128311936425622e-09,2.485632819727409636e-09,2.647408575752126402e-09,2.806450504018598632e-09,2.962791887103886204e-09,3.116505551314481658e-09,3.267704384772582602e-09,3.416541079942178550e-09,3.563207008594726288e-09,3.707930161818698774e-09,3.850972119307868951e-09,3.992624048582163482e-09,4.133201774124515248e-09,4.273039995227050366e-09,4.412485767092835590e-09,4.551891388285757799e-09,4.691606858092148621e-09,4.831972076704075248e-09,4.973308960130748286e-09,5.115913631009390517e-09,5.260048828340394250e-09,5.405936656472815074e-09,5.553751770730869081e-09,5.703615075904667872e-09,5.855587998609680435e-09,6.009667385732464942e-09,6.165781079853258609e-09,6.323784226828268046e-09,6.483456379887849476e-09,6.644499474468487443e-09,6.806536756698658887e-09,6.969112752952261151e-09,7.131694366455057552e-09,7.293673177840551749e-09,7.454369011015283252e-09,7.613034802922332741e-09,7.768862788324831266e-09,7.920991980154717199e-09,8.068516894059151631e-09,8.210497434757078952e-09,8.345969833160917419e-09,8.473958498177838885e-09,8.593488626386876082e-09,8.703599396811491116e-09,8.803357566710641659e-09,8.891871277125178592e-09,8.968303873992619883e-09,9.031887550369298887e-09,9.081936617858559270e-09,9.117860219422018232e-09,9.139174301357015555e-09,9.145512667556363189e-09,9.136636945295013486e-09,9.112445296380630339e-09,9.072979710837556335e-09,9.018431722161353519e-09,8.949146381613809793e-09,8.865555888023849626e-09,8.767919464776595110e-09,8.656298953654374817e-09,8.530623357351705304e-09,8.390768882989283436e-09,8.236649193620611310e-09,8.068308297808193581e-09,7.886005808308774948e-09,7.690281680379535775e-09,7.481985919024418792e-09,7.262259475510602402e-09,7.032457224675743831e-09,6.794013796126476729e-09,6.548268109043355932e-09,6.296280261724606660e-09,6.038689345593761656e-09,5.775664901539305985e-09,5.506991066187886277e-09,5.232289421367115554e-09,4.951341655508504749e-09,4.664432107436245386e-09,4.372610952443550003e-09,4.077792565343720003e-09,3.782649040549605089e-09,3.490321264004908081e-09,3.204026694542992647e-09,2.926672508231278161e-09,2.660573608904783295e-09,2.407331791772347487e-09,2.167874269223019404e-09,1.942601662079533139e-09,1.731576205763259487e-09,1.534696995332821122e-09,1.351859090308297868e-09,1.183177060584119355e-09,1.029478708309068591e-09,8.934502356145681707e-10,7.819697273131991624e-10
7.403724062628080027e-10,7.440055807497767271e-10,8.214708180682774540e-10,9.540203959135010263e-10,1.124988055001907251e-09,1.323771036976261072e-09,1.544582969653833859e-09,1.784514863074146655e-09,2.042192605303048246e-09,2.316941544338683390e-09,2.608235310272408851e-09,2.915305733237393984e-09,3.236875054662780063e-09,3.571016902232390678e-09,3.915164116430147076e-09,4.266264876020288835e-09,4.621053186562513885e-09,4.976362369647947360e-09,5.329390293201295457e-09,5.677836179167440906e-09,6.019870698348041354e-09,6.353958711816980063e-09,6.678604237067169453e-09,6.992109791227578480e-09,7.292429843058441507e-09,7.577159139251415832e-09,7.843649774630752602e-09,8.089214559114513156e-09,8.311358588536306652e-09,8.507985521442979357e-09,8.677542452286552782e-09,8.819088362611746816e-09,8.932289111350512496e-09,9.017353579186205975e-09,9.074930701383527017e-09,9.105987189969933638e-09,9.111682742834827284e-09,9.093255225870748026e-09,9.051923932602023006e-09,8.988815277343889604e-09,8.904912441410437786e-09,8.801028567438628817e-09,8.677860136687503393e-09,8.536219922880497429e-09,8.377081019410519850e-09,8.201559179355940656e-09,8.010893686308277137e-09,7.806427145457324480e-09,7.589584596770894082e-09,7.361852357365702652e-09,7.124756995247860190e-09,6.879844821884204175e-09,6.628662266041647657e-09,6.372737456555377478e-09,6.113563297359149740e-09,5.852582266347741219e-09,5.591173111287489911e-09,5.330639553736316066e-09,5.072201048321519267e-09,4.816985582077302898e-09,4.566024440144903685e-09,4.320248812726997468e-09,4.080488075708818145e-09,3.847469546661175220e-09,3.621819499596360321e-09,3.404065216661241814e-09,3.194637863149998508e-09,2.993875991145548502e-09,2.802029506665273659e-09,2.619263970535061380e-09,2.445665142787771291e-09,2.281243719361203878e-09,2.125940245015391306e-09,1.979630214442173325e-09,1.842129391443215618e-09,1.713199381034563650e-09,1.592553482510735770e-09,1.479862830345223713e-09,1.374762799224481345e-09,1.276859611223480149e-09,1.185737042904948016e-09,1.100963093640040136e-09,1.022096450139199320e-09,9.486925702168632139e-10,8.803092158514404250e-10,8.165112914206878345e-10,7.568748865115379864e-10,7.009904792223236075e-10,6.484653210992665505e-10,5.989250936809078845e-10,5.520149981440724175e-10,5.074005186900682679e-10,4.647682025235775370e-10,4.238269597540028203e-10,3.843106792814973946e-10,3.459835354145724885e-10,3.086505688699083493e-10,2.721787686343773199e-10,2.365399334244567436e-10,2.019011575799648759e-10,1.688245845243469742e-10,1.387193110203353402e-10,1.147756668754913037e-10,1.029529169261803352e-10,1.093997899111922091e-10,1.337818879102144365e-10,1.709122356187875649e-10,2.167675491154457387e-10,2.127207801492901009e-10,1.632937818516582996e-10,4.435476676976752383e-11,9.384642992920851155e-11,1.914977290393013530e-10,2.073399877321517293e-10,1.346166394080659560e-10,4.739066130878973052e-12,1.275975990230685108e-10,2.050332854673631383e-10,1.948591475627857376e-10,1.014677403231960093e-10,3.524040205733337330e-11,1.567756127215013623e-10,2.112864668046506589e-10,1.755150799108340224e-10,6.487075128552785032e-11,7.374340871132407872e-11,1.804522813343543389e-10,2.100524240618294159e-10,1.498883586351513646e-10,2.651830139650453285e-11,1.100143947291087931e-10,1.981481693696747755e-10,1.102182414527958151e-11,1.851244930694291255e-10,3.770237330988675837e-10,5.684100114245688459e-10,7.589520274591933558e-10,9.483618365027040978e-10,1.136364446128014252e-09,1.322695172934538184e-09,1.507100423456255599e-09,1.689339293588637496e-09,1.869185478858574673e-09,2.046429358592768885e-09,2.220880203100258820e-09,2.392368472532473922e-09,2.560748174976762542e-09,2.725899242952432798e-09,2.887729875172658936e-09,3.046178777655719132e-09,3.201217225059507559e-09,3.352850852074713649e-09,3.501121076627374390e-09,3.646106052777088423e-09,3.787921052591961566e-09,3.926718183976782486e-09,4.062685365060205606e-09,4.196044495494961908e-09,4.327048790158558582e-09,4.455979269239673786e-09,4.583140429659960120e-09,4.708855153233951440e-09,4.833458935754422930e-09,4.957293545129464854e-09,5.080700235588543921e-09,5.204012656750313805e-09,5.327549601460634852e-09,5.451607734887796980e-09,5.576454441099235394e-09,5.702320913047181105e-09,5.829395600373764036e-09,5.957818117730821801e-09,6.087673705929831857e-09,6.218988330218164805e-09,6.351724494257329462e-09,6.485777844421448092e-09,6.620974636192340949e-09,6.757070131150523936e-09,6.893747988210299249e-09,7.030620705532826740e-09,7.167231158905118584e-09,7.303055268355471501e-09,7.437505807794393664e-09,7.569937352689837500e-09,7.699652339947936075e-09,7.825908192289113900e-09,7.947925438692248781e-09,8.064896742789333355e-09,8.175996733658145054e-09,8.280392519074376043e-09,8.377254748599946005e-09,8.465769085276716498e-09,8.545147937532516853e-09,8.614642298424430882e-09,8.673553537040680035e-09,8.721244985111355614e-09,8.757153162391394156e-09,8.780798484490460762e-09,8.791795298182018653e-09,8.789861090029934196e-09,8.774824715149860429e-09,8.746633493192918460e-09,8.705294174474291897e-09,8.650622844857312804e-09,8.582206690913720476e-09,8.499450808548822601e-09,8.401644067244079962e-09,8.288041627787537404e-09,8.157959880775273484e-09,8.010877109152131702e-09,7.846530276131352582e-09,7.664995511452259036e-09,7.466738020219605363e-09,7.252617555773804395e-09,7.023839730893714317e-09,6.781852361912299997e-09,6.528199569582746323e-09,6.264362086292816864e-09,5.991625033721204237e-09,5.711017465923546504e-09,5.423355436393474465e-09,5.129391585472971260e-09,4.830036594060203949e-09,4.526585560380276280e-09,4.220870755368117993e-09,3.915279699817123245e-09,3.612620098724900994e-09,3.315865050566290040e-09,3.027852121410024455e-09,2.751021742148968263e-09,2.487259703724699440e-09,2.237865604225823066e-09,2.003623891140697692e-09,1.784927112607026695e-09,1.581905971050875280e-09,1.394564062443993093e-09,1.222998943992148842e-09,1.067914932298425274e-09,9.317857520574409969e-10,8.211154239302372403e-10
7.794066949355039636e-10,7.819924461966487318e-10,8.566992899854713893e-10,9.861174188650016868e-10,1.154391425933052101e-09,1.351022959176792653e-09,1.570014218597710300e-09,1.808167210222627547e-09,2.063824656302803849e-09,2.336056769710197459e-09,2.624118827842455080e-09,2.927075148854930872e-09,3.243554355259024676e-09,3.571635127679476626e-09,3.908865387361703202e-09,4.252399456584129941e-09,4.599209344867254222e-09,4.946303647659036779e-09,5.290884880093180302e-09,5.630399015486777770e-09,5.962472608581019462e-09,6.284776270403593016e-09,6.594879971501384045e-09,6.890165185718786819e-09,7.167833735233952570e-09,7.425016454709380530e-09,7.658952376451348188e-09,7.867191893033344455e-09,8.047777545981988105e-09,8.199368987211107455e-09,8.321296737929687854e-09,8.413546094407226079e-09,8.476684190053181908e-09,8.511748922393678139e-09,8.520119144594849787e-09,8.503382926012389822e-09,8.463216510287677313e-09,8.401282147134717525e-09,8.319149044279796533e-09,8.218238646996227949e-09,8.099793363145268957e-09,7.964866593113092094e-09,7.814380614426771286e-09,7.649330230410352807e-09,7.470818118104541223e-09,7.280037601540188875e-09,7.078254830731561268e-09,6.866790707850692445e-09,6.647002895689150714e-09,6.420268230228871335e-09,6.187965836514131613e-09,5.951461217279649566e-09,5.712091546844439499e-09,5.471152359797276478e-09,5.229885776515704990e-09,4.989470357716700359e-09,4.751012629197737424e-09,4.515540269285189459e-09,4.283996905663478528e-09,4.057238429189720939e-09,3.836030700445548691e-09,3.621048502118904574e-09,3.412875578104658380e-09,3.212005597757678174e-09,3.018843891775889411e-09,2.833709822630121419e-09,2.656839676014218969e-09,2.488389987930471535e-09,2.328441251663874486e-09,2.177001977419811870e-09,2.034013100517917474e-09,1.899352750509058643e-09,1.772841398513129079e-09,1.654247394446178620e-09,1.543292887388324044e-09,1.439660093048849762e-09,1.342997835600493200e-09,1.252928250878138242e-09,1.169053500266348734e-09,1.090962316455237136e-09,1.018236188335205935e-09,9.504549976951465284e-10,8.872019456278602528e-10,8.280676506613441253e-10,7.726533579880270795e-10,7.205732640632414183e-10,6.714560250722770257e-10,6.249455762133357508e-10,5.807014371657246448e-10,5.383987212580925019e-10,4.977281084445110056e-10,4.583961077325085474e-10,4.201260602675620135e-10,3.826605991436970309e-10,3.457668498747483789e-10,3.092468993100278025e-10,2.729588959511674339e-10,2.368609794645853446e-10,2.011078300594878491e-10,1.662776901086011284e-10,1.339379074042057017e-10,1.079948653243970532e-10,9.646220839871686584e-11,1.073312502516874117e-10,1.384472162126829920e-10,1.826514461413626642e-10,2.356564194138823765e-10,2.958383417117530138e-10,2.911556700497808673e-10,2.242919018799070052e-10,6.175391415370639531e-11,1.272080572437876288e-10,2.615045645770754713e-10,2.839816880964199234e-10,1.850918021567840174e-10,7.300132876082243005e-12,1.737624357081165127e-10,2.803517821855816680e-10,2.671416580511880383e-10,1.398626780780398415e-10,4.704067663936710490e-11,2.136303431730665155e-10,2.887800663396888363e-10,2.404651357755547072e-10,8.951441096433490895e-11,9.968710124550106069e-11,2.457804534637401211e-10,2.865435466438320927e-10,2.045803640718031380e-10,3.553377192932537696e-11,1.498030654413509215e-10,2.701258945085583923e-10,1.135116123500268213e-11,1.917571378987849211e-10,3.896358780969842094e-10,5.870061102031652398e-10,7.835227883299573117e-10,9.788894540998029861e-10,1.172821324293360590e-09,1.365041191553717746e-09,1.555279374952000402e-09,1.743274631177552055e-09,1.928775428994305274e-09,2.111541434960387781e-09,2.291345166528778894e-09,2.467973797889471084e-09,2.641231109351645672e-09,2.810939567564452880e-09,2.976942515262362246e-09,3.139106438425011502e-09,3.297323265915220248e-09,3.451512643857163028e-09,3.601624114060336520e-09,3.747639114929358344e-09,3.889572714721649213e-09,4.027474981577014674e-09,4.161431894295005167e-09,4.291565701290367192e-09,4.418034644243434768e-09,4.541031976645334815e-09,4.660784225624962054e-09,4.777548667558394007e-09,4.891610012298996797e-09,5.003276316947718697e-09,5.112874175899001430e-09,5.220743258270510045e-09,5.327230285702232029e-09,5.432682561199830575e-09,5.537441173815025537e-09,5.641834012607049976e-09,5.746168728004559275e-09,5.850725779105722154e-09,5.955751702369237137e-09,6.061452731340451511e-09,6.167988889556633813e-09,6.275468669449057296e-09,6.383944400151220132e-09,6.493408396286213122e-09,6.603789968276676389e-09,6.714953362333352363e-09,6.826696684908003483e-09,6.938751852200340570e-09,7.050785589905812469e-09,7.162401492391050573e-09,7.273143134144820542e-09,7.382498209647158026e-09,7.489903662111460532e-09,7.594751746247853113e-09,7.696396956704282192e-09,7.794163741350122966e-09,7.887354908462284700e-09,7.975260627671089670e-09,8.057167917628161379e-09,8.132370507173633146e-09,8.200178952366814145e-09,8.259930887652676972e-09,8.311001286317643067e-09,8.352812602767868988e-09,8.384844666551544502e-09,8.406644195909596349e-09,8.417833796528694835e-09,8.418120308906222196e-09,8.407242691789317606e-09,8.384738567997654001e-09,8.349896701876228091e-09,8.301787256768309082e-09,8.239311599650003597e-09,8.161271252345524259e-09,8.066454239797307107e-09,7.953735071661704974e-09,7.822181935904051341e-09,7.671161630647316217e-09,7.500429879444350732e-09,7.310192907665890595e-09,7.101126757273333842e-09,6.874345076495021039e-09,6.631314802867823816e-09,6.373731686087804163e-09,6.103381290521575662e-09,5.822021080269539672e-09,5.531319554569423608e-09,5.232875119868196217e-09,4.928311580636905829e-09,4.619416803692975526e-09,4.308269058273243103e-09,3.997293466235573728e-09,3.689212768092951286e-09,3.386894828969150031e-09,3.093137918147542843e-09,2.810456648399734731e-09,2.540926919308652539e-09,2.286120147263825094e-09,2.047119710087372617e-09,1.824585326913491022e-09,1.618831811081680596e-09,1.429929164788270865e-09,1.257914724661652222e-09,1.103325878384046016e-09,9.683846838509673446e-10,8.591928114856942528e-10
8.168248268653509755e-10,8.178942994979790002e-10,8.892779339311707283e-10,1.014867643534621406e-09,1.179594431346832785e-09,1.373063330997033423e-09,1.589051274441602216e-09,1.824045390928089060e-09,2.076080672384482964e-09,2.343960159737918710e-09,2.626726344652497536e-09,2.923296393486519002e-09,3.232228971978292884e-09,3.551616041665688557e-09,3.879092429598000522e-09,4.211939266900432742e-09,4.547237033424378750e-09,4.882013022178610915e-09,5.213335479374606621e-09,5.538332444378207378e-09,5.854147586762099007e-09,6.157873207848896535e-09,6.446509952365621458e-09,6.716990745700829905e-09,6.966280206176830728e-09,7.191532813098114602e-09,7.390274467412928752e-09,7.560567621900639184e-09,7.701128124205271835e-09,7.811376669721403315e-09,7.891423227883125436e-09,7.941994766888672357e-09,7.964323341856174318e-09,7.960013405558350086e-09,7.930905397554660185e-09,7.878948876321146843e-09,7.806094048385469098e-09,7.714206449478643864e-09,7.605006236535503502e-09,7.480031208016944993e-09,7.340621218857991847e-09,7.187920917346381117e-09,7.022938819632201857e-09,6.846723413197127721e-09,6.660391977220901571e-09,6.465115105003847749e-09,6.262101191008323492e-09,6.052581153905557410e-09,5.837793649442680740e-09,5.618971003908620707e-09,5.397326067816671333e-09,5.174040157152342999e-09,4.950252210338457971e-09,4.727049249790885325e-09,4.505458196372359839e-09,4.286439045785086758e-09,4.070879379968491488e-09,3.859590154725870147e-09,3.653302679516708286e-09,3.452666687110908518e-09,3.258249380377590705e-09,3.070535341817853422e-09,2.889927196938856951e-09,2.716746935780209417e-09,2.551237815093057672e-09,2.393566785380422934e-09,2.243827409980683199e-09,2.102043263584573905e-09,1.968171813765314812e-09,1.842108796702534641e-09,1.723693095989258283e-09,1.612712119841628662e-09,1.508907645836158694e-09,1.411982068050709426e-09,1.321604938562013247e-09,1.237419653810100551e-09,1.159050099295635933e-09,1.086107042413933815e-09,1.018194058047364548e-09,9.549127882874635594e-10,8.958673770288788484e-10,8.406679776541266919e-10,7.889333021947828261e-10,7.402922527546005977e-10,6.943847434163645555e-10,6.508618727653847505e-10,6.093856420641867404e-10,5.696284282644005010e-10,5.312724213539157775e-10,4.940092320476239977e-10,4.575398879854479196e-10,4.215754974919230548e-10,3.858390325930724136e-10,3.500690959280624360e-10,3.140274937571982059e-10,2.775147178635816864e-10,2.404032508254615442e-10,2.027148619498794909e-10,1.648189371602377895e-10,1.280060843746245099e-10,9.629703968080365833e-11,8.072170013457616506e-11,9.490038711977705847e-11,1.337369486677141661e-10,1.860337069579603327e-10,2.470282008120106568e-10,3.154045723344897066e-10,3.911294112347203313e-10,3.860355095424215713e-10,2.984877228108612550e-10,8.356404481666000135e-11,1.669109562577368947e-10,3.457420686822612233e-10,3.766399166824917641e-10,2.465062118861757807e-10,1.120290635973317404e-11,2.290049054778276197e-10,3.711160418168965242e-10,3.546730295604366160e-10,1.868842385787578106e-10,6.037854905746585120e-11,2.813410993880627652e-10,3.816460083480941367e-10,3.186500334270864745e-10,1.196678016960141458e-10,1.301389660657682905e-10,3.233169448400817557e-10,3.774324851276340353e-10,2.694444025150702686e-10,4.618143872458805601e-11,1.975974886191054932e-10,3.558980035717585591e-10,1.164690837481923637e-11,1.985763722353647569e-10,4.025905618489198593e-10,6.061092519635656368e-10,8.087800611457779433e-10,1.010303544798897802e-09,1.210390686669965208e-09,1.408757535310613230e-09,1.605124449102878069e-09,1.799216443484973524e-09,1.990763963483735381e-09,2.179503912557058068e-09,2.365180892799722991e-09,2.547548647526569848e-09,2.726371705412141511e-09,2.901427224777319591e-09,3.072507030505484257e-09,3.239419827586966744e-09,3.401993564838127179e-09,3.560077911327230287e-09,3.713546795887838754e-09,3.862300949206317807e-09,4.006270376622282516e-09,4.145416681143219067e-09,4.279735148507681031e-09,4.409256501933793437e-09,4.534048232727805342e-09,4.654215415532526914e-09,4.769900923347713473e-09,4.881284968144116416e-09,4.988583907486981871e-09,5.092048275973519903e-09,5.191960021466680990e-09,5.288628949603219082e-09,5.382388404692164207e-09,5.473590239728454958e-09,5.562599151482483372e-09,5.649786478585783599e-09,5.735523578176376823e-09,5.820174911978337603e-09,5.904090982635235150e-09,5.987601267749284106e-09,6.071007300476485889e-09,6.154576043453915187e-09,6.238533696450693624e-09,6.323060068398955923e-09,6.408283631994365504e-09,6.494277363734956895e-09,6.581055455513046096e-09,6.668570964900601342e-09,6.756714452868798538e-09,6.845313637534680305e-09,6.934134074045535706e-09,7.022880852445142077e-09,7.111201288595738248e-09,7.198688568766430644e-09,7.284886295010778779e-09,7.369293868192553667e-09,7.451372636426173462e-09,7.530552729798646637e-09,7.606240497088068793e-09,7.677826455463487675e-09,7.744693661359469507e-09,7.806226407271925016e-09,7.861819146854466003e-09,7.910885547540470674e-09,7.952867567220019453e-09,7.987244447994416220e-09,8.013541516385548873e-09,8.031338675970313558e-09,8.040224507613573804e-09,8.039582369915860092e-09,8.028537669487760786e-09,8.005974449276245073e-09,7.970570367275826138e-09,7.920850961849391944e-09,7.855263179192553977e-09,7.772266601138186290e-09,7.670438579927278951e-09,7.548586642687885568e-09,7.405858398343067702e-09,7.241836419167883665e-09,7.056604171698516104e-09,6.850770244536086576e-09,6.625442935348930187e-09,6.382156052918526254e-09,6.122758446300400363e-09,5.849291242078342072e-09,5.563883402186634858e-09,5.268693355428866352e-09,4.965910121774866122e-09,4.657804670398432742e-09,4.346799743463463130e-09,4.035514753464876489e-09,3.726748904047074039e-09,3.423389356779921684e-09,3.128262012510413512e-09,2.843965767023186282e-09,2.572735470243393587e-09,2.316362219171823065e-09,2.076171238129637535e-09,1.853034728755203543e-09,1.647399199670296635e-09,1.459348899304725736e-09,1.288811321066522950e-09,1.136118071115493471e-09,1.003220790600648495e-09,8.958300780996860722e-10
8.521770596500380617e-10,8.512799432008648424e-10,9.188893625478352568e-10,1.040126672133598300e-09,1.200670426786486869e-09,1.390229034125122508e-09,1.602349910780730870e-09,1.833190095908858767e-09,2.080459506835131040e-09,2.342683008214215893e-09,2.618688872339880864e-09,2.907252150723562311e-09,3.206864372063353705e-09,3.515619869592851719e-09,3.831206292283572147e-09,4.150972934691123452e-09,4.472036997965282592e-09,4.791384734094720460e-09,5.105936245373531574e-09,5.412566195099557144e-09,5.708097848667177428e-09,5.989303286831462290e-09,6.252941712850556297e-09,6.495852100742840355e-09,6.715094281029297087e-09,6.908113917745973497e-09,7.072898374592757630e-09,7.208093362125538759e-09,7.313061154765644275e-09,7.387874908840249976e-09,7.433255722443784758e-09,7.450467026321090261e-09,7.441184149016885318e-09,7.407356281406641644e-09,7.351074977375388368e-09,7.274459158254180831e-09,7.179562400778138635e-09,7.068304726106198498e-09,6.942428450765783447e-09,6.803475924374849676e-09,6.652786032165025348e-09,6.491505983541422763e-09,6.320649349549047481e-09,6.141247434238571885e-09,5.954373073247928202e-09,5.761127298243170438e-09,5.562626268088816960e-09,5.359988668084019627e-09,5.154323756300715787e-09,4.946720209562143895e-09,4.738235892965269678e-09,4.529888644078530745e-09,4.322648132500365885e-09,4.117428823022717758e-09,3.915084041678657478e-09,3.716401117752241048e-09,3.522097553870907184e-09,3.332818160123913463e-09,3.149133078941226943e-09,2.971536624657925679e-09,2.800446865143503197e-09,2.636205882699646399e-09,2.479080665198615215e-09,2.329264595843365410e-09,2.186879527676184523e-09,2.051978444616711989e-09,1.924548722111944329e-09,1.804516003280149415e-09,1.691748699587266109e-09,1.586063105846548714e-09,1.487229088127282451e-09,1.394976261682929109e-09,1.309000528284114747e-09,1.228970793347885265e-09,1.154535643431307145e-09,1.085329737860974519e-09,1.020979665074202631e-09,9.611090361644971587e-10,9.053426365621785123e-10,8.533095273633130954e-10,8.046450723243689059e-10,7.589919543927589625e-10,7.160003254015180281e-10,6.753272936781338755e-10,6.366359888776041167e-10,5.995944492741765849e-10,5.638745533465483242e-10,5.291511735340006630e-10,4.951016748939822181e-10,4.614058313909568257e-10,4.277462086423860642e-10,3.938090968331095879e-10,3.592862316971225489e-10,3.238779511053802092e-10,2.872994623927248228e-10,2.492946145911824299e-10,2.096696279988826890e-10,1.683871845811006643e-10,1.258810028914962373e-10,8.442356047889791301e-11,5.560431768599109713e-11,6.984642113026961651e-11,1.180163269200990858e-10,1.790437066679940883e-10,2.481098128779685761e-10,3.245604557659959489e-10,4.087840276760192372e-10,5.016128767888469106e-10,4.962698880236289529e-10,3.850058841437940525e-10,1.095559690675030953e-10,2.123329254644371054e-10,4.431020955772965108e-10,4.842931377352304761e-10,3.185146366414943668e-10,1.708611107152255613e-11,2.918639203590722815e-10,4.756115346520922679e-10,4.562660368259047682e-10,2.425155834687364693e-10,7.389929561561199226e-11,3.575204199918457377e-10,4.872634493427445098e-10,4.081530271749504605e-10,1.548495242584079375e-10,1.641656661133399055e-10,4.109553407380054438e-10,4.803274062357239330e-10,3.427268021245661794e-10,5.792469983711102928e-11,2.525778169380890936e-10,4.538661155902296776e-10,1.191249417558407539e-11,2.056187395179788571e-10,4.159874660702237571e-10,6.258789728690507010e-10,8.349384522294266330e-10,1.042867231389784615e-09,1.249375632145823818e-09,1.454176497298277943e-09,1.656983803869135425e-09,1.857512518125170519e-09,2.055478951609660897e-09,2.250601434484292537e-09,2.442601258754792550e-09,2.631203881715427925e-09,2.816140389712090727e-09,2.997149221880573176e-09,3.173978148190324513e-09,3.346386489675796835e-09,3.514147560242809559e-09,3.677051301405261404e-09,3.834907071508064327e-09,3.987546542432726023e-09,4.134826646667765403e-09,4.276632508824057045e-09,4.412880286255976664e-09,4.543519836426718878e-09,4.668537121370955584e-09,4.787956256430295826e-09,4.901841108702560057e-09,5.010296353336236991e-09,5.113467901525577761e-09,5.211542624850648390e-09,5.304747314314079958e-09,5.393346830950595893e-09,5.477641425809401769e-09,5.557963230785670437e-09,5.634671946926786772e-09,5.708149781964729145e-09,5.778795713601280576e-09,5.847019177879485282e-09,5.913233301767150277e-09,5.977847815511933682e-09,6.041261792456481774e-09,6.103856371662249854e-09,6.165987620947964978e-09,6.227979696290850729e-09,6.290118446384731974e-09,6.352645600250809663e-09,6.415753660796178779e-09,6.479581609365814283e-09,6.544211505880969760e-09,6.609666047352028150e-09,6.675907124953607855e-09,6.742835397921726944e-09,6.810290881180011043e-09,6.878054524852474860e-09,6.945850746762416932e-09,7.013350865396272048e-09,7.080177369685175387e-09,7.145908953909187605e-09,7.210086240193235251e-09,7.272218107811633715e-09,7.331788546103677728e-09,7.388263947119072512e-09,7.441100753092915278e-09,7.489753373522853899e-09,7.533682285404205661e-09,7.572362228560000051e-09,7.605290405664722291e-09,7.631994593474789094e-09,7.651992697801096465e-09,7.664598850560881217e-09,7.668868659892596425e-09,7.663605381526927707e-09,7.647382562947602633e-09,7.618584829202031869e-09,7.575467906103994304e-09,7.516237867968908787e-09,7.439147821840743327e-09,7.342607775418302190e-09,7.225300444634344889e-09,7.086292673114182850e-09,6.925129713482596437e-09,6.741898891480493104e-09,6.537251236330808043e-09,6.312375262365576131e-09,6.068926021242781488e-09,5.808923102731581571e-09,5.534640120641115789e-09,5.248511243540456527e-09,4.953074419706857098e-09,4.650956319570150198e-09,4.344885479740606502e-09,4.037705866157262686e-09,3.732360761193971312e-09,3.431829016077411417e-09,3.139017167616655037e-09,2.856630867640285981e-09,2.587056672240009867e-09,2.332276044690485347e-09,2.093813128644065600e-09,1.872701615043269211e-09,1.669463696341300000e-09,1.484141277110945690e-09,1.316504355549142064e-09,1.166653042692967130e-09,1.036274296630124610e-09,9.307311538408708012e-10
8.851439212679747120e-10,8.818583105013215078e-10,9.453310084833596249e-10,1.061825906332897436e-09,1.217725551830565502e-09,1.402843356123445938e-09,1.610500216046597299e-09,1.836516142193521221e-09,2.078264495003090846e-09,2.333982661803030913e-09,2.602280385479651630e-09,2.881789334289844628e-09,3.170930296665823156e-09,3.467788149297243383e-09,3.770080787261984482e-09,4.075196791140516753e-09,4.380267896240276723e-09,4.682243447488801274e-09,4.977946559036221407e-09,5.264110874758728995e-09,5.537413874387306704e-09,5.794529631035841940e-09,6.032218045829116998e-09,6.247452542488669770e-09,6.437571591770336477e-09,6.600428464838767001e-09,6.734511832330129555e-09,6.839016408936154906e-09,6.913854115344097512e-09,6.959607929183350432e-09,6.977439580561558897e-09,6.968967128070451513e-09,6.936129365937450900e-09,6.881051996971208446e-09,6.805926868404189311e-09,6.712911462400998459e-09,6.604052066835310867e-09,6.481231058120016298e-09,6.346136640031365129e-09,6.200252137384062393e-09,6.044861373769188102e-09,5.881066571371944457e-09,5.709843969588427918e-09,5.532173528282475825e-09,5.349058722176657766e-09,5.161515245570130506e-09,4.970560105927002080e-09,4.777201248341231547e-09,4.582427830464937042e-09,4.387201243574568838e-09,4.192446950490960431e-09,3.999047185684446804e-09,3.807834540721500464e-09,3.619586434212022630e-09,3.435020450104966462e-09,3.254790512867925433e-09,3.079483859718099359e-09,2.909618766773687723e-09,2.745642987961462933e-09,2.587932872664459120e-09,2.436793139777206085e-09,2.292457299862712554e-09,2.155088732573390916e-09,2.024782440257276150e-09,1.901567507609900448e-09,1.785410299005206366e-09,1.676218415735691231e-09,1.573845413523055415e-09,1.478096244591212114e-09,1.388733340448336246e-09,1.305483194284360753e-09,1.228043242759742312e-09,1.156088793914491290e-09,1.089279711082015248e-09,1.027266550146090484e-09,9.696958660756277802e-10,9.162144552972084514e-10,8.664723806739580816e-10,8.201247269142711071e-10,7.768321442332324572e-10,7.362603432680137530e-10,6.980787904345057951e-10,6.619589092813939371e-10,6.275721114515154722e-10,5.945879596417909063e-10,5.626727065172946428e-10,5.314883677571074923e-10,5.006923864659011818e-10,4.699378447604006713e-10,4.388740909334919599e-10,4.071475886428687595e-10,3.744027678939043308e-10,3.402826757601195420e-10,3.044293115420335923e-10,2.664837604990847405e-10,2.260868841783736174e-10,1.828835208560651220e-10,1.365429295098051427e-10,8.687348173678457612e-11,3.512550584734667063e-11,3.272898882624616052e-11,9.369878896321027859e-11,1.628472166898916697e-10,2.387639163664883901e-10,3.219940595440868770e-10,4.134034938491418010e-10,5.140786231685489423e-10,6.253471062978982287e-10,6.198860036853907056e-10,4.822356311962871661e-10,1.390811497133611390e-10,2.630384053710538686e-10,5.525589068174972530e-10,6.061864002313560507e-10,4.014801998741144378e-10,2.697875306904660835e-11,3.592735080128467608e-10,5.904682689076855386e-10,5.695001199859292080e-10,3.063579189550664213e-10,8.560108400910082133e-11,4.380743865616054924e-10,6.006029217515511776e-10,5.044660518938682679e-10,1.924801140376740881e-10,2.028043070609950044e-10,5.075173722329197697e-10,5.929192759541429438e-10,4.221467393351528486e-10,6.938774343284531465e-11,3.149270005638250642e-10,5.634413347648122051e-10,1.215096153812576641e-11,2.129114069252027191e-10,4.299012608610968919e-10,6.464357898676405090e-10,8.621617922345938491e-10,1.076784174092327440e-09,1.290015115552692009e-09,1.501566615975772166e-09,1.711148520563504234e-09,1.918467923944671863e-09,2.123229162258382466e-09,2.325134199449166273e-09,2.523883356349378006e-09,2.719176369929630374e-09,2.910713778955342083e-09,3.098198630743640138e-09,3.281338499462099855e-09,3.459847800332928121e-09,3.633450378337185131e-09,3.801882343745755663e-09,3.964895120543630961e-09,4.122258666672416860e-09,4.273764817738501337e-09,4.419230697434175557e-09,4.558502129500722160e-09,4.691456977086329124e-09,4.818008327494594205e-09,4.938107432940276300e-09,5.051746313005069778e-09,5.158959921808170697e-09,5.259827783552170450e-09,5.354475004756611495e-09,5.443072579606298236e-09,5.525836917700398138e-09,5.603028539758966958e-09,5.674949906870776512e-09,5.741942371602593508e-09,5.804382263805381858e-09,5.862676149848766028e-09,5.917255329141753768e-09,5.968569656423562543e-09,6.017080800232558846e-09,6.063255067101618037e-09,6.107555936356650792e-09,6.150436461418055224e-09,6.192331699517805797e-09,6.233651333443011713e-09,6.274772645147521386e-09,6.316033992628513991e-09,6.357728928856731875e-09,6.400101084554831691e-09,6.443339916339798435e-09,6.487577399253866591e-09,6.532885718226937663e-09,6.579275988414395862e-09,6.626698009909876920e-09,6.675041040056874684e-09,6.724135546170633253e-09,6.773755884892581660e-09,6.823623840792859028e-09,6.873412947497201127e-09,6.922753508073418626e-09,6.971238228738578707e-09,7.018428378716515904e-09,7.063860390482673046e-09,7.107052816077095457e-09,7.147513557500842524e-09,7.184747290832045421e-09,7.218263004413821661e-09,7.247581571767550214e-09,7.272200041024453206e-09,7.291416717985446186e-09,7.304276678017949961e-09,7.309570522196634219e-09,7.305847456767046686e-09,7.291444766946184578e-09,7.264535450457393674e-09,7.223195021229852322e-09,7.165487137940227542e-09,7.089565667605443957e-09,6.993788115815152247e-09,6.876832312449673334e-09,6.737805390410879490e-09,6.576332277136642343e-09,6.392611146316953370e-09,6.187426438788670783e-09,5.962116452328714212e-09,5.718501298700804128e-09,5.458786001313645420e-09,5.185459341150162337e-09,4.901208547357796348e-09,4.608861812131373685e-09,4.311357100032186626e-09,4.011722436699335933e-09,3.713046456568160466e-09,3.418422350085910765e-09,3.130861632383628576e-09,2.853188976271522839e-09,2.587936676302401493e-09,2.337252213261741167e-09,2.102818717825413378e-09,1.885779576700768482e-09,1.686674325712354772e-09,1.505447127908222816e-09,1.341672369820690602e-09,1.195211698922915071e-09,1.067516593364279374e-09,9.636667630408372002e-10
9.155213958520018920e-10,9.094613878579948856e-10,9.685040024711062807e-10,1.079968023816610120e-09,1.230898230499757228e-09,1.411216977175944386e-09,1.614027233568090850e-09,1.834811602568771847e-09,2.070600384595778572e-09,2.319336446445841152e-09,2.579406426748917881e-09,2.849296021604337195e-09,3.127352019761311930e-09,3.411643597757091836e-09,3.699910464079574005e-09,3.989575635760144535e-09,4.277794721244677595e-09,4.561516449386525932e-09,4.837540501299154133e-09,5.102573355038655643e-09,5.353293712147939082e-09,5.586440965708591918e-09,5.798932686331217142e-09,5.988004525908247411e-09,6.151354533436951966e-09,6.287268529818946924e-09,6.394705412008280957e-09,6.473329307726576026e-09,6.523485942677806453e-09,6.546130063107924641e-09,6.542717148492728286e-09,6.515075305986432606e-09,6.465272655562688254e-09,6.395492766097882933e-09,6.307926949178242396e-09,6.204688396914066149e-09,6.087749865830476009e-09,5.958904141505502634e-09,5.819744905941275121e-09,5.671664762712589041e-09,5.515866875930241254e-09,5.353386762476308989e-09,5.185144726663222813e-09,5.012056816593827462e-09,4.835051308519389315e-09,4.655059142706798159e-09,4.473004757212536444e-09,4.289797415249458209e-09,4.106323103168029055e-09,3.923437056281990219e-09,3.741956951124772931e-09,3.562656785186954222e-09,3.386261450570462520e-09,3.213441996244842627e-09,3.044811565538964207e-09,2.880921992965853592e-09,2.722261045668846734e-09,2.569250301227961703e-09,2.422243664247215797e-09,2.281526537740640914e-09,2.147315681092947304e-09,2.019759800674023573e-09,1.898940930488325110e-09,1.784876663586779165e-09,1.677523288016559638e-09,1.576779859150192901e-09,1.482493202432096188e-09,1.394463785801778069e-09,1.312452332835543490e-09,1.236186972315730996e-09,1.165370646363760845e-09,1.099688439526770833e-09,1.038814457333256837e-09,9.824178833665192878e-10,9.301678848746391160e-10,8.817371182258207215e-10,8.368036985689275848e-10,7.950516332963422264e-10,7.561698586846947131e-10,7.198501473201477080e-10,6.857842538826135287e-10,6.536607253769371252e-10,6.231618099881676413e-10,5.939608540392728021e-10,5.657204864277165043e-10,5.380917646092377632e-10,5.107143178994507274e-10,4.832173915301086339e-10,4.552215905342850627e-10,4.263410612438407566e-10,3.961858451312859222e-10,3.643642117121911371e-10,3.304849727154997332e-10,2.941602474095902570e-10,2.550103875462357264e-10,2.126766668355246004e-10,1.668625582075859599e-10,1.175048746486784653e-10,6.588244319508178881e-11,3.142638795013333014e-11,7.546115771344788539e-11,1.445752841291470868e-10,2.228793769783746611e-10,3.096371958884681748e-10,4.054546585925963980e-10,5.113367156151709764e-10,6.285524300471993755e-10,7.586010391378462192e-10,7.531404184768631789e-10,5.869299470543741080e-10,1.701671780124214400e-10,3.197065441135106824e-10,6.741178977188402847e-10,7.428302066196183896e-10,4.975519717708931794e-10,4.504920965181890863e-11,4.252660972428178198e-10,7.093513881841028343e-10,6.895360832792616792e-10,3.767871646003691261e-10,9.366292147388562308e-11,5.170245649835736475e-10,7.132611113173111383e-10,5.988138392290632923e-10,2.259080086277425448e-10,2.519041708676049232e-10,6.153624036878590014e-10,7.150783119017590502e-10,5.062261293343086644e-10,7.871083093230461175e-11,3.860065845961832266e-10,6.856619827159104552e-10,1.236496180711063002e-11,2.204714465295904287e-10,4.443805914070417821e-10,6.678593046452271087e-10,8.905595175125420692e-10,1.112192048753215576e-09,1.332472933323772251e-09,1.551115094274270901e-09,1.767825812003175879e-09,1.982305701123259808e-09,2.194248373024513453e-09,2.403340581427955475e-09,2.609262794921959113e-09,2.811690178644774801e-09,3.010293974678065420e-09,3.204743268908187070e-09,3.394707127783730012e-09,3.579857084005315131e-09,3.759869945358223207e-09,3.934430896959554460e-09,4.103236862316833283e-09,4.266000083271489704e-09,4.422451872755792351e-09,4.572346487275516160e-09,4.715465057777278395e-09,4.851619509505989056e-09,4.980656393055669590e-09,5.102460540727385928e-09,5.216958456518717241e-09,5.324121342751925867e-09,5.423967664665914651e-09,5.516565155155864953e-09,5.602032166363654769e-09,5.680538282904955017e-09,5.752304123383003092e-09,5.817600273164893954e-09,5.876745309390715296e-09,5.930102902069249087e-09,5.978077998251230875e-09,6.021112121772741976e-09,6.059677846270174007e-09,6.094272524051795694e-09,6.125411376279198700e-09,6.153620070674284751e-09,6.179426930511390563e-09,6.203354931807915236e-09,6.225913655149255133e-09,6.247591362883532787e-09,6.268847371812147155e-09,6.290104885815972490e-09,6.311744442130223643e-09,6.334098109276907177e-09,6.357444554815267867e-09,6.382005077194991636e-09,6.407940669736285709e-09,6.435350156831644311e-09,6.464269414362875333e-09,6.494671659257419101e-09,6.526468768753107329e-09,6.559513569339649109e-09,6.593603018366718511e-09,6.628482189985812076e-09,6.663848970047036449e-09,6.699359361417620848e-09,6.734633302680268831e-09,6.769260905779997041e-09,6.802809023705380970e-09,6.834828064455603514e-09,6.864858972837542148e-09,6.892440305796580148e-09,6.917076609921377576e-09,6.938080743947210841e-09,6.954521169457730304e-09,6.965215802587870910e-09,6.968738097118938490e-09,6.963437585204469112e-09,6.947476990099078156e-09,6.918887549641096594e-09,6.875643188564362278e-09,6.815752532630615978e-09,6.737365449137028179e-09,6.638887980498175430e-09,6.519096608643155326e-09,6.377240417438411898e-09,6.213118792168066786e-09,6.027123704227211919e-09,5.820239922762871970e-09,5.594003412139348394e-09,5.350426297093172514e-09,5.091903583437534725e-09,4.821119425587840263e-09,4.540967264813335944e-09,4.254489219545825419e-09,3.964829235350969272e-09,3.675186901796145201e-09,3.388758541706860207e-09,3.108659199213211908e-09,2.837828802949144082e-09,2.578931152029553663e-09,2.334251247805647273e-09,2.105588261307728365e-09,1.894141012869427080e-09,1.700408387864417135e-09,1.524188274201282832e-09,1.364836565991053069e-09,1.221989962881411351e-09,1.096911857071375213e-09,9.944709722314919201e-10
9.432055511310387114e-10,9.340258330701885465e-10,9.883994327953162214e-10,1.094619716762009644e-09,1.240357463369862784e-09,1.415650586390203565e-09,1.613397055978487088e-09,1.828746925925256284e-09,2.058385203272458524e-09,2.299955628129793604e-09,2.551618086563789470e-09,2.811710401663928526e-09,3.078504449465417407e-09,3.350053425398701761e-09,3.624121111787353540e-09,3.898174763775801253e-09,4.169418463124365426e-09,4.434846769670612676e-09,4.691307800685904085e-09,4.935575601091546579e-09,5.164438248825259461e-09,5.374807386961163555e-09,5.563847632897156216e-09,5.729114689740851640e-09,5.868683848933671992e-09,5.981249067590449751e-09,6.066177214202040717e-09,6.123510343970228244e-09,6.153918001688456335e-09,6.158608998276511484e-09,6.139216473359816998e-09,6.097671162590216303e-09,6.036076299321653751e-09,5.956594522430452968e-09,5.861353534514095868e-09,5.752373811372999745e-09,5.631518850384113780e-09,5.500466433732357779e-09,5.360698149539021898e-09,5.213503828937760857e-09,5.059997443952453088e-09,4.901141200979410655e-09,4.737794457104777330e-09,4.570808541445694542e-09,4.401040421731472804e-09,4.229344515519939004e-09,4.056564841805847724e-09,3.883527575092228758e-09,3.711034048842449038e-09,3.539854241554866907e-09,3.370720766016266774e-09,3.204323372938736012e-09,3.041303973600122812e-09,2.882252183679281416e-09,2.727701392273634322e-09,2.578125367428940595e-09,2.433935419716173488e-09,2.295478161797813048e-09,2.163033919540610578e-09,2.036815869502969101e-09,1.916969994299007369e-09,1.803575958978286034e-09,1.696649011194534897e-09,1.596142993986643401e-09,1.501954525025781114e-09,1.413928340257588329e-09,1.331863721899521239e-09,1.255521837457143761e-09,1.184633715281884932e-09,1.118908488260683718e-09,1.058041465271243493e-09,1.001721554086432914e-09,9.496375716157773557e-10,9.014830405098025479e-10,8.569591833124452522e-10,8.157759763547951902e-10,7.776512993987516728e-10,7.423083958787143566e-10,7.094720214217113366e-10,6.788637860830548499e-10,6.501972706989680589e-10,6.231735073653508069e-10,5.974773541086061766e-10,5.727751702973118236e-10,5.487140316798463732e-10,5.249225414794832763e-10,5.010131325883265066e-10,4.765856539201636721e-10,4.512320260145747369e-10,4.245418818509975805e-10,3.961094560067437309e-10,3.655427403487267999e-10,3.324775991883374340e-10,2.966036064367580999e-10,2.577194609505855052e-10,2.158703617569822352e-10,1.717449149705734568e-10,1.280379253471866659e-10,9.455543897178601138e-11,9.604112246466652499e-11,1.409478972764442352e-10,2.101407751116687355e-10,2.936627528884654767e-10,3.889935059622174013e-10,4.959707869875862578e-10,6.152928757606163944e-10,7.480250383467932932e-10,8.952741373472457211e-10,8.899279524173810718e-10,6.936346967730713002e-10,1.989808517367036755e-10,3.843931681441675739e-10,8.089600685170999443e-10,8.960533287114674338e-10,6.107011580567809647e-10,7.718717584589367219e-11,4.801982847794057863e-10,8.218411964816709103e-10,8.076373942228499505e-10,4.493824319121152766e-10,1.005992797406205147e-10,5.885231626326923077e-10,8.146879346068162493e-10,6.783603274464485168e-10,2.433259472570967246e-10,3.222300395602053410e-10,7.420995757581106390e-10,8.510879787882978641e-10,5.966261166066609231e-10,8.555117623634373604e-11,4.663504749513253778e-10,8.213580499099638136e-10,1.255677987939667626e-11,2.283065244905174775e-10,4.594503873457629414e-10,6.901918288569997162e-10,9.201912084254700966e-10,1.149167439569109877e-09,1.376842222629941905e-09,1.602930930618467819e-09,1.827139541581392912e-09,2.049163205973466359e-09,2.268685604081576108e-09,2.485378883264898347e-09,2.698904112716110990e-09,2.908912230895195379e-09,3.115045468029995540e-09,3.316939224189567815e-09,3.514224380439549674e-09,3.706530016430306312e-09,3.893486504811775058e-09,4.074728948461913617e-09,4.249900922684428087e-09,4.418658479181508477e-09,4.580674362676194028e-09,4.735642384553864036e-09,4.883281890453909217e-09,5.023342251462344935e-09,5.155607301341737114e-09,5.279899635365392626e-09,5.396084680545404851e-09,5.504074442717330424e-09,5.603830832925819975e-09,5.695368475441423569e-09,5.778756901212082075e-09,5.854122035969935558e-09,5.921646899781281827e-09,5.981571446499901975e-09,6.034191486027287723e-09,6.079856650044218077e-09,6.118967382758163367e-09,6.151970960936347713e-09,6.179356572205162052e-09,6.201649506065827751e-09,6.219404538151735447e-09,6.233198612139848989e-09,6.243622947490454069e-09,6.251274720869488831e-09,6.256748486010546394e-09,6.260627509173527446e-09,6.263475204663568695e-09,6.265826856722160063e-09,6.268181810153117912e-09,6.270996301498902571e-09,6.274677086657649092e-09,6.279575998268161222e-09,6.285985539919409973e-09,6.294135592941055083e-09,6.304191278905527385e-09,6.316251987413768068e-09,6.330351546520018739e-09,6.346459484123937670e-09,6.364483304189905700e-09,6.384271682799423580e-09,6.405618476571570354e-09,6.428267429460083601e-09,6.451917463135873595e-09,6.476228439932208164e-09,6.500827294481502744e-09,6.525314439114075511e-09,6.549270357523410099e-09,6.572262310665094531e-09,6.593816235119284163e-09,6.613274280561497121e-09,6.629744811028202069e-09,6.642093328554711477e-09,6.648943734410828395e-09,6.648692150535386845e-09,6.639535548671478697e-09,6.619517169796180542e-09,6.586590004783976428e-09,6.538698312286708845e-09,6.473875208697616891e-09,6.390351851118168000e-09,6.286670922717768210e-09,6.161794547553511472e-09,6.015195155380325752e-09,5.846918024962119367e-09,5.657606907077154364e-09,5.448489345882555338e-09,5.221325236408192866e-09,4.978328921481264851e-09,4.722079310591143302e-09,4.455432094030980779e-09,4.181442793698042664e-09,3.903301175740678113e-09,3.624270256750325276e-09,3.347620329448955527e-09,3.076551037392623075e-09,2.814099754149892294e-09,2.563037482926504845e-09,2.325751310989038353e-09,2.104109005056494470e-09,1.899309262193602894e-09,1.711756554330503948e-09,1.541065812909796694e-09,1.386369800117705712e-09,1.247112257098544044e-09,1.124426340543429172e-09,1.023039147204379910e-09
9.681771439725232480e-10,9.555748149749797346e-10,1.005083808943239567e-09,1.105903027316449418e-09,1.246300200643455516e-09,1.416438061639925024e-09,1.609025756992478524e-09,1.818889792020081770e-09,2.042371297436003817e-09,2.276812642073197400e-09,2.520144571952340462e-09,2.770556206903792105e-09,3.026245673820392713e-09,3.285253916380323081e-09,3.545377015003253356e-09,3.804142760339310674e-09,4.058832361804306220e-09,4.306530302301295986e-09,4.544192470126702400e-09,4.768730351763808429e-09,4.977112920530323452e-09,5.166486025041203920e-09,5.334302955559445105e-09,5.478453035576150543e-09,5.597371204376369892e-09,5.690112533251327499e-09,5.756381050018579565e-09,5.796510080093039847e-09,5.811399050161777212e-09,5.802417426521286800e-09,5.771289300780040020e-09,5.719972197736749809e-09,5.650541687936569105e-09,5.565090279337065887e-09,5.465645684387661096e-09,5.354110513393524830e-09,5.232223058008073744e-09,5.101537195484054265e-09,4.963418507368293852e-09,4.819053324306601009e-09,4.669467417945716895e-09,4.515551308433302164e-09,4.358105614375072043e-09,4.197921991931692436e-09,4.035794349359479640e-09,3.872511703664870878e-09,3.708851282512068921e-09,3.545571907951478754e-09,3.383407687972423000e-09,3.223062033401688017e-09,3.065202012030671104e-09,2.910453049473694915e-09,2.759393988610336686e-09,2.612552526429978163e-09,2.470401059536955291e-09,2.333352986983845019e-09,2.201759542014021499e-09,2.075907249570486128e-09,1.956016133449892775e-09,1.842238820847323448e-09,1.734660707518723009e-09,1.633301348352991947e-09,1.538117217781370160e-09,1.449005937606594931e-09,1.365811992237283297e-09,1.288333844417711276e-09,1.216332236831503820e-09,1.149539328491599402e-09,1.087668190395050739e-09,1.030422091271071009e-09,9.775029617581692259e-10,9.286184440661812742e-10,8.834870187277809953e-10,8.418408439435350556e-10,8.034261326234832521e-10,7.680011104212358511e-10,7.353318235951640579e-10,7.051862777918858105e-10,6.773275641524419856e-10,6.515067451393526710e-10,6.274563072867488718e-10,6.048849281093573458e-10,5.834741517339744968e-10,5.628773430529330420e-10,5.427210368842427022e-10,5.226085733864348867e-10,5.021257745928094862e-10,4.808484268848691271e-10,4.583515506618961247e-10,4.342209526263965368e-10,4.080685719473004740e-10,3.795551425756976789e-10,3.484279446691552606e-10,3.145911215876098400e-10,2.782498376816924401e-10,2.402308982565081864e-10,2.027364641014322893e-10,1.710434116779020378e-10,1.558710219440063954e-10,1.700210313677913889e-10,2.155577270933205421e-10,2.849646816546887153e-10,3.720831221681542916e-10,4.742125488734914118e-10,5.906692605496280164e-10,7.217090002015182313e-10,8.678371894797373787e-10,1.029051509590982331e-09,1.023921752344675764e-09,7.969072913354207668e-10,2.222075937761901760e-10,4.575144915376819706e-10,9.560465531257659789e-10,1.065319494069936444e-09,7.430434470984855518e-10,1.295798773862960409e-10,5.132364019895162681e-10,9.145806815155802628e-10,9.106924038311675800e-10,5.150874409779346902e-10,1.226018926601499462e-10,6.536321767523052170e-10,8.990577104933976527e-10,7.322707760065709973e-10,2.301025805424195011e-10,4.217564949445721769e-10,8.965422316746447228e-10,1.008160064064343481e-09,6.988686569664046601e-10,9.422019428252750055e-11,5.523191489108919737e-10,9.671131645990003327e-10,1.272835757498340824e-11,2.364158913797586540e-10,4.751148827870013890e-10,7.134432596541794787e-10,9.510731021542968420e-10,1.187733690344008173e-09,1.423154253807692997e-09,1.657054139627575595e-09,1.889139223241549379e-09,2.119100080400545045e-09,2.346611058664508828e-09,2.571330028848183651e-09,2.792898745889675178e-09,3.010943786718323124e-09,3.225078041075954922e-09,3.434902731525530078e-09,3.640009936530774182e-09,3.839985587318409177e-09,4.034412905397232752e-09,4.222876242521250231e-09,4.404965279158914899e-09,4.580279531068650765e-09,4.748433106633565478e-09,4.909059650755274107e-09,5.061817404677064264e-09,5.206394305092680104e-09,5.342513040780357938e-09,5.469935980855844193e-09,5.588469885065116941e-09,5.697970304341112938e-09,5.798345577990287461e-09,5.889560333514253775e-09,5.971638395911573976e-09,6.044665015296160641e-09,6.108788326373933182e-09,6.164219959656384486e-09,6.211234733857341764e-09,6.250169371628742224e-09,6.281420196610753243e-09,6.305439789320628072e-09,6.322732602003015934e-09,6.333849557996239034e-09,6.339381688907277002e-09,6.339952891127443103e-09,6.336211912743841648e-09,6.328823708899953031e-09,6.318460328918789468e-09,6.305791519883574893e-09,6.291475247217399996e-09,6.276148342604470526e-09,6.260417492499644234e-09,6.244850774957099764e-09,6.229969939367435842e-09,6.216243602761866669e-09,6.204081507856336471e-09,6.193829954041944742e-09,6.185768473977814207e-09,6.180107788272881159e-09,6.176989030353707195e-09,6.176484196280899032e-09,6.178597741663022228e-09,6.183269221618021661e-09,6.190376851312839555e-09,6.199741854149933397e-09,6.211133461647262715e-09,6.224274432949338261e-09,6.238846970571365252e-09,6.254498921375665060e-09,6.270850165567629041e-09,6.287499110438258090e-09,6.303997621841277049e-09,6.319721747903690555e-09,6.333824945893839331e-09,6.345227571652189202e-09,6.352615061001820202e-09,6.354446925838452566e-09,6.348978805580183739e-09,6.334299705663884576e-09,6.308386069789589692e-09,6.269173333046151253e-09,6.214643997081961974e-09,6.142929076189544573e-09,6.052417169713441971e-09,5.941862827439611292e-09,5.810483915195355809e-09,5.658037107388452858e-09,5.484862105819741559e-09,5.291888981530706842e-09,5.080608710823664410e-09,4.853013196425762253e-09,4.611515852303170818e-09,4.358865282526719887e-09,4.098061882928000074e-09,3.832281345174888749e-09,3.564802686837092663e-09,3.298934461928473491e-09,3.037932462929601041e-09,2.784904013450448315e-09,2.542694748654507912e-09,2.313752320078222948e-09,2.099962624527192107e-09,1.902470385981601074e-09,1.721540295508259890e-09,1.556582931546994876e-09,1.406521557331796109e-09,1.270652620748633030e-09,1.150039178994059824e-09,1.049325113673552183e-09
9.904867247221133771e-10,9.742009767551847262e-10,1.018684836410892371e-09,1.113986142025195772e-09,1.248947967897547146e-09,1.413869400872630066e-09,1.601289170301486843e-09,1.805722400616578759e-09,2.023170859701846325e-09,2.250675497446411703e-09,2.485936773476952462e-09,2.726995094996410822e-09,2.971977098632202071e-09,3.218916945633369118e-09,3.465653240093580472e-09,3.709791507607436505e-09,3.948716354499217396e-09,4.179638180691863803e-09,4.399664390228263383e-09,4.605890413116598659e-09,4.795508098674095582e-09,4.965927059468162744e-09,5.114899845817703004e-09,5.240637388647816088e-09,5.341899635707497149e-09,5.418048796667260309e-09,5.469058357328347518e-09,5.495478125658944021e-09,5.498361997073452613e-09,5.479169455036133693e-09,5.439653545362161903e-09,5.381747448621495615e-09,5.307459546426177799e-09,5.218783869366756553e-09,5.117629738563249642e-09,5.005771747516526191e-09,4.884819213448953230e-09,4.756202901521091540e-09,4.621176112738397342e-09,4.480826987584396199e-09,4.336098962160440113e-09,4.187816584947476210e-09,4.036727431766695976e-09,3.883571062290725154e-09,3.729088063166652975e-09,3.574013668626236800e-09,3.419071507266442873e-09,3.264967490832532402e-09,3.112383854562327848e-09,2.961973355476177700e-09,2.814353636106843002e-09,2.670101766906319216e-09,2.529748992767270003e-09,2.393775727545719329e-09,2.262606866052342794e-09,2.136607515368396798e-09,2.016079284760115503e-09,1.901257313139542424e-09,1.792308250151849317e-09,1.689329433872484234e-09,1.592349516201458537e-09,1.501330765840894048e-09,1.416173219901566907e-09,1.336720752866034146e-09,1.262768988609690359e-09,1.194074806982301523e-09,1.130367012445869481e-09,1.071357563669289236e-09,1.016752638835113600e-09,9.662627543804422385e-10,9.196111780358796693e-10,8.765399805583062455e-10,8.368132442140831979e-10,8.002171716660801627e-10,7.665570977394980830e-10,7.356516796756121024e-10,7.073248109734058961e-10,6.813960487439728996e-10,6.576705354589292849e-10,6.359294998288894609e-10,6.159224027368801046e-10,5.973616353729672979e-10,5.799203891768840283e-10,5.632339527508249499e-10,5.469043330209850875e-10,5.305078432865822945e-10,5.136052361722211366e-10,4.957541514130424987e-10,4.765241614496036733e-10,4.555156475463099577e-10,4.323854004732911103e-10,4.068848509331368039e-10,3.789226069697918109e-10,3.486744739956049638e-10,3.167868868071278137e-10,2.847595540175896291e-10,2.556275541486220193e-10,2.348926806855727188e-10,2.306431293100875303e-10,2.504477254468747070e-10,2.965167354225985194e-10,3.660807552472450028e-10,4.555910713440353041e-10,5.628551407076221187e-10,6.870447906111566820e-10,8.281270307329393232e-10,9.861490407107419293e-10,1.160149411890395795e-09,1.155309636255657008e-09,8.982832227463073556e-10,2.455255332692442948e-10,5.310652893696841497e-10,1.104346029232173022e-09,1.239562311661809739e-09,8.872074018674054986e-10,2.072325581341246816e-10,5.226841587692692142e-10,9.776688321046567975e-10,9.840047522028481230e-10,5.595593678889937849e-10,1.851126310747792418e-10,7.313092699271294056e-10,9.793971375664090235e-10,7.676495371300517311e-10,1.807594355499866198e-10,5.449061053063550793e-10,1.077206961801981478e-09,1.187696376176188199e-09,8.169901374933653196e-10,1.121004230632949149e-10,6.358435382614451266e-10,1.113656541183506603e-09,1.288130143545713094e-11,2.447912427129164887e-10,4.913603253716294471e-10,7.375955325996930681e-10,9.831841646317949789e-10,1.227868424153426898e-09,1.471387169593773080e-09,1.713465416197693653e-09,1.953810239119263301e-09,2.192108564420710434e-09,2.428025971137655388e-09,2.661206271796435581e-09,2.891271790555983655e-09,3.117824299863698853e-09,3.340446588777367795e-09,3.558704639434230087e-09,3.772150386858866748e-09,3.980325033847658364e-09,4.182762885926213227e-09,4.378995663367271925e-09,4.568557237949522555e-09,4.750988731966553952e-09,4.925843908693965633e-09,5.092694775458541359e-09,5.251137314765326230e-09,5.400797255338314054e-09,5.541335792882847144e-09,5.672455170171510383e-09,5.793904026645173793e-09,5.905482429104160119e-09,6.007046496028259588e-09,6.098512529213884113e-09,6.179860566769279497e-09,6.251137271775981201e-09,6.312458071178164742e-09,6.364008461060480281e-09,6.406044397265309145e-09,6.438891696480975985e-09,6.462944382343242707e-09,6.478661925613162347e-09,6.486565346565650356e-09,6.487232172502360828e-09,6.481290272462924302e-09,6.469410624724241651e-09,6.452299108634658686e-09,6.430687448944311843e-09,6.405323476849095501e-09,6.376960903767489792e-09,6.346348830775452944e-09,6.314221235583965482e-09,6.281286688863379256e-09,6.248218551267990239e-09,6.215645891042221753e-09,6.184145340290391178e-09,6.154234076053241435e-09,6.126364072294795539e-09,6.100917723268856726e-09,6.078204889085347548e-09,6.058461365619665776e-09,6.041848733840272543e-09,6.028455502957465887e-09,6.018299428798723993e-09,6.011330864531069025e-09,6.007436987543433351e-09,6.006446741456406596e-09,6.008136336600212955e-09,6.012235163238130712e-09,6.018431987712226299e-09,6.026381319542220169e-09,6.035709856810589494e-09,6.045994042134077105e-09,6.056642090529579525e-09,6.066850679890400764e-09,6.075594104868247180e-09,6.081620724349003645e-09,6.083458671662492484e-09,6.079432975602625563e-09,6.067696244217570859e-09,6.046274754505853711e-09,6.013131031591176759e-09,5.966242689276280714e-09,5.903695418819186090e-09,5.823785677892588226e-09,5.725126155941148309e-09,5.606744990606631219e-09,5.468168641048767295e-09,5.309478934445612452e-09,5.131337465981281427e-09,4.934975063485919602e-09,4.722149490383440273e-09,4.495079381415970958e-09,4.256364879663407178e-09,4.008904537963251418e-09,3.755814094861906562e-09,3.500347464782404756e-09,3.245815913140923946e-09,2.995499172587034735e-09,2.752541577764087063e-09,2.519825537595108811e-09,2.299814206932600545e-09,2.094361090340604324e-09,1.904508441540188123e-09,1.730347654379803265e-09,1.571080163375265415e-09,1.425449056115513960e-09,1.292656635030245408e-09,1.173751281907598144e-09,1.073336728490393985e-09
1.010240691047183556e-09,9.900510179987478701e-10,1.029378134326084665e-09,1.119074186453329736e-09,1.248542863782535056e-09,1.408232841075123701e-09,1.590532083407277348e-09,1.789658750757347973e-09,2.001282344576410676e-09,2.222144386043595806e-09,2.449715069331189583e-09,2.681886573677085780e-09,2.916716483995433184e-09,3.152237627510646531e-09,3.386340710325701303e-09,3.616723885065450805e-09,3.840896041840459887e-09,4.056219732016247073e-09,4.259982889238674811e-09,4.449492247844452937e-09,4.622182760625005416e-09,4.775735689399975926e-09,4.908194783074911970e-09,5.018067447214457537e-09,5.104397961372985693e-09,5.166803145709704664e-09,5.205466525508541071e-09,5.221093318324861356e-09,5.214833837870496322e-09,5.188186134916081594e-09,5.142889615810016048e-09,5.080820350100022623e-09,5.003896484794652428e-09,4.913999356551540100e-09,4.812913130013338043e-09,4.702283470771185003e-09,4.583594056173662024e-09,4.458158646683142459e-09,4.327125895766374712e-09,4.191493935470204017e-09,4.052131900709645208e-09,3.909805828520549010e-09,3.765217372047609113e-09,3.619062350887459782e-09,3.472037839325201184e-09,3.324836314173786870e-09,3.178139789604936930e-09,3.032613935119817306e-09,2.888902170766088124e-09,2.747619736021618750e-09,2.609347737677834932e-09,2.474627197929804432e-09,2.343953148862441502e-09,2.217768854376936389e-09,2.096460285228980493e-09,1.980351026431538214e-09,1.869697855395189595e-09,1.764687286982099114e-09,1.665433428860944053e-09,1.571977513616487049e-09,1.484289458540599789e-09,1.402271734990943750e-09,1.325765700255852276e-09,1.254560355432843646e-09,1.188403260211765057e-09,1.127013087000516676e-09,1.070093071045319307e-09,1.017344447862951070e-09,9.684788941274616508e-10,9.232290150860554062e-10,8.813560454372004244e-10,8.426541313457691664e-10,8.069508140457573122e-10,7.741036192441119552e-10,7.439929588091274951e-10,7.165118656247293726e-10,6.915534012126900019e-10,6.689968752457596016e-10,6.486942516402110298e-10,6.304582215144478055e-10,6.140533361925690701e-10,5.991912838585012102e-10,5.855308972439233493e-10,5.726829063870529991e-10,5.602189512384964113e-10,5.476840947521723017e-10,5.346121268384709837e-10,5.205433664829051312e-10,5.050454728395453086e-10,4.877390385969941240e-10,4.683316804001745874e-10,4.466674565681219641e-10,4.228036213301379860e-10,3.971351650048599498e-10,3.705993924523258331e-10,3.449999551645883181e-10,3.234519130488445153e-10,3.107499980297558048e-10,3.130069654271302313e-10,3.358330469257627887e-10,3.820346244413693108e-10,4.513340842711950275e-10,5.421352030774598855e-10,6.531418877592567700e-10,7.839602621774380567e-10,9.350697601494586369e-10,1.107509129803565787e-09,1.302319862008482522e-09,1.297820469528840608e-09,1.013665101120965558e-09,2.938692972559622940e-10,5.833849059726208203e-10,1.225977752572431250e-09,1.389864946670184571e-09,1.020034241702362216e-09,3.125587328862602520e-10,5.382852113114153200e-10,1.018136907439019923e-09,1.019526434442507187e-09,5.654975910716088423e-10,2.955598801707995553e-10,8.605168502873113329e-10,1.099383070502191906e-09,8.309409322643820428e-10,1.575934537547146456e-10,6.692783903419895032e-10,1.261859935895298981e-09,1.373934962778244905e-09,9.432452224151647616e-10,1.387632243159823421e-10,7.102864233270556792e-10,1.250910647102088504e-09,1.301691152716308436e-11,2.534172806027619847e-10,5.081569904462204751e-10,7.626060304739369702e-10,1.016470827664698816e-09,1.269509515059603227e-09,1.521473060695566978e-09,1.772094140724642751e-09,2.021082551896492500e-09,2.268122640542352130e-09,2.512871851443239089e-09,2.754960145766072946e-09,2.993990195567079105e-09,3.229538312458040928e-09,3.461156086936519048e-09,3.688372722612318959e-09,3.910698048442919297e-09,4.127626186098922686e-09,4.338639837717655178e-09,4.543215145345771976e-09,4.740827057562002800e-09,4.930955124356934692e-09,5.113089629044937240e-09,5.286737956929859079e-09,5.451431096004880184e-09,5.606730163962872619e-09,5.752232858519989857e-09,5.887579733747870040e-09,6.012460211226083957e-09,6.126618242332107629e-09,6.229857543410525671e-09,6.322046329359658487e-09,6.403121472459440238e-09,6.473092011209556936e-09,6.532041930698803662e-09,6.580132130026735594e-09,6.617601488154013078e-09,6.644766935941995447e-09,6.662022443528306052e-09,6.669836839062397995e-09,6.668750388895014949e-09,6.659370092143234188e-09,6.642363673479874200e-09,6.618452297245355736e-09,6.588402070705408495e-09,6.553014453727132396e-09,6.513115741454774114e-09,6.469545833629524281e-09,6.423146544465229707e-09,6.374749738106259959e-09,6.325165593160067741e-09,6.275171303983773747e-09,6.225500516103319947e-09,6.176833767459841768e-09,6.129790168719465596e-09,6.084920506456268622e-09,6.042701895514647885e-09,6.003534046158561549e-09,5.967737150168499826e-09,5.935551333309070457e-09,5.907137571306165403e-09,5.882579927074787501e-09,5.861888938014405200e-09,5.845005966768837623e-09,5.831808323949449427e-09,5.822114977685440827e-09,5.815692678950271976e-09,5.812262351955151673e-09,5.811505621763582415e-09,5.813071375753136047e-09,5.816555613905080493e-09,5.821393117535133851e-09,5.826817671465526756e-09,5.831851676044836641e-09,5.835301875206316711e-09,5.835762989779163456e-09,5.831631263226305773e-09,5.821130011612174581e-09,5.802349095570659629e-09,5.773299666395528104e-09,5.731984475109383128e-09,5.676482428974323436e-09,5.605044008939291606e-09,5.516191860457170490e-09,5.408818760367097585e-09,5.282273813543319158e-09,5.136427742357553748e-09,4.971709916654904396e-09,4.789113312638896694e-09,4.590168245114186514e-09,4.376890251193290593e-09,4.151710437657472712e-09,3.917396848527207779e-09,3.676972869266166860e-09,3.433634416334792592e-09,3.190663291550489877e-09,2.951330755444177103e-09,2.718783094203431510e-09,2.495899388857755811e-09,2.285112765559569066e-09,2.088197109005020046e-09,1.906052369721035882e-09,1.738577031574586285e-09,1.584774354079304304e-09,1.443247905599048986e-09,1.313160253283446623e-09,1.195590901879565574e-09,1.095129926284928196e-09
1.027588621602493299e-09,1.003312122490083776e-09,1.037375229965506609e-09,1.121400370613656003e-09,1.245343062976157324e-09,1.399815861538742049e-09,1.577075937414688774e-09,1.771060262298664615e-09,1.977115245722779776e-09,2.191686873639044023e-09,2.412016253172169980e-09,2.635848138425657889e-09,2.861173110957782871e-09,3.086027031304147995e-09,3.308360195850766095e-09,3.525974510920020475e-09,3.736517795526124131e-09,3.937521700763344593e-09,4.126471412356710765e-09,4.300897887242901776e-09,4.458484414583714341e-09,4.597178251073005767e-09,4.715296135380686603e-09,4.811611484932168699e-09,4.885412367445814331e-09,4.936523105238183252e-09,4.965287701425438179e-09,4.972518738760375430e-09,4.959419691712616130e-09,4.927490965269996682e-09,4.878430330891795927e-09,4.814037166817460707e-09,4.736127656402776991e-09,4.646465491709805024e-09,4.546710167147796917e-09,4.438382933096681063e-09,4.322849034122216779e-09,4.201313969529523186e-09,4.074831093090503288e-09,3.944317792450818035e-09,3.810577631632580605e-09,3.674326099969376187e-09,3.536226407714102747e-09,3.396938921738372381e-09,3.257126459772247243e-09,3.117448758572873231e-09,2.978556766321849160e-09,2.841086733816173634e-09,2.705654081070138899e-09,2.572847025582260441e-09,2.443219977131472135e-09,2.317286734493878377e-09,2.195513563917367878e-09,2.078312298239543701e-09,1.966033669406494699e-09,1.858961172032170800e-09,1.757305843380589434e-09,1.661202423101368990e-09,1.570707405214922376e-09,1.485799493122584252e-09,1.406382894802882063e-09,1.332293735741434811e-09,1.263309623739319814e-09,1.199162091390797315e-09,1.139551313003484019e-09,1.084162193841922807e-09,1.032680715152314531e-09,9.848093246547551050e-10,9.402801999215061902e-10,8.988653639241150769e-10,8.603828636242012800e-10,8.246984935631038049e-10,7.917228311883251082e-10,7.614036414857054668e-10,7.337140199731062510e-10,7.086369964435451458e-10,6.861477238841262730e-10,6.661947947447767414e-10,6.486825732997118166e-10,6.334565783209864848e-10,6.202937706061657880e-10,6.088990494163174166e-10,5.989084283920191938e-10,5.898984620079634267e-10,5.814007991441355813e-10,5.729204643609782916e-10,5.639566944498575246e-10,5.540258496373069639e-10,5.426869901151033678e-10,5.295721260946097770e-10,5.144250109656937148e-10,4.971549004857471274e-10,4.779152439528692232e-10,4.572216555672299846e-10,4.361264112357436311e-10,4.164587579386332242e-10,4.010957584660239252e-10,3.941057423416457369e-10,4.004299086585785651e-10,4.248380369239221062e-10,4.706061714510097184e-10,5.390270743171514928e-10,6.301481172880256417e-10,7.439757500743608891e-10,8.814578529740065154e-10,1.045244368425127346e-09,1.240604007544588294e-09,1.477145429942166554e-09,1.473072466182731048e-09,1.167201983430077076e-09,3.969851296474915637e-10,5.815149783456346868e-10,1.278302902771677417e-09,1.470849245701207819e-09,1.103780981377934121e-09,4.442807375826217646e-10,6.338463492566432990e-10,1.075379252240815148e-09,1.029726848438206850e-09,5.191742764376685406e-10,4.437433087378844821e-10,1.073363467743540059e-09,1.314001410387233940e-09,9.965320410323382167e-10,2.989766874443667419e-10,7.607113975738310636e-10,1.408791406742434873e-09,1.531607552724331230e-09,1.053266466057787290e-09,1.613828688590736635e-10,7.786536659383494314e-10,1.376490384416633384e-09,1.313627285746858119e-11,2.622719475707415773e-10,5.254603999511204360e-10,7.884097749356333548e-10,1.050850138283543927e-09,1.312559161655402279e-09,1.573302901831092529e-09,1.832824082366597712e-09,2.090837044414905951e-09,2.347024843412189179e-09,2.601037564145935350e-09,2.852491578575859215e-09,3.100969642903159873e-09,3.346021794786230292e-09,3.587167041100092083e-09,3.823895838227988128e-09,4.055673364855588238e-09,4.281943575035446037e-09,4.502133998906936320e-09,4.715661235045794838e-09,4.921937053646001162e-09,5.120375008417686987e-09,5.310397437806232183e-09,5.491442726191507611e-09,5.662972691899907854e-09,5.824479972541381947e-09,5.975495286952255309e-09,6.115594466396309318e-09,6.244405162721868717e-09,6.361613155888841147e-09,6.466968196240630274e-09,6.560289324669775943e-09,6.641469616881744347e-09,6.710480294548678205e-09,6.767374137027014243e-09,6.812288114458825185e-09,6.845445146959544504e-09,6.867154880422486256e-09,6.877813358158014699e-09,6.877901464402849435e-09,6.867982022089030988e-09,6.848695446662038715e-09,6.820753890270592083e-09,6.784933856390351196e-09,6.742067321950589200e-09,6.693031469393024513e-09,6.638737199063058007e-09,6.580116659516925520e-09,6.518110092147923076e-09,6.453652333421386703e-09,6.387659347720592612e-09,6.321015173598754665e-09,6.254559655446599541e-09,6.189077300804668749e-09,6.125287554043938047e-09,6.063836713227606272e-09,6.005291643140449425e-09,5.950135359886346521e-09,5.898764485634565021e-09,5.851488501928665030e-09,5.808530669802111810e-09,5.770030437904243283e-09,5.736047128415454156e-09,5.706564673624094271e-09,5.681497173949575545e-09,5.660695057921044094e-09,5.643951644403256523e-09,5.631009933247679287e-09,5.621569479860238133e-09,5.615293239306831241e-09,5.611789456150407917e-09,5.610511553398371016e-09,5.610721860700763686e-09,5.611482252024944381e-09,5.611649905133104987e-09,5.609879783142772153e-09,5.604635681085254741e-09,5.594211823280375488e-09,5.576766925305895338e-09,5.550372223837577168e-09,5.513074121813428490e-09,5.462970738500474365e-09,5.398299834938009896e-09,5.317533484483579205e-09,5.219472820127562126e-09,5.103334702494962268e-09,4.968821755070140648e-09,4.816168327616769541e-09,4.646157662149424199e-09,4.460109417599637377e-09,4.259840795313682160e-09,4.047607540179521402e-09,3.826032009988558366e-09,3.598023958181370435e-09,3.366696237573381060e-09,3.135273456923694391e-09,2.906987725544743315e-09,2.684952484747590100e-09,2.472003812044133650e-09,2.270501738251605982e-09,2.082099600970591348e-09,1.907526212620994356e-09,1.746481814924840995e-09,1.597795607451528177e-09,1.459978521344953264e-09,1.332203837487122446e-09,1.215615749069691343e-09,1.114801709907613318e-09
1.042712079023941531e-09,1.014200279248777190e-09,1.042912979865008372e-09,1.121217725598537014e-09,1.239618001771371185e-09,1.388905011913493560e-09,1.561224589896140533e-09,1.750248797882623868e-09,1.951011684101359075e-09,2.159669360125651104e-09,2.373236240584244456e-09,2.589310785818396893e-09,2.805818027485106083e-09,3.020799697513025301e-09,3.232270530409470253e-09,3.438143208625685227e-09,3.636213191092198261e-09,3.824190286425005272e-09,3.999764141850670712e-09,4.160692588597654020e-09,4.304902746480635118e-09,4.430594414527623230e-09,4.536334462649634661e-09,4.621131090972241872e-09,4.684478865311709933e-09,4.726369347662917693e-09,4.747267055231919212e-09,4.748055192052660392e-09,4.729959076994713566e-09,4.694456911953461904e-09,4.643187505160345571e-09,4.577863189691352539e-09,4.500194026405720647e-09,4.411827005105164694e-09,4.314301773478074143e-09,4.209022672154021444e-09,4.097245624087600286e-09,3.980077690879044030e-09,3.858486779023938156e-09,3.733318941024680242e-09,3.605320861127425896e-09,3.475165350192337971e-09,3.343484516448416072e-09,3.210911130826582869e-09,3.078082233624914712e-09,2.945633725865466501e-09,2.814194589877801180e-09,2.684380687350658538e-09,2.556788090953484670e-09,2.431985924989999323e-09,2.310508724513351162e-09,2.192848375665222196e-09,2.079445774421603663e-09,1.970682438284694356e-09,1.866872422109037398e-09,1.768255016630541604e-09,1.674988828550577510e-09,1.587147929471409385e-09,1.504720784647304696e-09,1.427612600650972114e-09,1.355651540910122635e-09,1.288598949420860819e-09,1.226163324052219202e-09,1.168017350659100043e-09,1.113816921371478397e-09,1.063220788999599680e-09,1.015909400752943298e-09,9.716015154651652885e-10,9.300674070101919853e-10,8.911377340691631386e-10,8.547074506683533036e-10,8.207344012618961547e-10,7.892324797943821914e-10,7.602594655837971040e-10,7.338999386648950885e-10,7.102440886254549933e-10,6.893637914618860306e-10,6.712879840631621049e-10,6.559799490716065270e-10,6.433193802158579883e-10,6.330917915669150455e-10,6.249868887745649383e-10,6.186061304839253951e-10,6.134782981943894317e-10,6.090809301195403542e-10,6.048652515595200425e-10,6.002827610680289408e-10,5.948127048038123943e-10,5.879910353469423091e-10,5.794429455985296982e-10,5.689226863696906401e-10,5.563662073805754099e-10,5.419642005187745442e-10,5.262647732180719864e-10,5.103138750628129559e-10,4.958312739143987819e-10,4.853874079020900108e-10,4.824790732211105464e-10,4.913261518412441879e-10,5.162589962687761566e-10,5.608889458206079062e-10,6.276334195190304223e-10,7.180395169919859982e-10,8.338041105658324456e-10,9.782001676880456205e-10,1.157985341641079985e-09,1.386437265623476570e-09,1.688961903763548861e-09,1.685517745726045552e-09,1.364825508176978082e-09,5.545417780876929427e-10,4.912295506153360694e-10,1.217824797984992493e-09,1.433202645313344773e-09,1.095480450708898297e-09,5.971330165821008715e-10,8.619692587361407995e-10,1.213859392626935328e-09,1.060057359581854600e-09,4.237109226642079685e-10,6.114680493539741726e-10,1.361382822570290518e-09,1.637041254784262064e-09,1.292257599096940975e-09,5.463370765772578545e-10,7.824884936269056910e-10,1.470518153377865479e-09,1.617955847492388723e-09,1.114343058266735344e-09,1.622395913537773188e-10,8.541829786298935814e-10,1.497788145998579635e-09,1.324038019982874200e-11,2.713263615445127778e-10,5.432117562378300745e-10,8.149204024165672531e-10,1.086211318393207039e-09,1.356886055603485290e-09,1.626729326550684287e-09,1.895496744224386029e-09,2.162909366865376130e-09,2.428650512819088067e-09,2.692363869128908990e-09,2.953652585557969582e-09,3.212079244089552682e-09,3.467166680569413999e-09,3.718399677933792292e-09,3.965227565621911375e-09,4.207067752908201739e-09,4.443310200920714159e-09,4.673322804716618813e-09,4.896457619407241971e-09,5.112057827395921566e-09,5.319465312800511398e-09,5.518028686310769067e-09,5.707111591293206314e-09,5.886101120657003295e-09,6.054416182800399086e-09,6.211515672457629304e-09,6.356906326185305759e-09,6.490150168505875345e-09,6.610871480958710931e-09,6.718763248104592834e-09,6.813593049805934310e-09,6.895208374422440694e-09,6.963541322916133652e-09,7.018612659069822458e-09,7.060535136881693248e-09,7.089516007418946214e-09,7.105858576196385303e-09,7.109962655269013260e-09,7.102323735819277447e-09,7.083530702250561637e-09,7.054261922582000721e-09,7.015279582772544375e-09,6.967422187294819494e-09,6.911595219945747502e-09,6.848760045733121418e-09,6.779921228405119050e-09,6.706112531758724552e-09,6.628381957728920063e-09,6.547776242464870123e-09,6.465325276413378066e-09,6.382026931324134499e-09,6.298832764654643889e-09,6.216635030753107558e-09,6.136255361974943833e-09,6.058435398552456469e-09,5.983829548329736502e-09,5.912999957559103729e-09,5.846413675955848361e-09,5.784441912042241064e-09,5.727361202585182533e-09,5.675356265725358342e-09,5.628524273151564456e-09,5.586880261575045735e-09,5.550363406137060690e-09,5.518843894872863603e-09,5.492130170843254664e-09,5.469976342809791504e-09,5.452089602205881639e-09,5.438137521428007506e-09,5.427731797869434605e-09,5.420335181115058856e-09,5.415228637646585404e-09,5.411503417702505964e-09,5.408057392098753868e-09,5.403597072810829422e-09,5.396646989556696956e-09,5.385568279753253920e-09,5.368588354888238159e-09,5.343843219173132783e-09,5.309433331741497344e-09,5.263492758250567887e-09,5.204269768992553022e-09,5.130215144024097561e-09,5.040072523549713669e-09,4.932963608208188702e-09,4.808460350192592738e-09,4.666636887434668827e-09,4.508096007480289964e-09,4.333968106512530162e-09,4.145884181781181420e-09,3.945927304851461657e-09,3.736568277852102953e-09,3.520590284679951069e-09,3.301004557488141291e-09,3.080955186456774695e-09,2.863607129135078480e-09,2.652008110671272249e-09,2.448914132716227419e-09,2.256573984710210159e-09,2.076488055068561953e-09,1.909197238459078420e-09,1.754211303337820271e-09,1.610218940477136887e-09,1.475686625179088385e-09,1.349841161859300352e-09,1.233912191402490485e-09,1.132482653830288590e-09
1.055814939481682197e-09,1.022950425084629468e-09,1.046244449923155407e-09,1.118791599927137707e-09,1.231643461117628340e-09,1.375784699574389548e-09,1.543268074812876849e-09,1.727516721662489014e-09,1.923264065061751977e-09,2.126383596490079268e-09,2.333666729291433343e-09,2.542567231966426387e-09,2.750945515489621724e-09,2.956850479210157336e-09,3.158363527638206254e-09,3.353511331147798158e-09,3.540240611915182229e-09,3.716442146312439482e-09,3.880010282959238777e-09,4.028925452688393509e-09,4.161348183350318536e-09,4.275713406616617887e-09,4.370813977412145263e-09,4.445863344702909916e-09,4.500529834763789640e-09,4.534938895190126839e-09,4.549644115471399318e-09,4.545571884648143911e-09,4.523947365958723034e-09,4.486210694146028511e-09,4.433932015707774394e-09,4.368732587106956722e-09,4.292217131403212364e-09,4.205920505678278967e-09,4.111269797675155482e-09,4.009561445896773057e-09,3.901951923672673674e-09,3.789459910991166764e-09,3.672977613090589722e-09,3.553288868150395997e-09,3.431091820087180524e-09,3.307024135341769043e-09,3.181693826428603349e-09,3.055713376535536139e-09,2.929701706693832186e-09,2.804278680575442743e-09,2.680058998453583404e-09,2.557645396032841715e-09,2.437621081206622792e-09,2.320541376153252683e-09,2.206924592606801426e-09,2.097242256515041989e-09,1.991908921355913785e-09,1.891271962660322316e-09,1.795601921652421440e-09,1.705084141562741983e-09,1.619812581970220689e-09,1.539786760182035317e-09,1.464912708140925362e-09,1.395008614352057077e-09,1.329815439384724882e-09,1.269012287101804817e-09,1.212235761584181026e-09,1.159102045206078369e-09,1.109230094460977281e-09,1.062264228490772405e-09,1.017894483627260387e-09,9.758733755908467387e-10,9.360280615734008862e-10,8.982672370203118513e-10,8.625823689130770690e-10,8.290430349769401059e-10,7.977862362213966654e-10,7.689996598934140215e-10,7.428991131257724889e-10,7.197008515610825163e-10,6.995903597055890611e-10,6.826902205713976468e-10,6.690307455004682839e-10,6.585275423001528145e-10,6.509697237710701635e-10,6.460208671930325467e-10,6.432325268680008214e-10,6.420678869255724735e-10,6.419318245785658892e-10,6.422036107397510010e-10,6.422695302192725224e-10,6.415543547704355476e-10,6.395523491071805933e-10,6.358600564941891263e-10,6.302144587679510320e-10,6.225413085894350059e-10,6.130194431339074499e-10,6.021671661791621820e-10,5.909546230998575006e-10,5.809376283885414808e-10,5.743873170337409448e-10,5.743521457700800537e-10,5.845499599166141356e-10,6.090094599560401301e-10,6.515411985726284839e-10,7.153652705616953443e-10,8.033084722413546423e-10,9.188090279483263236e-10,1.067851529918273915e-09,1.262230905465243488e-09,1.525232885096311787e-09,1.901972942483034139e-09,1.899496707771951313e-09,1.572586759054508040e-09,7.378032233616012619e-10,2.923381539620859725e-10,1.024728401309478136e-09,1.243913914852766882e-09,9.602554424603276588e-10,7.625746039866655172e-10,1.193518514142002290e-09,1.470316435424251720e-09,1.174585072809293683e-09,3.345044167591950498e-10,7.753357816176850206e-10,1.677830124822620655e-09,2.021711029327327088e-09,1.667649831222736306e-09,8.285037308802100790e-10,7.056805583039671732e-10,1.414208087899947441e-09,1.604565250160549664e-09,1.103791302039744850e-09,1.263663770724810239e-10,9.461141414455171348e-10,1.620941007582878719e-09,1.333021692501380435e-11,2.805444396810954288e-10,5.613375930796909909e-10,8.420299466424894254e-10,1.122415787506878667e-09,1.402325734060511815e-09,1.681567362493239868e-09,1.959912493177565349e-09,2.237091435896830935e-09,2.512789610453323601e-09,2.786645489583789245e-09,3.058249517134975362e-09,3.327143896330342824e-09,3.592823261763277804e-09,3.854736306804723479e-09,4.112288453785860075e-09,4.364845636651375487e-09,4.611739225590602202e-09,4.852272070377734254e-09,5.085725582310620403e-09,5.311367721604257044e-09,5.528461713517432238e-09,5.736275286222191980e-09,5.934090208509569463e-09,6.121211907168816598e-09,6.296978959909182003e-09,6.460772288866140810e-09,6.612023917551649376e-09,6.750225196054160589e-09,6.874934440594747293e-09,6.985783968844915839e-09,7.082486536896914553e-09,7.164841194359334441e-09,7.232738568146411524e-09,7.286165563124148210e-09,7.325209430842561543e-09,7.350061109962185369e-09,7.361017689471209625e-09,7.358483796361694859e-09,7.342971669538630627e-09,7.315099661299603969e-09,7.275588911072541823e-09,7.225257969450903635e-09,7.165015213935183241e-09,7.095848990028356067e-09,7.018815525701011772e-09,6.935024795870302637e-09,6.845624643501223275e-09,6.751783584323020260e-09,6.654672819841881412e-09,6.555448048674387172e-09,6.455231692737139128e-09,6.355096139310055140e-09,6.256048544966485695e-09,6.159017657945003373e-09,6.064843001144781201e-09,5.974266628545238666e-09,5.887927536255589689e-09,5.806358683824639661e-09,5.729986472594017899e-09,5.659132440867344978e-09,5.594016873647804047e-09,5.534763989691094997e-09,5.481408357107636151e-09,5.433902199445515503e-09,5.392123280695419342e-09,5.355883096583218058e-09,5.324935144298261949e-09,5.298983090223613130e-09,5.277688700854671340e-09,5.260657316861277602e-09,5.247350855609526919e-09,5.237058329015853504e-09,5.228889623686438023e-09,5.221772802171075223e-09,5.214456162253489031e-09,5.205516561305622717e-09,5.193375728162174161e-09,5.176326351024363230e-09,5.152569540133489726e-09,5.120264719639782068e-09,5.077592038421549169e-09,5.022826005392712684e-09,4.954417354477305237e-09,4.871078357789566019e-09,4.771865285332415733e-09,4.656250878771910293e-09,4.524179943643322928e-09,4.376102648588247780e-09,4.212982678736187975e-09,4.036280441241522763e-09,3.847914178210416469e-09,3.650203205528578934e-09,3.445797011957485231e-09,3.237591648711274002e-09,3.028631277701585226e-09,2.821988805789084028e-09,2.620616457772857500e-09,2.427157361333000676e-09,2.243717634012539178e-09,2.071622083028945657e-09,1.911218741605766137e-09,1.761845430646558469e-09,1.622089244144100893e-09,1.490417598291827335e-09,1.366143969639215563e-09,1.250592330851528011e-09,1.148329424232909020e-09
1.067115200581795677e-09,1.029808261517544608e-09,1.047631209164348689e-09,1.114393025586207026e-09,1.221696772369671982e-09,1.360735195288394242e-09,1.523484561660979954e-09,1.703134061131692248e-09,1.894128675403157020e-09,2.092067885492706184e-09,2.293525138804426127e-09,2.495811778122659788e-09,2.696724228863461483e-09,2.894318559546482705e-09,3.086742806662190508e-09,3.272137626430505784e-09,3.448600557381023629e-09,3.614201463327236903e-09,3.767034766414798136e-09,3.905294803851076389e-09,4.027361818470121473e-09,4.131886956378842737e-09,4.217865548239756619e-09,4.284689610279071028e-09,4.332173315991601706e-09,4.360548955504529095e-09,4.370434929643397902e-09,4.362780794754068894e-09,4.338796659799996372e-09,4.299875092797250714e-09,4.247513244559340030e-09,4.183241514599305386e-09,4.108563220698385282e-09,4.024907800804833535e-09,3.933598364701093942e-09,3.835833082400693668e-09,3.732678987378211164e-09,3.625076249424718322e-09,3.513850751989859944e-09,3.399732800554362661e-09,3.283379902351986595e-09,3.165401722779039060e-09,3.046388803544269877e-09,2.926940087333801686e-09,2.807663227257602121e-09,2.689168759683258882e-09,2.572063365179036942e-09,2.456942096048847979e-09,2.344379480824023558e-09,2.234919478602720028e-09,2.129064357447364131e-09,2.027262717646020586e-09,1.929897074146065908e-09,1.837271642638350539e-09,1.749601216391071054e-09,1.667002231665112443e-09,1.589487240006643468e-09,1.516963970300884265e-09,1.449239922965282134e-09,1.386032981817408304e-09,1.326987901853833077e-09,1.271697837257715279e-09,1.219729451107726068e-09,1.170649727149240225e-09,1.124052463192479234e-09,1.079582568274161458e-09,1.036956641276148843e-09,9.959787615829637151e-10,9.565508514957315918e-10,9.186772790695403637e-10,8.824635102894123944e-10,8.481085967376513100e-10,8.158911671914417193e-10,7.861485117422300367e-10,7.592485030255508954e-10,7.355547166421993148e-10,7.153863502226313424e-10,6.989763174219955078e-10,6.864327270628332651e-10,6.777099799290157474e-10,6.725950444167391159e-10,6.707118392504187313e-10,6.715428276251958236e-10,6.744634373338762063e-10,6.787831511170443222e-10,6.837875018508181742e-10,6.887771839808232666e-10,6.931030298473199014e-10,6.961978679556024967e-10,6.976079269044987744e-10,6.970275153460836984e-10,6.943413800755748898e-10,6.896794801930763630e-10,6.834885769284030032e-10,6.766229295480120830e-10,6.704502368324072077e-10,6.669554312172776986e-10,6.688022276056464254e-10,6.792887165785381301e-10,7.021399323599421677e-10,7.411656851897310844e-10,7.999829589133700677e-10,8.821637728422265240e-10,9.922283095309262586e-10,1.137983430942458168e-09,1.335114674010130741e-09,1.615890845582953294e-09,2.045358857727043278e-09,2.044253781651034442e-09,1.724719524920332032e-09,9.097664082346755830e-10,1.141376646089138102e-10,7.533283383233442631e-10,9.159458484295824557e-10,6.837405127581491275e-10,9.302526853939411850e-10,1.562651705996931538e-09,1.815053459498070692e-09,1.400180401726634416e-09,3.955263392994293680e-10,9.102410157409668084e-10,1.960713834520975330e-09,2.389581139272580311e-09,2.039014191896413116e-09,1.096308615742109682e-09,5.179515514271027951e-10,1.246104312344930723e-09,1.503195691155623191e-09,1.031910416567366531e-09,4.673634315286986654e-11,1.042066734062669261e-09,1.734863934788100933e-09,1.340676947243787988e-11,2.898821193908167058e-10,5.797485720558079285e-10,8.696073859699573552e-10,1.159295654163156779e-09,1.448679180119204453e-09,1.737593250018398767e-09,2.025829644617050318e-09,2.313130783981901073e-09,2.599186302734872575e-09,2.883630888235170802e-09,3.166042995078521527e-09,3.445944360662448604e-09,3.722800407322758782e-09,3.996021689826480980e-09,4.264966556103263376e-09,4.528945151279141619e-09,4.787224828191535179e-09,5.039036947149708348e-09,5.283584964595608106e-09,5.520053635872751585e-09,5.747619097730185559e-09,5.965459556428182725e-09,6.172766289610882857e-09,6.368754675640185471e-09,6.552674990589239602e-09,6.723822756931697534e-09,6.881548485303926273e-09,7.025266713229897622e-09,7.154464306937043345e-09,7.268708046027697563e-09,7.367651549329085351e-09,7.451041617874272929e-09,7.518724065187694393e-09,7.570649073563821543e-09,7.606876060646503609e-09,7.627577969231918644e-09,7.633044810971884758e-09,7.623686213634901311e-09,7.600032652900733691e-09,7.562735003787242653e-09,7.512562036297744250e-09,7.450395509356338395e-09,7.377222592448585769e-09,7.294125461314174884e-09,7.202268066072068002e-09,7.102880245507076540e-09,6.997239541614781606e-09,6.886651237619015756e-09,6.772427281480875221e-09,6.655864850705498316e-09,6.538225353518441107e-09,6.420714641253421240e-09,6.304465131762371434e-09,6.190520420808162542e-09,6.079822802719679137e-09,5.973203947971904955e-09,5.871378810911387514e-09,5.774942679157291410e-09,5.684371139334380994e-09,5.600022629079388297e-09,5.522143175890220355e-09,5.450872888370668916e-09,5.386253762893283277e-09,5.328238390684455417e-09,5.276699192326376090e-09,5.231437860706694581e-09,5.192194753143341233e-09,5.158658033199325914e-09,5.130472419504552720e-09,5.107226316920335956e-09,5.088370123192908059e-09,5.073190017285676324e-09,5.060803646861431976e-09,5.050158654708550942e-09,5.040035119549859142e-09,5.029053265859859298e-09,5.015688036033630945e-09,4.998292230968126731e-09,4.975129812170053479e-09,4.944420528407554749e-09,4.904396216959460108e-09,4.853367923977224179e-09,4.789801468807970157e-09,4.712397431723139545e-09,4.620170072722408852e-09,4.512518760294080805e-09,4.389285448931141661e-09,4.250792784496523139e-09,4.097859438560401062e-09,3.931791822969623446e-09,3.754353675599082973e-09,3.567716333237246341e-09,3.374392251676572122e-09,3.177152398634304412e-09,2.978924949356485964e-09,2.782669149545202870e-09,2.591215837378780599e-09,2.407067915427129143e-09,2.232165179435064376e-09,2.067644247659374394e-09,1.913665906313002736e-09,1.769422317621141336e-09,1.633439432185072697e-09,1.504225312068997583e-09,1.381203028222769988e-09,1.265789744406094899e-09,1.162517686308363321e-09
1.076838147479356513e-09,1.035023556781637671e-09,1.047336939591279762e-09,1.108293009124785085e-09,1.210052350074553063e-09,1.344030169385753764e-09,1.502140874012813928e-09,1.677353120147679496e-09,1.863835511401297831e-09,2.056923174813438662e-09,2.252977945455781952e-09,2.449171845425792854e-09,2.643237942555124091e-09,2.833238550383934623e-09,3.017386518656065045e-09,3.193933969688099200e-09,3.361125734642239090e-09,3.517205528377556199e-09,3.660459986416106561e-09,3.789286041805367586e-09,3.902268447320563814e-09,3.998255618134041564e-09,4.076423487146179642e-09,4.136319194250775239e-09,4.177879407457787472e-09,4.201421669220651054e-09,4.207610783232778865e-09,4.197405235779194889e-09,4.171990503159903908e-09,4.132706676830272004e-09,4.080977291089814416e-09,4.018244910054273104e-09,3.945917321950463772e-09,3.865326454941228773e-09,3.777700613964736565e-09,3.684149472657369683e-09,3.585660465065822593e-09,3.483104770886939085e-09,3.377250898978871562e-09,3.268783863075082584e-09,3.158328031082759056e-09,3.046471851134901620e-09,2.933794654563927146e-09,2.820888051173930139e-09,2.708354486534291495e-09,2.596800778980240706e-09,2.486830367608291608e-09,2.379034110473844325e-09,2.273979532551222100e-09,2.172198531245409202e-09,2.074173715090185630e-09,1.980323783701614968e-09,1.890988646404122922e-09,1.806415295860121098e-09,1.726745748469419062e-09,1.652008559388026928e-09,1.582115429242463469e-09,1.516864172139620773e-09,1.455948786619591089e-09,1.398976616237524212e-09,1.345491733404291514e-09,1.295002906119879083e-09,1.247013979885766115e-09,1.201054330252576455e-09,1.156707218953922843e-09,1.113634332269239796e-09,1.071595352434577281e-09,1.030461961642661811e-09,9.902260839770954625e-10,9.510023591561197394e-10,9.130247901188942402e-10,8.766372392974284530e-10,8.422770527589298266e-10,8.104507390842254657e-10,7.817006071969131308e-10,7.565619590877977993e-10,7.355121893882486640e-10,7.189159743645191087e-10,7.069739280744108238e-10,6.996841432051016833e-10,6.968252168864776657e-10,6.979650874047213102e-10,7.024936885567498654e-10,7.096719066789496839e-10,7.186869951732921466e-10,7.287058987393431374e-10,7.389214757313686161e-10,7.485904779822585023e-10,7.570650886442020678e-10,7.638215048642088302e-10,7.684897565367718606e-10,7.708890908779366133e-10,7.710730562288774757e-10,7.693877428549370915e-10,7.665447899465541635e-10,7.637063201440643479e-10,7.625698639221590559e-10,7.654262600772680780e-10,7.751462123111366631e-10,7.950480374923508072e-10,8.286419481887003261e-10,8.793621415326730007e-10,9.505733925084439861e-10,1.046346162060648216e-09,1.173844152306766671e-09,1.349043757900659989e-09,1.609360626416180674e-09,2.039071915951170873e-09,2.039674177898698467e-09,1.749041045919820491e-09,1.038874599567302411e-09,4.858890316226080208e-10,6.789581117090711139e-10,6.076495696357754326e-10,2.873072359589899831e-10,1.089672784206728954e-09,1.903416154252400742e-09,2.178464777271996531e-09,1.698755937865029202e-09,6.207001145605989004e-10,9.941284896194924239e-10,2.151602669619646635e-09,2.661796276348941433e-09,2.325396851957156978e-09,1.305544835782883180e-09,2.308263819389425271e-10,1.047285651345959826e-09,1.391116680419896676e-09,9.649683557777140136e-10,7.670788864061962346e-11,1.108298790978288494e-09,1.808401979867568809e-09,1.347105573408673828e-11,2.992860482526041064e-10,5.983372655244799063e-10,8.974958101525304514e-10,1.196650585401529826e-09,1.495709659934789561e-09,1.794541414530337483e-09,2.092961638245495372e-09,2.390727934183809803e-09,2.687536494905730161e-09,2.983019920069670485e-09,3.276745666736989439e-09,3.568215135897950721e-09,3.856863610952360760e-09,4.142061345434165348e-09,4.423116086106431986e-09,4.699277245010228461e-09,4.969741827632409662e-09,5.233662104747871697e-09,5.490154897782062033e-09,5.738312245574208288e-09,5.977213140153231702e-09,6.205935967170345212e-09,6.423571266378754290e-09,6.629234437867305660e-09,6.822078059899740459e-09,7.001303548741657389e-09,7.166171972986296717e-09,7.316013926256235742e-09,7.450238452556678408e-09,7.568341097817450747e-09,7.669911219476237191e-09,7.754638715336978675e-09,7.822320327829700949e-09,7.872865637785485240e-09,7.906302785777671975e-09,7.922783854625955257e-09,7.922589725063379770e-09,7.906134092004562712e-09,7.873966217621589768e-09,7.826771916654814729e-09,7.765372235119458286e-09,7.690719306085934078e-09,7.603888954257180942e-09,7.506069769363278470e-09,7.398548572008136752e-09,7.282692432967717732e-09,7.159927658098760957e-09,7.031716387553198547e-09,6.899531654382639629e-09,6.764831881063596479e-09,6.629035848981739025e-09,6.493499148679976184e-09,6.359493014152428369e-09,6.228186274607441410e-09,6.100630943308134639e-09,5.977751728331114739e-09,5.860339518197983294e-09,5.749048685198680459e-09,5.644397877732075628e-09,5.546773847110839121e-09,5.456437777783345656e-09,5.373533559658938431e-09,5.298097451458754671e-09,5.230068624606073731e-09,5.169300140554889845e-09,5.115569988653084958e-09,5.068591891039208212e-09,5.028025657344373203e-09,4.993486940826078298e-09,4.964535993015441868e-09,4.940600664219094399e-09,4.920953383864071053e-09,4.904708875370328104e-09,4.890824062947008532e-09,4.878101103709175347e-09,4.865194766014704792e-09,4.850625632845042224e-09,4.832800757299710429e-09,4.810043344469790854e-09,4.780632696296400029e-09,4.742854968397864919e-09,4.695064236265811396e-09,4.635752010527113713e-09,4.563621833380253813e-09,4.477664183618018963e-09,4.377225938061423134e-09,4.262068392856537562e-09,4.132408531635135137e-09,3.988939789336915658e-09,3.832830648690428425e-09,3.665701402965578876e-09,3.489580618631679620e-09,3.306842687649772585e-09,3.120126217526534933e-09,2.932230216857625291e-09,2.745982040115998900e-09,2.564069685774577261e-09,2.388834615924521049e-09,2.222034785437095205e-09,2.064615432972799814e-09,1.916564274205189824e-09,1.776958725450115128e-09,1.644302442743914130e-09,1.517176465271959612e-09,1.395126686404477342e-09,1.279654552247047946e-09,1.175235628029088479e-09
1.085210716910051850e-09,1.038844726507621410e-09,1.045622230862122336e-09,1.100757751765584073e-09,1.196977711037746541e-09,1.325934064191197484e-09,1.479491989287730490e-09,1.650411040931973820e-09,1.832594878428357458e-09,2.021124611940898044e-09,2.212158019771577186e-09,2.402731855611835851e-09,2.590516719835645140e-09,2.773579711606311132e-09,2.950195411435792843e-09,3.118723050219346689e-09,3.277549029887207037e-09,3.425083402507479919e-09,3.559795146615734201e-09,3.680271112287433497e-09,3.785284966551936488e-09,3.873864256844559963e-09,3.945345707815716213e-09,3.999411333005599505e-09,4.036100994134429663e-09,4.055800443617318194e-09,4.059207139484571523e-09,4.047278687665004233e-09,4.021170282154408540e-09,3.982167890850487689e-09,3.931623337009776109e-09,3.870896171932122727e-09,3.801305677462487571e-09,3.724094784055872411e-09,3.640406348254040019e-09,3.551271208450941859e-09,3.457606747527174385e-09,3.360224295613713842e-09,3.259843537013655308e-09,3.157112064047645936e-09,3.052628275856164093e-09,2.946965893484013915e-09,2.840698973283320235e-09,2.734417486548363839e-09,2.628723943125834235e-09,2.524225912423165900e-09,2.421526789147705338e-09,2.321214612826683105e-09,2.223848858511097455e-09,2.129945298262795212e-09,2.039959299799969364e-09,1.954268276881880130e-09,1.873154407126956772e-09,1.796789127049938729e-09,1.725221206521258410e-09,1.658370285070394166e-09,1.596027521169075281e-09,1.537864424286240600e-09,1.483450059803824335e-09,1.432275793753711088e-09,1.383785794620634518e-09,1.337410845523934108e-09,1.292602774801920765e-09,1.248866999821001554e-09,1.205791198354457141e-09,1.163068810270038146e-09,1.120516755276625837e-09,1.078087292505009025e-09,1.035874255567157724e-09,9.941139273621924996e-10,9.531805624756707405e-10,9.135760366537752508e-10,8.759123757354417950e-10,8.408851743130251479e-10,8.092355381294403094e-10,7.816987922223306130e-10,7.589405042751255437e-10,7.414846845607422710e-10,7.296444420624256588e-10,7.234693492357678159e-10,7.227230564560085090e-10,7.268978971039604337e-10,7.352628093057863018e-10,7.469321194140373082e-10,7.609397507990452878e-10,7.763064714038914237e-10,7.920939036156766685e-10,8.074448318143407105e-10,8.216130799405983906e-10,8.339878059133384785e-10,8.441172088951431862e-10,8.517361369971613585e-10,8.568013408857646988e-10,8.595371303414050941e-10,8.604924670950971311e-10,8.606070354551404308e-10,8.612770031218195666e-10,8.643995036016812637e-10,8.723590388052524163e-10,8.879065469273894562e-10,9.138921711975337579e-10,9.528747802632285498e-10,1.006772601643254289e-09,1.076989938373553806e-09,1.166097944343208442e-09,1.284018928931893385e-09,1.466500731298754623e-09,1.819904547174183415e-09,1.822350035549288737e-09,1.590694584312429554e-09,1.110823687620371357e-09,9.606360544483154137e-10,1.068267792518177204e-09,7.941327635025046230e-10,2.844074439038496641e-10,1.231568877407473367e-09,2.159991255245456758e-09,2.488309717048574965e-09,2.002496021966717151e-09,8.968065904972248181e-10,1.012336486279708169e-09,2.207746844566351245e-09,2.777776225388935292e-09,2.464340106586137999e-09,1.421242711480907883e-09,1.662850790481012873e-10,1.007457193241744651e-09,1.404442921280840315e-09,1.013103267287884291e-09,2.281743862127734047e-10,1.106711918543353831e-09,1.805706668670010844e-09,1.352423024675601066e-11,3.086915902840812705e-10,6.169746533265700342e-10,9.255079186203091439e-10,1.234242837371477376e-09,1.543137695108936665e-09,1.852099607756735773e-09,2.160972407899183360e-09,2.469531948847573679e-09,2.777483467956231257e-09,3.084459483210873680e-09,3.390017847201258366e-09,3.693640135550455980e-09,3.994730809667690536e-09,4.292617664079400349e-09,4.586554012781676799e-09,4.875722939607364307e-09,5.159243773221043480e-09,5.436180774928506756e-09,5.705553865023242701e-09,5.966351075243544420e-09,6.217542309322068587e-09,6.458093926484678759e-09,6.686983638819673323e-09,6.903215231139358700e-09,7.105832669816603471e-09,7.293933259033211053e-09,7.466679618712098056e-09,7.623310388294722182e-09,7.763149689565999511e-09,7.885615496774096654e-09,7.990227148691090435e-09,8.076612284376580477e-09,8.144513482464450865e-09,8.193794829613555177e-09,8.224448539576508111e-09,8.236601596407676986e-09,8.230522220117539669e-09,8.206625767672703148e-09,8.165479511463432536e-09,8.107805604823339564e-09,8.034481473544011787e-09,7.946536881463164941e-09,7.845147018273312072e-09,7.731621148126833144e-09,7.607386627663603763e-09,7.473968426953467981e-09,7.332964635006670329e-09,7.186018763342913779e-09,7.034789938396092660e-09,6.880922263119676517e-09,6.726014707896051752e-09,6.571592852743091517e-09,6.419083655288308398e-09,6.269794181590795007e-09,6.124894941219375080e-09,5.985408148373952901e-09,5.852200920758090433e-09,5.725983154742701131e-09,5.607309599878315551e-09,5.496585506017430162e-09,5.394075135361609025e-09,5.299912411835293269e-09,5.214113011243492206e-09,5.136587264053150815e-09,5.067153334800910334e-09,5.005550244742952904e-09,4.951450408680455291e-09,4.904471453096315878e-09,4.864187168042336810e-09,4.830117876056283182e-09,4.801657645446124866e-09,4.778054382300530036e-09,4.758409624671714964e-09,4.741679889763712791e-09,4.726680388982254281e-09,4.712092221844103610e-09,4.696474434082984702e-09,4.678282499254536219e-09,4.655894777854430318e-09,4.627648242055226864e-09,4.591884170186747432e-09,4.547003593137075629e-09,4.491531060220179623e-09,4.424183912680587305e-09,4.343942924523088497e-09,4.250119170302933006e-09,4.142411585559123530e-09,4.020950081932620855e-09,3.886320249563024836e-09,3.739567350547105658e-09,3.582178963685738604e-09,3.416046670881528302e-09,3.243407076511787515e-09,3.066761061427253445e-09,2.888767830841330978e-09,2.712108042796930927e-09,2.539310125630748824e-09,2.372539253632950292e-09,2.213363872309219818e-09,2.062542816963617609e-09,1.919911127729863306e-09,1.784464127154518805e-09,1.654718146867600072e-09,1.529351553831928224e-09,1.408037830456921005e-09,1.292348308641749693e-09,1.186678209908892848e-09
1.092456884078736329e-09,1.041514487429244251e-09,1.042740409563309254e-09,1.092044757496272550e-09,1.182730081043758473e-09,1.306699561059250425e-09,1.455779929887586786e-09,1.622530856862473626e-09,1.800601414164706982e-09,1.984829314616268028e-09,2.171176834902425782e-09,2.356550480459060179e-09,2.538559743518561266e-09,2.715274865762988019e-09,2.885028289428229958e-09,3.046280762706952716e-09,3.197553070392470950e-09,3.337412648757163584e-09,3.464499823940647704e-09,3.577578154612566093e-09,3.675594916464654172e-09,3.757739881253734261e-09,3.823492907555387160e-09,3.872653563017235995e-09,3.905349065225916502e-09,3.922020034428330017e-09,3.923386479100769545e-09,3.910398655413097685e-09,3.884178685549169713e-09,3.845959048733609985e-09,3.797023443014071829e-09,3.738654344782489889e-09,3.672090180410343890e-09,3.598493634984085262e-09,3.518931432493158687e-09,3.434365017109036997e-09,3.345650956206936063e-09,3.253549533994579642e-09,3.158739845157298552e-09,3.061839660097233821e-09,2.963428350991827877e-09,2.864071187101263150e-09,2.764342609717758773e-09,2.664836162871813848e-09,2.566158907131503135e-09,2.468922456589360201e-09,2.373731701222293312e-09,2.281171019099339576e-09,2.191787969103131273e-09,2.106074747223531683e-09,2.024448089634263690e-09,1.947228790824438811e-09,1.874622507248325892e-09,1.806703928446110311e-09,1.743406579053519415e-09,1.684520337005039931e-09,1.629698148360835010e-09,1.578472433640743131e-09,1.530280484664184113e-09,1.484497003858935766e-09,1.440471099165954646e-09,1.397564689994766931e-09,1.355189432724166004e-09,1.312839834110742560e-09,1.270121003237145749e-09,1.226770303468984751e-09,1.182672850418635167e-09,1.137871264283576670e-09,1.092570275316684409e-09,1.047136673821449338e-09,1.002094665953191858e-09,9.581159211911463048e-10,9.160024918781213030e-10,8.766595008117030252e-10,8.410534846702442632e-10,8.101524722734005316e-10,7.848465880117078667e-10,7.658541993149261134e-10,7.536275162876987423e-10,7.482790558126392464e-10,7.495504615943404244e-10,7.568345923956099072e-10,7.692446765018367346e-10,7.857103012541065814e-10,8.050763571876249944e-10,8.261873414834485028e-10,8.479496825147963330e-10,8.693732840358586683e-10,8.895980353514642272e-10,9.079121685208582415e-10,9.237686053653085967e-10,9.368040764450406561e-10,9.468644135716967899e-10,9.540380461832579018e-10,9.586979351214357093e-10,9.615490495913497826e-10,9.636725686117629559e-10,9.665473086608456125e-10,9.720117694084850696e-10,9.821075472685326516e-10,9.987241312538887975e-10,1.022963765257188518e-09,1.054193830263699345e-09,1.088933289617152540e-09,1.120400369318785924e-09,1.142515307255142269e-09,1.174806703405438870e-09,1.358574836883984624e-09,1.362712168138201617e-09,1.230427860416926781e-09,1.140250276765972448e-09,1.439389615334240701e-09,1.655507582466578324e-09,1.374730161255552799e-09,8.253206749576653178e-10,1.348740227078581740e-09,2.292389348058219135e-09,2.687477000068551542e-09,2.248369451307271683e-09,1.154631174590951469e-09,9.603183583109869208e-10,2.109071124781084153e-09,2.705322288764558179e-09,2.420067320744350419e-09,1.423413087030526303e-09,5.623591357704278367e-10,1.259095429860533664e-09,1.623163539459672656e-09,1.219896349192450628e-09,3.910533201354125812e-10,1.012905172079862685e-09,1.708826766921934244e-09,1.356770263462948652e-11,3.180198641643233350e-10,6.355048385658586348e-10,9.534193366734995342e-10,1.271790063185824575e-09,1.590633981657212376e-09,1.909902212015646329e-09,2.229470061452947723e-09,2.549134315892071438e-09,2.868611765858208557e-09,3.187537255075078438e-09,3.505461054641484057e-09,3.821846087602980455e-09,4.136065815993456155e-09,4.447403616759304224e-09,4.755054331575643915e-09,5.058128456450608473e-09,5.355659191785456946e-09,5.646612331267724644e-09,5.929898748690910560e-09,6.204389058699439087e-09,6.468929889533496646e-09,6.722361120557050269e-09,6.963533408861722894e-09,7.191325356642084944e-09,7.404659752892124382e-09,7.602518450122712086e-09,7.783955599285682717e-09,7.948109146466006807e-09,8.094210677760925521e-09,8.221593863066437287e-09,8.329701876183476738e-09,8.418094242234384510e-09,8.486453568997943659e-09,8.534592551091304324e-09,8.562461495407586590e-09,8.570156412004038634e-09,8.557927465041687645e-09,8.526187309990129783e-09,8.475518587334163806e-09,8.406679635218249428e-09,8.320607357237028261e-09,8.218416165705429156e-09,8.101392032174697148e-09,7.970980920248307291e-09,7.828771235627439930e-09,7.676470373191402036e-09,7.515875926106446555e-09,7.348842587932133448e-09,7.177246171655189134e-09,7.002946438622064709e-09,6.827750542119379882e-09,6.653378834951766596e-09,6.481434579086041684e-09,6.313378760268255320e-09,6.150510798514783498e-09,5.993955507008369282e-09,5.844656235432405602e-09,5.703373778400502572e-09,5.570690358925573730e-09,5.447017822749196269e-09,5.332609098051820060e-09,5.227571976179074186e-09,5.131884332862525428e-09,5.045410017849270373e-09,4.967914773180097532e-09,4.899081680830503852e-09,4.838525776184350725e-09,4.785807585664884400e-09,4.740445450752387252e-09,4.701907509369229931e-09,4.669542736135991816e-09,4.642564051209248505e-09,4.620050174082481379e-09,4.600948378127549855e-09,4.584078869167093525e-09,4.568141818865440051e-09,4.551728369164203407e-09,4.533337118118745174e-09,4.511397625296368495e-09,4.484302264921849601e-09,4.450447253735306548e-09,4.408282866728591012e-09,4.356371763186739267e-09,4.293453082589965328e-09,4.218508719317801639e-09,4.130827184715912744e-09,4.030059961837442213e-09,3.916265423377849137e-09,3.789936223145932850e-09,3.652007373400007368e-09,3.503843556444657690e-09,3.347205065117484362e-09,3.184191681936441374e-09,3.017162655097004597e-09,2.848629077592709153e-09,2.681113526219853119e-09,2.516972907401040063e-09,2.358187454659153649e-09,2.206135510574497666e-09,2.061401010747205572e-09,1.923690572202249120e-09,1.791949441381488390e-09,1.664736328782378528e-09,1.540843515468196500e-09,1.420069958347799852e-09,1.304039050009499015e-09,1.197042162304454194e-09
1.098793900388050784e-09,1.043266390785966653e-09,1.038934245713053095e-09,1.082399752322791431e-09,1.167553631150924634e-09,1.286565331369454698e-09,1.431232396443176894e-09,1.593921546370086927e-09,1.768036196047275521e-09,1.948181163708483522e-09,2.130132510997415808e-09,2.310672416337731323e-09,2.487351217965310387e-09,2.658240753935545800e-09,2.821727075238736147e-09,2.976366125779895801e-09,3.120805003482332936e-09,3.253758768065119746e-09,3.374027596870732151e-09,3.480538562506748361e-09,3.572397919025804192e-09,3.648942145465245623e-09,3.709778631793477166e-09,3.754809753909440146e-09,3.784237128606565443e-09,3.798545855614070474e-09,3.798471196366509882e-09,3.784952071949743040e-09,3.759076790558529493e-09,3.722026538004495130e-09,3.675021552206552747e-09,3.619273819441186672e-09,3.555948852316487412e-09,3.486137866509156308e-09,3.410840615290690427e-09,3.330958339030682763e-09,3.247295744868129329e-09,3.160570612953490567e-09,3.071429468449315864e-09,2.980467698185000132e-09,2.888252465361460504e-09,2.795346735432837044e-09,2.702330783109241098e-09,2.609806503447055822e-09,2.518389242191439621e-09,2.428696792539164965e-09,2.341335432877048129e-09,2.256882855791983423e-09,2.175868140895249554e-09,2.098749365314272364e-09,2.025890006711830263e-09,1.957535910099984240e-09,1.893795139217834636e-09,1.834623352365946709e-09,1.779817263566309137e-09,1.729018170135302768e-09,1.681726470789111004e-09,1.637326742644329044e-09,1.595121583763079294e-09,1.554371374375061639e-09,1.514336583744065363e-09,1.474319312960063298e-09,1.433701314022064157e-09,1.391976566219569335e-09,1.348777405146106452e-09,1.303894017679510901e-09,1.257287734518944067e-09,1.209098923360196286e-09,1.159650390612290362e-09,1.109447010635368645e-09,1.059171760763428103e-09,1.009677356549566826e-09,9.619711658271715729e-10,9.171890864251660951e-10,8.765520558680419814e-10,8.412980748000299004e-10,8.125852842643571271e-10,7.913700816967294912e-10,7.782783098571727334e-10,7.735012397971122506e-10,7.767504693074217899e-10,7.872897902647035583e-10,8.040340552347952519e-10,8.256825912680857099e-10,8.508505946299133729e-10,8.781740187260320458e-10,9.063802556261695462e-10,9.343290992754401805e-10,9.610336140544184233e-10,9.856706310984750533e-10,1.007588483385021883e-09,1.026317115820936949e-09,1.041583586309606595e-09,1.053334171131154274e-09,1.061762309350718448e-09,1.067338562783217868e-09,1.070833145223756659e-09,1.073311039677154684e-09,1.076060870578637501e-09,1.080387368092380161e-09,1.087149637759929102e-09,1.095861157610145318e-09,1.103080656947172411e-09,1.099721184340169201e-09,1.066918042405887515e-09,9.714937764104836543e-10,7.776015709951994484e-10,6.698714365398953166e-10,6.752168666494642791e-10,7.193251521920532747e-10,1.177233988716003380e-09,1.860300062525643112e-09,2.229055877356835759e-09,1.999844396793439887e-09,1.369916361916537649e-09,1.436410447642130292e-09,2.279965245131946217e-09,2.740426466538853401e-09,2.390708237341680076e-09,1.352442233956138458e-09,8.444578603969281776e-10,1.860588703326740183e-09,2.444610274366862707e-09,2.186594944542777983e-09,1.310257756847732281e-09,9.578176398939547626e-10,1.675038436040414535e-09,1.974071625714146474e-09,1.508371706042993977e-09,5.438222182506029130e-10,8.305606128489864282e-10,1.539077438606932304e-09,1.360312647027307276e-11,3.271731979123640049e-10,6.537370597477910723e-10,9.809588601977968553e-10,1.308955289118663360e-09,1.637810005770582511e-09,1.967521755707805532e-09,2.297999089868427002e-09,2.629061431622552800e-09,2.960439533066647982e-09,3.291773599651263556e-09,3.622609392372693695e-09,3.952393486950435172e-09,4.280469094474919816e-09,4.606073719413758927e-09,4.928339637821341522e-09,5.246297827086024288e-09,5.558885625126542786e-09,5.864958067297815453e-09,6.163302559812716213e-09,6.452656309908043396e-09,6.731725756437407971e-09,6.999207136013466261e-09,7.253807285626328752e-09,7.494263823453672811e-09,7.719363962023749034e-09,7.927961382402553881e-09,8.118990821189392905e-09,8.291480272188932647e-09,8.444560959513598135e-09,8.577475472199487642e-09,8.689584634484566143e-09,8.780373798874428786e-09,8.849459269533159133e-09,8.896595481738457983e-09,8.921683377383646654e-09,8.924780137525781265e-09,8.906110083758660224e-09,8.866076176059388899e-09,8.805271158528417081e-09,8.724487086993473916e-09,8.624721761900377099e-09,8.507180529699798439e-09,8.373272035706689394e-09,8.224596819633751940e-09,8.062928126553009900e-09,7.890184918091830542e-09,7.708397745344935722e-09,7.519668805311208403e-09,7.326128060791784575e-09,7.129887686068047336e-09,6.932997258307267253e-09,6.737402029915252518e-09,6.544906311072871242e-09,6.357143513115790382e-09,6.175553823823674536e-09,6.001369880367559578e-09,5.835610244433379656e-09,5.679080020174679332e-09,5.532377619593415524e-09,5.395906481436935423e-09,5.269890479860081112e-09,5.154391796231894708e-09,5.049330143168692951e-09,4.954502395266009520e-09,4.869601869411628988e-09,4.794236686885754453e-09,4.727946826355638405e-09,4.670219628884900806e-09,4.620503642232651050e-09,4.578202197468540757e-09,4.542607951061879525e-09,4.512888880817786415e-09,4.488092097741090314e-09,4.467147876289247808e-09,4.448874568074131682e-09,4.431985382396898318e-09,4.415098310488615488e-09,4.396750675976685184e-09,4.375419843758640341e-09,4.349551449749007124e-09,4.317596077094768779e-09,4.278054579436043829e-09,4.229531266497261970e-09,4.170793008914278912e-09,4.100831143204296590e-09,4.018922070875683105e-09,3.924681862522761643e-09,3.818110157210364042e-09,3.699619210135202761e-09,3.570044921335704582e-09,3.430637724569180921e-09,3.283031885373142007e-09,3.129191681266828002e-09,2.971332027306386901e-09,2.811809784406558508e-09,2.652981411822770181e-09,2.497024959796108557e-09,2.345732757499602390e-09,2.200298416848694502e-09,2.061147219730560478e-09,1.927883337344523747e-09,1.799431573059038006e-09,1.674416840275388567e-09,1.551754919688890485e-09,1.431362902964119216e-09,1.314896701261377705e-09,1.206521694553268588e-09
1.104429223801541274e-09,1.044322061119963717e-09,1.034433381072733599e-09,1.072054312854276456e-09,1.151677332699079373e-09,1.265754186474103502e-09,1.406061410372480750e-09,1.564777520458242305e-09,1.735067533238781067e-09,1.911313387782145242e-09,2.089114643125099962e-09,2.265135834133225615e-09,2.436870738435979792e-09,2.602391540344288267e-09,2.760133578270211778e-09,2.908741338195121062e-09,3.046979728710678950e-09,3.173701326783485689e-09,3.287854590683180410e-09,3.388517262349683866e-09,3.474940811044999277e-09,3.546594305043432668e-09,3.603198927218399756e-09,3.644747309904009477e-09,3.671504861052869942e-09,3.683993090801173357e-09,3.682957343372857493e-09,3.669323033786842311e-09,3.644145345906594417e-09,3.608557397117564866e-09,3.563721281212181581e-09,3.510785405068906766e-09,3.450850381609027144e-09,3.384944629675451390e-09,3.314009889422905804e-09,3.238896147796363206e-09,3.160364982168876963e-09,3.079100035236597744e-09,2.995723172793871928e-09,2.910814787645284222e-09,2.824936639124861411e-09,2.738655511662586489e-09,2.652562842044679244e-09,2.567273314143302222e-09,2.483413639657116566e-09,2.401608880447359042e-09,2.322465106485337781e-09,2.246548365145158946e-09,2.174360399066870010e-09,2.106312172889153166e-09,2.042696995308717393e-09,1.983665725253173845e-09,1.929207043641954070e-09,1.879135848258797329e-09,1.833092338507634660e-09,1.790553285109914558e-09,1.750855494600464714e-09,1.713229898842179638e-09,1.676843391587008020e-09,1.640844779445743583e-09,1.604411117370196863e-09,1.566791177853875980e-09,1.527343651589470712e-09,1.485568660971260065e-09,1.441132094381215644e-09,1.393883024792815536e-09,1.343865014027662896e-09,1.291322416610011055e-09,1.236702876803988030e-09,1.180657018738299650e-09,1.124035758208128384e-09,1.067884535467905338e-09,1.013431847339954917e-09,9.620666019748725363e-10,9.152953532826581954e-10,8.746678913256387701e-10,8.416613468180851476e-10,8.175235530671493983e-10,8.030977162080731965e-10,7.986745105348271950e-10,8.039254905928343517e-10,8.179479259630236388e-10,8.394054670483113286e-10,8.667130041073032138e-10,8.982102484346447739e-10,9.322907846244814831e-10,9.674801549935897852e-10,1.002473308045991164e-09,1.036146781520700534e-09,1.067559082233759284e-09,1.095948595354885889e-09,1.120734494727865211e-09,1.141523217608607486e-09,1.158120879783370413e-09,1.170549911372208954e-09,1.179065270348144154e-09,1.184160426608296058e-09,1.186543554491085333e-09,1.187046057660814887e-09,1.186392232731261546e-09,1.184700555733335260e-09,1.180488443357536450e-09,1.168787934503040287e-09,1.137700982887359265e-09,1.062241276365656205e-09,8.936011951477531145e-10,5.438444610978317005e-10,2.837860148824863181e-10,2.794555897608590193e-10,5.195335661494476180e-10,1.290469083754639830e-09,2.170471828670025444e-09,2.680638947818721039e-09,2.533482459780025814e-09,1.848253322398712940e-09,1.492290861628185848e-09,2.121689214577186071e-09,2.634523799309196747e-09,2.404141686174440848e-09,1.463504988780484170e-09,6.817217509978250144e-10,1.491956693593745133e-09,2.028543726904367110e-09,1.786580145592415145e-09,1.099171832679255503e-09,1.300236072120198242e-09,2.089236545716887999e-09,2.328148797197897240e-09,1.777047295128600763e-09,6.668783848484976510e-10,6.163443666822777118e-10,1.376785683032941413e-09,1.363219240979678757e-11,3.360277927374482603e-10,6.714333080529508279e-10,1.007794124357461985e-09,1.345333160314644988e-09,1.684206124389318944e-09,2.024458892524288127e-09,2.366031580210214670e-09,2.708766152040472547e-09,3.052409628957480714e-09,3.396611765323778575e-09,3.740918687691473015e-09,4.084764833728059671e-09,4.427465487385370782e-09,4.768211781868012968e-09,5.106069504542527034e-09,5.439982505091568437e-09,5.768781021475382917e-09,6.091194806144058342e-09,6.405870562115376629e-09,6.711392894810435117e-09,7.006307760876442034e-09,7.289147258470476455e-09,7.558454561904871775e-09,7.812807860695897961e-09,8.050842314918920126e-09,8.271269276034221742e-09,8.472892324732269766e-09,8.654620021209562767e-09,8.815475616780458137e-09,8.954604303385055711e-09,9.071278844547310781e-09,9.164904601985369830e-09,9.235025019230560576e-09,9.281328529206459694e-09,9.303657611006078282e-09,9.302020344627672240e-09,9.276604329001283690e-09,9.227792284725855163e-09,9.156178117120813846e-09,9.062581738052550324e-09,8.948060606722015004e-09,8.813915815081496077e-09,8.661690661476227614e-09,8.493160044417345719e-09,8.310309653349188033e-09,8.115304777781147647e-09,7.910449507262819860e-09,7.698138033830738934e-09,7.480800567784576136e-09,7.260846924695796117e-09,7.040611062377556876e-09,6.822299714721765370e-09,6.607947819602293137e-09,6.399382746614527110e-09,6.198198507297366578e-09,6.005740288549805390e-09,5.823098890956452088e-09,5.651114049145119992e-09,5.490385198956475489e-09,5.341288040745103434e-09,5.203995208595277524e-09,5.078499454522899119e-09,4.964637951127154869e-09,4.862116563118851141e-09,4.770533202706402050e-09,4.689399637779409665e-09,4.618161348515744043e-09,4.556215217860427051e-09,4.502924991173029062e-09,4.457616386662009838e-09,4.419514835689694410e-09,4.387734175817741026e-09,4.361282219197695627e-09,4.339065818054754902e-09,4.319896073040503771e-09,4.302494657389900000e-09,4.285502526801620173e-09,4.267492492945145389e-09,4.246987198235559202e-09,4.222483885846339273e-09,4.192486969586707283e-09,4.155548754862094229e-09,4.110317765320557509e-09,4.055593063415179805e-09,3.990381848057518323e-09,3.913956646194107016e-09,3.825907775723839894e-09,3.726186588004796358e-09,3.615135329624118447e-09,3.493500167883656040e-09,3.362424716570642348e-09,3.223421914469639885e-09,3.078322051659354095e-09,2.929194084978077019e-09,2.778236604227178168e-09,2.627635109367420832e-09,2.479385728436129294e-09,2.335094868622389864e-09,2.195781470099118337e-09,2.061731419017050722e-09,1.932472387680349137e-09,1.806934856548256598e-09,1.683827877294238482e-09,1.562194377311401031e-09,1.442058567158755489e-09,1.325088941741283695e-09,1.215304848171182689e-09
1.109558002831729397e-09,1.044888988035589712e-09,1.029452332295038289e-09,1.061224087897763283e-09,1.135313378456776325e-09,1.244471673192858786e-09,1.380462143936300273e-09,1.535277876899824633e-09,1.701850943840994688e-09,1.874349614476952902e-09,2.048206770565669723e-09,2.219976561704128546e-09,2.387099412869930242e-09,2.547647021731817123e-09,2.700099854142073588e-09,2.843184251963066073e-09,2.975774331945486622e-09,3.096850064451519172e-09,3.205496826104415122e-09,3.300930726919916723e-09,3.382535623958242984e-09,3.449900377132726767e-09,3.502847857993684319e-09,3.541450232925643113e-09,3.566027974249079355e-09,3.577132724769006580e-09,3.575516324301288541e-09,3.562089804252651736e-09,3.537876878756546893e-09,3.503966459468169392e-09,3.461468155205302704e-09,3.411473807255458384e-09,3.355027071767595345e-09,3.293102065722429901e-09,3.226591252622320230e-09,3.156302104720851480e-09,3.082961637835387593e-09,3.007227635549239734e-09,2.929705208172953005e-09,2.850967209657773367e-09,2.771576908469383490e-09,2.692111130811995221e-09,2.613177817620021129e-09,2.535408694983304303e-09,2.459444458399322335e-09,2.385917728837339734e-09,2.315431616180093492e-09,2.248534101903018287e-09,2.185689112736357403e-09,2.127245977364356845e-09,2.073409818157672944e-09,2.024216126455340196e-09,1.979513061330878500e-09,1.938954688724979063e-09,1.902007370363040679e-09,1.867969953903894718e-09,1.836006633974196317e-09,1.805189763450686097e-09,1.774548848127647612e-09,1.743121623036551133e-09,1.710003439755083101e-09,1.674391989043388388e-09,1.635625389143312826e-09,1.593212672032883649e-09,1.546856564995757052e-09,1.496469140393115723e-09,1.442181391676066719e-09,1.384348102967857756e-09,1.323549505493015374e-09,1.260591096876739949e-09,1.196502488491459428e-09,1.132534963503926100e-09,1.070155157100851793e-09,1.011028462813855587e-09,9.569803997900576947e-10,9.099187381407688522e-10,8.716983381139271291e-10,8.439225821088334162e-10,8.277061774850090163e-10,8.234648996577968059e-10,8.308166405347441991e-10,8.486438532936676232e-10,8.752932955404498058e-10,9.088313469549546772e-10,9.472716016183479222e-10,9.887310491168040405e-10,1.031512883726758124e-09,1.074135930813276161e-09,1.115334142378788584e-09,1.154044237212043730e-09,1.189392636936533229e-09,1.220687372133012305e-09,1.247416989087019512e-09,1.269256085607319989e-09,1.286075135338383158e-09,1.297949846060928084e-09,1.305161333101543898e-09,1.308171138301519808e-09,1.307541708385720000e-09,1.303748747998316581e-09,1.296790560181417292e-09,1.285436752736937840e-09,1.265892874656114907e-09,1.229732151355623204e-09,1.161986339980831400e-09,1.047386634423759558e-09,9.390112013367123068e-10,1.250158532165125421e-09,1.244802105142589654e-09,1.188670986526834102e-09,1.517123700254085038e-09,2.332304484717215407e-09,2.943304513425391303e-09,2.903707454461256058e-09,2.213949402423635892e-09,1.516464213355421233e-09,1.833418194055191602e-09,2.378374393576026528e-09,2.283411395855034872e-09,1.474127030748458620e-09,5.004852028545061149e-10,1.060355879392799899e-09,1.526489712450299763e-09,1.270060420893549724e-09,8.297676675757717300e-10,1.553360959974233568e-09,2.402350264906877168e-09,2.587123750435671905e-09,1.953173274294474492e-09,7.458825520008812448e-10,5.448655149445893199e-10,1.355487332421212802e-09,1.365632335167134269e-11,3.444213078078317689e-10,6.882884392142230727e-10,1.033510176963715127e-09,1.380431229088617424e-09,1.729277105077912221e-09,2.080131586462594145e-09,2.432958409119561356e-09,2.787619258057159482e-09,3.143880049572728250e-09,3.501406544976542423e-09,3.859753239270775349e-09,4.218349765192117355e-09,4.576488337544364043e-09,4.933314808811011745e-09,5.287825020014092752e-09,5.638867378848458192e-09,5.985151967736481096e-09,6.325265943438383140e-09,6.657694522486738047e-09,6.980846466324876380e-09,7.293082698271900834e-09,7.592746510938533010e-09,7.878193770600272261e-09,8.147821601135590548e-09,8.400094233397448031e-09,8.633565022222567864e-09,8.846894041864400628e-09,9.038861138668501080e-09,9.208374806469683143e-09,9.354477709548804901e-09,9.476350060563809319e-09,9.573312318689844236e-09,9.644828764960989601e-09,9.690513409519556088e-09,9.710139377118201037e-09,9.703652414476048282e-09,9.671188499966686040e-09,9.613094772861560907e-09,9.529952214564751003e-09,9.422597805948282495e-09,9.292143353408066802e-09,9.139987919895160059e-09,8.967820891369707480e-09,8.777613193661558193e-09,8.571595037561006558e-09,8.352219739954482744e-09,8.122114513943762053e-09,7.884020466646828235e-09,7.640725197464736567e-09,7.394992178754932407e-09,7.149491409982840308e-09,6.906735628525386619e-09,6.669025688669514837e-09,6.438407709842650637e-09,6.216643413957809258e-09,6.005193893066479899e-09,5.805216017981618498e-09,5.617569914726937964e-09,5.442835439527339225e-09,5.281335368729187676e-09,5.133163044950394292e-09,4.998212422179881348e-09,4.876208765038068751e-09,4.766738620631278267e-09,4.669278047797893451e-09,4.583218425341862305e-09,4.507889449790762247e-09,4.442579165210643279e-09,4.386551044015828693e-09,4.339040487754254114e-09,4.299195440535196357e-09,4.266067495449963135e-09,4.238618894857073250e-09,4.215728267348385926e-09,4.196195772718068366e-09,4.178748658722494503e-09,4.162048525658657928e-09,4.144701795083991300e-09,4.125274936719019375e-09,4.102315875869416748e-09,4.074382647576110339e-09,4.040079766086675090e-09,3.998101956221383253e-09,3.947283907291622787e-09,3.886653671178379607e-09,3.815486385882644261e-09,3.733354327879740246e-09,3.640169009937563775e-09,3.536211182456280586e-09,3.422145069678212241e-09,3.299013750061537400e-09,3.168212980502327968e-09,3.031440745961204073e-09,2.890619431797108028e-09,2.747787285436259070e-09,2.604956961353984824e-09,2.463943373343533511e-09,2.326173051667229035e-09,2.192503705070250268e-09,2.063102558876026021e-09,1.937445384645268745e-09,1.814490363906337032e-09,1.693043139279028040e-09,1.572272658944752509e-09,1.452296898797127068e-09,1.334777563808538171e-09,1.223570412518681535e-09
1.114360996052809896e-09,1.045158740940078471e-09,1.024188934707366524e-09,1.050107491475056584e-09,1.118656088201176744e-09,1.222905105343548250e-09,1.354612033808876054e-09,1.505585651631998839e-09,1.668528702563698890e-09,1.837403940841585816e-09,2.007487215462316377e-09,2.175229913593490084e-09,2.338022855109479999e-09,2.493936890494371290e-09,2.641493767650648435e-09,2.779495178715701391e-09,2.906915981885523887e-09,3.022853622394243424e-09,3.126519415711368765e-09,3.217256178009675704e-09,3.294568254893746903e-09,3.358152697344071182e-09,3.407923359281909652e-09,3.444022715990775494e-09,3.466819058956468414e-09,3.476889243590509695e-09,3.474989167009967529e-09,3.462015487251120392e-09,3.438962712780841176e-09,3.406879756976892977e-09,3.366829520898329702e-09,3.319854238486824583e-09,3.266948382677056723e-09,3.209040040156986976e-09,3.146980910533837081e-09,3.081544510684563633e-09,3.013431760544878332e-09,2.943282856502587432e-09,2.871694151270275744e-09,2.799238597962110189e-09,2.726488129823483281e-09,2.654036093043524027e-09,2.582512473297695357e-09,2.512570340732417979e-09,2.444866828090476095e-09,2.380041995718132026e-09,2.318692601444321027e-09,2.261341359291648255e-09,2.208403156391197060e-09,2.160150701836693387e-09,2.116683001983904501e-09,2.077900617503261512e-09,2.043491591176107514e-09,2.012931093658583962e-09,1.985496290594858702e-09,1.960295997261161058e-09,1.936312808442908404e-09,1.912453999819064148e-09,1.887606843839468254e-09,1.860694078741748781e-09,1.830725933492300101e-09,1.796846079759860333e-09,1.758369914247735411e-09,1.714814513917853524e-09,1.665920386200321509e-09,1.611665754872093361e-09,1.552274605324051724e-09,1.488220082719470208e-09,1.420225079485124704e-09,1.349261888093265447e-09,1.276552442223374647e-09,1.203569554409158531e-09,1.132037055211481714e-09,1.063921985063500003e-09,1.001404323843803138e-09,9.468001993402255849e-10,9.024088501785549326e-10,8.702648985467931375e-10,8.518201672286945123e-10,8.476460021033047457e-10,8.572867298441687428e-10,8.793468292511322062e-10,9.117744934264416149e-10,9.522127726727492859e-10,9.982947653888967957e-10,1.047828145216185098e-09,1.098877338474343709e-09,1.149778375446975143e-09,1.199120607270098754e-09,1.245718618005898089e-09,1.288587107871111668e-09,1.326924315461835507e-09,1.360105343675711773e-09,1.387684414683319104e-09,1.409403588239939547e-09,1.425204071278010316e-09,1.435234395272201204e-09,1.439846876708812026e-09,1.439569523779939488e-09,1.435035660292556351e-09,1.426853839063618346e-09,1.415432016039224974e-09,1.400934230490808510e-09,1.384230203554151847e-09,1.372300208953393198e-09,1.400242711489398241e-09,1.597277664164664141e-09,2.277836517527559912e-09,2.273506055304061919e-09,2.048464109372937625e-09,1.834725474788580428e-09,2.328372424419079578e-09,2.981136865893854988e-09,3.072517088483535281e-09,2.438646957294034294e-09,1.511037193870593028e-09,1.443350535666801034e-09,1.999119165559683557e-09,2.042323713231859400e-09,1.383018170001664042e-09,3.487427451577810349e-10,6.832105289523496408e-10,1.074410574450434428e-09,7.358011332628644369e-10,5.843802804700633832e-10,1.694165257142249318e-09,2.561582805305367934e-09,2.693753326753443352e-09,1.994621685958366747e-09,7.742527768034446535e-10,7.630696101855679949e-10,1.553893549923616893e-09,1.367646488630626858e-11,3.521307671053110908e-10,7.038968632039870032e-10,1.057576749679638718e-09,1.413644833251788125e-09,1.772375850400094602e-09,2.133865271818452782e-09,2.498082276015752173e-09,2.864902246292218528e-09,3.234114441934683264e-09,3.605411593234224612e-09,3.978369905310384299e-09,4.352426497095253695e-09,4.726859240792482740e-09,5.100772212095363136e-09,5.473088659430631313e-09,5.842552444119039709e-09,6.207738158221292004e-09,6.567069492790673451e-09,6.918844848576973027e-09,7.261268714861465294e-09,7.592486990417720566e-09,7.910624198057880653e-09,8.213820474000962917e-09,8.500266311287349826e-09,8.768233301726011033e-09,9.016099540683963323e-09,9.242368904745087943e-09,9.445684045106923976e-09,9.624833605975102815e-09,9.778754817555221721e-09,9.906533159412906624e-09,1.000740117577208703e-08,1.008073868985757504e-08,1.012607656534517435e-08,1.014310577710606515e-08,1.013169288987091768e-08,1.009190214193410035e-08,1.002402326741650544e-08,9.928603071767440586e-09,9.806477732199694781e-09,9.658801973646356968e-09,9.487070815012433360e-09,9.293129611562104801e-09,9.079168710099771662e-09,8.847700186407003469e-09,8.601515760038579726e-09,8.343626896338774850e-09,8.077190051481313714e-09,7.805421698636644060e-09,7.531508923807728591e-09,7.258521815142013049e-09,6.989333535080700181e-09,6.726552948414056754e-09,6.472473182727246517e-09,6.229037786030253231e-09,5.997824483945797081e-09,5.780045138727049246e-09,5.576559503067735238e-09,5.387899785858578475e-09,5.214302871481990682e-09,5.055747180604386019e-09,4.911991526420526967e-09,4.782613807725979275e-09,4.667047905302533040e-09,4.564617649903177244e-09,4.474567171580247698e-09,4.396087302436909480e-09,4.328337984427514487e-09,4.270466836672588670e-09,4.221606771507146804e-09,4.180819084103959084e-09,4.147086555119469752e-09,4.119321406946419004e-09,4.096371208237221663e-09,4.077023475026301367e-09,4.060010046193887580e-09,4.044012587827629878e-09,4.027670761229893167e-09,4.009594632326673933e-09,3.988382767715703482e-09,3.962647126457619702e-09,3.931045302270711012e-09,3.892319911010336876e-09,3.845344003437020968e-09,3.789170405518858656e-09,3.723081978200680811e-09,3.646639086483265627e-09,3.559720190222784147e-09,3.462551456509406683e-09,3.355721576950937481e-09,3.240178376400634917e-09,3.117204097741574016e-09,2.988366290879633693e-09,2.855441128886588512e-09,2.720306274663217280e-09,2.584802292925553441e-09,2.450566777412530524e-09,2.318855558519515102e-09,2.190380714616083164e-09,2.065211761419673261e-09,1.942794928048086511e-09,1.822133871617304223e-09,1.702138447096069135e-09,1.582098856457488014e-09,1.462212234276519080e-09,1.344115314466267110e-09,1.231485319715732653e-09
1.119002829589946879e-09,1.045305498352347204e-09,1.018823107857227710e-09,1.038884747723514064e-09,1.101881199830133802e-09,1.201222980363115490e-09,1.328670206063978544e-09,1.475847204492954709e-09,1.635229229740523399e-09,1.800580443696568927e-09,1.967028872362528447e-09,2.130930918284064449e-09,2.289631978394341321e-09,2.441202172730403836e-09,2.584201090791864059e-09,2.717499591293581239e-09,2.840165100969283019e-09,2.951402969364616679e-09,3.050539953057236051e-09,3.137034582619696721e-09,3.210500668071890294e-09,3.270732905299802877e-09,3.317726596153074170e-09,3.351686503756233111e-09,3.373022638274779769e-09,3.382333151519448082e-09,3.380376362718478813e-09,3.368035137656781936e-09,3.346277378804237695e-09,3.316116330925899148e-09,3.278573913234299797e-09,3.234649536466032350e-09,3.185296021809645572e-09,3.131403440173145221e-09,3.073791015694582800e-09,3.013206716618172618e-09,2.950333780807336933e-09,2.885803155635032548e-09,2.820210623266782320e-09,2.754137177000741962e-09,2.688170963446776795e-09,2.622928770931368829e-09,2.559068609277737886e-09,2.497269556157464095e-09,2.438207876861668553e-09,2.382531065095703691e-09,2.330826162265311201e-09,2.283583462809456699e-09,2.241157829929287839e-09,2.203730987070892099e-09,2.171279022613923151e-09,2.143549622525289837e-09,2.120052988980409129e-09,2.100068993962605432e-09,2.082671110447694950e-09,2.066765526384563973e-09,2.051142079440769423e-09,2.034532603832150767e-09,2.015672048712177560e-09,1.993358170178407293e-09,1.966506452603372484e-09,1.934197916048150040e-09,1.895718430268628952e-09,1.850588998136919608e-09,1.798587180940996261e-09,1.739760446793085219e-09,1.674432765261670717e-09,1.603206265958004910e-09,1.526960205401267436e-09,1.446849759524409807e-09,1.364307066076794844e-09,1.281046039496805122e-09,1.199069929904922594e-09,1.120675027929537447e-09,1.048433700122350568e-09,9.851249478981674940e-10,9.335670741323100898e-10,8.963139821919203935e-10,8.752325024764851344e-10,8.710836912600133654e-10,8.833080052453906022e-10,9.101486164465881773e-10,9.490541938693368696e-10,9.971589316436162398e-10,1.051659631065791688e-09,1.110026304653821318e-09,1.170074561084383035e-09,1.229956897792094063e-09,1.288120457210238544e-09,1.343259931522886730e-09,1.394279382236029045e-09,1.440267881447158993e-09,1.480489421988191286e-09,1.514385601968463854e-09,1.541588930004768116e-09,1.561944544770100417e-09,1.575539020051286747e-09,1.582737445759054584e-09,1.584236667436611489e-09,1.581160350498422698e-09,1.575269241937000988e-09,1.569489893039759971e-09,1.569321975251256446e-09,1.586642870264583002e-09,1.649713057513840496e-09,1.826632038506165495e-09,2.266555909632367287e-09,3.244415612244423419e-09,3.241819678772014502e-09,2.884597291812373268e-09,2.189635724040448343e-09,2.164694143982767668e-09,2.787228514739750164e-09,3.031687890781173459e-09,2.513098828314209527e-09,1.479364891616991702e-09,9.872196940387555526e-10,1.542628134106832442e-09,1.714563389271478384e-09,1.200767942045708754e-09,3.024142932344315247e-10,6.233550663161659963e-10,9.387044236718786422e-10,5.252525922155709893e-10,5.301917242400625932e-10,1.713606504712444601e-09,2.546019487490311962e-09,2.625332994473586678e-09,1.885069376062025246e-09,7.551603505256030866e-10,1.115824979643823302e-09,1.900211141326498375e-09,1.369311192651505955e-11,3.588307016937074734e-10,7.176940985658044694e-10,1.079297340399056045e-09,1.444224516301367642e-09,1.812737934483441105e-09,2.184887756134708495e-09,2.560615856516806503e-09,2.939803597078458493e-09,3.322273712985378510e-09,3.707765494973475005e-09,4.095899009039116214e-09,4.486138681720467320e-09,4.877762353411803467e-09,5.269839214987832163e-09,5.661218430692771058e-09,6.050529217142331725e-09,6.436192383084249760e-09,6.816442661429974367e-09,7.189360409472702597e-09,7.552910700835473454e-09,7.904987395080496764e-09,8.243459475534590519e-09,8.566216844201406878e-09,8.871212880598368417e-09,9.156501414321507755e-09,9.420266310522911821e-09,9.660842591293464873e-09,9.876728865382123408e-09,1.006659174587211047e-08,1.022926382332977870e-08,1.036373753911471929e-08,1.046915787669346496e-08,1.054481707265379679e-08,1.059015447471934264e-08,1.060476420365351840e-08,1.058841240960463499e-08,1.054106469885613395e-08,1.046292283663685768e-08,1.035446824626529027e-08,1.021650830221891715e-08,1.005022015939665482e-08,9.857186084133792375e-09,9.639414146183436619e-09,9.399338825756342073e-09,9.139797620995635077e-09,8.863982004947612138e-09,8.575363825891056769e-09,8.277601084530997908e-09,7.974429504051828820e-09,7.669548005745760352e-09,7.366506821541590379e-09,7.068606429887789719e-09,6.778813940248367036e-09,6.499701306063186951e-09,6.233407239389442681e-09,5.981622341557810171e-09,5.745595061201632463e-09,5.526154811711035207e-09,5.323747949596116775e-09,5.138482251986138526e-09,4.970175893714991368e-09,4.818407547978658189e-09,4.682564978058815826e-09,4.561890234311049295e-09,4.455520249444113548e-09,4.362522194190546595e-09,4.281923402913394104e-09,4.212736007861844288e-09,4.153976646006742919e-09,4.104664719335815849e-09,4.063767433115628558e-09,4.030194297851946203e-09,4.002805382918846430e-09,3.980416728768091395e-09,3.961803799129121586e-09,3.945704167735350604e-09,3.930820880746921831e-09,3.915828082105091361e-09,3.899380503826309610e-09,3.880128278709516881e-09,3.856738206017318238e-09,3.827922079035417153e-09,3.792471976945609496e-09,3.749301571535245596e-09,3.697491579949720473e-09,3.636336617032102138e-09,3.565389987489058908e-09,3.484502512634570588e-09,3.393851352603826674e-09,3.293954916788779583e-09,3.185670222309174324e-09,3.070169298560121891e-09,2.948891362613300540e-09,2.823467665074747981e-09,2.695616699641351884e-09,2.567009971569979580e-09,2.439114206193522242e-09,2.313025941283823945e-09,2.189328323288540783e-09,2.068013365495321721e-09,1.948517356074972608e-09,1.829903106031266683e-09,1.711188233315413862e-09,1.591776800474206589e-09,1.471930070388866710e-09,1.353243187020248020e-09,1.239202441288278935e-09
1.123630514073176689e-09,1.045484803546899463e-09,1.013515840746073184e-09,1.027717175837113576e-09,1.085145439931277912e-09,1.179574702860103051e-09,1.302777188924040286e-09,1.446191798831283029e-09,1.602066490225475485e-09,1.763972426453426654e-09,1.926898384720975205e-09,2.087113525881284976e-09,2.241922324505192102e-09,2.389394735456639532e-09,2.528125196509800488e-09,2.657047955878429963e-09,2.775315226891471322e-09,2.882231123216184833e-09,2.977227870631992343e-09,3.059869380596452468e-09,3.129868700099876752e-09,3.187108531595218262e-09,3.231657054607880611e-09,3.263774249080685841e-09,3.283906606970663675e-09,3.292670376072345862e-09,3.290825189449195914e-09,3.279241022767033646e-09,3.258861893864908765e-09,3.230669657177242961e-09,3.195650791668943412e-09,3.154768399897585695e-09,3.108940879182535048e-09,3.059028009693206113e-09,3.005824596575212618e-09,2.950061328398826049e-09,2.892412159348090324e-09,2.833507251942131593e-09,2.773950281004138458e-09,2.714338644716729124e-09,2.655284808287806938e-09,2.597436587599697624e-09,2.541486726986108906e-09,2.488145724159138872e-09,2.438112416802198330e-09,2.392042476253310053e-09,2.350510672831959812e-09,2.313968697090986134e-09,2.282701649547069909e-09,2.256787507750726645e-09,2.236064572408990363e-09,2.220111748654888351e-09,2.208245394457578754e-09,2.199534525637332269e-09,2.192833848337201277e-09,2.186831954326608092e-09,2.180110522610080816e-09,2.171209724172829631e-09,2.158695151830521026e-09,2.141222245477987296e-09,2.117595072230463537e-09,2.086817239190932725e-09,2.048133558487518217e-09,2.001061831100549949e-09,1.945414799100106991e-09,1.881312975212753859e-09,1.809189726162976805e-09,1.729790669260111516e-09,1.644170116037901891e-09,1.553687876435982631e-09,1.460010008091975000e-09,1.365116569565631909e-09,1.271317083556901997e-09,1.181268296554016721e-09,1.097976007357121109e-09,1.024740997354079206e-09,9.649836049428030896e-10,9.218781026239057622e-10,8.977968252916929002e-10,8.937258910350685406e-10,9.089549503811229248e-10,9.412555637418482661e-10,9.874535980731196212e-10,1.044079774372787103e-09,1.107841375880059370e-09,1.175850750852448353e-09,1.245673799833837688e-09,1.315286147914203006e-09,1.382999868984906618e-09,1.447393996113559862e-09,1.507262376783643513e-09,1.561582282282415188e-09,1.609502871422815628e-09,1.650351389739220126e-09,1.683655489182575905e-09,1.709181199013397546e-09,1.726989767171718379e-09,1.737524037331503783e-09,1.741751028007161995e-09,1.741423038910292597e-09,1.739600940457992452e-09,1.741771462285476627e-09,1.758320522517946495e-09,1.810029619861553299e-09,1.939688068289805980e-09,2.233313630379901156e-09,2.850283090009212432e-09,4.061259310824343922e-09,4.060800086906443011e-09,3.604350013653650262e-09,2.529586187964516067e-09,1.875243628147742915e-09,2.381578803997954142e-09,2.801124721987438192e-09,2.446403034963967315e-09,1.424637617276412811e-09,5.063516609686798504e-10,1.088977461586589236e-09,1.362837812832267023e-09,9.517456338022516141e-10,3.693984644763205083e-10,9.101291342212723321e-10,1.225245707433618590e-09,9.190329391705318671e-10,7.215516881739543743e-10,1.615467154417538134e-09,2.359750045721797738e-09,2.388340745224247791e-09,1.630416860254009291e-09,7.042553705170457426e-10,1.464865620015078115e-09,2.269739471558155134e-09,1.370656361455017217e-11,3.640076119625527676e-10,7.288493667356523843e-10,1.097729673726226428e-09,1.471237611928756764e-09,1.849474066001629941e-09,2.232336261951167333e-09,2.619690397775598631e-09,3.011421408953408699e-09,3.407409696400580878e-09,3.807476288754105094e-09,4.211321044453887391e-09,4.618466308216915388e-09,5.028211750394802646e-09,5.439602961127496874e-09,5.851414929901003025e-09,6.262150736990321042e-09,6.670055168324320069e-09,7.073142422925769534e-09,7.469235871572626013e-09,7.856017271470275868e-09,8.231082291593559459e-09,8.591998784672271838e-09,8.936364080723854505e-09,9.261857713564157105e-09,9.566286427331564227e-09,9.847619023180546405e-09,1.010400955756772281e-08,1.033380853419069197e-08,1.053556296061541526e-08,1.070800736509421698e-08,1.085004897051867279e-08,1.096075106935176361e-08,1.103931911339180721e-08,1.108509402118856708e-08,1.109755664926144481e-08,1.107634625888051816e-08,1.102129418744156795e-08,1.093247191727603082e-08,1.081025050442691939e-08,1.065536612275412501e-08,1.046898457681504993e-08,1.025275634901719377e-08,1.000885336854205999e-08,9.739979455980854079e-09,9.449348407545941234e-09,9.140626838847970762e-09,8.817842866862712373e-09,8.485265898573748654e-09,8.147266504905863303e-09,7.808167900488064775e-09,7.472101438548123571e-09,7.142877632313931096e-09,6.823881779842458781e-09,6.517999853632649671e-09,6.227576607046220037e-09,5.954404483143014325e-09,5.699739335645905265e-09,5.464337387529116723e-09,5.248507240945822935e-09,5.052170933784564451e-09,4.874928766688199547e-09,4.716123645992857082e-09,4.574901795888200717e-09,4.450267740109267707e-09,4.341132355590909423e-09,4.246353522057698926e-09,4.164769431766594772e-09,4.095224999691771194e-09,4.036592052488286511e-09,3.987767483261317263e-09,3.947619512292781859e-09,3.914982760036266855e-09,3.888665926391988548e-09,3.867455883885636313e-09,3.850119256894990162e-09,3.835402836161840233e-09,3.822034375843572885e-09,3.808725416079724939e-09,3.794177748750860835e-09,3.777094977575118884e-09,3.756200298471859100e-09,3.730261130499983705e-09,3.698120567895684266e-09,3.658734830082418672e-09,3.611215023302594707e-09,3.554870685949120063e-09,3.489251875874919170e-09,3.414186065288258300e-09,3.329805881917108480e-09,3.236563751081824643e-09,3.135229659314838723e-09,3.026868469226561643e-09,2.912793441754864755e-09,2.794493067961301050e-09,2.673529544353765053e-09,2.551410226037666285e-09,2.429439356027210627e-09,2.308566999073459999e-09,2.189264295837227290e-09,2.071464547291654340e-09,1.954610727197502448e-09,1.837834729671923863e-09,1.720262186502170876e-09,1.601401858504696803e-09,1.481564280514856900e-09,1.362288119726957976e-09,1.246858718704722696e-09
1.128372159805235577e-09,1.045832476960750019e-09,1.008408312152242222e-09,1.016746614992802232e-09,1.068586268723819194e-09,1.158090522285146536e-09,1.277054854328111656e-09,1.416731375060590723e-09,1.569139485815040809e-09,1.727661589173500838e-09,1.887155011167750544e-09,2.043809222028669176e-09,2.194892481080713064e-09,2.338475544477507520e-09,2.473185160484093562e-09,2.598013638674882600e-09,2.712190639626747442e-09,2.815110369430392269e-09,2.906301083185913050e-09,2.985422359071537721e-09,3.052276959485134076e-09,3.106826720934660720e-09,3.149204908581615615e-09,3.179720380712438557e-09,3.198851503997152649e-09,3.207229903187418757e-09,3.205615722063006956e-09,3.194867070105693962e-09,3.175906752816257830e-09,3.149689321007055564e-09,3.117171060299354252e-09,3.079284927447669679e-09,3.036921760250874653e-09,2.990918443996528843e-09,2.942053168122742186e-09,2.891047469489186151e-09,2.838574418562627165e-09,2.785272024839857072e-09,2.731760668745782817e-09,2.678663057598182569e-09,2.626624808184371536e-09,2.576333255390294892e-09,2.528523654012313797e-09,2.483944532574815678e-09,2.443322066596566315e-09,2.407322322560448986e-09,2.376506913840145652e-09,2.351284670856090669e-09,2.331863419436852321e-09,2.318207108204778343e-09,2.310003904351383289e-09,2.306650206769939940e-09,2.307253825095250518e-09,2.310657209215321314e-09,2.315479172884300395e-09,2.320171604712642705e-09,2.323086535001454659e-09,2.322548647329294769e-09,2.316928675179052935e-09,2.304713810141618502e-09,2.284572028100463110e-09,2.255407988392424225e-09,2.216408857165385723e-09,2.167079087667001815e-09,2.107263905888922970e-09,2.037162034128937551e-09,1.957329050048679588e-09,1.868673717974957581e-09,1.772450614691681832e-09,1.670253330668702571e-09,1.564013266476423742e-09,1.456009069295205529e-09,1.348889892510825281e-09,1.245709396128859096e-09,1.149952201234936631e-09,1.065504904656146524e-09,9.964816891472058814e-10,9.467919915853648168e-10,9.194162803027277230e-10,9.155976492208020644e-10,9.344021467185698180e-10,9.729840990059875512e-10,1.027399064332954999e-09,1.093474687950734639e-09,1.167384181799438948e-09,1.245875622276135079e-09,1.326276623364795507e-09,1.406401508211453876e-09,1.484439493186705552e-09,1.558859606995183553e-09,1.628343903080979761e-09,1.691749794754492682e-09,1.748098626455067533e-09,1.796587284359553653e-09,1.836622042449995652e-09,1.867874697717288323e-09,1.890367557838833739e-09,1.904604385528841599e-09,1.911785527681408001e-09,1.914189472534808858e-09,1.915896370453333163e-09,1.924228556464005829e-09,1.952702703411938172e-09,2.027097506864520223e-09,2.197413152964424583e-09,2.558856756784615404e-09,3.282244111571306850e-09,4.653493909084076629e-09,4.655242300884595688e-09,4.141020237668056744e-09,2.815916175919627096e-09,1.533640417909777561e-09,1.809336285583308716e-09,2.428534002783392576e-09,2.264025016530624839e-09,1.347848923045733817e-09,1.336426642262800159e-10,8.179851059359232193e-10,1.107100522897816007e-09,6.887612964927255704e-10,4.601618038402474079e-10,1.255567060696018069e-09,1.658648932017946856e-09,1.426292241510180847e-09,9.896303571293302491e-10,1.413547315408407892e-09,2.027736752096039760e-09,2.016493904800838748e-09,1.257851991027981113e-09,6.536096028299932804e-10,1.743831536047447930e-09,2.566309315221742670e-09,1.371726559003214127e-11,3.667698148722738205e-10,7.360605853223250499e-10,1.111565338803498383e-09,1.493535072963428264e-09,1.881587341138054994e-09,2.275289949843040300e-09,2.674382418889161835e-09,3.078775479360782242e-09,3.488461122626831348e-09,3.903403224833545802e-09,4.323437324168778701e-09,4.748188578654222433e-09,5.177009768815477468e-09,5.608939374285688261e-09,6.042679551290717247e-09,6.476593703896816647e-09,6.908722994439202467e-09,7.336821457493692988e-09,7.758406407178107487e-09,8.170820918911413440e-09,8.571304373680996110e-09,8.957066389714803235e-09,9.325359204418513762e-09,9.673543723576430461e-09,9.999145004829650146e-09,1.029989385831938356e-08,1.057375248539001650e-08,1.081892356906165467e-08,1.103384388205571250e-08,1.121716516100820330e-08,1.136772654838588538e-08,1.148452415019469147e-08,1.156668401561760883e-08,1.161344496224029930e-08,1.162415703982324159e-08,1.159830001297595286e-08,1.153552409761711471e-08,1.143571244422137658e-08,1.129906174864834035e-08,1.112617419609131099e-08,1.091815108753802520e-08,1.067667640072878549e-08,1.040407765548186901e-08,1.010335218801234072e-08,9.778149528242366065e-09,9.432704963828554259e-09,9.071725120294254445e-09,8.700232638646605986e-09,8.323382662904665934e-09,7.946267723498513540e-09,7.573728902537072256e-09,7.210189669335926454e-09,6.859524917783259670e-09,6.524972465818143436e-09,6.209088730796144836e-09,5.913745469784388402e-09,5.640161014504987167e-09,5.388957551901141477e-09,5.160235567877929218e-09,4.953657231829270530e-09,4.768531831433504371e-09,4.603897987222589858e-09,4.458598995495664055e-09,4.331349089034822313e-09,4.220789581660327318e-09,4.125534758566420341e-09,4.044208008377436903e-09,3.975469104785238858e-09,3.918033777215542398e-09,3.870670627815732759e-09,3.832147614134131810e-09,3.801226581569914542e-09,3.776669259863106530e-09,3.757239045172091958e-09,3.741699882904139620e-09,3.728813781589736452e-09,3.717338615152513535e-09,3.706027900872529160e-09,3.693634164544733478e-09,3.678917309994560212e-09,3.660659082711706589e-09,3.637684244709746442e-09,3.608888461381082774e-09,3.573272163904007231e-09,3.529978842024023326e-09,3.478335421003380085e-09,3.417891671918534865e-09,3.348455082208369409e-09,3.270117320062969050e-09,3.183268356691890536e-09,3.088594408333475892e-09,2.987056065184665972e-09,2.879843311241408587e-09,2.768304837367657860e-09,2.653850651528340768e-09,2.537830348868988732e-09,2.421395429747243843e-09,2.305363016821892057e-09,2.190108729760055095e-09,2.075524106992741654e-09,1.961072460499783281e-09,1.845961396536963630e-09,1.729422229917951560e-09,1.611058177307927230e-09,1.491214765650790852e-09,1.371361056997448811e-09,1.254573571380271746e-09
1.133335844274250069e-09,1.046463632950159881e-09,1.003621079454622397e-09,1.006094903894300871e-09,1.052321701416469939e-09,1.136881587293230693e-09,1.251606508379770674e-09,1.387560476486794968e-09,1.536531859516951008e-09,1.691717218789012390e-09,1.847849369925579873e-09,2.001045335320069922e-09,2.148541976254687731e-09,2.288412164446281149e-09,2.419312863760776567e-09,2.540289578731884055e-09,2.650642539393949997e-09,2.749847848268361193e-09,2.837520863003666972e-09,2.913407678850219132e-09,2.977391863504130849e-09,3.029506148285101384e-09,3.069941706403109555e-09,3.099050483876914915e-09,3.117338551247512714e-09,3.125450481362052000e-09,3.124146251372012072e-09,3.114273089183663470e-09,3.096735071490512421e-09,3.072463222673830548e-09,3.042388489284246376e-09,3.007419411586816138e-09,2.968425702789929380e-09,2.926228366851763114e-09,2.881596486617321745e-09,2.835250407306180117e-09,2.787870708594357374e-09,2.740112063340353461e-09,2.692620773145671990e-09,2.646054400505796682e-09,2.601101443190183174e-09,2.558498407332062891e-09,2.519032263276387001e-09,2.483497874264895033e-09,2.452655484857170036e-09,2.427186033918814130e-09,2.407639673305262095e-09,2.394381028852086303e-09,2.387536324876804554e-09,2.386948472110916866e-09,2.392146166361404492e-09,2.402331798938662000e-09,2.416390767437208434e-09,2.432922156822915917e-09,2.450288395511735502e-09,2.466679863458567669e-09,2.480189687913070834e-09,2.488893947140442508e-09,2.490932907571212575e-09,2.484589464870656243e-09,2.468361493950898498e-09,2.441025322125732614e-09,2.401688086626143050e-09,2.349827401591233220e-09,2.285317587323077627e-09,2.208442712747935097e-09,2.119897850519342274e-09,2.020781214279864685e-09,1.912581212535332813e-09,1.797163864407709707e-09,1.676767331817105793e-09,1.554011079064608598e-09,1.431926127717955063e-09,1.314006987629767852e-09,1.204268732537047670e-09,1.107254382005754319e-09,1.027873720303257146e-09,9.709005493055814591e-10,9.400364483961030975e-10,9.368018453340694636e-10,9.599271487084978196e-10,1.005758896472160621e-09,1.069411183580219066e-09,1.145911635894081915e-09,1.230871909999303864e-09,1.320688540149374370e-09,1.412477884721348551e-09,1.503918901492874450e-09,1.593095535726750001e-09,1.678373414929763141e-09,1.758318135484005140e-09,1.831652224611458029e-09,1.897245100418021438e-09,1.954130233668725250e-09,2.001551757690950924e-09,2.039036800547584710e-09,2.066501971429455506e-09,2.084412669770982996e-09,2.094034929768243323e-09,2.097861994864927120e-09,2.100384471222326856e-09,2.109553091149598588e-09,2.139661874702808699e-09,2.217164084245673860e-09,2.392433039942627659e-09,2.762673656804083171e-09,3.511750298012587828e-09,4.962976565796638685e-09,4.966666325552424963e-09,4.450544901571703681e-09,3.025450245960421507e-09,1.273200065623059618e-09,1.145910848762020493e-09,1.994541191859096851e-09,2.006225546602410473e-09,1.245695888191140919e-09,4.677574098363980340e-10,9.619262025702193577e-10,1.119187380831656540e-09,5.503363519416856769e-10,5.226446648027127345e-10,1.537192134507753132e-09,2.057364350761917466e-09,1.867754589779600892e-09,1.231220733979845472e-09,1.127805632657087585e-09,1.595783093935558220e-09,1.577826277043315581e-09,8.268432318786389711e-10,6.482992266417314033e-10,1.914588107339256679e-09,2.725855659524264065e-09,1.372605877565654500e-11,3.653858269545514072e-10,7.371567220194936728e-10,1.118969146375335141e-09,1.509762040118642882e-09,1.908051229124424092e-09,2.312849262488425989e-09,2.723767333412632353e-09,3.140830315923020298e-09,3.564250056184213177e-09,3.994232813327471818e-09,4.430831468661884631e-09,4.873835813819264883e-09,5.322693609165536583e-09,5.776458265951156945e-09,6.233761598245256150e-09,6.692810911600830946e-09,7.151408742317976374e-09,7.606998678177636539e-09,8.056729632029318844e-09,8.497535603142404807e-09,8.926225915739085669e-09,9.339579748335253155e-09,9.734438388458994577e-09,1.010778883981111838e-08,1.045683310292265608e-08,1.077903861368645514e-08,1.107216691486760875e-08,1.133427958715167377e-08,1.156372267055445581e-08,1.175909310616097141e-08,1.191919291324454069e-08,1.204297863987614444e-08,1.212951482817498194e-08,1.217794058489842910e-08,1.218745767903619647e-08,1.215734682778150836e-08,1.208701602588303668e-08,1.197608108105607030e-08,1.182447421538207314e-08,1.163257206653466124e-08,1.140133017250712539e-08,1.113240765935904912e-08,1.082826406258638190e-08,1.049221067869527999e-08,1.012840206468038433e-08,9.741759372523323101e-09,9.337825588970517276e-09,8.922562193698234650e-09,8.502105442966162631e-09,8.082506511137829949e-09,7.669481666580150037e-09,7.268196129941068461e-09,6.883099046037715995e-09,6.517818742905058631e-09,6.175119067419133898e-09,5.856910660190494149e-09,5.564306457610506137e-09,5.297708651055791293e-09,5.056914403115350185e-09,4.841229153148291989e-09,4.649578643574716569e-09,4.480613296050221381e-09,4.332800883793232287e-09,4.204505388238752078e-09,4.094051430413916528e-09,3.999774750815469800e-09,3.920059930370834275e-09,3.853366966727469025e-09,3.798248508453248325e-09,3.753343896034505438e-09,3.717324514587747341e-09,3.688886349089888887e-09,3.666752948256736803e-09,3.649673762474461245e-09,3.636419450202418098e-09,3.625775868071934917e-09,3.616538493823504757e-09,3.607508981857618620e-09,3.597495419974844924e-09,3.585317632572814778e-09,3.569818547136140181e-09,3.549882192450052502e-09,3.524458324568202136e-09,3.492592994852407855e-09,3.453463622250623389e-09,3.406416374020270317e-09,3.351002973576960480e-09,3.287013517895019077e-09,3.214501549720025928e-09,3.133797502734105828e-09,3.045506694828377004e-09,2.950488267360377081e-09,2.849811918344393845e-09,2.744690201023417242e-09,2.636386053289555243e-09,2.526098802117077605e-09,2.414837783943090925e-09,2.303300850468878189e-09,2.191783661568045572e-09,2.080150880130682014e-09,1.967896982209525961e-09,1.854309097196993962e-09,1.738719940883921388e-09,1.620816393357648157e-09,1.500965518015924931e-09,1.380555332526600141e-09,1.262447537488032309e-09
1.138608599842544546e-09,1.047471764421059812e-09,9.992532872069876578e-10,9.958633467646976303e-10,1.036450120007543257e-09,1.116040022674598856e-09,1.226517041622834339e-09,1.358756259636454800e-09,1.504311583318579709e-09,1.656195427089841127e-09,1.809022157318914416e-09,1.958843209814803628e-09,2.102868901089054268e-09,2.239175830459892103e-09,2.366449502258872755e-09,2.483784205519772064e-09,2.590544320999565302e-09,2.686280114377983493e-09,2.770685597874201161e-09,2.843584736385462920e-09,2.904933511782599386e-09,2.954827823911304117e-09,2.993510048786827498e-09,3.021369821905165184e-09,3.038937023073639596e-09,3.046866878497348252e-09,3.045918501115441166e-09,3.036929050244311396e-09,3.020786051002984462e-09,2.998400365309319825e-09,2.970681970103206301e-09,2.938520201886776192e-09,2.902769577668521637e-09,2.864241779371769658e-09,2.823703932236715827e-09,2.781882925272326071e-09,2.739475191952488297e-09,2.697161053167073296e-09,2.655622371868352009e-09,2.615561830740172479e-09,2.577721587138402500e-09,2.542898383212128639e-09,2.511941914783044859e-09,2.485703899857998536e-09,2.464988030492858504e-09,2.450497690215550461e-09,2.442776805097188604e-09,2.442148383560289694e-09,2.448656888020795954e-09,2.462021274690529127e-09,2.481604967311083367e-09,2.506407217785696080e-09,2.535077708333954261e-09,2.565953577044044065e-09,2.597115944072134397e-09,2.626461796997287435e-09,2.651786690041301480e-09,2.670873809564811714e-09,2.681585213817113863e-09,2.681951265638070972e-09,2.670254422985649070e-09,2.645103750781292615e-09,2.605496920878910915e-09,2.550867181455836381e-09,2.481113823340631340e-09,2.396616001398469913e-09,2.298231308428628645e-09,2.187282189858435849e-09,2.065535106668031103e-09,1.935179292854153484e-09,1.798813938583620178e-09,1.659454300184717722e-09,1.520567366372253966e-09,1.386142824208459502e-09,1.260786796803573894e-09,1.149778325388480430e-09,1.058936525056993979e-09,9.940440141563638802e-10,9.596428907031594153e-10,9.575261713028781211e-10,9.859184155410688833e-10,1.040112949188076681e-09,1.114092694078604485e-09,1.202003185743048701e-09,1.298894736395051010e-09,1.400850839666507035e-09,1.504822432893642650e-09,1.608390749002055494e-09,1.709557736649794547e-09,1.806592819625580431e-09,1.897936520000211728e-09,1.982153410890200522e-09,2.057925720945675586e-09,2.124072035681780205e-09,2.179610400024396252e-09,2.223841590037533625e-09,2.256466577845889574e-09,2.277752392493785780e-09,2.288777110033073348e-09,2.291817758389938434e-09,2.291012164427250175e-09,2.293571530662089799e-09,2.312156857011243085e-09,2.369845248446668729e-09,2.511091460458617625e-09,2.826639930094717112e-09,3.508935234250948720e-09,4.954149865657385680e-09,4.959195062290437385e-09,4.519888114454204488e-09,3.144982378458739474e-09,1.239864278380026675e-09,5.716869264434795616e-10,1.630082471497213102e-09,1.729407898270035583e-09,1.109622004874581716e-09,8.540603400001399077e-10,1.381497857040821346e-09,1.424098215867662711e-09,7.095411530219386908e-10,5.440321437306069501e-10,1.716770416027041868e-09,2.355457163226893004e-09,2.197131805667378746e-09,1.404928810913341503e-09,7.805634522409951355e-10,1.146662063564609866e-09,1.207874017392951089e-09,5.159060737511256269e-10,7.130206427140347441e-10,1.955587969198257383e-09,2.707734039179933059e-09,1.373421115174684890e-11,3.560651652688038805e-10,7.283539785294797896e-10,1.117453266703057213e-09,1.518519488509054971e-09,1.928015289128282778e-09,2.344289152607229156e-09,2.767004691995617549e-09,3.196524976738412675e-09,3.633472739054415587e-09,4.078443606518883995e-09,4.531817130529445643e-09,4.993626522677988608e-09,5.463466807544461837e-09,5.940433607043256634e-09,6.423091370153358973e-09,6.909471648233730165e-09,7.397092637833666002e-09,7.883023322362789144e-09,8.363964579578379700e-09,8.836351233633927984e-09,9.296468174396539577e-09,9.740572050567668651e-09,1.016500977138017799e-08,1.056632535292251556e-08,1.094134751526932076e-08,1.128725188870550517e-08,1.160159369836723128e-08,1.188230931443196353e-08,1.212768796856411018e-08,1.233631806306841480e-08,1.250701556278497295e-08,1.263874461910644563e-08,1.273054245424328157e-08,1.278146128312263550e-08,1.279053941297935611e-08,1.275681150864047141e-08,1.267936438308278428e-08,1.255743975362609670e-08,1.239057952379264913e-08,1.217880277358876269e-08,1.192279738532838869e-08,1.162410391150472451e-08,1.128526591505774956e-08,1.090992070775144926e-08,1.050280817212074754e-08,1.006968363710872375e-08,9.617133051680847135e-09,9.152303148230506498e-09,8.682572967919962459e-09,8.215202719763930141e-09,7.756998933874573943e-09,7.314030541359721299e-09,6.891420300987368546e-09,6.493222844875567011e-09,6.122387815250882511e-09,5.780796628130220899e-09,5.469355524213642862e-09,5.188125677381432944e-09,4.936472321545000513e-09,4.713217911122901384e-09,4.516788134064105249e-09,4.345343344982556127e-09,4.196891226093010765e-09,4.069379039480724267e-09,3.960765707405166141e-09,3.869075229008736627e-09,3.792433716653303270e-09,3.729092715233023592e-09,3.677441544785788580e-09,3.635996188201894267e-09,3.603341750100991543e-09,3.578121261486496370e-09,3.559034053581115002e-09,3.544829441341546372e-09,3.534297593079677279e-09,3.526259455535599791e-09,3.519557525469910791e-09,3.513049125155183749e-09,3.505603653977834118e-09,3.496105043050570618e-09,3.483460316809109493e-09,3.466614746897101748e-09,3.444573558406491107e-09,3.416429524431213046e-09,3.381395090483473599e-09,3.338836959911115435e-09,3.288310412382734862e-09,3.229590091526151538e-09,3.162693636287527846e-09,3.087894369498334399e-09,3.005719296474866445e-09,2.916928921503112412e-09,2.822475950384792333e-09,2.723441060413244569e-09,2.620946025803549827e-09,2.516048153791106930e-09,2.409625598602061378e-09,2.302270309061398249e-09,2.194212301022389782e-09,2.085302113737343782e-09,1.975073619215975758e-09,1.862894932133364359e-09,1.748194465188054213e-09,1.630731811164279884e-09,1.510883070513315909e-09,1.389945340230091523e-09,1.270561114204857859e-09
1.144255501627555558e-09,1.048927873506111773e-09,9.953818648068447084e-10,9.861321163623792877e-10,1.021050004978230288e-09,1.095638944098296316e-09,1.201853050099652601e-09,1.330378508245346943e-09,1.472530671143866883e-09,1.621138414648381568e-09,1.770702866159098558e-09,1.917216323203378382e-09,2.057867398492213573e-09,2.190738288295894054e-09,2.314541756543609406e-09,2.428416906906194648e-09,2.531786296327558025e-09,2.624267058704174225e-09,2.705623849832107561e-09,2.775750295495933888e-09,2.834666833148298873e-09,2.882525211368771675e-09,2.919612654617526937e-09,2.946351352256858367e-09,2.963291243822972523e-09,2.971095921034904927e-09,2.970522795455181296e-09,2.962399489139247465e-09,2.947598745276390127e-09,2.927014119353494615e-09,2.901538412241623520e-09,2.872046362218757456e-09,2.839382619603468080e-09,2.804355554381148725e-09,2.767737027071416261e-09,2.730267888357918925e-09,2.692668639664586646e-09,2.655654343374936111e-09,2.619952467196037094e-09,2.586321835362079933e-09,2.555570212833969169e-09,2.528567285221412147e-09,2.506238656986759750e-09,2.489506169086246786e-09,2.479229694144119441e-09,2.476146603658523614e-09,2.480804387918161624e-09,2.493492048086277195e-09,2.514177371538367514e-09,2.542457501220247695e-09,2.577529074023754829e-09,2.618181889594493412e-09,2.662817263499326275e-09,2.709489710956261804e-09,2.755968931052004515e-09,2.799818298574390022e-09,2.838485919957236219e-09,2.869404332789305233e-09,2.890094801050532380e-09,2.898271802768097381e-09,2.891942883968552691e-09,2.869498844564408954e-09,2.829789487620350693e-09,2.772181027437722101e-09,2.696592674376494949e-09,2.603511745177090328e-09,2.493988721175137935e-09,2.369615895087261709e-09,2.232495602501944390e-09,2.085206582160128966e-09,1.930779779171566289e-09,1.772697680794922734e-09,1.614932945269960436e-09,1.462038902804963987e-09,1.319286054467735130e-09,1.192781818301778072e-09,1.089383787913644676e-09,1.016044238895897109e-09,9.782642031914821981e-10,9.780574884035439176e-10,1.012888478865544181e-09,1.076688833182891209e-09,1.162114317467065683e-09,1.262378659908777659e-09,1.372011048969828670e-09,1.486852611329544908e-09,1.603756414534319139e-09,1.720256569112248296e-09,1.834302409405903319e-09,1.944074767379717887e-09,2.047875622786075095e-09,2.144078693358917486e-09,2.231136775579412325e-09,2.307580107304055306e-09,2.372118142654545691e-09,2.423721189847630962e-09,2.461739326944987424e-09,2.486055577254636922e-09,2.497286877163912758e-09,2.497065316589310353e-09,2.488471094620054239e-09,2.476786809789837541e-09,2.471025042247939960e-09,2.487558919651361763e-09,2.559923751358232988e-09,2.766374415881220894e-09,3.300492089699349676e-09,4.656937902411921356e-09,4.662367243636851360e-09,4.381183619538117192e-09,3.145801215219809773e-09,1.380988589094911930e-09,6.943430655555675949e-10,1.519275675698995552e-09,1.511642521916676969e-09,9.274749476077768452e-10,1.179986566687228706e-09,1.865064187162929339e-09,1.877733311051234836e-09,1.060412592349675620e-09,5.306536327961618054e-10,1.783846701966637602e-09,2.531147715973681482e-09,2.397965803869159285e-09,1.492421628161762237e-09,3.978513120114598727e-10,8.714687702039952412e-10,1.140983454364617662e-09,6.855700907651174881e-10,8.106267578669675139e-10,1.857935871962472669e-09,2.492913090398086605e-09,1.374321849329080674e-11,3.295618770680523703e-10,7.031160155926793335e-10,1.104145260883210452e-09,1.518927640576079265e-09,1.941236040351631116e-09,2.369301219948591690e-09,2.803442136661500298e-09,3.244793396666901538e-09,3.694672254048531609e-09,4.154251212348450146e-09,4.624366100141385665e-09,5.105385123755098124e-09,5.597111698122269863e-09,6.098715426214615051e-09,6.608695164694947379e-09,7.124887238021493887e-09,7.644461459525698956e-09,8.164031207132660500e-09,8.679747390836527435e-09,9.187429671472318587e-09,9.682716953578369782e-09,1.016122500789415488e-08,1.061869968565923843e-08,1.105115460011108917e-08,1.145498318622963179e-08,1.182703681068730829e-08,1.216466309091825854e-08,1.246570177392391022e-08,1.272843933553367995e-08,1.295152768414128082e-08,1.313387663961341059e-08,1.327453372881292586e-08,1.337256774123600526e-08,1.342697389789341253e-08,1.343661800296559186e-08,1.340023437088815042e-08,1.331648768084220076e-08,1.318410243600393483e-08,1.300205578181481389e-08,1.276982058744464760e-08,1.248763662178555243e-08,1.215677936353545671e-08,1.177978989567759861e-08,1.136062726306457108e-08,1.090470850956744932e-08,1.041881264539378308e-08,9.910842778665206821e-09,9.389463040871880064e-09,8.863648924572298159e-09,8.342205367820087230e-09,7.833311677785801437e-09,7.344144849836747768e-09,6.880615706984865749e-09,6.447230985055724697e-09,6.047074763086851096e-09,5.681888482055545024e-09,5.352221643827031564e-09,5.057624391504211471e-09,4.796856605535612259e-09,4.568093758406350409e-09,4.369115838032747763e-09,4.197471119510694138e-09,4.050610975842454332e-09,3.925995203610054430e-09,3.821169618577893629e-09,3.733819119456426992e-09,3.661800186354021672e-09,3.603157015154510963e-09,3.556125325778394287e-09,3.519113069201130147e-09,3.490637811459788719e-09,3.469309733125780832e-09,3.453823750684486091e-09,3.442947381903842515e-09,3.435506460504505942e-09,3.430370643476453142e-09,3.426440457700963147e-09,3.422637420690506972e-09,3.417898545335052388e-09,3.411176285284156079e-09,3.401444673204350157e-09,3.387712024025970740e-09,3.369040102928769248e-09,3.344569093710289728e-09,3.313547068884343432e-09,3.275362002877789440e-09,3.229573744130324720e-09,3.175942837428884770e-09,3.114452718917813100e-09,3.045321630457995438e-09,2.969000640218257334e-09,2.886154452813646766e-09,2.797622353932156098e-09,2.704357896866849642e-09,2.607348178348209503e-09,2.507517189138804620e-09,2.405622930358678164e-09,2.302164185024656361e-09,2.197318202374835810e-09,2.090932046340586644e-09,1.982584895281376220e-09,1.871725391015697604e-09,1.757870946208187883e-09,1.640843035823521235e-09,1.521015305866730660e-09,1.399585466417789932e-09,1.278973774504886643e-09
1.150318846388222830e-09,1.050879639967596278e-09,9.920607001073630810e-10,9.769595646874364994e-10,1.006179535009362682e-09,1.075732339866422375e-09,1.177662845315042698e-09,1.302469567392784093e-09,1.441224842836309226e-09,1.586573707110606025e-09,1.732908480589632349e-09,1.876168364240713339e-09,2.013525072753499730e-09,2.143068498678573658e-09,2.263537756888871323e-09,2.374113218614333566e-09,2.474270066869968910e-09,2.563685418509002534e-09,2.642186955917082876e-09,2.709730135392175211e-09,2.766392246708874051e-09,2.812373882127494675e-09,2.848001009438665558e-09,2.873723392412997396e-09,2.890107319365539767e-09,2.897822363905644927e-09,2.897623162198495710e-09,2.890327956599079065e-09,2.876795981637242012e-09,2.857905745690152846e-09,2.834535998641590331e-09,2.807550778977924519e-09,2.777789490952097068e-09,2.746062532571072793e-09,2.713152605841249514e-09,2.679821488129608332e-09,2.646821701042559719e-09,2.614912136087616483e-09,2.584876233443752064e-09,2.557540716507994739e-09,2.533792142497089746e-09,2.514587676785958818e-09,2.500944526785199737e-09,2.493871192070738633e-09,2.494300529989681380e-09,2.503020326073883928e-09,2.520597063158191187e-09,2.547299578870637771e-09,2.583030590660069722e-09,2.627273880291873660e-09,2.679063219160963742e-09,2.736976417237189426e-09,2.799155078754202390e-09,2.863348539821548348e-09,2.926979379716799298e-09,2.987227627243849731e-09,3.041130786588577520e-09,3.085696544734882016e-09,3.118024225129077456e-09,3.135429821011319518e-09,3.135568179009699699e-09,3.116545129343300045e-09,3.077012488710236036e-09,3.016240033532490365e-09,2.934160592860917545e-09,2.831386996658987268e-09,2.709202418717356514e-09,2.569528519224511084e-09,2.414878763698296081e-09,2.248307535380128311e-09,2.073369341578392754e-09,1.894106509231360770e-09,1.715087383208388369e-09,1.541516334161704332e-09,1.379419406952511979e-09,1.235843148376333499e-09,1.118833822840818235e-09,1.036692182896170108e-09,9.959823542149211784e-10,9.988052665649544650e-10,1.041492661831479153e-09,1.116240594063067955e-09,1.214197976170117473e-09,1.327652055261311954e-09,1.450704118945236064e-09,1.579061630325838382e-09,1.709571686211752886e-09,1.839786195833975921e-09,1.967638088771030065e-09,2.091227920690625360e-09,2.208700167475500363e-09,2.318185760664181744e-09,2.417880608493194103e-09,2.505910062303305449e-09,2.580586149076051344e-09,2.640431243477136312e-09,2.684302067428268430e-09,2.711521305763422857e-09,2.722016421274805525e-09,2.716465019261001776e-09,2.696456166517063502e-09,2.664723880371996969e-09,2.625701569824398970e-09,2.587420699505921670e-09,2.569148384032336106e-09,2.637214612563853233e-09,3.108644735524691653e-09,5.638799777735992870e-09,4.542136312621086891e-09,4.071862589089404217e-09,2.915134402167447090e-09,1.461592499480768686e-09,1.282193654227772244e-09,1.759596506224131608e-09,1.445853114082585611e-09,6.886604440033259391e-10,1.444845120045023239e-09,2.334681853247675091e-09,2.368158860257192484e-09,1.458689753345065022e-09,4.982635812314676367e-10,1.744254168177187802e-09,2.585862827535855833e-09,2.469974902967830786e-09,1.488689501457346450e-09,1.541247404884039874e-10,1.035916512848116894e-09,1.460148765306856243e-09,1.109415341552086344e-09,8.496925163165576456e-10,1.611207372831412903e-09,2.102857420448521316e-09,1.375447196480102621e-11,2.632446983588355232e-10,6.519669378275659311e-10,1.077657798698141690e-09,1.512034359705213906e-09,1.948789569734201429e-09,2.388273425190811460e-09,2.832683541908675666e-09,3.284539842462585777e-09,3.746173809850482053e-09,4.219523612052681857e-09,4.706011008695169027e-09,5.206435842374562301e-09,5.720878741015218586e-09,6.248620174631775102e-09,6.788085216822907300e-09,7.336919011571298506e-09,7.891833005559497603e-09,8.448891106190828266e-09,9.003563154357615229e-09,9.550903282337503123e-09,1.008574692337463403e-08,1.060291590195557611e-08,1.109741748739887195e-08,1.156462300219916745e-08,1.200041267761657612e-08,1.240127551551374904e-08,1.276435590030962393e-08,1.308744265853589311e-08,1.336890117316768574e-08,1.360755483163560245e-08,1.380252807656188833e-08,1.395306896031614223e-08,1.405837355622433064e-08,1.411743704877384318e-08,1.412895619398479678e-08,1.409130481120095174e-08,1.400259808361540891e-08,1.386085302734787017e-08,1.366424200142240342e-08,1.341142410239293390e-08,1.310192638926287155e-08,1.273653419878739019e-08,1.231763919029170936e-08,1.184948802460935194e-08,1.133827720811673395e-08,1.079205366150174758e-08,1.022040680246637681e-08,9.633973096187814206e-09,9.043810203794597258e-09,8.460724393355298129e-09,7.894642776064414773e-09,7.354108531159266558e-09,6.845947855661400776e-09,6.375122228773521534e-09,5.944748952747296613e-09,5.556253089852982740e-09,5.209606136702951895e-09,4.903608664980636048e-09,4.636181793692008501e-09,4.404642084497933509e-09,4.205943783252199897e-09,4.036880060132198021e-09,3.894240746139843196e-09,3.774928202597808025e-09,3.676035685554998657e-09,3.594894134375860067e-09,3.529093933766443868e-09,3.476488071437715324e-09,3.435182458679053690e-09,3.403504668197498588e-09,3.379933768302541396e-09,3.363075364077645499e-09,3.351645911574476547e-09,3.344453854366764159e-09,3.340379783617286720e-09,3.338357500170282644e-09,3.337357557427030334e-09,3.336374599072026961e-09,3.334419567211688407e-09,3.330517618582144538e-09,3.323712317473273305e-09,3.313076343621550299e-09,3.297728539561712206e-09,3.276856620660331285e-09,3.249744297743441067e-09,3.215800954806080962e-09,3.174591437610771207e-09,3.125863004864788897e-09,3.069566131066176362e-09,3.005865675509342613e-09,2.935138986037599010e-09,2.857957848899095045e-09,2.775051943871404002e-09,2.687252833961371048e-09,2.595419815707141218e-09,2.500352465358998944e-09,2.402699427102479506e-09,2.302878193520096684e-09,2.201024590452975984e-09,2.096990848244630588e-09,1.990405320463212657e-09,1.880795172580000060e-09,1.767759466216343964e-09,1.651171039826255548e-09,1.531390602502843607e-09,1.409509264418190273e-09,1.287723147058956795e-09
1.156817906317064079e-09,1.053351133991370989e-09,9.893203043669806657e-10,9.683819403923150947e-10,9.918765154485492099e-10,1.056355238809610535e-09,1.153976740852624001e-09,1.275054569937729787e-09,1.410413512627925318e-09,1.552513753283450846e-09,1.695642563379385365e-09,1.835691717378775384e-09,1.969820800447618008e-09,2.096129715913153578e-09,2.213383377266086830e-09,2.320800283517516170e-09,2.417903099305436137e-09,2.504422421849145248e-09,2.580241698230050933e-09,2.645370710751423271e-09,2.699936288096671784e-09,2.744181100113559768e-09,2.778463919674265402e-09,2.803257176741596545e-09,2.819139752117141243e-09,2.826784640747290706e-09,2.826942314485586546e-09,2.820421343413927251e-09,2.808068152153472528e-09,2.790747780605401641e-09,2.769327289547349517e-09,2.744663099154892799e-09,2.717593150723356306e-09,2.688934390990837523e-09,2.659485714277025868e-09,2.630036152901383315e-09,2.601377748796227290e-09,2.574322122436361431e-09,2.549719224965681436e-09,2.528476074968445468e-09,2.511572433670413906e-09,2.500069427231364633e-09,2.495094351146257733e-09,2.497762647525405118e-09,2.509101738829262169e-09,2.529972072750576976e-09,2.560981359165816311e-09,2.602399726339927482e-09,2.654084498748953210e-09,2.715422543070771395e-09,2.785295864425178516e-09,2.862073206701261053e-09,2.943627869661923758e-09,3.027380511951710260e-09,3.110365409742991993e-09,3.189318931918689162e-09,3.260789072584053152e-09,3.321264104729435582e-09,3.367316580953555173e-09,3.395756337521159009e-09,3.403783606743787553e-09,3.389131715728037380e-09,3.350188832604484811e-09,3.286089977544962773e-09,3.196773633840508340e-09,3.083001049959524943e-09,2.946340117992247054e-09,2.789119337232377683e-09,2.614361005448634523e-09,2.425706792871782761e-09,2.227353616272847164e-09,2.024023425556757137e-09,1.820996549209784388e-09,1.624240867651735483e-09,1.440653866989396810e-09,1.278358710377383743e-09,1.146770549108822006e-09,1.055737535306511979e-09,1.012953555680912248e-09,1.020336855355987480e-09,1.072554242713669862e-09,1.159636525618086174e-09,1.271098010381478443e-09,1.398386469402398154e-09,1.535333845095415466e-09,1.677665715404993725e-09,1.822342077806521636e-09,1.967013625774823524e-09,2.109641050868292823e-09,2.248255011092528729e-09,2.380825291767695976e-09,2.505214079841445456e-09,2.619200912763566930e-09,2.720510031086285092e-09,2.806941500608577756e-09,2.876481158420847871e-09,2.927435816274670481e-09,2.958578317726763225e-09,2.969295653058191293e-09,2.959738563566852591e-09,2.930986068231010253e-09,2.885295268916615677e-09,2.826724235936290575e-09,2.763239801583266294e-09,2.714431898024504399e-09,2.738211529036243379e-09,3.001034258955283170e-09,3.869288907690728336e-09,3.874463492310394358e-09,3.523532809120558155e-09,2.296619170459811608e-09,7.596646967903168047e-10,1.076016866180219195e-09,1.595991756794957577e-09,1.141033728505402515e-09,7.952126487167995797e-10,2.077838255981046251e-09,3.027526820116359174e-09,2.963905538710271920e-09,1.832318826367206690e-09,3.753514374253193370e-10,1.824971305679961983e-09,2.869108150521423701e-09,2.859832691110357445e-09,1.898678682004292348e-09,4.974586948197059914e-10,6.684297558318202490e-10,1.060848811347242490e-09,5.260792893455208938e-10,6.488770788091425621e-10,1.877487610605085720e-09,2.575607857936291844e-09,1.376965142083641508e-11,3.357940792063811690e-10,7.155634641027886084e-10,1.123211238299842576e-09,1.545268492697499127e-09,1.975930957470585452e-09,2.414021272192851229e-09,2.860610783320873185e-09,3.317720662389168551e-09,3.787641438064369001e-09,4.272538394860485855e-09,4.774177560143402965e-09,5.293705389027538195e-09,5.831464433309761108e-09,6.386849486468999775e-09,6.958217410423946430e-09,7.542870669037081444e-09,8.137060833639638741e-09,8.736138116905180134e-09,9.334713062198329155e-09,9.926877398481862961e-09,1.050645813855701787e-08,1.106728425483121410e-08,1.160344598362603386e-08,1.210952767144651660e-08,1.258079667328277429e-08,1.301333323082766895e-08,1.340408969106740983e-08,1.375087215414476047e-08,1.405224384362144470e-08,1.430735705445836039e-08,1.451572890609563656e-08,1.467698434150833967e-08,1.479059661886702893e-08,1.485565968664229029e-08,1.487072735593593697e-08,1.483375065266496892e-08,1.474213728565641820e-08,1.459294634141660716e-08,1.438321773385273919e-08,1.411042005573735717e-08,1.377298267074662339e-08,1.337085894743922083e-08,1.290604955788812333e-08,1.238300188342046467e-08,1.180879993950305485e-08,1.119307544555129009e-08,1.054760840596299826e-08,9.885641422783268699e-09,9.220992991071480034e-09,8.567101406115313956e-09,7.936144667423387996e-09,7.338357321549929190e-09,6.781613260437817350e-09,6.271284364931378529e-09,5.810337138542515717e-09,5.399602614059691699e-09,5.038148598147727942e-09,4.723691553552517319e-09,4.453000514275759685e-09,4.222261469482873140e-09,4.027384425748396589e-09,3.864245910706008112e-09,3.728867280088984832e-09,3.617534398611642869e-09,3.526867512336918938e-09,3.453851683991929028e-09,3.395838280787807974e-09,3.350527038025112963e-09,3.315936596265043560e-09,3.290356969373971251e-09,3.272269437399854007e-09,3.260311770597694768e-09,3.253253655025152036e-09,3.249970745239891897e-09,3.249419413630924386e-09,3.250613816747840847e-09,3.252606542593640830e-09,3.254473831342022926e-09,3.255306148081009649e-09,3.254204691651649104e-09,3.250284208439576721e-09,3.242682209289037370e-09,3.230574336769337591e-09,3.213195192156496569e-09,3.189863418539891718e-09,3.160009282117161568e-09,3.123202448471034894e-09,3.079177174275447727e-09,3.027851788601140757e-09,2.969339176512115681e-09,2.903945054963139676e-09,2.832151219316066020e-09,2.754581755379286170e-09,2.671951646489250028e-09,2.584999489823825077e-09,2.494409334764851481e-09,2.400730815999154618e-09,2.304310994726809400e-09,2.205254054005011304e-09,2.103424157169198192e-09,1.998500926368152557e-09,1.890086819256659865e-09,1.777854804096033885e-09,1.661719005487064768e-09,1.542017698129510653e-09,1.419729290298219868e-09,1.296824811025388595e-09
1.163759506766159946e-09,1.056353735720119007e-09,9.871788204545649184e-10,9.604242639186263233e-10,9.781690277909041231e-10,1.037534106891532332e-09,1.130817206220512943e-09,1.248151394330874977e-09,1.380109594637240003e-09,1.518965582481619939e-09,1.658904717396730124e-09,1.795776632669994113e-09,1.926733475654221174e-09,2.049887650354713572e-09,2.164029643396948780e-09,2.268413329673267974e-09,2.362604101537158990e-09,2.446379899381841262e-09,2.519673003771980373e-09,2.582540310541357030e-09,2.635151120453723424e-09,2.677783603037543426e-09,2.710823509298798658e-09,2.734761041095692802e-09,2.750183812800460003e-09,2.757765446822196953e-09,2.758250490168056604e-09,2.752437037937793349e-09,2.741158761688706933e-09,2.725268050376741724e-09,2.705621775331223546e-09,2.683070879368199563e-09,2.658454633831103348e-09,2.632600050887756913e-09,2.606326595728328254e-09,2.580456001652371821e-09,2.555826614033004946e-09,2.533311225291560683e-09,2.513836757030799330e-09,2.498403357967046534e-09,2.488099522205637453e-09,2.484108785984992903e-09,2.487690013674156330e-09,2.500090053499264551e-09,2.522457942985015987e-09,2.555755842347178703e-09,2.600663016071083793e-09,2.657481558099113030e-09,2.726053095095206363e-09,2.805694296354746337e-09,2.895156235006771340e-09,2.992609667535949358e-09,3.095656303014211099e-09,3.201365670283373905e-09,3.306337947176592012e-09,3.406794135501279613e-09,3.498695125564916818e-09,3.577889676428384413e-09,3.640287960153583100e-09,3.682052675814064157e-09,3.699795114661794631e-09,3.690760531988865481e-09,3.652986982718993965e-09,3.585424636913377821e-09,3.488007585994643048e-09,3.361675773488929426e-09,3.208349804208513730e-09,3.030865785003148703e-09,2.832881576130476650e-09,2.618770675098357827e-09,2.393526053250151122e-09,2.162703991738079531e-09,1.932447031299691496e-09,1.709632088461051588e-09,1.502178190947376241e-09,1.319461807523855836e-09,1.172491458808862649e-09,1.072883923714394787e-09,1.029450735307373971e-09,1.043437789432878092e-09,1.107109294016420604e-09,1.207877317793160939e-09,1.333596222989493331e-09,1.475071179252785665e-09,1.626099243607831709e-09,1.782623535083878515e-09,1.941866118206790429e-09,2.101676070903644147e-09,2.260094793737439238e-09,2.415092192473934895e-09,2.564431025547770086e-09,2.705627566945866396e-09,2.835984320772628645e-09,2.952667783429518877e-09,3.052836932361648367e-09,3.133787359465146274e-09,3.193107766136183257e-09,3.228838357252486428e-09,3.239621741953946524e-09,3.224841459777563370e-09,3.184758689988879619e-09,3.120708349962916627e-09,3.035571923153604956e-09,2.935200656254811978e-09,2.832702094263146554e-09,2.760427220070747282e-09,2.799711249270230273e-09,3.139625768748035486e-09,3.144976294607720935e-09,2.711048391707387767e-09,1.435434057570829828e-09,4.468578922313075584e-10,1.598307568123361040e-09,1.923285564457600174e-09,1.176787971350515329e-09,8.710256459905107098e-10,2.443095048065558361e-09,3.495665872308765514e-09,3.399417436300964937e-09,2.125082199636919973e-09,1.949540684743658302e-10,1.792539123260437130e-09,2.938174806975720272e-09,2.934298016918159502e-09,1.905527274554454564e-09,4.142146722060807979e-10,8.525769983412339778e-10,1.288566625210827852e-09,8.897852005212461109e-10,1.155300838132522877e-09,2.413697151782708192e-09,3.261760641083583516e-09,1.378583773717836574e-11,3.685671526525233494e-10,7.530914086441243208e-10,1.155074794673437554e-09,1.570205867759718112e-09,1.995782084658005889e-09,2.431333603012779591e-09,2.878048512369229098e-09,3.338106581856550047e-09,3.814142058412611349e-09,4.308816951714710126e-09,4.824459866360319842e-09,5.362747279065826673e-09,5.924427111178104679e-09,6.509098499674648905e-09,7.115066537151062803e-09,7.739287562951822499e-09,8.377403852731246187e-09,9.023890354024095600e-09,9.672277598791114910e-09,1.031544096397934159e-08,1.094593252017075708e-08,1.155632924160499785e-08,1.213957164994126500e-08,1.268926839252972679e-08,1.319994426230836514e-08,1.366721174127106382e-08,1.408784974993186785e-08,1.445977860790464945e-08,1.478192782855824332e-08,1.505400336964854775e-08,1.527617268722007714e-08,1.544869798101268570e-08,1.557155843524434636e-08,1.564410903645935795e-08,1.566482516011609265e-08,1.563117794582670750e-08,1.553967593578545766e-08,1.538609459587524400e-08,1.516589819898149475e-08,1.487483844334217526e-08,1.450969065648889645e-08,1.406906115061058726e-08,1.355416981107452036e-08,1.296948580977047827e-08,1.232308183935777980e-08,1.162658696452477408e-08,1.089467083341924676e-08,1.014408145946867529e-08,9.392364506123501656e-09,8.656476239225319377e-09,7.951527609204039299e-09,7.289850894067784784e-09,6.680485873294447756e-09,6.129081059037236070e-09,5.638131300416292136e-09,5.207439317660637927e-09,4.834689769238706794e-09,4.516045782259163172e-09,4.246705437577305098e-09,4.021380729153474289e-09,3.834680880017062697e-09,3.681395936004825002e-09,3.556686579120113625e-09,3.456192933288402197e-09,3.376078995844311480e-09,3.313030355407551178e-09,3.264221533364400924e-09,3.227266445958599291e-09,3.200162046856283199e-09,3.181220501934097222e-09,3.168977633484389494e-09,3.162147443940871715e-09,3.159588578490730935e-09,3.160271870102988270e-09,3.163250601489145542e-09,3.167634630454545980e-09,3.172569190893162582e-09,3.177218965097695154e-09,3.180757876272504286e-09,3.182364925458840889e-09,3.181226249727750695e-09,3.176543372535445674e-09,3.167547329060484727e-09,3.153517971941959452e-09,3.133807306686265422e-09,3.107865203082671010e-09,3.075265325703386446e-09,3.035728682585081827e-09,2.989141868694058970e-09,2.935566940570469290e-09,2.875239964756470830e-09,2.808555711788667838e-09,2.736036833402899586e-09,2.658287318045287822e-09,2.575932232748940403e-09,2.489548784328513614e-09,2.399597313461892804e-09,2.306364169436356288e-09,2.209930097242195212e-09,2.110176200551363725e-09,2.006833904611402243e-09,1.899576746618162609e-09,1.788143665043943432e-09,1.672480530148201485e-09,1.552894657382286322e-09,1.430246671829133065e-09,1.306282372101329274e-09
1.171149000963087344e-09,1.059897465661327186e-09,9.856534423724578325e-10,9.531115835714214025e-10,9.650863914611745071e-10,1.019297477549819815e-09,1.108209209651104770e-09,1.221780839505517957e-09,1.350329645645008351e-09,1.485941013275409706e-09,1.622700899808443032e-09,1.756421626969042775e-09,1.884252431683209409e-09,2.004320808382027331e-09,2.115442865815324767e-09,2.216905459638908355e-09,2.308312329405912786e-09,2.389482975238637906e-09,2.460391897851979666e-09,2.521136168548664819e-09,2.571920716312077121e-09,2.613052791723627684e-09,2.644939375970222449e-09,2.668083528344724287e-09,2.683077600333488062e-09,2.690592778380349639e-09,2.691365512832213517e-09,2.686182063968022619e-09,2.675862705359525632e-09,2.661247152312554637e-09,2.643182618250615631e-09,2.622515629208490238e-09,2.600088408791220305e-09,2.576740320688890609e-09,2.553314532051693154e-09,2.530669719169181347e-09,2.509696236111091754e-09,2.491335649286484819e-09,2.476601848868082409e-09,2.466601043002117020e-09,2.462546843641472319e-09,2.465765491185368249e-09,2.477671966853695366e-09,2.499673493016990271e-09,2.533073868537893638e-09,2.578973794121199893e-09,2.638163886489917052e-09,2.711019947373293338e-09,2.797410012844546744e-09,2.896620547630708269e-09,3.007305868053012504e-09,3.127462033846272408e-09,3.254425321639518852e-09,3.384896313279681450e-09,3.514992866297697821e-09,3.640337350117131512e-09,3.756183964349736293e-09,3.857589538639265281e-09,3.939625622036757208e-09,3.997621759104056357e-09,4.027421719849355879e-09,4.025628948982592621e-09,3.989817009648827811e-09,3.918685781993047492e-09,3.812152638070232802e-09,3.671376540410556296e-09,3.498719825235433425e-09,3.297657308767808780e-09,3.072646798408662851e-09,2.828980766119280298e-09,2.572646850473705277e-09,2.310235380776355091e-09,2.048945152815203901e-09,1.796751169419713429e-09,1.562791482737270632e-09,1.357930589813656294e-09,1.195061533746997686e-09,1.087813449518535651e-09,1.045949962228741917e-09,1.069209188739230731e-09,1.146473136126859544e-09,1.262125707800129065e-09,1.402502594449964541e-09,1.558098952631679154e-09,1.722995240919218764e-09,1.893604022753672136e-09,2.067593913981814346e-09,2.243135005571670881e-09,2.418413920899289477e-09,2.591349346288651885e-09,2.759455853319454935e-09,2.919818626598320080e-09,3.069150237579015775e-09,3.203905104020384852e-09,3.320435905802936383e-09,3.415170504427505797e-09,3.484794914267164293e-09,3.526427457582847192e-09,3.537768304645658235e-09,3.517208943937401563e-09,3.463894408759648584e-09,3.377767842024988498e-09,3.259752600873077184e-09,3.112625824806847274e-09,2.944413413892309395e-09,2.780334695937688200e-09,2.701587162128689893e-09,2.938899782543616477e-09,2.942664303868030523e-09,2.514083185643125161e-09,1.605818317100703937e-09,1.723559801940756723e-09,2.527919413361696908e-09,2.537919338522897600e-09,1.427570670789373650e-09,5.939019756250516839e-10,2.485464957693585519e-09,3.673313970580110975e-09,3.601587827744324605e-09,2.280052327618279463e-09,2.760020823003874632e-10,1.740737563776656265e-09,2.847553591861916373e-09,2.728931567328288687e-09,1.535460210678735912e-09,1.328216772501754435e-10,1.492231582234417010e-09,1.968795627130160390e-09,1.548437818718075076e-09,1.496388736228458635e-09,2.675033232956787427e-09,3.609076325743684771e-09,1.380086250328119330e-11,3.839355936047353088e-10,7.736558777657487116e-10,1.174069383832057485e-09,1.584855112786432730e-09,2.005746118280383437e-09,2.437533057608637332e-09,2.882173392832078431e-09,3.342534723324993890e-09,3.822017271473520973e-09,4.324138499753472734e-09,4.852106991982034494e-09,5.408404973336830946e-09,5.994405615894530269e-09,6.610057521053989336e-09,7.253668710201188603e-09,7.921814782712597122e-09,8.609382110719763343e-09,9.309747612352924285e-09,1.001507271093802996e-08,1.071668475148427026e-08,1.140551282197462032e-08,1.207254342391850645e-08,1.270926295712477309e-08,1.330805652757315145e-08,1.386253501418385336e-08,1.436776460591827653e-08,1.482037609247267179e-08,1.521853653480776512e-08,1.556177489095058126e-08,1.585066625917083344e-08,1.608639589253645990e-08,1.627024194834826885e-08,1.640303197206956004e-08,1.648463905924590390e-08,1.651358694788464906e-08,1.648682807642653421e-08,1.639974593118333731e-08,1.624641510245814288e-08,1.602013144525263864e-08,1.571420085988838468e-08,1.532294630569305606e-08,1.484285545931054352e-08,1.427374492817746987e-08,1.361976701212717324e-08,1.289004811388540653e-08,1.209875030156072553e-08,1.126441615464628041e-08,1.040860062323557703e-08,9.553981762496223165e-09,8.722301783134239483e-09,7.932539276486134780e-09,7.199623317272339158e-09,6.533822269137836332e-09,5.940762793424401888e-09,5.421921107037113503e-09,4.975393298283079454e-09,4.596773049712952796e-09,4.280011372147319605e-09,4.018179534729618202e-09,3.804092669524232125e-09,3.630777441943041385e-09,3.491786306928162533e-09,3.381375407256759915e-09,3.294572884362142064e-09,3.227168391328318677e-09,3.175653186441217369e-09,3.137135017945545088e-09,3.109245304412233440e-09,3.090049688639964691e-09,3.077957861217892725e-09,3.071621282528981579e-09,3.069878059223688713e-09,3.071711998729754310e-09,3.076215504899228398e-09,3.082557213390753055e-09,3.089954872018766593e-09,3.097653754529236032e-09,3.104910793127813694e-09,3.110984569056734342e-09,3.115131259524414992e-09,3.116606562955896867e-09,3.114673479920322811e-09,3.108615595174477916e-09,3.097755181691020108e-09,3.081475042167995949e-09,3.059242547265237767e-09,3.030633867755014013e-09,2.995355988174009559e-09,2.953263795701337330e-09,2.904369424827837859e-09,2.848841174486517522e-09,2.786989778763218533e-09,2.719240705505245173e-09,2.646092600786405480e-09,2.568064087720934753e-09,2.485633835861915219e-09,2.399181813184682974e-09,2.308942135162771555e-09,2.214978734754211952e-09,2.117193009943518633e-09,2.015367348489394724e-09,1.909241374472097820e-09,1.798612022299575709e-09,1.683447980747129702e-09,1.564018052413793824e-09,1.441060964993798258e-09,1.316097889882272702e-09
1.178990701971504852e-09,1.063991387987429402e-09,9.847607606885615753e-10,9.464692936037135453e-10,9.526595565360066505e-10,1.001676459017886336e-09,1.086180790146016269e-09,1.195967206932385537e-09,1.321094431946132767e-09,1.453457204452507063e-09,1.587043972841886151e-09,1.717634059313853562e-09,1.842378067548611880e-09,1.959421192679960101e-09,2.067605429483501155e-09,2.166248537912969703e-09,2.254988575358030494e-09,2.333681158434729795e-09,2.402336701820664627e-09,2.461085776658947244e-09,2.510162304586858620e-09,2.549896340723281233e-09,2.580710408837716362e-09,2.603115471749116300e-09,2.617704464659613218e-09,2.625142784088038951e-09,2.626156175316973106e-09,2.621517112468270562e-09,2.612031074690262692e-09,2.598524167449040341e-09,2.581833403848975423e-09,2.562800725042125935e-09,2.542271557480515875e-09,2.521098409595740353e-09,2.500149703635040448e-09,2.480323695526289934e-09,2.462566906990229096e-09,2.447895917291328239e-09,2.437420570946010796e-09,2.432365618209559579e-09,2.434086551381050777e-09,2.444074101174996290e-09,2.463926823889427735e-09,2.495245899405513542e-09,2.539529575362710103e-09,2.598062548202797925e-09,2.671797405093167562e-09,2.761238453012307440e-09,2.866337456979777578e-09,2.986407731694473125e-09,3.120059216985891074e-09,3.265154611308705713e-09,3.418786724946710677e-09,3.577280041825643084e-09,3.736223860903309744e-09,3.890548333694227676e-09,4.034656009023862784e-09,4.162618261729439805e-09,4.268437336085372235e-09,4.346361595370154271e-09,4.391227258735009790e-09,4.398789696767939174e-09,4.366006229336226290e-09,4.291241571413522548e-09,4.174382296815942893e-09,4.016860805888039486e-09,3.821597990370665068e-09,3.592877963529806027e-09,3.336171767060127202e-09,3.057933394914206412e-09,2.765402187558896561e-09,2.466460491668232312e-09,2.169614057102015540e-09,1.884182365901752693e-09,1.620786004352520480e-09,1.392099227180794416e-09,1.213292589125785084e-09,1.100265791927071536e-09,1.063278931639850268e-09,1.099201846330826421e-09,1.192316006892657652e-09,1.323731107006962470e-09,1.478642588692493320e-09,1.647721695301206835e-09,1.825739010468509804e-09,2.009887025946014059e-09,2.198508505189342417e-09,2.390247030873319399e-09,2.583514419449341883e-09,2.776188340672493861e-09,2.965481557008408154e-09,3.147940530343417961e-09,3.319539169855775807e-09,3.475838412153851770e-09,3.612187329601119043e-09,3.723943450317928656e-09,3.806693215662382417e-09,3.856453265740113465e-09,3.869829516193959191e-09,3.844104422150114797e-09,3.777218334973734573e-09,3.667629427327272966e-09,3.514160351252584608e-09,3.316493221579536807e-09,3.079280717980467943e-09,2.832201725572402297e-09,2.709837683623445055e-09,3.148052478366933284e-09,3.149941719810786770e-09,2.786094972534319946e-09,2.240495767215478699e-09,2.638256500849175002e-09,3.333548300774630043e-09,3.181348565756051866e-09,1.884985140711231794e-09,3.575308228829553606e-10,2.327535246927297143e-09,3.594962998327289310e-09,3.552432614853196608e-09,2.244528726647558398e-09,4.538133120898724565e-10,1.768167738513571503e-09,2.715658506685548382e-09,2.389544513391412420e-09,9.798667377295538310e-10,9.360690722896403279e-10,2.390899811854366328e-09,2.841506381545274762e-09,2.196184802884368910e-09,1.462964296042073539e-09,2.387139660107753742e-09,3.384192166469967056e-09,1.381331002587484755e-11,3.911615398800457380e-10,7.837376245659370690e-10,1.182828477737780749e-09,1.589494512755576940e-09,2.004880068629769845e-09,2.430925116972235830e-09,2.870610743219912063e-09,3.327867520699852414e-09,3.807275181338936725e-09,4.313631466788271358e-09,4.851441570137394403e-09,5.424375633341782802e-09,6.034747306595277740e-09,6.683070550239637874e-09,7.367748170385666172e-09,8.084931937221609588e-09,8.828572709274509788e-09,9.590655605196140873e-09,1.036159172181177266e-08,1.113072474768208241e-08,1.188690530689323892e-08,1.261908712463983276e-08,1.331690384686967826e-08,1.397119014722797721e-08,1.457441363801399809e-08,1.512098512982546648e-08,1.560741585448353376e-08,1.603229429471651990e-08,1.639606501255085867e-08,1.670060877625794723e-08,1.694864663208175498e-08,1.714301723492605584e-08,1.728590172853118003e-08,1.737808811843963773e-08,1.741837298202013815e-08,1.740319106440110453e-08,1.732654513737793854e-08,1.718028446672254581e-08,1.695475506901862014e-08,1.663981944263154951e-08,1.622621244711749550e-08,1.570715386984088970e-08,1.508006879734008705e-08,1.434817678880724769e-08,1.352162324263249759e-08,1.261778944402799167e-08,1.166049353312466105e-08,1.067802264240229595e-08,9.700279942150727566e-09,8.755646861063896259e-09,7.868263991868201961e-09,7.056248840103568504e-09,6.331020409274727510e-09,5.697585928939119186e-09,5.155479411741440311e-09,4.700025903148225307e-09,4.323675552426708378e-09,4.017240729986726874e-09,3.770940057017781523e-09,3.575200583424376278e-09,3.421204387946120514e-09,3.301196695431039677e-09,3.208597708262400622e-09,3.137974061478735026e-09,3.084925982556577766e-09,3.045936273191911788e-09,3.018213077433064722e-09,2.999545004283862209e-09,2.988177023470274004e-09,2.982700607133080171e-09,2.981945446712529291e-09,2.984918661638556175e-09,2.990760092530329268e-09,2.998703814284251505e-09,3.008045883166679428e-09,3.018118165848719062e-09,3.028268067613684241e-09,3.037844016355764869e-09,3.046186617613051271e-09,3.052625431451542066e-09,3.056481303096956952e-09,3.057074081727453436e-09,3.053735372285219304e-09,3.045825682031278691e-09,3.032754959595227093e-09,3.014005108802871492e-09,2.989152636140634517e-09,2.957889215963076798e-09,2.920037695310676164e-09,2.875560976552392443e-09,2.824561382189581782e-09,2.767268596702722490e-09,2.704015181448353102e-09,2.635200055034746234e-09,2.561242261288211252e-09,2.482529710195853889e-09,2.399370001667693058e-09,2.311952197602256048e-09,2.220328503080099925e-09,2.124422439603757019e-09,2.024065326525493703e-09,1.919057286486496905e-09,1.809245369900118960e-09,1.694612826101171446e-09,1.575383350654977352e-09,1.452170573473359947e-09,1.326272311726929950e-09
1.187287834401069863e-09,1.068643516246202380e-09,9.845165971717714438e-10,9.405229301518149375e-10,9.409209816833616766e-10,9.847047616701918375e-10,1.064763189051698531e-09,1.170738468735753323e-09,1.292429093460917202e-09,1.421536802661069445e-09,1.551953843601112336e-09,1.679430285671136493e-09,1.801122047061243087e-09,1.915194574563520460e-09,2.020516163739520413e-09,2.116433676814028004e-09,2.202615783673418326e-09,2.278949098876465799e-09,2.345473942608930488e-09,2.402347965911138219e-09,2.449827649877422258e-09,2.488259714394475171e-09,2.518076594150992453e-09,2.539792159369268662e-09,2.553995616778270894e-09,2.561342926290523630e-09,2.562546076987492083e-09,2.558361198606358467e-09,2.549576795798012664e-09,2.537003456299196766e-09,2.521466280892800802e-09,2.503801082896402932e-09,2.484855159968914126e-09,2.465493175963365676e-09,2.446608401878220699e-09,2.429139221225381212e-09,2.414090348531091833e-09,2.402557567098909834e-09,2.395753890466478046e-09,2.395033854383421286e-09,2.401911204298222783e-09,2.418063772104877561e-09,2.445303574909604178e-09,2.485463738790860396e-09,2.540283332769123572e-09,2.611285723211424034e-09,2.699648085243909019e-09,2.806073068359448799e-09,2.930671794740318648e-09,3.072863103078873185e-09,3.231289445340311848e-09,3.403747629509824708e-09,3.587134232625313503e-09,3.777410893812681537e-09,3.969602246094163903e-09,4.157846361286496208e-09,4.335521111864629832e-09,4.495466549076074539e-09,4.630310873787586672e-09,4.732886075017083524e-09,4.796693732960483731e-09,4.816361737556415412e-09,4.788029770981729867e-09,4.709619221718341533e-09,4.580972403514351373e-09,4.403869875725741360e-09,4.181944600539997104e-09,3.920511643021405406e-09,3.626331979892720835e-09,3.307336049732672450e-09,2.972348453325204748e-09,2.630877493591170409e-09,2.293060180957784899e-09,1.969882829060138174e-09,1.673805421486641361e-09,1.419766962347996270e-09,1.225765842267306479e-09,1.110211133527908256e-09,1.082860818724773136e-09,1.135600756339536946e-09,1.246756733673857608e-09,1.394260332828392031e-09,1.562843061492902534e-09,1.743995545521594330e-09,1.933675396331559519e-09,2.130233242112357020e-09,2.332968909310819132e-09,2.541192088813236525e-09,2.753640480980636351e-09,2.968160810348477032e-09,3.181591571186549783e-09,3.389799893406540016e-09,3.587830091623481533e-09,3.770125918751382559e-09,3.930794636316843306e-09,4.063887162116202919e-09,4.163673506927482362e-09,4.224893478717832072e-09,4.242957258110638203e-09,4.214057593744657429e-09,4.135135983607503533e-09,4.003631910082128061e-09,3.817003349788634452e-09,3.572441087545278064e-09,3.269360623392311367e-09,2.927243561197013947e-09,2.672671047439924765e-09,3.003026693006929801e-09,3.004338870174817302e-09,2.646561188586551133e-09,2.246197069000815384e-09,2.923933484678177905e-09,3.767542521652915785e-09,3.680189499278119616e-09,2.441282135687848830e-09,9.254108700081952511e-10,2.143341975767010226e-09,3.334693878644778000e-09,3.270268941742612662e-09,1.986285095047491687e-09,5.757096216543494720e-10,1.925270425371486857e-09,2.667595255603786248e-09,2.104964983485986835e-09,6.107484900066618849e-10,1.768035401922057353e-09,3.308314845449108716e-09,3.713146384659452295e-09,2.821609875007760713e-09,1.264830677611161942e-09,1.618199467273551254e-09,2.730613677246952047e-09,1.382295385963125766e-11,3.942500432057378235e-10,7.874446852056534438e-10,1.184102496835612136e-09,1.585486988371622073e-09,1.993413428281111887e-09,2.410724777624607684e-09,2.841517439346537756e-09,3.291084817875873949e-09,3.765616593813308392e-09,4.271700642686101950e-09,4.815680680115755025e-09,5.402935773867025041e-09,6.037162993174516270e-09,6.719753036426891580e-09,7.449343439597209223e-09,8.221612192662386412e-09,9.029339706448119451e-09,9.862727843174006796e-09,1.070993101712311261e-08,1.155773515607290440e-08,1.239231647085391660e-08,1.320001928515663296e-08,1.396810356146683805e-08,1.468542179782466812e-08,1.534298824862969346e-08,1.593440130587988052e-08,1.645607603110733097e-08,1.690724378041890320e-08,1.728968497560588802e-08,1.760718252361859428e-08,1.786471670520266382e-08,1.806746289258831537e-08,1.821969300502746987e-08,1.832371040138520277e-08,1.837895784930334117e-08,1.838142652111669971e-08,1.832346532328008426e-08,1.819405498730053593e-08,1.797958124714866464e-08,1.766511949741582795e-08,1.723621981160327294e-08,1.668113427515817181e-08,1.599333362804220045e-08,1.517400663290682588e-08,1.423404899271977267e-08,1.319491034147480735e-08,1.208771083984362010e-08,1.095038767712401902e-08,9.823272557402791391e-09,8.744160725425610014e-09,7.744164797058935493e-09,6.845241976879468543e-09,6.059572247058038150e-09,5.390403208751597458e-09,4.833763730277312232e-09,4.380514216374940506e-09,4.018374203212586843e-09,3.733716045777354837e-09,3.512999553631246405e-09,3.343778548297763380e-09,3.215272591501754220e-09,3.118564345821659029e-09,3.046529228292448484e-09,2.993613108318354599e-09,2.955552668535672661e-09,2.929099928827967838e-09,2.911782212709516300e-09,2.901707851994846176e-09,2.897416166185771149e-09,2.897758482604076219e-09,2.901793934420641891e-09,2.908730289591517114e-09,2.917881079157501773e-09,2.928630030248753039e-09,2.940402114116071398e-09,2.952640620980389477e-09,2.964789819633080134e-09,2.976282910740681014e-09,2.986535109581912147e-09,2.994941771677182544e-09,3.000881483890773111e-09,3.003723969451113291e-09,3.002842489737610938e-09,2.997630169551310611e-09,2.987519340305208548e-09,2.972002614159666637e-09,2.950654014171433589e-09,2.923148145433111449e-09,2.889275162812000619e-09,2.848949238113218906e-09,2.802208423172319103e-09,2.749204313474718933e-09,2.690180807077666848e-09,2.625442576318776509e-09,2.555315610448702374e-09,2.480104193826536685e-09,2.400050565598575740e-09,2.315304603349685546e-09,2.225910397851550087e-09,2.131814044097220901e-09,2.032892753611964428e-09,1.929001130127563788e-09,1.820028663431266567e-09,1.705965611462064005e-09,1.586984906289746076e-09,1.463572739766536490e-09,1.336805451380223701e-09
1.196042490203249924e-09,1.073860724000894111e-09,9.849358382996318061e-10,9.352979458323425430e-10,9.299044747141529990e-10,9.684186988847314579e-10,1.043990980046510559e-09,1.146126455907757391e-09,1.264363342202384671e-09,1.390208131511355391e-09,1.517457646414896164e-09,1.641835853029365472e-09,1.760507531753355835e-09,1.871660794670141932e-09,1.974190736489711597e-09,2.067471744836086215e-09,2.151199689233320866e-09,2.225287370646464339e-09,2.289799296149888539e-09,2.344914030855583807e-09,2.390904387481332227e-09,2.428127754736435852e-09,2.457020913772185937e-09,2.478095619307182763e-09,2.491932897901390457e-09,2.499175354312687084e-09,2.500517746563193255e-09,2.496696706317634171e-09,2.488480795548941454e-09,2.476662173686788198e-09,2.462051076304042092e-09,2.445474143075950176e-09,2.427777424974981997e-09,2.409834668241293312e-09,2.392561206261459687e-09,2.376933450003756893e-09,2.364013485441172749e-09,2.354977575528791048e-09,2.351146338737931997e-09,2.354012992713559489e-09,2.365264377341527775e-09,2.386787774541219472e-09,2.420640046554683192e-09,2.468927995085557705e-09,2.533684260103583522e-09,2.616734922877736863e-09,2.719557145640085247e-09,2.843138512188057688e-09,2.987846557418575024e-09,3.153311072409366350e-09,3.338316193157333397e-09,3.540697252068785678e-09,3.757240743623617838e-09,3.983594410925236145e-09,4.214206605382490116e-09,4.442326626901830981e-09,4.660106352018553984e-09,4.858842445837977158e-09,5.029381987766394209e-09,5.162679802982142590e-09,5.250449227591629197e-09,5.285807891798809583e-09,5.263811660686670125e-09,5.181805743475817032e-09,5.039581935073189064e-09,4.839373508840282990e-09,4.585726684678278504e-09,4.285274018812904158e-09,3.946424891952892542e-09,3.578996267335953868e-09,3.193833064240457354e-09,2.802503777270279655e-09,2.417197431223524425e-09,2.050991252734329218e-09,1.718676829973048022e-09,1.438123648942719577e-09,1.230953311513043036e-09,1.118195787142092005e-09,1.107099540476555140e-09,1.181469529394565861e-09,1.312478387512666931e-09,1.475539333786266812e-09,1.655919571298155285e-09,1.846714525962944443e-09,2.045656480638025686e-09,2.252714805223751912e-09,2.468503630812609976e-09,2.693247000273220502e-09,2.926137154223146123e-09,3.164997465488742465e-09,3.406190504778776208e-09,3.644715468586988661e-09,3.874438372167393623e-09,4.088402848298442480e-09,4.279179820872033372e-09,4.439226919208796071e-09,4.561239020981574739e-09,4.638476145718884870e-09,4.665051538579628286e-09,4.636149022959546497e-09,4.548111851410723131e-09,4.398303331139480324e-09,4.184594897345636798e-09,3.904386665205700306e-09,3.553712641953757902e-09,3.130735127001798985e-09,2.667844995355235797e-09,2.406190229514280301e-09,2.408746464467781086e-09,1.928720233040561585e-09,1.423039589488107046e-09,2.595749864498860871e-09,3.782024376847247630e-09,3.908531622537597102e-09,2.845883674919433883e-09,1.406187425303178535e-09,1.956374214756667242e-09,2.943635990260140139e-09,2.799612488139340903e-09,1.516225038418438399e-09,7.496649190599033103e-10,2.213697773601785210e-09,2.777586822957672809e-09,2.008809168202519198e-09,6.537636121228310127e-10,2.339299314918212027e-09,3.959159687912966932e-09,4.337762346020469689e-09,3.295416045273627046e-09,1.274463522672960868e-09,8.861871964199407547e-10,2.240824392400560479e-09,1.383075671358904391e-11,3.954279440532956610e-10,7.878111346366097153e-10,1.180726606652693411e-09,1.575004907993773093e-09,1.972622890519255194e-09,2.377098730578719048e-09,2.793700957290917439e-09,3.229386631523256647e-09,3.692453177108479847e-09,4.191920455808270226e-09,4.736690637786647968e-09,5.334568593354130778e-09,5.991258894430982858e-09,6.709475714238109492e-09,7.488297866732532463e-09,8.322867914335561529e-09,9.204477183215707121e-09,1.012101357663868355e-08,1.105769622591372357e-08,1.199799483542654683e-08,1.292463362601027475e-08,1.382060020105362966e-08,1.467010411492590350e-08,1.545944661763306842e-08,1.617776636210170048e-08,1.681761693281745849e-08,1.737531776719765696e-08,1.785101055499006769e-08,1.824835849735479798e-08,1.857385226382026713e-08,1.883573442945825950e-08,1.904261679067497206e-08,1.920192885155982455e-08,1.931838378964906342e-08,1.939266497815693547e-08,1.942051538716707700e-08,1.939236236945741029e-08,1.929355361122748183e-08,1.910524160428011929e-08,1.880594539686918979e-08,1.837382418646262001e-08,1.778967422149114942e-08,1.704055053764279352e-08,1.612367236001416607e-08,1.504990401661369258e-08,1.384573025982733208e-08,1.255253016257870388e-08,1.122243592835697512e-08,9.911272629760108286e-09,8.670521105601427120e-09,7.540818606768997199e-09,6.548559874215692509e-09,5.705642941277628870e-09,5.011415783365333728e-09,4.455707299565622314e-09,4.022137559002963036e-09,3.691253460644001625e-09,3.443204118920694748e-09,3.259721388069506218e-09,3.125272712985512564e-09,3.027440688273151711e-09,2.956746582558428085e-09,2.906183126799416601e-09,2.870668749516609700e-09,2.846547152280326617e-09,2.831182129574887807e-09,2.822653069863177497e-09,2.819536643429343054e-09,2.820754876552893158e-09,2.825466704486413762e-09,2.832982700081467266e-09,2.842716961958873276e-09,2.854152401916059305e-09,2.866812365298139506e-09,2.880237771954295018e-09,2.893969205881074077e-09,2.907533586549432055e-09,2.920435221985310920e-09,2.932151165743871708e-09,2.942130866258097126e-09,2.949800096519149453e-09,2.954569074139188062e-09,2.955844521299377362e-09,2.953045172488312356e-09,2.945619927772809487e-09,2.933067497209263544e-09,2.914956026779060364e-09,2.890940890431920609e-09,2.860778637114990748e-09,2.824335059921224805e-09,2.781585572760680989e-09,2.732606596802359933e-09,2.677557523000437738e-09,2.616654044655704871e-09,2.550135188508069670e-09,2.478228022745088510e-09,2.401115395900815752e-09,2.318912585005267119e-09,2.231657808317357149e-09,2.139318960747761276e-09,2.041815272274213265e-09,1.939049528101847570e-09,1.830946270863039823e-09,1.717495940621391334e-09,1.598815956986972761e-09,1.475263540094971690e-09,1.347695970919661728e-09
1.205255588992424979e-09,1.079648661580103480e-09,9.860322703236934916e-10,9.308194650324817204e-10,9.196449920641732175e-10,9.528571531452679185e-10,1.023902189530287129e-09,1.122167060922732998e-09,1.236931691572483857e-09,1.359505420263569998e-09,1.483589966743012024e-09,1.604885731432233691e-09,1.720569444378406540e-09,1.828854084797588952e-09,1.928662059670703029e-09,2.019393876870271896e-09,2.100769449559920688e-09,2.172723241070679712e-09,2.235338509964360962e-09,2.288808827340045683e-09,2.333417327367722580e-09,2.369526235601917478e-09,2.397571210508683234e-09,2.418056877724191195e-09,2.431551535748556534e-09,2.438680292828087448e-09,2.440116828449034066e-09,2.436574574437486789e-09,2.428798429347792038e-09,2.417558222633223193e-09,2.403645103186582364e-09,2.387871901208330686e-09,2.371078345069447205e-09,2.354141820549073124e-09,2.337994123068933812e-09,2.323644325988437596e-09,2.312207388285229336e-09,2.304937348509307302e-09,2.303262791523824665e-09,2.308820672531441696e-09,2.323482616018653579e-09,2.349365803115778054e-09,2.388803298209332313e-09,2.444219764668180789e-09,2.517999593907625434e-09,2.612344478598223957e-09,2.729119820989302849e-09,2.869702506850604468e-09,3.034837590374096623e-09,3.224503193945948608e-09,3.437775536048605443e-09,3.672683603458845069e-09,3.926047931284622022e-09,4.193310410672526205e-09,4.468380514950803588e-09,4.743544823126171450e-09,5.009505756087349816e-09,5.255622658542393148e-09,5.470410825379854766e-09,5.642300703818585063e-09,5.760573702326693661e-09,5.816305352699369424e-09,5.803120088061548870e-09,5.717636182588807785e-09,5.559611701298040892e-09,5.331881361195194359e-09,5.040165196959981069e-09,4.692779075826958635e-09,4.300243471506332271e-09,3.874798334656614607e-09,3.429881223984693832e-09,2.979689947650443990e-09,2.539014319122228313e-09,2.123585222252066127e-09,1.751221845342487439e-09,1.443737887582044084e-09,1.227553836825241010e-09,1.125993112369802098e-09,1.139953892626535367e-09,1.241056526759754976e-09,1.392871366659178673e-09,1.569713537119197521e-09,1.758669241056835536e-09,1.955331596621950511e-09,2.159888323630086704e-09,2.374494089837368803e-09,2.601538295395282781e-09,2.842486718981141418e-09,3.097152887457429658e-09,3.363336723666774980e-09,3.636776730251072105e-09,3.911344246064668352e-09,4.179396830297081094e-09,4.432214287491619691e-09,4.660461139262285552e-09,4.854643809516604659e-09,5.005551514682024509e-09,5.104682437658522079e-09,5.144659621724591608e-09,5.119634202833999077e-09,5.025656238405906735e-09,4.860958831195439863e-09,4.626030078813542943e-09,4.323198544020482242e-09,3.955157428524629644e-09,3.521283769241766655e-09,3.009662514339560244e-09,2.381969281898982411e-09,2.386967796015033618e-09,1.728587708506623485e-09,4.148437726988200356e-11,1.995151928900627125e-09,3.470524112437445286e-09,3.788683161902312548e-09,2.877368578500946736e-09,1.454495983120882733e-09,1.659130526542945166e-09,2.488783810520475252e-09,2.255039161170738584e-09,9.233955899831648443e-10,1.057683602916811846e-09,2.579060941265320434e-09,3.027744084644408320e-09,2.112130163966465572e-09,6.459156689858603603e-10,2.458963039935449982e-09,4.128508189931687131e-09,4.498952081067371757e-09,3.417747180374658597e-09,1.456252113851309197e-09,1.325609957724579746e-09,2.584254206164534294e-09,1.383842762398248573e-11,3.964820007352610215e-10,7.877665332162678634e-10,1.176065024353643261e-09,1.561254648279555310e-09,1.945043700400684300e-09,2.331413829174849927e-09,2.726867888115921644e-09,3.140375033235166504e-09,3.582958112596213740e-09,4.066908434402034576e-09,4.604665355297136997e-09,5.207461739928875726e-09,5.883899279580825002e-09,6.638660553577725800e-09,7.471566934878656092e-09,8.377141193811570519e-09,9.344738487471902604e-09,1.035919877971701108e-08,1.140188711971633516e-08,1.245195345697826322e-08,1.348766145357761258e-08,1.448768363533061822e-08,1.543230955278784423e-08,1.630454360796100081e-08,1.709107140631529261e-08,1.778305088042202374e-08,1.837664954023999305e-08,1.887322030171084317e-08,1.927900344960687949e-08,1.960427342923067606e-08,1.986191854569716440e-08,2.006553973604403090e-08,2.022725997119979774e-08,2.035551845992954220e-08,2.045315370681656276e-08,2.051604121226940767e-08,2.053245848348710963e-08,2.048324627513734591e-08,2.034277674373672047e-08,2.008075938157068960e-08,1.966499406242736630e-08,1.906523923558871377e-08,1.825828430787611608e-08,1.723397498257742825e-08,1.600127455932355914e-08,1.459257216554547042e-08,1.306383679106980573e-08,1.148869829507866508e-08,9.946800761408218429e-09,8.510109801524852896e-09,7.232411707575989624e-09,6.144788943673753603e-09,5.256468864347690700e-09,4.558826991319103367e-09,4.030613788979455300e-09,3.643417290221501951e-09,3.366834007378942076e-09,3.172677529186730711e-09,3.037549506636021688e-09,2.943637021302583585e-09,2.878227268095699054e-09,2.832638981488119281e-09,2.801094125251706887e-09,2.779781223785796125e-09,2.766169378347954365e-09,2.758542074086817118e-09,2.755695012814539325e-09,2.756746223973799788e-09,2.761019117823132619e-09,2.767968970305771521e-09,2.777132003535001140e-09,2.788096694840279468e-09,2.800481930830778792e-09,2.813918418695895306e-09,2.828033224985646347e-09,2.842437411168681922e-09,2.856716808216922535e-09,2.870426029946171923e-09,2.883085860391184033e-09,2.894184154043332564e-09,2.903180344206958046e-09,2.909513552944905370e-09,2.912614127527196011e-09,2.911918192590684610e-09,2.906884514891993112e-09,2.897012651496405839e-09,2.881861028988625343e-09,2.861063330189030818e-09,2.834341403453586578e-09,2.801512918730265307e-09,2.762492234354502754e-09,2.717283456658462112e-09,2.665965499709520907e-09,2.608670071452917465e-09,2.545554831912953573e-09,2.476775273113131483e-09,2.402459784166974703e-09,2.322692398234926760e-09,2.237506450373963563e-09,2.146889797922035194e-09,2.050799144188547200e-09,1.949179000902172989e-09,1.841981932794416491e-09,1.729192464936299671e-09,1.610868625550811729e-09,1.487237883077426819e-09,1.358941366178682788e-09
1.214926843223214771e-09,1.086011680008295685e-09,9.878184186840102391e-10,9.271120228558572150e-10,9.101783943855624235e-10,9.380614984058836082e-10,1.004538397670951011e-09,1.098900446946711066e-09,1.210173710778493127e-09,1.329469068016664862e-09,1.450393103218036105e-09,1.568624579982803162e-09,1.681354756676580926e-09,1.786823400276542905e-09,1.883980688686397808e-09,1.972251959942401896e-09,2.051378232488255832e-09,2.121311374045176333e-09,2.182148237176426397e-09,2.234091757428362548e-09,2.277429619392295246e-09,2.312523251244121822e-09,2.339801861025849274e-09,2.359757999571338370e-09,2.372942664136360635e-09,2.379959184220350952e-09,2.381456031042706306e-09,2.378119280707701561e-09,2.370665784463554124e-09,2.359838222499602418e-09,2.346403207472014570e-09,2.331153518723282009e-09,2.314915425894917910e-09,2.298561913076067977e-09,2.283032420295794152e-09,2.269359420601670922e-09,2.258701651596947627e-09,2.252382990407702759e-09,2.251934662797512191e-09,2.259136621950244511e-09,2.276051593614779756e-09,2.305042850548550833e-09,2.348748670381469488e-09,2.409956111973615780e-09,2.491463129131068772e-09,2.595927317983969151e-09,2.725702400530409867e-09,2.882676440101684567e-09,3.068118451314039136e-09,3.282528449018831608e-09,3.525475517177901709e-09,3.795404497161206436e-09,4.089397486412324690e-09,4.402892379856274614e-09,4.729386941638575267e-09,5.060191957905030394e-09,5.384335709606205529e-09,5.688750617842021540e-09,5.958865728579928919e-09,6.179653385144639499e-09,6.337021036404074840e-09,6.419248929241083839e-09,6.418088475283352003e-09,6.329291723058463070e-09,6.152658489564219151e-09,5.891838106510097132e-09,5.554051412366502666e-09,5.149752346305708246e-09,4.692165397746018570e-09,4.196660818143749832e-09,3.680032285267053093e-09,3.159862293889268773e-09,2.654263197847294799e-09,2.182376291415157840e-09,1.766067916526127551e-09,1.432716074630439257e-09,1.215281062204014607e-09,1.137753724176335188e-09,1.187715180324112880e-09,1.320150648891522596e-09,1.492213748771854458e-09,1.679339895903175103e-09,1.871876916357286299e-09,2.068867300049509323e-09,2.273736589694631757e-09,2.491534178009301334e-09,2.727034781536769265e-09,2.983388757387315119e-09,3.261250246424308482e-09,3.558377249586313143e-09,3.869660187671393386e-09,4.187474602211524892e-09,4.502224050675257972e-09,4.802953831644732579e-09,5.077957582080432118e-09,5.315344443082749010e-09,5.503571017021303842e-09,5.631965354080537494e-09,5.691280655420320598e-09,5.674320210261040220e-09,5.576681305788630834e-09,5.397680593682857750e-09,5.141543042962820238e-09,4.818950138160825940e-09,4.449091011872289133e-09,4.062880976677213987e-09,3.711405609811535784e-09,3.499108490773906067e-09,3.504549778601007331e-09,2.880639120123938849e-09,1.469005401911119389e-09,1.660946965684145122e-09,2.966594448840699714e-09,3.318806192723566845e-09,2.465812682679276607e-09,9.941786894131419594e-10,1.345839523310134560e-09,2.201423349987173599e-09,1.920118055605246300e-09,5.507859298424557831e-10,1.385092716636295412e-09,2.902353848888131530e-09,3.316547083425782061e-09,2.349646554500894217e-09,4.757812164169137772e-10,2.108249445143128243e-09,3.773914673046637892e-09,4.127184380790313049e-09,3.070901892022312830e-09,1.478808234276567564e-09,2.152027142512572422e-09,3.386812605568260813e-09,1.384771882094995572e-11,3.993777006247133315e-10,7.908351579162870369e-10,1.174597509982320182e-09,1.548986764578719609e-09,1.914965418011512322e-09,2.276728285797851649e-09,2.642068230126513481e-09,3.022379606470114455e-09,3.432195479658298641e-09,3.888197646178579374e-09,4.407715247613687217e-09,5.006831959303810687e-09,5.698333420499352436e-09,6.489812702392964423e-09,7.382272084623963351e-09,8.369485010881485967e-09,9.438219535195731407e-09,1.056922862733055065e-08,1.173876431086778616e-08,1.292032852573895698e-08,1.408642955119999917e-08,1.521021685008300494e-08,1.626696222268289766e-08,1.723540689113855057e-08,1.809899227376109114e-08,1.884694336930936765e-08,1.947509991002619112e-08,1.998632410228216833e-08,2.039028665890204711e-08,2.070246644127031266e-08,2.094229939279986856e-08,2.113056739953295083e-08,2.128629467738730317e-08,2.142356646159500960e-08,2.154874318453652760e-08,2.165847429665591567e-08,2.173873529092961747e-08,2.176490462659594388e-08,2.170278637318411538e-08,2.151055356956351200e-08,2.114181657731069662e-08,2.055027930014224206e-08,1.969652186400205174e-08,1.855707497498293096e-08,1.713486771762874095e-08,1.546829347690265812e-08,1.363419388089651402e-08,1.173985001698865667e-08,9.903082633732245976e-09,8.227612268627737416e-09,6.785560450312503071e-09,5.611922516049958476e-09,4.708010530132877717e-09,4.048930871275415254e-09,3.592598582904498790e-09,3.289868095039021239e-09,3.094309178620423528e-09,2.968679438566910950e-09,2.886710128071731783e-09,2.831559966737505119e-09,2.793127890074874900e-09,2.765609688179353956e-09,2.745739818768158596e-09,2.731672606146660782e-09,2.722321924966487561e-09,2.716991835183894812e-09,2.715179364550909677e-09,2.716474366537094037e-09,2.720511917088065356e-09,2.726951916990088946e-09,2.735471375005981228e-09,2.745758115662419280e-09,2.757502309814650117e-09,2.770387094323060584e-09,2.784079452039924994e-09,2.798222198517768194e-09,2.812427700756201968e-09,2.826273808420295358e-09,2.839302377479586217e-09,2.851020679269090466e-09,2.860905889016725330e-09,2.868412715445498613e-09,2.872984054226979151e-09,2.874064317908934676e-09,2.871114820423462697e-09,2.863630295461944530e-09,2.851155337734256586e-09,2.833299321367499949e-09,2.809748223234517393e-09,2.780271819371739984e-09,2.744724980455750321e-09,2.703042306300447073e-09,2.655226116856723004e-09,2.601328818771507199e-09,2.541431771058701649e-09,2.475623749631739744e-09,2.403982608260081468e-09,2.326563350896544371e-09,2.243394299314078851e-09,2.154480530070173321e-09,2.059811152207626870e-09,1.959365900023989854e-09,1.853118731396276775e-09,1.741042878707221781e-09,1.623133926151589029e-09,1.499489512075611480e-09,1.370537955757687095e-09
1.225054728475510476e-09,1.092952763070243514e-09,9.903053946407088544e-10,9.241992916400617688e-10,9.015411566029380401e-10,9.240754693331381170e-10,9.859448083961798537e-10,1.076371253327819219e-09,1.184134295985035137e-09,1.300145936308034857e-09,1.417917361233922511e-09,1.533107039300612113e-09,1.642922791035912370e-09,1.745632747248117699e-09,1.840215192434718201e-09,1.926119060487561670e-09,2.003103711896413736e-09,2.071134403641030493e-09,2.130316698371061679e-09,2.180857534725174757e-09,2.223043646460452110e-09,2.257230275325389439e-09,2.283835057120310658e-09,2.303333672373922494e-09,2.316255319470358590e-09,2.323177245338419302e-09,2.324718437526792308e-09,2.321533157069045104e-09,2.314305319795374832e-09,2.303744876531445961e-09,2.290587364789527817e-09,2.275597762326343553e-09,2.259579702181408115e-09,2.243391019033444871e-09,2.227966463318449741e-09,2.214348175343117979e-09,2.203724043354093019e-09,2.197473216469393107e-09,2.197216620436343383e-09,2.204868189541387555e-09,2.222679721176320743e-09,2.253269215649371454e-09,2.299603448194440151e-09,2.364873549614068357e-09,2.452353572586149264e-09,2.565242044394184950e-09,2.706490380192529457e-09,2.878634918994101238e-09,3.083639138187176000e-09,3.322736204412378746e-09,3.596246534898554814e-09,3.903337294296195373e-09,4.241694698562194152e-09,4.607097608927829838e-09,4.992914594124418335e-09,5.389599710146068754e-09,5.784334318111838897e-09,6.161038391438043278e-09,6.501010687568367804e-09,6.784374143887150878e-09,6.992224722925015707e-09,7.108950228784523782e-09,7.123902947297159521e-09,7.031928458378960814e-09,6.833079565463438039e-09,6.532121793511142947e-09,6.138156798344285964e-09,5.664311500258403280e-09,5.127265262380347246e-09,4.546464336246305595e-09,3.943099700388223643e-09,3.339160170368275293e-09,2.757041365066815519e-09,2.220333606806713579e-09,1.756521266501875028e-09,1.401289360865500654e-09,1.196570965175158382e-09,1.161840606747342011e-09,1.259898431806786415e-09,1.426459047823640412e-09,1.615907825783574324e-09,1.807532918526639585e-09,1.996349000005917784e-09,2.185809401150630295e-09,2.383481854053546370e-09,2.598219018820953636e-09,2.838010150130606288e-09,3.108306055367043505e-09,3.410895042389866351e-09,3.743435225239456563e-09,4.099618002435439069e-09,4.469788209606317260e-09,4.841785772160966815e-09,5.201813482558416326e-09,5.535222100888434254e-09,5.827186324165109322e-09,6.063303635638712991e-09,6.230181679387157316e-09,6.316092617177171238e-09,6.311779206550772951e-09,6.211523077046415283e-09,6.014661238683888781e-09,5.727893498144787779e-09,5.369022632041855705e-09,4.973473699532646812e-09,4.607216574312092907e-09,4.397389633486554760e-09,4.607956594887199147e-09,4.613319833674731070e-09,3.996872330177038479e-09,2.518783901759161973e-09,1.641295935170229526e-09,2.350430763157104580e-09,2.608826523481694378e-09,1.756540825545393544e-09,1.584485827676653828e-10,1.519113331947729397e-09,2.401972716427501903e-09,2.102309025036068850e-09,8.936350195946309096e-10,1.556761149247801308e-09,3.043948368897178815e-09,3.514466909026349535e-09,2.637198558836163649e-09,7.149067496033533134e-10,1.502086484597140384e-09,3.077230968812660100e-09,3.370248112450973044e-09,2.323069044875637229e-09,1.242227907580428007e-09,2.722509394864678043e-09,4.035105368870046043e-09,1.385974693824187523e-11,4.066556724884573932e-10,8.017378002718573401e-10,1.182602761998538382e-09,1.545226480057803881e-09,1.889200642562975296e-09,2.218566707394346895e-09,2.542406304462080821e-09,2.875003089621337406e-09,3.235389665882392425e-09,3.646136695599873702e-09,4.131351081424824871e-09,4.714014920334336825e-09,5.412989348807094858e-09,6.240176222063083127e-09,7.198399335793124257e-09,8.280462942166415833e-09,9.469560969058609837e-09,1.074084761157574028e-08,1.206371240512135542e-08,1.340425354263842611e-08,1.472758932292796199e-08,1.599986500265199165e-08,1.718998744072176045e-08,1.827120373932417529e-08,1.922262754818426812e-08,2.003071956834171590e-08,2.069058381010024532e-08,2.120680557701824597e-08,2.159348631335175854e-08,2.187316052387746497e-08,2.207442347589385988e-08,2.222834278839794058e-08,2.236402733480230546e-08,2.250399759615903987e-08,2.266012723930637195e-08,2.283081007221866443e-08,2.299965325447989469e-08,2.313556551349321663e-08,2.319386167319686630e-08,2.311814308129014060e-08,2.284322471751306988e-08,2.230005090794915524e-08,2.142403900152038410e-08,2.016814602612007003e-08,1.852049759450840370e-08,1.652297333739760134e-08,1.428202722187549656e-08,1.195962243940581199e-08,9.738062213813058499e-09,7.772496920746083124e-09,6.161008440937152709e-09,4.939242065623438162e-09,4.088273270721063137e-09,3.546803877661158513e-09,3.229904256237949214e-09,3.054162047635679953e-09,2.956435728029381552e-09,2.897657499133734410e-09,2.857070780772190989e-09,2.824976495452399241e-09,2.797459888849343069e-09,2.773300866220855258e-09,2.752365761784673410e-09,2.734842611864330976e-09,2.720915025368547235e-09,2.710649427674424810e-09,2.703978494515453747e-09,2.700722623459827921e-09,2.700622042543310842e-09,2.703370120231249569e-09,2.708645375751026150e-09,2.716122511930510653e-09,2.725472444891839241e-09,2.736357896841891011e-09,2.748427081548840699e-09,2.761307160517837413e-09,2.774598594115204562e-09,2.787871157330320903e-09,2.800662159518919439e-09,2.812477241782978194e-09,2.822793982928398325e-09,2.831068393241394384e-09,2.836744195112117757e-09,2.839264571983656310e-09,2.838085815932172723e-09,2.832692036429191220e-09,2.822609839065258349e-09,2.807421686291801520e-09,2.786776562928303065e-09,2.760396639569254407e-09,2.728078902130028142e-09,2.689691220222999725e-09,2.645163052096301631e-09,2.594471865472789111e-09,2.537627249310544139e-09,2.474655363852640669e-09,2.405586504882695248e-09,2.330447824933050567e-09,2.249261523685372416e-09,2.162046400509524733e-09,2.068818512992041809e-09,1.969586351385907712e-09,1.864339067441663943e-09,1.753033920312210619e-09,1.635601774792441736e-09,1.512011011128750589e-09,1.382480873701814719e-09
1.235636459030563382e-09,1.100473468287472856e-09,9.935027519402666703e-10,9.221037998444370246e-10,8.937700323727173724e-10,9.109449679963339182e-10,9.681702747204657502e-10,1.054628784195132763e-09,1.158863946483618495e-09,1.271589659442128804e-09,1.386221367343128235e-09,1.498398038172344924e-09,1.605345520169791789e-09,1.705361482792239322e-09,1.797452462547278946e-09,1.881089749272407061e-09,1.956048411746359666e-09,2.022303298540794001e-09,2.079964068430632468e-09,2.129236599720683992e-09,2.170401482866149646e-09,2.203802689653511380e-09,2.229841450317468478e-09,2.248972036133451687e-09,2.261697556318403601e-09,2.268565009052544903e-09,2.270159664957358429e-09,2.267099423725707154e-09,2.260030116223933964e-09,2.249622885822682262e-09,2.236574836929930234e-09,2.221614141569070611e-09,2.205510781988621527e-09,2.189094089023763671e-09,2.173278186163749078e-09,2.159096295508600123e-09,2.147744473521680644e-09,2.140634524855325361e-09,2.139454342884295238e-09,2.146231513745822725e-09,2.163392649300999222e-09,2.193807014997415408e-09,2.240782598976308769e-09,2.307948715084024428e-09,2.399114446792786024e-09,2.518104919037051976e-09,2.668583562577322362e-09,2.853882306941466417e-09,3.076848323449310213e-09,3.339693062316104946e-09,3.643806097785723993e-09,3.989481389118993865e-09,4.375501599813585471e-09,4.798539896238983695e-09,5.252374494260078665e-09,5.726982048711860417e-09,6.207696657637603591e-09,6.674789771097498970e-09,7.103984612685306376e-09,7.468404524719544178e-09,7.742014314591152041e-09,7.903637760495693116e-09,7.939702933179703178e-09,7.844442190061083451e-09,7.618669262936348619e-09,7.268667695572966147e-09,6.805777065091882912e-09,6.246353221802245316e-09,5.611465524039450245e-09,4.925932875951362192e-09,4.216811246000427082e-09,3.511913995794504741e-09,2.839219158526571325e-09,2.228237058913713212e-09,1.714668663489838051e-09,1.347452042829446273e-09,1.180005244497529505e-09,1.213210689205571566e-09,1.369975190863791146e-09,1.569977398722211497e-09,1.770808455975880444e-09,1.958202801796444161e-09,2.133001562828122963e-09,2.304013768929374168e-09,2.484016094471982849e-09,2.686855124768200481e-09,2.924891219930910851e-09,3.206758849860858960e-09,3.535783091094495895e-09,3.909383743723503597e-09,4.319484232164386400e-09,4.753599515415995969e-09,5.196161148465168781e-09,5.629750430951336261e-09,6.036095226818686029e-09,6.396829016484909122e-09,6.694095395257891065e-09,6.911123064271978407e-09,7.032897511191638308e-09,7.047037843506091871e-09,6.945001634372843498e-09,6.723848935235388730e-09,6.389057879474320854e-09,5.959372399661654393e-09,5.475594000948075688e-09,5.017512504678751038e-09,4.739647115830454114e-09,4.947403798501339879e-09,4.952774681853664823e-09,4.331579819505874637e-09,2.776302627569816099e-09,1.387402995785733270e-09,1.699282352970359127e-09,1.939292961950444511e-09,1.189546445686039277e-09,7.718260606875167874e-10,2.158983533009673634e-09,2.952091624374201459e-09,2.605354471045419977e-09,1.358042858937540599e-09,1.454865209385721951e-09,2.914494865549299205e-09,3.522873582651580061e-09,2.869298164166624220e-09,1.299404935485803010e-09,1.153662072736996555e-09,2.419880000865634298e-09,2.592429930842443138e-09,1.474921845117792338e-09,9.338829953550382112e-10,2.947145469795582563e-09,4.284065592262181060e-09,1.387460386262146557e-11,4.217880001453835395e-10,8.270158732808264155e-10,1.208970790011450058e-09,1.560231770621018794e-09,1.878157020707233651e-09,2.166047434033477329e-09,2.434117281325954959e-09,2.699996676512777639e-09,2.988428901088397063e-09,3.329869324831563271e-09,3.757851104072700822e-09,4.305236387090355552e-09,4.999791154853181681e-09,5.859845466731057563e-09,6.890994014268447050e-09,8.084672414105422019e-09,9.418937624165510640e-09,1.086107457942431511e-08,1.237113902277711138e-08,1.390551441235390073e-08,1.541992193652924713e-08,1.687176746022765148e-08,1.822201367113264273e-08,1.943688668049037869e-08,2.048969132997344143e-08,2.136282725507719437e-08,2.204982427616502639e-08,2.255695550781657435e-08,2.290383586978862122e-08,2.312242769538686257e-08,2.325407430899229682e-08,2.334456122903538683e-08,2.343771384278689252e-08,2.356855008925840925e-08,2.375729576430296168e-08,2.400540434308179677e-08,2.429403862086759774e-08,2.458455074047520352e-08,2.481991233686985203e-08,2.492626706206058872e-08,2.481478450293069759e-08,2.438541314303725500e-08,2.353551954473938078e-08,2.217715935044633773e-08,2.026558293968617233e-08,1.783622216638960334e-08,1.503575878347972316e-08,1.211873703547799127e-08,9.384084740063411402e-09,7.075324550388632332e-09,5.329227009319631051e-09,4.172155511198194950e-09,3.525582104722432006e-09,3.230276018481203946e-09,3.118789929010953831e-09,3.078180670883364891e-09,3.053741822698819111e-09,3.025786275786896713e-09,2.990516168321790566e-09,2.949902824463622992e-09,2.907258507781532957e-09,2.865568868729832522e-09,2.827018243871517157e-09,2.792982588296896500e-09,2.764176567893058157e-09,2.740827405891826282e-09,2.722828971789596113e-09,2.709863472273739527e-09,2.701491390775747073e-09,2.697219669690877948e-09,2.696558209998897917e-09,2.699036425735967733e-09,2.704202822711185765e-09,2.711618780211072642e-09,2.720849895583931006e-09,2.731457001195344094e-09,2.742988175606162599e-09,2.754972582662902806e-09,2.766916668066532370e-09,2.778303041308963387e-09,2.788592215621405194e-09,2.797227230564470669e-09,2.803641017035453385e-09,2.807266171531678827e-09,2.807546586936651783e-09,2.803950156443237424e-09,2.795981553599127959e-09,2.783193935854622779e-09,2.765198367605630077e-09,2.741669859659697794e-09,2.712349212351898692e-09,2.677040342335226363e-09,2.635603443450733953e-09,2.587945095791557779e-09,2.534007135822500194e-09,2.473756496083957478e-09,2.407178027788495479e-09,2.334271292034984044e-09,2.255050421767907680e-09,2.169543832784322861e-09,2.077788800399226468e-09,1.979816208557547730e-09,1.875624644757463297e-09,1.765151378571962003e-09,1.648261003673611631e-09,1.524793814351018080e-09,1.394764065866295154e-09
1.246667968832505963e-09,1.108573877443339973e-09,9.974183561621276193e-10,9.208466488855600818e-10,8.869016747648091058e-10,8.987177990944883781e-10,9.512672638910275740e-10,1.033727163750667754e-09,1.134419030270755362e-09,1.243860957275658546e-09,1.355372388525255607e-09,1.464573096044942396e-09,1.568707841815569574e-09,1.666104557286809242e-09,1.755797920339678115e-09,1.837280267801231976e-09,1.910339823575330895e-09,1.974957419801697982e-09,2.031242463427766465e-09,2.079395027826209534e-09,2.119684722366113539e-09,2.152439542354470023e-09,2.178039866310866386e-09,2.196914402150436506e-09,2.209536248313359961e-09,2.216418324336648678e-09,2.218108233482362632e-09,2.215183168068454329e-09,2.208245800253837333e-09,2.197922277996032976e-09,2.184863530140749382e-09,2.169751132431239896e-09,2.153309036247089156e-09,2.136322527553490317e-09,2.119665843304417450e-09,2.104339853608051970e-09,2.091520978758048336e-09,2.082621818251914902e-09,2.079362497280587192e-09,2.083849118703868989e-09,2.098651723144034716e-09,2.126869117255444844e-09,2.172145726667058523e-09,2.238568686610508544e-09,2.330531147332432450e-09,2.452565383904437698e-09,2.609159931179406952e-09,2.804591788158434611e-09,3.042788984900290741e-09,3.327207746897924056e-09,3.660674075173407653e-09,4.045112962804019291e-09,4.481074157144134986e-09,4.966962956937857125e-09,5.497907303306891133e-09,6.064265708634728375e-09,6.649952501692791774e-09,7.231076708618965553e-09,7.775834645595609675e-09,8.246904954358741853e-09,8.607101734716847969e-09,8.826940785885376702e-09,8.889730832371909227e-09,8.790321416763840331e-09,8.531412123516277724e-09,8.121244763480444811e-09,7.573487839120809959e-09,6.908125067169700998e-09,6.151759665901729768e-09,5.336440025682707560e-09,4.497253739539314650e-09,3.669872840530026421e-09,2.889647617793574288e-09,2.194197352169720095e-09,1.632173578886629147e-09,1.275166236235622476e-09,1.186161495378760116e-09,1.315208240595384409e-09,1.535553976296415940e-09,1.763359052377506201e-09,1.965707077605492915e-09,2.136451469649688734e-09,2.283051696512017600e-09,2.420630593748515860e-09,2.568477675310493709e-09,2.747023167329597680e-09,2.974646312155304867e-09,3.264476175653614444e-09,3.621949559150074395e-09,4.043950875440203342e-09,4.519681490274772513e-09,5.032598476505790594e-09,5.562540826050526366e-09,6.087484361564140364e-09,6.584768020188622066e-09,7.031865029946422709e-09,7.406874850791125856e-09,7.688962276879884771e-09,7.858937604882325427e-09,7.900077607592860766e-09,7.799226624150173582e-09,7.548299868559318677e-09,7.146625480626396051e-09,6.605165356193798578e-09,5.954560029826040702e-09,5.260184240645111329e-09,4.649646769240033448e-09,4.363540823815325020e-09,4.368971128085906883e-09,3.761328607321619874e-09,2.202640075692213046e-09,6.534210235303073840e-10,1.381433404326459940e-09,1.772087372700338035e-09,1.292910376491656609e-09,1.448925971854122983e-09,2.677479776787721426e-09,3.401102531491624266e-09,3.022730564554091228e-09,1.661752083618494700e-09,1.062916543799982927e-09,2.523690487826354545e-09,3.306478803958898376e-09,2.928437637773515276e-09,1.749262682191510355e-09,1.339606490815170329e-09,2.140457891298807750e-09,2.205155439715104333e-09,1.109668301300773392e-09,8.623514633870588479e-10,2.836211684660380765e-09,4.083747030968068796e-09,1.389139297353635272e-11,4.495809413569688696e-10,8.757584988895966962e-10,1.266187476749269829e-09,1.608710666594918874e-09,1.897270076439710780e-09,2.133466335742911573e-09,2.328156845033872901e-09,2.502633146759897808e-09,2.688758222844765591e-09,2.927498986572566711e-09,3.265530420532951024e-09,3.749971615317175256e-09,4.421801676584070610e-09,5.309082980877932353e-09,6.421633637146570543e-09,7.748770191961576240e-09,9.260825066302863644e-09,1.091367917209522380e-08,1.265449889901377794e-08,1.442694137140951155e-08,1.617498137297297358e-08,1.784541103850424568e-08,1.938954049068902774e-08,2.076475811213890689e-08,2.193654269721826238e-08,2.288119641031598245e-08,2.358906085710901588e-08,2.406749760888598394e-08,2.434262870895285115e-08,2.445881022130613430e-08,2.447507229258512057e-08,2.445832154487483737e-08,2.447394951447224952e-08,2.457546058316068187e-08,2.479541958694777758e-08,2.513986773756650807e-08,2.558705713571443558e-08,2.608937309661912196e-08,2.657592210743442392e-08,2.695358575037515336e-08,2.710621894535086195e-08,2.689428106508089577e-08,2.616007834658413614e-08,2.474674006930498320e-08,2.254056044616992495e-08,1.954120707059590728e-08,1.594247985856746332e-08,1.216225360568438162e-08,8.730869725138391429e-09,6.058748093468165609e-09,4.351601151778856975e-09,3.569364134100231065e-09,3.385561456777908104e-09,3.420079608951636835e-09,3.471495216754264109e-09,3.480823970674285463e-09,3.446051738300628158e-09,3.380364252035997346e-09,3.297712591089069239e-09,3.208952669744530511e-09,3.121497616997245218e-09,3.039947031745173080e-09,2.966847345025037525e-09,2.903337257983297499e-09,2.849635523618363444e-09,2.805389820344109608e-09,2.769918047722003823e-09,2.742370750777425847e-09,2.721837323033532112e-09,2.707420071134089275e-09,2.698294755564765402e-09,2.693718698100461696e-09,2.693020036421125784e-09,2.695582534641224609e-09,2.700829333371467183e-09,2.708207635375102015e-09,2.717175472063922131e-09,2.727191186926092718e-09,2.737705970158858473e-09,2.748159593268955105e-09,2.757979360689101075e-09,2.766582176387069851e-09,2.773379491777047614e-09,2.777784744725322518e-09,2.779222720067321296e-09,2.777140073654110773e-09,2.771016092338879203e-09,2.760372649132988644e-09,2.744782300658679389e-09,2.723873604780733709e-09,2.697333040815780128e-09,2.664903394891029807e-09,2.626379089331746490e-09,2.581599587057124947e-09,2.530442519651816372e-09,2.472818335832746994e-09,2.408667791153026903e-09,2.337962324501252253e-09,2.260705362163498081e-09,2.176930351510953291e-09,2.086689879707172108e-09,1.990031015377239933e-09,1.886956461568027779e-09,1.777380103801318999e-09,1.661099379099897948e-09,1.537828218633075336e-09,1.407380289967218629e-09
1.258143897852397141e-09,1.117252557047661361e-09,1.002058269196384210e-09,9.204472341224101205e-10,8.809722171674258437e-10,8.874433259994539135e-10,9.352917453049289673e-10,1.013725438397812083e-09,1.110862018854098974e-09,1.217027929893797005e-09,1.325446634010633062e-09,1.431718595599890345e-09,1.533107796637528609e-09,1.627972658023699847e-09,1.715375567560963292e-09,1.794828465440132859e-09,1.866130205480108480e-09,1.929264154007407683e-09,1.984335378939354991e-09,2.031533745106218209e-09,2.071113447974247253e-09,2.103382256465583352e-09,2.128695749196276772e-09,2.147453446942397514e-09,2.160095070130958589e-09,2.167096198707381112e-09,2.168963389633852565e-09,2.166229337257541648e-09,2.159448990339584806e-09,2.149197726508869751e-09,2.136072793787411733e-09,2.120699317983595260e-09,2.103742287359226806e-09,2.085926083451248528e-09,2.068063318316204685e-09,2.051094901048433340e-09,2.036143251187818294e-09,2.024580147071842358e-09,2.018109440519648675e-09,2.018862244679142604e-09,2.029497700183934531e-09,2.053296018396992200e-09,2.094205876381964318e-09,2.156767009744024313e-09,2.245986374157165096e-09,2.367170954230489613e-09,2.525738593667584969e-09,2.727052554364694182e-09,2.976310199828623991e-09,3.278476027477678086e-09,3.638199792570267923e-09,4.059617083145301658e-09,4.545895640556276277e-09,5.098361065180247049e-09,5.715015126629967334e-09,6.388287441693846529e-09,7.102036417343417841e-09,7.828311832327714691e-09,8.525380646131744440e-09,9.139816379709476783e-09,9.615712448462976034e-09,9.910188076207745615e-09,1.000469268850960986e-08,9.898391446571482178e-09,9.598189531969961748e-09,9.114429130720741059e-09,8.462275417781493046e-09,7.665147433565540185e-09,6.756575640579379908e-09,5.778684702533930074e-09,4.777983019847845800e-09,3.801024627517286377e-09,2.893045980619281518e-09,2.103303850932489341e-09,1.503154305780899828e-09,1.204393233816512219e-09,1.253883050649909352e-09,1.498498741259384051e-09,1.777850754572092407e-09,2.022371200586554069e-09,2.212080322562628549e-09,2.349241103262742773e-09,2.448401793523424473e-09,2.532107310327432070e-09,2.627842876651776681e-09,2.764761928833128559e-09,2.969631539796921417e-09,3.262096700312007066e-09,3.650590240456658436e-09,4.130860130252689927e-09,4.687729476995534083e-09,5.298656364083770314e-09,5.937213599372480029e-09,6.575558522293901717e-09,7.185851334296232881e-09,7.740885130940815948e-09,8.214249123074218039e-09,8.580440798547925424e-09,8.815253638588464898e-09,8.896498349552480326e-09,8.804868508926325557e-09,8.524729372921185515e-09,8.044928707284161418e-09,7.360514682688784509e-09,6.477528440092641483e-09,5.424430624012069083e-09,4.273803377316372592e-09,3.174533687616299044e-09,3.179884474758677670e-09,2.615573882633530704e-09,1.160317670379032295e-09,6.037204350376124544e-10,1.855566862460299122e-09,2.171068390067610118e-09,1.644831275965185553e-09,1.616129421624033044e-09,2.725980493067340436e-09,3.467120547658520609e-09,3.154427616888412867e-09,1.805817619718038139e-09,4.724327778062956828e-10,1.982767929910172994e-09,2.892152549669904655e-09,2.726311956568154520e-09,1.826288579521549831e-09,1.479276122430333741e-09,2.100196467531162868e-09,2.199930314012096673e-09,1.379655068585182557e-09,9.616212198643366829e-10,2.417929320179206626e-09,3.475015938732280331e-09,1.390864434451901208e-11,4.967039615361368620e-10,9.605059011086072691e-10,1.371521001698433970e-09,1.711318267957633772e-09,1.968864128170859808e-09,2.142484806825250567e-09,2.242527966070784106e-09,2.293842327617230403e-09,2.336923926009407510e-09,2.426670150431795210e-09,2.628079821845566000e-09,3.008918095590810733e-09,3.630011265961176127e-09,4.534518657403153319e-09,5.738872851391342743e-09,7.228859162408616123e-09,8.962597222697751206e-09,1.087883259744663465e-08,1.290662796137747630e-08,1.497307568394385897e-08,1.700789489533233933e-08,1.894555646820744778e-08,2.072615295648587162e-08,2.229621958541986020e-08,2.361067375567211628e-08,2.463650221982850295e-08,2.535787626656248082e-08,2.578150399200111341e-08,2.594053969104165481e-08,2.589529197470253554e-08,2.572927483332868834e-08,2.553990810731988789e-08,2.542452400347652580e-08,2.546417075185007174e-08,2.570934423744936741e-08,2.617194994661526044e-08,2.682542191263291488e-08,2.761061207232108614e-08,2.844174151775773091e-08,2.920728884011359192e-08,2.976426601499412409e-08,2.992859305541725844e-08,2.946891350623379317e-08,2.811784769787267028e-08,2.562413997669272377e-08,2.187454036820289079e-08,1.708857368646807936e-08,1.198110714607384856e-08,7.605734381943098987e-09,4.756032336108686227e-09,3.745639931315128460e-09,3.872089614517899345e-09,4.178669298129754757e-09,4.344116893684609129e-09,4.355356510750725245e-09,4.261669939205749830e-09,4.109835262089389907e-09,3.933002432927618664e-09,3.752151737077013387e-09,3.579561784189050308e-09,3.421789315725144139e-09,3.281791927221433953e-09,3.160336909888101441e-09,3.056907115200930871e-09,2.970274633663824954e-09,2.898860754157000188e-09,2.840959346332516372e-09,2.794872645090028665e-09,2.758990445469468859e-09,2.731841919011971864e-09,2.712141489768133337e-09,2.698776835442185656e-09,2.690780012427070268e-09,2.687297799756410340e-09,2.687563901282428329e-09,2.690874404039756128e-09,2.696567148957391619e-09,2.704005245536703594e-09,2.712564729227291058e-09,2.721626233083730355e-09,2.730570465058086189e-09,2.738777210893826252e-09,2.745627496006990515e-09,2.750508428452337301e-09,2.752820110409143679e-09,2.751983863203837678e-09,2.747450886157074481e-09,2.738710399951382118e-09,2.725296351280530764e-09,2.706791915692046460e-09,2.682831353035277163e-09,2.653099237785603787e-09,2.617327651551939487e-09,2.575292475425068336e-09,2.526810274323341825e-09,2.471737197103146001e-09,2.409970598226736408e-09,2.341452602850004909e-09,2.266172729995821295e-09,2.184164513478184113e-09,2.095489852739190941e-09,2.000205977590120069e-09,1.898314808159275765e-09,1.789704023085163916e-09,1.674103622608237199e-09,1.551103399498270289e-09,1.420321119261416571e-09
1.270057583816073917e-09,1.126506529022124369e-09,1.007426650892394986e-09,9.209229765312183071e-10,8.760168208131387459e-10,8.771720419326987852e-10,9.203029832095316611e-10,9.946876023203217152e-10,1.088261666081603168e-09,1.191166307225506188e-09,1.296529509878397789e-09,1.399931990642365630e-09,1.498656686903249212e-09,1.591092200670691701e-09,1.676327812813493455e-09,1.753893420022394016e-09,1.823595951956506874e-09,1.885417983208618693e-09,1.939456408036621235e-09,1.985886841138882989e-09,2.024944087524351886e-09,2.056911979066695231e-09,2.082117960608432961e-09,2.100929426973502731e-09,2.113750107189794427e-09,2.121015804200034466e-09,2.123189544093230887e-09,2.120756696487399664e-09,2.114220946534144726e-09,2.104102187510228375e-09,2.090937527595964755e-09,2.075286725021971537e-09,2.057743532744646668e-09,2.038954680048792942e-09,2.019648550257787635e-09,2.000675993008001648e-09,1.983066020503703270e-09,1.968099132701904313e-09,1.957400246280061210e-09,1.953050956986928577e-09,1.957716244989069491e-09,1.974773072266669289e-09,2.008400753115874848e-09,2.063545431278940842e-09,2.145823155790296249e-09,2.261358501738012008e-09,2.416585218250148251e-09,2.618075202986947373e-09,2.872454927546467099e-09,3.186420931322613876e-09,3.566797628148608196e-09,4.020515735208079572e-09,4.554331047952729072e-09,5.174030795361088836e-09,5.882768905077222611e-09,6.678054300901760289e-09,7.546923077803973096e-09,8.459329086099673702e-09,9.361506743719003024e-09,1.017469813587851554e-08,1.080876327556906182e-08,1.119612620912475374e-08,1.132300752422285493e-08,1.120287043658999477e-08,1.085113605829394004e-08,1.027888527900433668e-08,9.499409749483556712e-09,8.537836213027134277e-09,7.436408959768363669e-09,6.252114561886679324e-09,5.048532438471296041e-09,3.887734284838713570e-09,2.828434665589450064e-09,1.938006765551126013e-09,1.333617562709547225e-09,1.189855099540196926e-09,1.437687979221305326e-09,1.796298609106810687e-09,2.120919713378621180e-09,2.366624086494456192e-09,2.525282940270787558e-09,2.606535767354867844e-09,2.632380426602482622e-09,2.634372485216230884e-09,2.650556650158806852e-09,2.721658286517855744e-09,2.886155579351614525e-09,3.173446484635083061e-09,3.596518526443256306e-09,4.148825967350263465e-09,4.807824601805546129e-09,5.541817337673363384e-09,6.315748977902974556e-09,7.094530677160648403e-09,7.844463201291799077e-09,8.533442333444572897e-09,9.130389852157092544e-09,9.604713294472789314e-09,9.926440867572998573e-09,1.006702838107664789e-08,1.000020606981526432e-08,9.701949510794101734e-09,9.148881485674494080e-09,8.315415042883498309e-09,7.172357635858255870e-09,5.694738975541894091e-09,3.900697741666651729e-09,2.074212058917472962e-09,2.078469148146532987e-09,1.641236517180743084e-09,9.252825336501679595e-10,1.704684309822676588e-09,2.613603382444470822e-09,2.663909509062689641e-09,1.818713747084294194e-09,1.196448849326731007e-09,2.259977464829410196e-09,3.138990054122872227e-09,3.017559612422901546e-09,1.877832095691742860e-09,1.890289958786361196e-10,1.453663267322014152e-09,2.346329525227594151e-09,2.253350548769857575e-09,1.455842912563971158e-09,1.229115663767462645e-09,1.967297827519028990e-09,2.225906086032646540e-09,1.670920248309418741e-09,1.009364734868094281e-09,1.763300025392990313e-09,2.571982802096911649e-09,1.392490791878161067e-11,5.725103076724033570e-10,1.098439979795163504e-09,1.548398571710699657e-09,1.896393398334344608e-09,2.124492802708368446e-09,2.225130443814695641e-09,2.205701328383186440e-09,2.093538116710072014e-09,1.939209716635398150e-09,1.816170719718203603e-09,1.815050507813917203e-09,2.032880847528964986e-09,2.560012929344920680e-09,3.464205496016130445e-09,4.773350797525413210e-09,6.467129051401937019e-09,8.483176523359792860e-09,1.073332743212952243e-08,1.312074816845325510e-08,1.555131448518230084e-08,1.793833107138363663e-08,2.020305759209422211e-08,2.227353626818069537e-08,2.408350250497288513e-08,2.557362047195372767e-08,2.669644301382836399e-08,2.742461624053890998e-08,2.776028312947156280e-08,2.774291997263168717e-08,2.745273485569043689e-08,2.700702367500457472e-08,2.654771296045408812e-08,2.622027457622100987e-08,2.614757515735703669e-08,2.640608943271501346e-08,2.701348086441923080e-08,2.793249169855325894e-08,2.908651070572433686e-08,3.037401998385718418e-08,3.167088202994454196e-08,3.281701138045789340e-08,3.359021429134354050e-08,3.367473005327349077e-08,3.264168560663889313e-08,2.998325605576418918e-08,2.528621498245237705e-08,1.865630816433263777e-08,1.134255920430920021e-08,5.840953571511601182e-09,4.118379679411750322e-09,4.958190127698763867e-09,5.724867954098199415e-09,5.995905587844100381e-09,5.921677587484962294e-09,5.662258602963273024e-09,5.323114805727886717e-09,4.965045183298345435e-09,4.620294471510010179e-09,4.304376245537585611e-09,4.023446757410665608e-09,3.778615455246316235e-09,3.568385355538939196e-09,3.390009851491743633e-09,3.240237948061958981e-09,3.115718870284166114e-09,3.013217777940365458e-09,2.929726257171140183e-09,2.862513369695261898e-09,2.809142407369876944e-09,2.767478701127187068e-09,2.735707204767012705e-09,2.712293083773943735e-09,2.695930371378798008e-09,2.685495023343052127e-09,2.680003658919693867e-09,2.678578439872256169e-09,2.680418055262727301e-09,2.684774523627672436e-09,2.690935406876470716e-09,2.698210987768495006e-09,2.705925948489547039e-09,2.713415072170002131e-09,2.720022452185750154e-09,2.725103629662050675e-09,2.728029990870909821e-09,2.728194658584054501e-09,2.725019031133939081e-09,2.717959094621620075e-09,2.706510696759881645e-09,2.690213157904849915e-09,2.668650924852032037e-09,2.641453428828702317e-09,2.608293828909656215e-09,2.568887780753832691e-09,2.522993583961006904e-09,2.470414805920887514e-09,2.411005555958283860e-09,2.344676921895183015e-09,2.271400880204401732e-09,2.191205849742568412e-09,2.104157013975458581e-09,2.010315943163937564e-09,1.909679270409558029e-09,1.802106159314493455e-09,1.687259434963688931e-09,1.564607429903152624e-09,1.433576949778006629e-09
1.282401059172225269e-09,1.136331251622728111e-09,1.013525679552014389e-09,9.222890717690572824e-10,8.720691977167901430e-10,8.679550535544977072e-10,9.063632160900808543e-10,9.766825198716410480e-10,1.066693100400739353e-09,1.166359619768903992e-09,1.268715788053150400e-09,1.369321904297765319e-09,1.465479041613397642e-09,1.555605101476280051e-09,1.638814989894029838e-09,1.714654637796953392e-09,1.782936405888831685e-09,1.843638834274150600e-09,1.896847048652557535e-09,1.942718751029158785e-09,1.981465883368657097e-09,2.013345248080436829e-09,2.038653549554099689e-09,2.057723953852900816e-09,2.070922536569906851e-09,2.078643965695193143e-09,2.081306477673121660e-09,2.079346685201152829e-09,2.073215055259517575e-09,2.063373076261824969e-09,2.050293259600304678e-09,2.034463256815143368e-09,2.016395575902347364e-09,1.996644695075845608e-09,1.975833829357164953e-09,1.954694203181192390e-09,1.934120356166423890e-09,1.915245570247510940e-09,1.899541534057841852e-09,1.888945062188637279e-09,1.886010790143419250e-09,1.894080714187874197e-09,1.917431277465255952e-09,1.961302850990964357e-09,2.031854944771356291e-09,2.136027011297244021e-09,2.281326121052644099e-09,2.475629522505617749e-09,2.727108259249247783e-09,3.044332878373666942e-09,3.436532488298375380e-09,3.913887083757419372e-09,4.487653015808708219e-09,5.169810650358065143e-09,5.971704620500724964e-09,6.900751899632211888e-09,7.953762124237751721e-09,9.105209874730702868e-09,1.029054655705703467e-08,1.139204974127420788e-08,1.225138617450960457e-08,1.274506482675284092e-08,1.289066855731797802e-08,1.274124417901728808e-08,1.232702255091018972e-08,1.165329008824975549e-08,1.072190413680069886e-08,9.554567251197878681e-09,8.204946252370242956e-09,6.753802825810852951e-09,5.291793123699980768e-09,3.903722221411715447e-09,2.666999730865613316e-09,1.681698850876089671e-09,1.171352852019972959e-09,1.330409085780095132e-09,1.789204284557889277e-09,2.239512839786022530e-09,2.591466017254001489e-09,2.820822639521181911e-09,2.926476066274118454e-09,2.923267216054244254e-09,2.841138500440513702e-09,2.723405753060460833e-09,2.622482986823449956e-09,2.594334161764324958e-09,2.693202464910774390e-09,2.963509284036824128e-09,3.426237615595714150e-09,4.070503548062158447e-09,4.860708524181837936e-09,5.750706770195842632e-09,6.693560271649319101e-09,7.645407440193355267e-09,8.566355647373554769e-09,9.419869880352191526e-09,1.017067195176733693e-08,1.078289423080867182e-08,1.121995859862620579e-08,1.144609797367326328e-08,1.142810197286501589e-08,1.113517900021686287e-08,1.053470949375375546e-08,9.582429312850148814e-09,8.208955980159556970e-09,6.315827667995261877e-09,3.840263276096642082e-09,1.701904251171657493e-09,1.703167634152961194e-09,1.521965390542010724e-09,1.621723139816093129e-09,2.456080588597334949e-09,3.114308385656815232e-09,2.957381604409612651e-09,1.879094400473294267e-09,3.754897334774042741e-10,1.582877010918121403e-09,2.658358384717792085e-09,2.767988272150840425e-09,1.932554116072566367e-09,6.661938251541421410e-10,1.049990152771815703e-09,1.763244355231721895e-09,1.634332154824865045e-09,7.709442812015877524e-10,7.481712140855994442e-10,1.764242204777852891e-09,2.185706744342537999e-09,1.838834160897671156e-09,1.082571490019219888e-09,1.057560974462582324e-09,1.571602279656277767e-09,1.393926230282828867e-11,6.906437944909547627e-10,1.313105916692360381e-09,1.827848250554108761e-09,2.201730966272739861e-09,2.407743130029879713e-09,2.427903229134938214e-09,2.261730759036233546e-09,1.935892619178907963e-09,1.512082191183286673e-09,1.091139512032233983e-09,8.072660727330503560e-10,7.900005483097836295e-10,1.147377638939535899e-09,2.007440999763830170e-09,3.432433215915198272e-09,5.387966316683348715e-09,7.772380274301975452e-09,1.045221338683478205e-08,1.329280880252321081e-08,1.617385870225478456e-08,1.899161138125684912e-08,2.165523142066912791e-08,2.408177172187637141e-08,2.619091715607249695e-08,2.790410992146929401e-08,2.915125865151130994e-08,2.988407654864798507e-08,3.009230161092240970e-08,2.981833038354391222e-08,2.916591108857228248e-08,2.829857579174482807e-08,2.742384194446457319e-08,2.676147451357820740e-08,2.649995343592392205e-08,2.675416438993380951e-08,2.754365343028148117e-08,2.880491843744513554e-08,3.042945723100050675e-08,3.229775846414911201e-08,3.428646105232397617e-08,3.624467369051405967e-08,3.794382929321888485e-08,3.900396020616286642e-08,3.880220948897505679e-08,3.640551085671582874e-08,3.069314216999276393e-08,2.110444975075670335e-08,9.717113715860855823e-09,4.615678322730441612e-09,6.993824762446639630e-09,8.623433150683493178e-09,8.952347792832132295e-09,8.590306510866297412e-09,7.944833422752305028e-09,7.228068780735147862e-09,6.538021303257296354e-09,5.914082969123229608e-09,5.367583782915330729e-09,4.897276371341983114e-09,4.496829855101200529e-09,4.158319766565913135e-09,3.873773550870113197e-09,3.635795215466884811e-09,3.437767657845924624e-09,3.273871598787110528e-09,3.139032933584463199e-09,3.028848497710969847e-09,2.939510670742911383e-09,2.867737688640869164e-09,2.810723694005590359e-09,2.766120112256201948e-09,2.731965945083225182e-09,2.706613043605457697e-09,2.688661699137390231e-09,2.676906059243177962e-09,2.670288657895275447e-09,2.667863241044731065e-09,2.668765043958717986e-09,2.672187706076954483e-09,2.677366063620860352e-09,2.683564115707364343e-09,2.690067498423269702e-09,2.696179811335369642e-09,2.701222119509943710e-09,2.704534907360441147e-09,2.705481704153958112e-09,2.703453560911376374e-09,2.697873567927427312e-09,2.688200698579476631e-09,2.673932476520892792e-09,2.654606304453847154e-09,2.629799738454363640e-09,2.599130471915443129e-09,2.562257174387490261e-09,2.518882423839354178e-09,2.468758558491935447e-09,2.411696176619438359e-09,2.347573197021838545e-09,2.276340099252778853e-09,2.198014819355561688e-09,2.112659817683076252e-09,2.020335390986814904e-09,1.921028738743229862e-09,1.814568653584514449e-09,1.700551522708486939e-09,1.578327301799252079e-09,1.447137010987377525e-09
1.295165053151816482e-09,1.146720610485510118e-09,1.020355492436650487e-09,9.245582630250773210e-10,8.691611201904980929e-10,8.598434782035221076e-10,8.935372059416667066e-10,9.597837156108435939e-10,1.046237794646890553e-09,1.142699249151920630e-09,1.242109642085610197e-09,1.340008061547792496e-09,1.433712360833735163e-09,1.521668248681849684e-09,1.603014469091602956e-09,1.677310712984666722e-09,1.744371969391245664e-09,1.804169538178005664e-09,1.856773402195029053e-09,1.902320077184238780e-09,1.940995712107058909e-09,1.973027673335230199e-09,1.998680142698557399e-09,2.018250922312507167e-09,2.032067897118796075e-09,2.040484549718580099e-09,2.043874596070277199e-09,2.042626257570588216e-09,2.037136957439657175e-09,2.027809389197359171e-09,2.015050016765080332e-09,1.999271195456405498e-09,1.980898310533123047e-09,1.960383674829215059e-09,1.938229460852962084e-09,1.915022708360233700e-09,1.891486452318805793e-09,1.868552179809970884e-09,1.847459866750993774e-09,1.829892081381831618e-09,1.818146679458984246e-09,1.815346117274310248e-09,1.825651081086044977e-09,1.854382340743759905e-09,1.908069386266988469e-09,1.994373978430555438e-09,2.121879217274051062e-09,2.299836168531174859e-09,2.538034924911221694e-09,2.846955425598117395e-09,3.238247867504294228e-09,3.725465046360251897e-09,4.324877161490203329e-09,5.056097407056090034e-09,5.941974697788420710e-09,7.006500866819238770e-09,8.267957510281353416e-09,9.721992901771574726e-09,1.130738852468626375e-08,1.285485422781485781e-08,1.406237861678514605e-08,1.464435038760823009e-08,1.475541775028132124e-08,1.454646691435305101e-08,1.406463706842872857e-08,1.328790955082809686e-08,1.218349697462573534e-08,1.075773175222132816e-08,9.080986559422401355e-09,7.276029429763810873e-09,5.479209624366823876e-09,3.809086189354176163e-09,2.369675875812770669e-09,1.337577212169977256e-09,1.171006096760937396e-09,1.719213291529038684e-09,2.341184392435765961e-09,2.855666054766395745e-09,3.219568061357900025e-09,3.416810366864326738e-09,3.445755731025101052e-09,3.322734293927681896e-09,3.086249087533918217e-09,2.796584813707565777e-09,2.528078254067293892e-09,2.356730258008048074e-09,2.354229011193308517e-09,2.587535502530157468e-09,3.095963106574560429e-09,3.861732595735979961e-09,4.824298573140349441e-09,5.913757543662759743e-09,7.067137575346014729e-09,8.230507876378829938e-09,9.358088655114448915e-09,1.041082789877227317e-08,1.135098067404472575e-08,1.213745416306322809e-08,1.272549799793633299e-08,1.307035326342490793e-08,1.313200932667766933e-08,1.287721060832796116e-08,1.227413624128560511e-08,1.127424658427226222e-08,9.776823263706637062e-09,7.585042981773679277e-09,4.433625308289285975e-09,1.557636800206751750e-09,1.557160277357141848e-09,1.497593693562787142e-09,1.791198834876393221e-09,2.572259841339004901e-09,3.128209003063197860e-09,2.960388094582065592e-09,2.003498424958154042e-09,7.757235897715935664e-10,1.396913579295214109e-09,2.354060109187660982e-09,2.536150832769951129e-09,1.910639913674838941e-09,8.829636042194598117e-10,7.659457656874326680e-10,1.296340187270344832e-09,1.216855973577816413e-09,6.188327069892459953e-10,9.168082249333255346e-10,1.786867535674137861e-09,2.197594512025867154e-09,1.964565308854311801e-09,1.273162134356904580e-09,6.805156894613976546e-10,7.469956809215062857e-10,1.395152879259819213e-11,8.730921127442990903e-10,1.637249710875610443e-09,2.249541642016155482e-09,2.675800527693786421e-09,2.877321032561806051e-09,2.817348910856946190e-09,2.478017126111055354e-09,1.878026236851619251e-09,1.089541726008680247e-09,3.126612710512220734e-10,6.410362096793641798e-10,1.077120220704406792e-09,1.015760160125743349e-09,5.281320606165230329e-10,1.618585109603904381e-09,3.896029804766336467e-09,6.772704017171298845e-09,1.001360436469648483e-08,1.342630624181751426e-08,1.686092127734879808e-08,2.019987759067633074e-08,2.334511592561605690e-08,2.620788961476687135e-08,2.869467666621488093e-08,3.070097199214245496e-08,3.212069226088240359e-08,3.286839109407739095e-08,3.290676270959863055e-08,3.227242596067489023e-08,3.109423179270574746e-08,2.959774155959076636e-08,2.808779830896039760e-08,2.690199561680766836e-08,2.633674776805372080e-08,2.656711480672438856e-08,2.760225126946787054e-08,2.931437491083229975e-08,3.152911432135166143e-08,3.410183195834608539e-08,3.693368432188721423e-08,3.993325182871003799e-08,4.293961719782876646e-08,4.560083922047880907e-08,4.716954001856832917e-08,4.617238479865272299e-08,4.006916817946243915e-08,2.583326124753188017e-08,6.276535306082508512e-09,1.030259599751141714e-08,1.415575703873100648e-08,1.440300465747110753e-08,1.321486094779321023e-08,1.166545267035359963e-08,1.017330307292517766e-08,8.868205832882965309e-09,7.768380345956087814e-09,6.854614341512235536e-09,6.098778729604625694e-09,5.473794520652382718e-09,4.956472553683924890e-09,4.527790228114897287e-09,4.172363473124663807e-09,3.877761594298263218e-09,3.633882940640834330e-09,3.432447663484196399e-09,3.266606254005181019e-09,3.130644762562298616e-09,3.019764665308007650e-09,2.929917667795684759e-09,2.857693700962620089e-09,2.800264202624510184e-09,2.755283300890632644e-09,2.720791691835711839e-09,2.695136746698706520e-09,2.676906389053889282e-09,2.664874792238697903e-09,2.657958281886257981e-09,2.655180070726304311e-09,2.655642643069130327e-09,2.658506761125006367e-09,2.662976186931586366e-09,2.668287300616362945e-09,2.673702845033254871e-09,2.678509041399802545e-09,2.682015308498551593e-09,2.683555796338635246e-09,2.682491939398681743e-09,2.678215276587343077e-09,2.670149909835144703e-09,2.657754206142983969e-09,2.640521698184753822e-09,2.617981576393617121e-09,2.589699612957475900e-09,2.555280676270406834e-09,2.514373989858745328e-09,2.466681749179287263e-09,2.411970467712420146e-09,2.350082472301076109e-09,2.280942576506222047e-09,2.204552775309759967e-09,2.120966856117458677e-09,2.030238427685845239e-09,1.932341422169693182e-09,1.827072790564069968e-09,1.713963626954973406e-09,1.592248950223179154e-09,1.460989379787370604e-09
1.308338998708515821e-09,1.157666919494483174e-09,1.027914146943877932e-09,9.277406435870088600e-10,8.673219300237789346e-10,8.528877608324993714e-10,8.818916434906249545e-10,9.440690015803146220e-10,1.026983372766715686e-09,1.120284310102912385e-09,1.216824492837725692e-09,1.312120988886263012e-09,1.403506559557707793e-09,1.489452578555021945e-09,1.569119249711492662e-09,1.642077316651130167e-09,1.708141363831091884e-09,1.767272230263815862e-09,1.819521576111045450e-09,1.865001846298702017e-09,1.903871034207688898e-09,1.936325396580914961e-09,1.962595704397528813e-09,1.982944321565845446e-09,1.997661653515770323e-09,2.007061419378985069e-09,2.011474835481552307e-09,2.011244205224251757e-09,2.006716647095938484e-09,1.998238819724354918e-09,1.986153583974123115e-09,1.970799640711744153e-09,1.952515360846612537e-09,1.931648345173240586e-09,1.908572785524767160e-09,1.883717522463007512e-09,1.857608888483729316e-09,1.830934043705778874e-09,1.804632501546253240e-09,1.780025556266918360e-09,1.758994327714408975e-09,1.744214766193142631e-09,1.739432661441731471e-09,1.749696384560975122e-09,1.781550691330428082e-09,1.843102939180115576e-09,1.943883468882530341e-09,2.094535951909671388e-09,2.306537040498123849e-09,2.592243701282553544e-09,2.965492990769899746e-09,3.442797827968670849e-09,4.045065241594887212e-09,4.799757581607510493e-09,5.743334380070923218e-09,6.923177454656921472e-09,8.395905898142601657e-09,1.021251615916973779e-08,1.236626720706777079e-08,1.466088154749930151e-08,1.650146488596739802e-08,1.701648396091058463e-08,1.694190974496512428e-08,1.662634052976374892e-08,1.609915615411684490e-08,1.525262725101432406e-08,1.396949422171040364e-08,1.221599584160949131e-08,1.009136837919259013e-08,7.800614078394556157e-09,5.561674298098339908e-09,3.542192464807323028e-09,1.887699995062579609e-09,1.031374672443344960e-09,1.553097152338840014e-09,2.386471483107454008e-09,3.110437357852058128e-09,3.669887534888375192e-09,4.039864180072432230e-09,4.196713499516250670e-09,4.127205487328073268e-09,3.842472095469813559e-09,3.389533746704806021e-09,2.855518939167107615e-09,2.355759102699337110e-09,1.997442670638542264e-09,1.851444642769592968e-09,2.002343372069707898e-09,2.551945838595244805e-09,3.482080221912154320e-09,4.676075840951898278e-09,6.021869243664139558e-09,7.436345382496458349e-09,8.855100508280942656e-09,1.022720756004846304e-08,1.151620228549328393e-08,1.268636458718455099e-08,1.369158884398238834e-08,1.447524333757885366e-08,1.497878636242541603e-08,1.515339261167674574e-08,1.496870462842202018e-08,1.441204064696268130e-08,1.346682741202427325e-08,1.204910415374685703e-08,9.871933392230927054e-09,6.256710090202873267e-09,1.071508559419485008e-09,1.072465372125122504e-09,9.430561426394857908e-10,1.229434458483391828e-09,2.044130811584442690e-09,2.645414392963796594e-09,2.663869764945799726e-09,2.125391055341794011e-09,1.557562315237520591e-09,1.756568777872954281e-09,2.238842235632564271e-09,2.265942119564429507e-09,1.695796632070423723e-09,7.930917371575104519e-10,5.981990506203731233e-10,1.148394224174937905e-09,1.334796345905697977e-09,1.309681536859156135e-09,1.557745698554686131e-09,2.014141117775594970e-09,2.230557183386494436e-09,1.996128727261793676e-09,1.397267126459100680e-09,7.348801931727427135e-10,3.907593131895155188e-10,1.396211330535741745e-11,1.162571400846810105e-09,2.117959768086486401e-09,2.860899092990887187e-09,3.377016399538542073e-09,3.609982758941414648e-09,3.487446497351659786e-09,2.956787446834308757e-09,2.014608488130056512e-09,7.352297312128302986e-10,7.887315511071542659e-10,2.217406926744750507e-09,3.287421449277084112e-09,3.639533134493869845e-09,2.984593445262820790e-09,1.278953481692590211e-09,1.908811971158212954e-09,5.428427359681347969e-09,9.410201903343054807e-09,1.354129682657662381e-08,1.764564909941510750e-08,2.160319577051650810e-08,2.531841904780473962e-08,2.871070853486325360e-08,3.167948235629985325e-08,3.408485473210718967e-08,3.576251939368083942e-08,3.656235674812130458e-08,3.639422571799859879e-08,3.527065301477259594e-08,3.334110601819988057e-08,3.091059476524119025e-08,2.842781139741760263e-08,2.642210989757940177e-08,2.537803200356540084e-08,2.557539113314345920e-08,2.698400244687757210e-08,2.932146087285059358e-08,3.227120323998838922e-08,3.564742365048641700e-08,3.941422068748443371e-08,4.361668980528900255e-08,4.828336883402865008e-08,5.329548481954097479e-08,5.811395929047172179e-08,6.107566949120345958e-08,5.770537829491982002e-08,3.794585263545048988e-08,1.279576943913848099e-08,2.610472210808361948e-08,2.574242473223209631e-08,2.189479229716754182e-08,1.798699084122763587e-08,1.478196093372387438e-08,1.228887295421409488e-08,1.036333566386403859e-08,8.864264260953528839e-09,7.682957128942111212e-09,6.740662291530685142e-09,5.980960479610302042e-09,5.363124879400989931e-09,4.857309343300872100e-09,4.441242759922867218e-09,4.097986880765147845e-09,3.814412004189428349e-09,3.580152968435741164e-09,3.386888008462863608e-09,3.227836369781443220e-09,3.097405001640214386e-09,2.990936969910479163e-09,2.904544082100813307e-09,2.835016748213509696e-09,2.779701165552864718e-09,2.736386266963608598e-09,2.703211984245790642e-09,2.678594551894979953e-09,2.661165772737963070e-09,2.649723925252690687e-09,2.643194491472852770e-09,2.640599227838961950e-09,2.641032347662617393e-09,2.643642762467946787e-09,2.647621454611883519e-09,2.652193132934212503e-09,2.656611364552794078e-09,2.660156390402226386e-09,2.662134837600426633e-09,2.661880563033163697e-09,2.658755931117166037e-09,2.652152976363547998e-09,2.641494151792966322e-09,2.626232722180229778e-09,2.605853293173486306e-09,2.579873390164968052e-09,2.547847270481470489e-09,2.509373072989135241e-09,2.464103768121613701e-09,2.411761011505332338e-09,2.352148931992085813e-09,2.285162386317686485e-09,2.210781943172262101e-09,2.129046848822830619e-09,2.039998792363784999e-09,1.943594867061645071e-09,1.839599026550669829e-09,1.727478554126797735e-09,1.606357279701430507e-09,1.475120997627001917e-09
1.321911044116213185e-09,1.169160931041370274e-09,1.036197602580355654e-09,9.318434941718672171e-10,8.665780618918207512e-10,8.471369222435519078e-10,8.714944004302947151e-10,9.296199122178125187e-10,1.009023209766271149e-09,1.099221309276264422e-09,1.192982598951397356e-09,1.285801404235976074e-09,1.375023021038069984e-09,1.459141651867068546e-09,1.537335915446207577e-09,1.609184383371983455e-09,1.674497897120010131e-09,1.733223543544373787e-09,1.785391642095377780e-09,1.831088060391561425e-09,1.870440847497018331e-09,1.903614229161001282e-09,1.930805599523006835e-09,1.952242907729332773e-09,1.968181086492701901e-09,1.978897050213181144e-09,1.984683381833391211e-09,1.985841190646016857e-09,1.982672817544241681e-09,1.975475149787836849e-09,1.964534344351521685e-09,1.950122806767497062e-09,1.932499387782798686e-09,1.911914004686665868e-09,1.888618340545088125e-09,1.862885014293999888e-09,1.835038773321664522e-09,1.805504994024831027e-09,1.774883257791852130e-09,1.744057087519894289e-09,1.714354815048547048e-09,1.687779709886368015e-09,1.667312937698318837e-09,1.657239121206959669e-09,1.663510792930334036e-09,1.694058543922060279e-09,1.758891301732386601e-09,1.869868678725894725e-09,2.040227752163627172e-09,2.284256722354156435e-09,2.617652954840588217e-09,3.058918576278351368e-09,3.631898721783603983e-09,4.369652293035525960e-09,5.320329941540458570e-09,6.556301135735496310e-09,8.187266647687641997e-09,1.037158101000613316e-08,1.328869803762046916e-08,1.692432992635913012e-08,2.026846931521435844e-08,1.997968726426572688e-08,1.937070755783154467e-08,1.891931140629270922e-08,1.845485801543652684e-08,1.765628188163229066e-08,1.622887974572821414e-08,1.404952064062111054e-08,1.127416547986940543e-08,8.284852774351564888e-09,5.451971172286764154e-09,3.007431987590184853e-09,1.198724142480115994e-09,1.275029755052608413e-09,2.367372046296779085e-09,3.323959056586465202e-09,4.102658825112518498e-09,4.703606972693436146e-09,5.092548696650597382e-09,5.217626536468048176e-09,5.036937969293850422e-09,4.544277124773218779e-09,3.792069146577544201e-09,2.911547373706579792e-09,2.117524997625348804e-09,1.621123883045653371e-09,1.386780377927950698e-09,1.301875567132812882e-09,1.750962347780074757e-09,2.889581040238350795e-09,4.399285350026788431e-09,6.073169251246297516e-09,7.808142446895297760e-09,9.530685163148867155e-09,1.118229158996880300e-08,1.274234861521170869e-08,1.418808330523739444e-08,1.546838977217575362e-08,1.650605591708939130e-08,1.721707483508919541e-08,1.753501574354450920e-08,1.743319435378583319e-08,1.693968862604284669e-08,1.613374593689416195e-08,1.508577048565440998e-08,1.362250221382155186e-08,1.055124321601165017e-08,1.308529699750294580e-09,1.313720217385557986e-09,7.397554441179760856e-10,2.162683475412723568e-10,1.159426822252864341e-09,1.839118090862711044e-09,2.095648340040323756e-09,1.993449107773166453e-09,1.831032189246395520e-09,1.876850261133848836e-09,1.969017803212468831e-09,1.786840009946427490e-09,1.229029678886724358e-09,4.946469171224413841e-10,6.526714703790857227e-10,1.248075812635317861e-09,1.588955787242152462e-09,1.744387278189809831e-09,1.895956339971153697e-09,2.056366705327617814e-09,2.054940239048539815e-09,1.768476680302751593e-09,1.243164557594644518e-09,6.708616881752481285e-10,2.951930104861511677e-10,1.397154380064725977e-11,1.664881753355720250e-09,2.824818192930304043e-09,3.709314704545414266e-09,4.368293485244505627e-09,4.702853112570803877e-09,4.569230600969062905e-09,3.850816602494575202e-09,2.499863812539861280e-09,5.685372892162942507e-10,1.780089306024754674e-09,4.210353553912237083e-09,6.255971763847329360e-09,7.343527616839842413e-09,6.943517260123087599e-09,4.807963784586602652e-09,1.327652242202444597e-09,3.718496441036831807e-09,8.674458169530677328e-09,1.368936535800095164e-08,1.858052215208969493e-08,2.325095601342585280e-08,2.761613012487229602e-08,3.163811601581318437e-08,3.522849230458545186e-08,3.819706171279550733e-08,4.028266275655163275e-08,4.122469507190788163e-08,4.083748136441467178e-08,3.907517292081528678e-08,3.608924001019043187e-08,3.227598678932717283e-08,2.829095802397625178e-08,2.498073914222261549e-08,2.317794444357310160e-08,2.337245547135492437e-08,2.543699494638995446e-08,2.871646271546093617e-08,3.258716974275292466e-08,3.680300563451054148e-08,4.145996934005773704e-08,4.683733286014152764e-08,5.328407636552282793e-08,6.118818514529146992e-08,7.092452211442649609e-08,8.233700799219101195e-08,9.186464171672460829e-08,7.872581015464325382e-08,6.078258723357888394e-08,5.685485685977346990e-08,4.105742524282098785e-08,2.956252424992059676e-08,2.213043304503880250e-08,1.724150254178671117e-08,1.388146962489918646e-08,1.147032246332002375e-08,9.676682204126715572e-09,8.303849055460035723e-09,7.229543555139160785e-09,6.374330796353074103e-09,5.684553594292884827e-09,5.122709604374015957e-09,4.661788886403202498e-09,4.281809389159646221e-09,3.967624234987607946e-09,3.707494102468427353e-09,3.492136186679539531e-09,3.314078917604471652e-09,3.167217388189780477e-09,3.046502559998264993e-09,2.947735991768950267e-09,2.867457327742178091e-09,2.802806207101116627e-09,2.751398840333568061e-09,2.711229315520056623e-09,2.680590071265237108e-09,2.658007651312163721e-09,2.642190922544941009e-09,2.631989628339546520e-09,2.626361607749111224e-09,2.624347325073965576e-09,2.625050572770362292e-09,2.627624361631864450e-09,2.631261110405415748e-09,2.635186305911062369e-09,2.638654837379257143e-09,2.640949233330077511e-09,2.641379071142361268e-09,2.639280917647240643e-09,2.634018324517667524e-09,2.624981665902945849e-09,2.611587970036361546e-09,2.593281325316725773e-09,2.569534847417829379e-09,2.539855430824587057e-09,2.503792375966997739e-09,2.460950268684410625e-09,2.411005035485173110e-09,2.353719916733176389e-09,2.288955481685323061e-09,2.216665412796131014e-09,2.136868643047309414e-09,2.049589869077465100e-09,1.954765980462018157e-09,1.852127019885127417e-09,1.741078208377290052e-09,1.620636192732100723e-09,1.489517690622616044e-09
1.335868068967894432e-09,1.181191855107113090e-09,1.045199723344108061e-09,9.368711589470655542e-10,8.669525962573094332e-10,8.426377560622548226e-10,8.624136269242161204e-10,9.165209208873049785e-10,9.924557805326175871e-10,1.079623522677787342e-09,1.170714321239136405e-09,1.261199213846285359e-09,1.348433164094200421e-09,1.430929624270808676e-09,1.507881838012875487e-09,1.578872378267996709e-09,1.643704625414329233e-09,1.702308496677308356e-09,1.754690078601372426e-09,1.800906512234707940e-09,1.841054674080154901e-09,1.875266575959349208e-09,1.903707170274502205e-09,1.926572078614413804e-09,1.944084013748291240e-09,1.956487514855077881e-09,1.964042163019212832e-09,1.967014760072235120e-09,1.965671101891325966e-09,1.960268017318161096e-09,1.951046330287233698e-09,1.938225389682985279e-09,1.921999845168758300e-09,1.902539480438078665e-09,1.879993207976937356e-09,1.854498863970307341e-09,1.826201341971111568e-09,1.795283053826077775e-09,1.762012983829076376e-09,1.726824085483598260e-09,1.690433892747809501e-09,1.654030185086248077e-09,1.619540618984104794e-09,1.589973274807840206e-09,1.569882599245870564e-09,1.565933566608633076e-09,1.587430736959703610e-09,1.646556225091231389e-09,1.758048549842496639e-09,1.938398480702847609e-09,2.205279187777202708e-09,2.578235352571521870e-09,3.081263021983991436e-09,3.747608471995725900e-09,4.628020490428910746e-09,5.806559446304333715e-09,7.434432509298384736e-09,9.804681192545221743e-09,1.349768096275931012e-08,1.948309467822833685e-08,2.767051934206379253e-08,2.326391654015635030e-08,2.164277997350364804e-08,2.122660737630792202e-08,2.114650086698352467e-08,2.069118468484420568e-08,1.924336603525567503e-08,1.648328251159024810e-08,1.267738733898718717e-08,8.625324649095702562e-09,4.991103351725028602e-09,2.063195183475107456e-09,8.771314000544837826e-10,2.348066920799633502e-09,3.564965738576659144e-09,4.506858595793214026e-09,5.303510380823036084e-09,5.968415998181920210e-09,6.423964913430590522e-09,6.558546902900901424e-09,6.275511976532273278e-09,5.530891894020265341e-09,4.371161392591011145e-09,2.995674649108858153e-09,1.912505489893905417e-09,1.818455551591075056e-09,2.045263452591859908e-09,1.657617825660944647e-09,9.557031680272962229e-10,2.058406447811493340e-09,3.997075526230278789e-09,6.079503072306201646e-09,8.201293880424002683e-09,1.028292694484973118e-08,1.223256988133907633e-08,1.408512989730553702e-08,1.585674899211828600e-08,1.748892407494135670e-08,1.886443077888431671e-08,1.984933188873839539e-08,2.033732699300025579e-08,2.029027920031376751e-08,1.978052328837971265e-08,1.904330625641147333e-08,1.853954200858751996e-08,1.899116936211852817e-08,2.113907790232402837e-08,4.555640569238162988e-09,2.965477607386459041e-09,1.603352766060187943e-09,8.143368355478186274e-10,6.818672865305929267e-10,1.056628581540950816e-09,1.350757862909969466e-09,1.468556745999327879e-09,1.476106075825807051e-09,1.434121011250332876e-09,1.309794731930719642e-09,1.027294333771026179e-09,5.892781072575993253e-10,3.606073073374518840e-10,8.045040177243226158e-10,1.250591857084505703e-09,1.529781576906794777e-09,1.657274809254620239e-09,1.695791967267402726e-09,1.664925945162884258e-09,1.520235325497964873e-09,1.224169357058567833e-09,8.184068806238727782e-10,4.582155053613166066e-10,3.665697675684396883e-10,1.397983985495151713e-11,2.701612449521407872e-09,3.848354554676609166e-09,4.812846215573271086e-09,5.703121386879224397e-09,6.275952647934155341e-09,6.243727533041589295e-09,5.383596886602746375e-09,3.574586989063862114e-09,8.247182742340697231e-10,2.701036412064739118e-09,6.596146254913334820e-09,1.019061348284027148e-08,1.254799675232389847e-08,1.267220737416772273e-08,9.982344958851009167e-09,4.893919647693502694e-09,1.813420198773670818e-09,7.929968038678689423e-09,1.397323185184253893e-08,1.974170197691569528e-08,2.520739927408959159e-08,3.025937226557316417e-08,3.499879452959549357e-08,3.940050295717171823e-08,4.319310568448893811e-08,4.594702172690961111e-08,4.721678163529112655e-08,4.665624570985833681e-08,4.410368231435611529e-08,3.966503381669599779e-08,3.381347097164054385e-08,2.747955927119926716e-08,2.203210778987451154e-08,1.898061477671745251e-08,1.929951582574446986e-08,2.267512935235407687e-08,2.752040824590519742e-08,3.255832345898480684e-08,3.751794207052683538e-08,4.278605314846521238e-08,4.898976978834236497e-08,5.682943352216321569e-08,6.725241253425111370e-08,8.206658765826023355e-08,1.055016902145965130e-07,1.487706868636790522e-07,2.450120724514191620e-07,2.521145215017068667e-07,9.972853931649096344e-08,5.216612557223740896e-08,3.322587660820792089e-08,2.377293984511145725e-08,1.820581847028145638e-08,1.455391578707570539e-08,1.198553464627816898e-08,1.009212385642722901e-08,8.648793308988424629e-09,7.521047661891111189e-09,6.623335568539045096e-09,5.898577837520092680e-09,5.307195974161842695e-09,4.820845671027392959e-09,4.418651899365075625e-09,4.084852877657329814e-09,3.807276440000657165e-09,3.576328561539415371e-09,3.384307909220950821e-09,3.224933650797319262e-09,3.093015518916527023e-09,2.984235909987515988e-09,2.895030746148157286e-09,2.822447449459839399e-09,2.764019155168436921e-09,2.717664736753342072e-09,2.681608603842753744e-09,2.654316079793431394e-09,2.634441352038945068e-09,2.620785757361719986e-09,2.612264671811754002e-09,2.607881616454526954e-09,2.606708423733713353e-09,2.607870468778098556e-09,2.610536075399225853e-09,2.613909273359246206e-09,2.617225126146289693e-09,2.619746885447284118e-09,2.620764283817008388e-09,2.619592379297941521e-09,2.615570543616223764e-09,2.608061458690692285e-09,2.596450355816223047e-09,2.580145159652012536e-09,2.558578597172566838e-09,2.531213550548497554e-09,2.497552770584449071e-09,2.457153305248806082e-09,2.409644474886975844e-09,2.354745945462656582e-09,2.292279700157138028e-09,2.222167143311797151e-09,2.144401225299482122e-09,2.058984706935057550e-09,1.965831057707975777e-09,1.864635663549052319e-09,1.754743625425589387e-09,1.635068620130422678e-09,1.504164192471506644e-09
1.350195704321119374e-09,1.193747386527696063e-09,1.054912299636995861e-09,9.428249628573296036e-10,8.684648568231722800e-10,8.394339976147338159e-10,8.547167020064917059e-10,9.048584192794822687e-10,9.773837164739619172e-10,1.061610033750585942e-09,1.150156989201936268e-09,1.238472032414281415e-09,1.323916431439976001e-09,1.405018513140878151e-09,1.480981534249230921e-09,1.551387562427289174e-09,1.616028353606395949e-09,1.674813063922097464e-09,1.727720747743215684e-09,1.774778000923790686e-09,1.816049828600343627e-09,1.851636537159711917e-09,1.881672399617953520e-09,1.906323750822702717e-09,1.925785426826189815e-09,1.940275281799651269e-09,1.950027017314029674e-09,1.955281826583617902e-09,1.956279458557714922e-09,1.953249301875542534e-09,1.946402027676199815e-09,1.935922257997712348e-09,1.921962680217139662e-09,1.904640045238702658e-09,1.884033608459622516e-09,1.860186853194797546e-09,1.833113862397051253e-09,1.802812615080295940e-09,1.769289013007422877e-09,1.732597975391629043e-09,1.692912096083956319e-09,1.650635077628825565e-09,1.606579974148719936e-09,1.562217848134528164e-09,1.520070440027688217e-09,1.484305980599250474e-09,1.461560545590820489e-09,1.461886082151096538e-09,1.499449497032881918e-09,1.592330482723637222e-09,1.761092432164927947e-09,2.027143399362596892e-09,2.412963497368264692e-09,2.945433284363837192e-09,3.662483470063231239e-09,4.625712993086965281e-09,5.952568600981427690e-09,7.924642194502754439e-09,1.142087745207077054e-08,1.984600670586999621e-08,9.533475257170494273e-13,2.376283643954997036e-13,2.271024268906695938e-13,2.319896532968954476e-13,2.421527473136667970e-13,2.472118878332131226e-13,2.357340921210279151e-13,1.996718676008791832e-13,1.433332785104200508e-13,8.562267172238986743e-14,3.886587572910105075e-14,6.593479549382508957e-15,2.338524275481817154e-14,4.114761395488358124e-14,5.115197877743508069e-14,5.865260567136467960e-14,6.652446064307560629e-14,7.454428219038872943e-14,8.087613353729527083e-14,8.330581394602891044e-14,7.995969810988061060e-14,6.972284953164556525e-14,5.272251928001408825e-14,3.176474085832696818e-14,2.037773527459301299e-14,3.321033163072835519e-14,4.406118004330574943e-14,3.962359375285983923e-14,1.981344108673977372e-14,1.041768326895194652e-14,3.522246908759318140e-14,6.068635792094243386e-14,8.647447823193477255e-14,1.117629081563672280e-13,1.338555559746702337e-13,1.551204954361721173e-13,1.766658750017202825e-13,1.976707631998045834e-13,2.161406456255780369e-13,2.297916348309462124e-13,2.367550243918207545e-13,2.361095631730450076e-13,2.284940590514980529e-13,2.171982756214239662e-13,2.104322575697351966e-13,2.269529207603398971e-13,5.051632201167499409e-13,1.916256837115070864e-08,1.772785612601414249e-08,1.616654502533089317e-08,1.429748781846185788e-08,1.262899302233728738e-08,1.130601799937080464e-08,1.019332937120219316e-08,9.034018424368450610e-09,7.669881989123951999e-09,6.089144033725708217e-09,4.572894780025621618e-09,4.038546116732550100e-09,5.272720206230295865e-09,7.426352911331299674e-09,9.581759188026231788e-09,1.127072843517368164e-08,1.227621998657906159e-08,1.254522611625726063e-08,1.211647061075088154e-08,1.106303144141945579e-08,9.523399630230339836e-09,7.885328874844348759e-09,7.063882384383147830e-09,8.064287899838768671e-09,1.049849956987564997e-08,8.391364972569599841e-11,5.370605278116078020e-14,5.175984046034103923e-14,6.076114974091555446e-14,7.405322552486571667e-14,8.480648374536729519e-14,8.760396341188930756e-14,7.874093303063063906e-14,5.599328631739656162e-14,1.865718310509516287e-14,3.256389097152002188e-14,9.286247790803316012e-14,1.536565736928513363e-13,1.999086704224811378e-13,2.122740009965286521e-13,1.760939371862156292e-13,9.766759506428871744e-14,1.402867884528243273e-14,7.488119710438864873e-14,1.455445699837447968e-13,2.121469683541129459e-13,2.758294264122428933e-13,3.321870045607094879e-13,3.869947368077519206e-13,4.418300547675707983e-13,4.922858502176862734e-13,5.309585767686562163e-13,5.503922293928899769e-13,5.446696210055862478e-13,5.101816515834604733e-13,4.465367090934193713e-13,3.583332717261156377e-13,2.578181917785848217e-13,1.668766546441653883e-13,1.141317763381002028e-13,1.217011460169294696e-13,1.844359888608792964e-13,2.613168505816076225e-13,3.260774829443421296e-13,3.792441163971917422e-13,4.317668711395166787e-13,4.950670887437179161e-13,5.779266553362497973e-13,6.892859605467613913e-13,8.459612253758363194e-13,1.088551477343440323e-12,1.527662029965988837e-12,1.004404899781731071e-11,2.185440481601791696e-11,3.787932459293045009e-08,3.471066741246809548e-08,2.743851524006441294e-08,2.155617795437358935e-08,1.727666667149145288e-08,1.416211443365815094e-08,1.184367447839716469e-08,1.007458654664714973e-08,8.694785435950557032e-09,7.598870847056173496e-09,6.715557095675144717e-09,5.995249883326595171e-09,5.402511187584356661e-09,4.911387902218469128e-09,4.502438178143721272e-09,4.160788828368073588e-09,3.874836496217187204e-09,3.635362012686325501e-09,3.434916806815790174e-09,3.267392370449503423e-09,3.127714906979897307e-09,3.011642557754501991e-09,2.915657067496974025e-09,2.836830058454907548e-09,2.772703343490227528e-09,2.721193534840083983e-09,2.680515348007206440e-09,2.649119673819611558e-09,2.625643584460834772e-09,2.608870155849074714e-09,2.597696463633009286e-09,2.591108428658569054e-09,2.588161405237120667e-09,2.587965553461921610e-09,2.589675136081246279e-09,2.592480945140160478e-09,2.595605109253869260e-09,2.598297574686348481e-09,2.599833616928903484e-09,2.599511850390890838e-09,2.596652389305444791e-09,2.590595092956762036e-09,2.580698201464032587e-09,2.566338098726913063e-09,2.546911336790639333e-09,2.521840272326161143e-09,2.490583494787632393e-09,2.452651441864487856e-09,2.407626028186783478e-09,2.355180743764750551e-09,2.295094782335449722e-09,2.227251981623969645e-09,2.151613743998437939e-09,2.068156047734439573e-09,1.976765814255473403e-09,1.877103119729236388e-09,1.768455007605607858e-09,1.649636552982265942e-09,1.519044169994829423e-09
1.364878356731834505e-09,1.206813739724935569e-09,1.065325088412525765e-09,9.497031714176781707e-10,8.711300664600456938e-10,8.375654927579766062e-10,8.484690557897665055e-10,8.947194522839942725e-10,9.639125373962399281e-10,1.045304380465747941e-09,1.131453303927660420e-09,1.217783151378624578e-09,1.301657620874817507e-09,1.381614688457897890e-09,1.456862122565845817e-09,1.526976237066637879e-09,1.591732509108551649e-09,1.651015538966737406e-09,1.704774621833903674e-09,1.753004296068485585e-09,1.795737483547128711e-09,1.833043910064313867e-09,1.865029637954810586e-09,1.891835529746656598e-09,1.913633725366443169e-09,1.930622002177628975e-09,1.943016341219816375e-09,1.951042243595457544e-09,1.954925399800576445e-09,1.954882271392535560e-09,1.951111044965420437e-09,1.943783301001145691e-09,1.933036633246866563e-09,1.918968381177988182e-09,1.901630621397647014e-09,1.881026629683892255e-09,1.857109214098840002e-09,1.829781700079726549e-09,1.798903041238728568e-09,1.764299749482019418e-09,1.725789470773765435e-09,1.683224763167431329e-09,1.636568055662992277e-09,1.586000139644365386e-09,1.532107060015804867e-09,1.476210427559251676e-09,1.420935678008533770e-09,1.371150657532036755e-09,1.335380034908796973e-09,1.327523289658947185e-09,1.367910763775616853e-09,1.481849117223951067e-09,1.695045596323079708e-09,2.029158775075994400e-09,2.500424610286330633e-09,3.116169936271718872e-09,3.850820628096559244e-09,4.540272317664342292e-09,4.432297721535760756e-09,1.638241759138888080e-10,1.579312950340541167e-10,2.499034859152806726e-10,5.342102103361272858e-10,9.878260096830741233e-10,1.537420181203877244e-09,2.019111062541513090e-09,2.169823199748473448e-09,1.747216805905952015e-09,8.340337559104750545e-10,6.050135887938354789e-11,5.525593402365688566e-10,8.069457654489929586e-10,9.214415666172231080e-10,9.377616637408780270e-10,8.079348045256428574e-10,6.996932267943692825e-10,6.876723464795970564e-10,7.533538425740903541e-10,8.419846480409990695e-10,8.972816061479637792e-10,8.730213304630571342e-10,7.343062926250804595e-10,4.603298636266024262e-10,1.103028418846727686e-10,5.038125169727166514e-10,1.011435078355054548e-09,1.338099568107322362e-09,1.312158388403102608e-09,9.434490549228297489e-10,5.308629226283349069e-10,2.554745974581615202e-10,1.517215520640402049e-10,2.836017180726003545e-10,4.786743002314484317e-10,5.913185140966229043e-10,7.186981957964742550e-10,9.067158093473001054e-10,1.140059371767788342e-09,1.375751708909999185e-09,1.565998123470848682e-09,1.670221746128265945e-09,1.661184678311068425e-09,1.534813014581570777e-09,1.339596730609609279e-09,1.258352834521010330e-09,1.860444619894392138e-09,5.153563189373289173e-09,1.927571327918402598e-08,1.463215747864407975e-08,1.346330546705811539e-08,1.349813559510455294e-08,1.375962791987833891e-08,1.353460738825398635e-08,1.204629173372723844e-08,8.710941073191430844e-09,4.635357482991195886e-09,2.033321581596678377e-09,4.428927113651143043e-09,7.301964280146951449e-09,9.547461683846950335e-09,1.110037976278197492e-08,1.198650941615991544e-08,1.224998650478516987e-08,1.195440631050063884e-08,1.117991636842430878e-08,9.978588698134433891e-09,8.309132448398290665e-09,6.099073953447481304e-09,3.707596460173997696e-09,3.445188061883548377e-09,7.390688373223422160e-09,1.570298467453262613e-08,3.959083966756363476e-09,1.321865166700943049e-09,7.158355534331807786e-10,6.385678628735478777e-10,8.524019169894324701e-10,1.107405387902849762e-09,1.263462831299042165e-09,1.249050114792715093e-09,1.014975034405160622e-09,5.214800725503186423e-10,2.859923067332769361e-10,1.346694301040233754e-09,2.588957940790307430e-09,3.723293249275848118e-09,4.280409208674820784e-09,3.818655746833411596e-09,2.452992602262347895e-09,1.101136975834715248e-09,2.631958370568843582e-10,3.069514670634395936e-10,7.416616479318690839e-10,1.189823175850957000e-09,1.480377263746388888e-09,1.851020181307222121e-09,2.392537604596005064e-09,3.019463676196030960e-09,3.576260918455674246e-09,3.912997977616446524e-09,3.907004057077285667e-09,3.458751925452854158e-09,2.495741921594923106e-09,1.011615172069499660e-09,8.489947328644181625e-10,2.672023970507254600e-09,3.783927261092692330e-09,3.565009161922589281e-09,2.115636552072575970e-09,6.939772333691570746e-10,2.795452126734881304e-11,2.044800255241729378e-10,1.967859815198704519e-10,2.595847322514764657e-10,4.824639121960744175e-10,8.393330110552642967e-10,1.266925504861954539e-09,1.680469987826845617e-09,2.000321226968842011e-09,2.175516607045742584e-09,3.791254992563030436e-11,1.706475464366959966e-08,2.137007612569831942e-08,2.027447877338039535e-08,1.775004898867418931e-08,1.519575172317705596e-08,1.298707275952746625e-08,1.116511277073666995e-08,9.680309923653045167e-09,8.469427859984501286e-09,7.476677563569640198e-09,6.657429050282767496e-09,5.977077213096941034e-09,5.408967656402322791e-09,4.932487016003542378e-09,4.531548157682762085e-09,4.193449593872438038e-09,3.908033263171443393e-09,3.667066687275608867e-09,3.463790363235664245e-09,3.292586031098525628e-09,3.148733152234789636e-09,3.028245591774021340e-09,2.927789730479794653e-09,2.844570137450209593e-09,2.776223711731547865e-09,2.720734231173690290e-09,2.676362951175037522e-09,2.641592117525219235e-09,2.615079074662089012e-09,2.595619195671840652e-09,2.582116225273274220e-09,2.573558872286557257e-09,2.569002657240330241e-09,2.567556135582166015e-09,2.568370695842547341e-09,2.570633185376629256e-09,2.573560656797741895e-09,2.576396571166392635e-09,2.578407860076595655e-09,2.578882364097934086e-09,2.577126354495379882e-09,2.572462128875731063e-09,2.564226047918622011e-09,2.551767815883344579e-09,2.534452212988707976e-09,2.511664716626464149e-09,2.482822289446820463e-09,2.447389832333987324e-09,2.404901206111411586e-09,2.354981279012655284e-09,2.297362403154039216e-09,2.231885694336138120e-09,2.158475543189975049e-09,2.077076361071586370e-09,1.987545421623315581e-09,1.889506856237363527e-09,1.782191759914530537e-09,1.664321076025457490e-09,1.534140251105011054e-09
1.379899235940263611e-09,1.220375690147504408e-09,1.076425869898480310e-09,9.575009926290921620e-10,8.749590734032421445e-10,8.370673982007355332e-10,8.437328947197159640e-10,8.861902166327070259e-10,9.521490409302627532e-10,1.030832773884043503e-09,1.114749227480032712e-09,1.199298901362235201e-09,1.281843511642349232e-09,1.360924560599863457e-09,1.435747890136471193e-09,1.505878038236781321e-09,1.571069046237500267e-09,1.631176962793972142e-09,1.686118672627926165e-09,1.735855438441748058e-09,1.780388329435389774e-09,1.819758139702036843e-09,1.854045741391653904e-09,1.883370881728252103e-09,1.907888698784018562e-09,1.927783981705206448e-09,1.943263606603932986e-09,1.954547753227345811e-09,1.961860527976969514e-09,1.965420544582647542e-09,1.965431889217582109e-09,1.962075753569442542e-09,1.955502879859638335e-09,1.945826840210890603e-09,1.933118079335716653e-09,1.917398591096696468e-09,1.898637087292123384e-09,1.876744567386745121e-09,1.851570347362011999e-09,1.822898917226163066e-09,1.790448594983740733e-09,1.753874056518289015e-09,1.712776366214093303e-09,1.666718336368837230e-09,1.615248615143699794e-09,1.557958142792097546e-09,1.494602918057272828e-09,1.425357395950861696e-09,1.351321888490337878e-09,1.275508120836611478e-09,1.204644511191711994e-09,1.152022356449247900e-09,1.140276873347194652e-09,1.199223895905943098e-09,1.352102235969227628e-09,1.593426052583756887e-09,1.863627396989893580e-09,1.998751617367137183e-09,1.634917336216910681e-09,2.821322122637720741e-10,2.773369762816978646e-10,5.511680814610680359e-10,1.414592218576280446e-09,2.830812877233133043e-09,4.622682009364130200e-09,6.312805090185097467e-09,7.001711484878739155e-09,5.667350472699312956e-09,2.416131067034975250e-09,4.447744407083117439e-10,1.902694013204380284e-09,2.530841379342356532e-09,2.828233255170137390e-09,2.924807301956828835e-09,2.373184548529607125e-09,1.978594782863749824e-09,1.961064952161138985e-09,2.209464936856752986e-09,2.527910497943830379e-09,2.737915040736920135e-09,2.701178689127663731e-09,2.312895349063218279e-09,1.501276870185584717e-09,3.671182293982976495e-10,1.500511592011034548e-09,3.181711621145975965e-09,4.318231607414433814e-09,4.231760378642504293e-09,2.843750580975809590e-09,1.456105454149184117e-09,6.976506904908350558e-10,4.636729529509738373e-10,8.588337936865705398e-10,1.520492550480204583e-09,1.748077520488211036e-09,2.075017111060733699e-09,2.643225508150136537e-09,3.375587747486371030e-09,4.121168988243169704e-09,4.725334999132181864e-09,5.061494423224127418e-09,5.039391690832779579e-09,4.618213973154397455e-09,3.859054918226759503e-09,3.050223197290882604e-09,2.873378649884398450e-09,4.503248045892377761e-09,9.061335952154704177e-09,1.023897165898321947e-08,1.143517093242296807e-08,1.271515291687576577e-08,1.398011666189721806e-08,1.475506484933668264e-08,1.393869256466164107e-08,9.452240914217853236e-09,4.213410744261628539e-09,2.009412273497048699e-09,5.526395987138567181e-09,8.548747772847228943e-09,1.068515845275520241e-08,1.202019309303046876e-08,1.265148655873411308e-08,1.265826993745307709e-08,1.212732326770299651e-08,1.117840335286121900e-08,9.913832261167848760e-09,8.239961234692097702e-09,5.807238291679840384e-09,2.679423601342185482e-09,1.094820494537391986e-09,3.645539575266624378e-09,5.796463748930668069e-09,3.526256371425915800e-09,2.516935865773390175e-09,1.698957765915610320e-09,1.715091180959901331e-09,2.530365686409974777e-09,3.387824137078408238e-09,3.914829835570167742e-09,3.920474015649810761e-09,3.268125338251315253e-09,1.833041847353978964e-09,5.798658965195225122e-10,3.816543501251231874e-09,7.778802435911954891e-09,1.160834271242531540e-08,1.370055319010243448e-08,1.221779456261388774e-08,7.255506387628388551e-09,2.766754932526681109e-09,4.942098580851997072e-10,9.803114787380572644e-10,2.196278145063539152e-09,3.686552140951700941e-09,4.308135488691488721e-09,5.314148287920881458e-09,7.002851566325066734e-09,9.015315056813065175e-09,1.081475713781210321e-08,1.193506580910622139e-08,1.201684583029286759e-08,1.076134612156886420e-08,7.914875563837888853e-09,3.370591815705326113e-09,2.551170005241833192e-09,8.628586820542284078e-09,1.254210857008036170e-08,1.179311635497143818e-08,6.240894831389399717e-09,1.354190613630472012e-09,6.158697735052187635e-10,7.912352896779056482e-10,5.119844145122159822e-10,6.089401082805902657e-10,1.294789287425913996e-09,2.414812162102367998e-09,3.766035548427172502e-09,5.070423057601960324e-09,6.068161700365382619e-09,6.599155073470240578e-09,5.367496114559513721e-11,8.976455505363442454e-09,1.343637974097092967e-08,1.454639923851147615e-08,1.398176834706280292e-08,1.277775902394121381e-08,1.143422149192167421e-08,1.015857924505559826e-08,9.021538087949422388e-09,8.035592683084673453e-09,7.190857706870595062e-09,6.470486286085364311e-09,5.856924251128614105e-09,5.334195402137754229e-09,4.888525156257790882e-09,4.508306979580176376e-09,4.183841258234225950e-09,3.907025088603807372e-09,3.671062443254255553e-09,3.470217432839320163e-09,3.299613900011854683e-09,3.155076969199865477e-09,3.033025463922976702e-09,2.930427464215802546e-09,2.844713583123253271e-09,2.773690857181079179e-09,2.715471434210338454e-09,2.668413474597777805e-09,2.631072291964377931e-09,2.602160187891562792e-09,2.580513728385779042e-09,2.565067408340760432e-09,2.554832784003291466e-09,2.548882245466837539e-09,2.546336665567741669e-09,2.546356205825312253e-09,2.548133592784139432e-09,2.550889207193638051e-09,2.553867366072366603e-09,2.556333242387054610e-09,2.557569982957035656e-09,2.556875775260046003e-09,2.553560899168658976e-09,2.546945179019648505e-09,2.536356694811479312e-09,2.521133032515251116e-09,2.500626608205283877e-09,2.474215475188617412e-09,2.441320272021127490e-09,2.401426374326924098e-09,2.354107802277487519e-09,2.299046215742090642e-09,2.236035013009229680e-09,2.164956207262989437e-09,2.085717886900395860e-09,1.998144547432933985e-09,1.901823684706073912e-09,1.795932526915300932e-09,1.679102402228975950e-09,1.549434055035335154e-09
1.395240385981438000e-09,1.234416621665921696e-09,1.088200518952971806e-09,9.662106192715355221e-10,8.799581565748209646e-10,8.379694462881024636e-10,8.405658732943409127e-10,8.793543511178680194e-10,9.421993535732983538e-10,1.018321874212648995e-09,1.100191336642562273e-09,1.183185390557122546e-09,1.264658787219166061e-09,1.343149504972901177e-09,1.417854072517632508e-09,1.488318471335279916e-09,1.554269685280560631e-09,1.615531062383728630e-09,1.671984539928638932e-09,1.723557191132161366e-09,1.770218869746858378e-09,1.811983514869633260e-09,1.848910211807310935e-09,1.881102238110643895e-09,1.908703584128759179e-09,1.931893146065317933e-09,1.950877144343540975e-09,1.965880448224326511e-09,1.977137473758784141e-09,1.984883225659143079e-09,1.989344915734692052e-09,1.990734439791276419e-09,1.989241848514398322e-09,1.985029816866232188e-09,1.978229003403703251e-09,1.968934097535949524e-09,1.957200275860243754e-09,1.943039727845930053e-09,1.926417867662782025e-09,1.907248829461174512e-09,1.885389865861688477e-09,1.860634367789918410e-09,1.832706275719746419e-09,1.801259022921279551e-09,1.765859118119505948e-09,1.725962423941199356e-09,1.680887216944807370e-09,1.629787033063771749e-09,1.571630750113389620e-09,1.505206013857400890e-09,1.429177909778363383e-09,1.342260468896406543e-09,1.243588983480831903e-09,1.133371432022606469e-09,1.013668978479527140e-09,8.882813815935349153e-10,7.593671919715483134e-10,6.229246582950398600e-10,4.862899554874877157e-10,3.082097027358721357e-10,3.125943244753542718e-10,2.972708061547117886e-10,1.697855543969064200e-09,4.194925954974442582e-09,7.638479112672912387e-09,1.137330303744856833e-08,1.359684861807478045e-08,1.129523238930463825e-08,3.484062169785454590e-09,2.157417119063625108e-09,4.027351455118059894e-09,4.491481433957097473e-09,4.830903851283757348e-09,5.452407246624793472e-09,3.696988908490356478e-09,2.813400462952283092e-09,2.900532758080423994e-09,3.514918568358688103e-09,4.228492229430463765e-09,4.723575414812074372e-09,4.781156834567407416e-09,4.234176609250781106e-09,2.937480977517747920e-09,8.725045250932156358e-10,2.395863013093728701e-09,5.791439587432467820e-09,8.364205206092198993e-09,8.299774895516223734e-09,4.654258878143054786e-09,1.774851338319131876e-09,9.314558554657434744e-10,7.965265638864548772e-10,1.392627935556546536e-09,3.004706417762112312e-09,2.776571421874592868e-09,3.135001186776892973e-09,4.125179104194292646e-09,5.473982633748653995e-09,6.854924112622951309e-09,7.977033210920691455e-09,8.623313250132939789e-09,8.631640344816923807e-09,7.876491711934911037e-09,6.308807408669323745e-09,4.134188485270156302e-09,2.260634996480651124e-09,1.874789428335617109e-09,2.337021625371933451e-09,5.547130871811710831e-09,8.971036224349715381e-09,1.151152681821508005e-08,1.419216782638050483e-08,1.704501175437303030e-08,1.904897206276550375e-08,1.079347095742926130e-08,3.337414409497653996e-09,3.254616385477401502e-09,7.521918823845155417e-09,1.046648753922985526e-08,1.229490096890099356e-08,1.328066746220844698e-08,1.359230181492441659e-08,1.331061214343170170e-08,1.251155232817152772e-08,1.138871467549599724e-08,1.027167047636637137e-08,9.094737721143623669e-09,6.715901535761715733e-09,2.924086149890281103e-09,2.561838199645734013e-09,4.033815884273651262e-09,4.814355840426851238e-09,4.995561557826286381e-09,4.343144513796508363e-09,2.327362301334651394e-09,2.461090084985901217e-09,4.211615758637170013e-09,5.892635234485301756e-09,6.944311904933160589e-09,7.104464846237447787e-09,6.185464556303677575e-09,3.974041700352367964e-09,3.909059256657291650e-10,5.458013129480612817e-09,1.281407080011742577e-08,2.079953578226106733e-08,2.618657854723532945e-08,2.364322182004700992e-08,1.132167693325801577e-08,2.225340669803597933e-09,7.916522110737372752e-10,1.656429387902713965e-09,3.332912592017553464e-09,6.929046973866086797e-09,6.600798435601547613e-09,7.902416523714044570e-09,1.103073163556779038e-08,1.488929881814953656e-08,1.833033460618230834e-08,2.055193984325461592e-08,2.101720363789233413e-08,1.925485580191416184e-08,1.473819035185910462e-08,6.975501561901421539e-09,3.996609481621892809e-09,1.642959360919079224e-08,2.549660751803770779e-08,2.438602037696290480e-08,9.468750783653472058e-09,9.547487874325393498e-10,2.976163248951346318e-09,1.804109357443857566e-09,4.379057475862382002e-10,3.608746965844720561e-10,1.627199649402006752e-09,3.669806762432702828e-09,6.172056171209179220e-09,8.578528128407936944e-09,1.037714171699574889e-08,1.131456827713901463e-08,6.939152757383370067e-11,5.353849479891451398e-09,8.856390412560857111e-09,1.049761769127870360e-08,1.085824100007701490e-08,1.050527714262706981e-08,9.819958028767536233e-09,9.020347624174989338e-09,8.218938559840327619e-09,7.468142565448110178e-09,6.788567403679955171e-09,6.184895317353453674e-09,5.654332704642679284e-09,5.190949405124376826e-09,4.787832952532722096e-09,4.438108107817223545e-09,4.135378127923226987e-09,3.873878397257135028e-09,3.648492923236101227e-09,3.454710884854106503e-09,3.288562082862915761e-09,3.146550039408760486e-09,3.025606300993493461e-09,2.923088301897938991e-09,2.836724530356435661e-09,2.764551592149122953e-09,2.704859631331844652e-09,2.656145479524974887e-09,2.617072881734330926e-09,2.586439157348640045e-09,2.563147668386977898e-09,2.546185473754157718e-09,2.534605549708129761e-09,2.527512955616339019e-09,2.524054323647739113e-09,2.523410051240240376e-09,2.524788579364905415e-09,2.527422150876939464e-09,2.530563470882883727e-09,2.533482750823668683e-09,2.535464730322592196e-09,2.535805459546266820e-09,2.533808909059796184e-09,2.528783856714994326e-09,2.520041954177395804e-09,2.506898320363708895e-09,2.488676302012607970e-09,2.464717970000227060e-09,2.434401221673114905e-09,2.397162789556828725e-09,2.352523896507806058e-09,2.300111907508776696e-09,2.239667692427310459e-09,2.171025616476528670e-09,2.094052685542547029e-09,2.008537399565631509e-09,1.914029800535556635e-09,1.809655230359215158e-09,1.693959908388724569e-09,1.564906224647892749e-09
1.410882719517631188e-09,1.248918579160743323e-09,1.100633088949616141e-09,9.758213085033307197e-10,8.861289153021820490e-10,8.402953061337562429e-10,8.390197662876707686e-10,8.742910681023438605e-10,9.341666757745970161e-10,1.007896143715101576e-09,1.087923659358981007e-09,1.169604652643614445e-09,1.250281323212657866e-09,1.328480150634528380e-09,1.403380057078929360e-09,1.474501007133734368e-09,1.541536942937323784e-09,1.604274313217014230e-09,1.662557766710693638e-09,1.716279616521718092e-09,1.765379525607861957e-09,1.809846994916747646e-09,1.849722945466675745e-09,1.885098873028671113e-09,1.916113295613482027e-09,1.942945873165490547e-09,1.965809879242448702e-09,1.984943787200677396e-09,2.000602689115603809e-09,2.013050152753859041e-09,2.022550979407451270e-09,2.029365179235033738e-09,2.033743344753002588e-09,2.035923485657733337e-09,2.036129291026043538e-09,2.034569707241278714e-09,2.031439657212075739e-09,2.026921676376695287e-09,2.021188199773709411e-09,2.014404203185077650e-09,2.006729884810734419e-09,1.998323083302130495e-09,1.989346817517992729e-09,1.979994795703680337e-09,1.970503451635483343e-09,1.961161297897344394e-09,1.952323053478919696e-09,1.944432491032720315e-09,1.938061111353026780e-09,1.933974963985306417e-09,1.933249668686977023e-09,1.937462409947843605e-09,1.948989305128845802e-09,1.971387074844143096e-09,2.009604296063760857e-09,2.068941638243453388e-09,2.149185899843954895e-09,2.223950940589766963e-09,2.182764409065286753e-09,1.703580380700822427e-09,1.708926634836083009e-09,1.114348759452862874e-09,8.978916134762382336e-10,4.462781443172759573e-09,1.008049357301451145e-08,1.752274738840881372e-08,2.421203930768304508e-08,2.201569038827810690e-08,2.234273124367122193e-09,7.551983828675119405e-09,7.412632276915625988e-09,6.411003662653061519e-09,6.373602007946426577e-09,1.015613918814891202e-08,4.019589390079235367e-09,2.587705391319277689e-09,3.215619522498568977e-09,4.593048324615773219e-09,5.990531704881708248e-09,6.971175133786521752e-09,7.288766265679745240e-09,6.753856666269190377e-09,5.134984805804333249e-09,2.156914031247183339e-09,2.824074790051546779e-09,9.033675954758826442e-09,1.474156906807006292e-08,1.564747789319252150e-08,5.568469685324880197e-09,5.969958544481103151e-10,9.374264282854259795e-10,1.263984011445844801e-09,1.540938061154029552e-09,6.360959296606083849e-09,3.183171643896571738e-09,3.492414202862681470e-09,5.109810702552560229e-09,7.339291596179280760e-09,9.592872951783317331e-09,1.140807046763936726e-08,1.250320831855355170e-08,1.267024369266916168e-08,1.167071099561816417e-08,9.202595988897638079e-09,5.119899623852351787e-09,2.559670199229921499e-09,6.638763690443477204e-09,8.097414363045285323e-09,9.813785830113395001e-10,7.147724831551243249e-09,9.758023130855699175e-09,1.371046939544727311e-08,1.956360262622075661e-08,3.375588791449320719e-08,1.112897600904468784e-08,1.090329626827584614e-09,6.321769861227356091e-09,1.073090979289682105e-08,1.315339255676763174e-08,1.433626625627194790e-08,1.480086604446175363e-08,1.475870052030210472e-08,1.421953342608563636e-08,1.314704014960198444e-08,1.179566131210086301e-08,1.123818905653667501e-08,1.199656119567206587e-08,1.058089613217845961e-08,4.833290086052767067e-09,6.445204258905871234e-09,8.398259813356454175e-09,9.411775853005407584e-09,9.357925542307329898e-09,8.133844672526892042e-09,2.453775108383470409e-09,2.905694108005065386e-09,6.009657848626810539e-09,8.828757608782550120e-09,1.060879186491874322e-08,1.110348733613343297e-08,1.016722346829750340e-08,7.535313397000482579e-09,2.714626632043973058e-09,5.148979559692284926e-09,1.674701961974513603e-08,3.181638868242022986e-08,4.562977757394781513e-08,4.396969498383763335e-08,1.177041828563120424e-08,4.825338349429733929e-09,3.469537639137853043e-09,1.597241888753305538e-09,2.575092041382184513e-09,1.387072258766339510e-08,7.037379332951191068e-09,8.381746552256328338e-09,1.392134313072828198e-08,2.062772171685663405e-08,2.638393440024068191e-08,3.016112752239315610e-08,3.146383447460668501e-08,2.978688510476189556e-08,2.426024491048128545e-08,1.352260887313574537e-08,3.824696937567615700e-09,2.698809550073706643e-08,4.768093863689653570e-08,4.987901139429318152e-08,7.850290700416042902e-09,1.162869210264476829e-08,8.421052749840829810e-09,2.955217567546544446e-09,9.925811437144183623e-10,1.327028384348686112e-09,1.142110556218185982e-09,4.329929685785351641e-09,8.444535089642889302e-09,1.237557207021610178e-08,1.516149870254769086e-08,1.655320386761109448e-08,8.522879977077370360e-11,3.515046731594784666e-09,6.140303127008224279e-09,7.732739363043064255e-09,8.452210069062880277e-09,8.569601534666860218e-09,8.324918866286962796e-09,7.889277581760109493e-09,7.371475434239157512e-09,6.835571534734719161e-09,6.316792256774648460e-09,5.832899517445045802e-09,5.391517885675153912e-09,4.994603331772537878e-09,4.641078748108521950e-09,4.328351184658673489e-09,4.053165970308274097e-09,3.812074719883514756e-09,3.601681860257994251e-09,3.418766246975152925e-09,3.260333995154287550e-09,3.123634789765038451e-09,3.006174705996151631e-09,2.905755154151404229e-09,2.820450169864647038e-09,2.748567404630383930e-09,2.688611112743262679e-09,2.639248315663726829e-09,2.599278763511294020e-09,2.567608952952699431e-09,2.543230215327487361e-09,2.525200711175471612e-09,2.512631036288504613e-09,2.504673046365565605e-09,2.500511436812841135e-09,2.499357564712319973e-09,2.500444969774638482e-09,2.503026040011360011e-09,2.506369281474411803e-09,2.509756702282436164e-09,2.512480927455104606e-09,2.513841845414557617e-09,2.513142868474083001e-09,2.509687274644372933e-09,2.502775563202012001e-09,2.491705229788644518e-09,2.475774711048778695e-09,2.454293248650863057e-09,2.426597803078204995e-09,2.392076628476262129e-09,2.350196530196895519e-09,2.300527267623378324e-09,2.242752581426128291e-09,2.176654013175173108e-09,2.102052695113541195e-09,2.018697774522709530e-09,1.926100824591796347e-09,1.823337107454310287e-09,1.708872171580236188e-09,1.580536460656459377e-09
1.426806055231582097e-09,1.263862325600370308e-09,1.113705905947390977e-09,9.863194946413023155e-10,8.934682447902663456e-10,8.440620693057581657e-10,8.391392027362770836e-10,8.710731980826806001e-10,9.281487865369382952e-10,9.996748377723428202e-10,1.078084064427054048e-09,1.158710303261548873e-09,1.238876990721721287e-09,1.317090259682522672e-09,1.392502337749930782e-09,1.464599188744551380e-09,1.533035540779774785e-09,1.597556857673766373e-09,1.657968478770978215e-09,1.714127796623045361e-09,1.765945694901844929e-09,1.813389921484235750e-09,1.856486932030300380e-09,1.895320957308094720e-09,1.930030254646262624e-09,1.960801103895928900e-09,1.987860350184493440e-09,2.011467333976577510e-09,2.031905975921436009e-09,2.049477658845681199e-09,2.064495407129202765e-09,2.077279727070758984e-09,2.088156353163180465e-09,2.097456049089561482e-09,2.105516541959996890e-09,2.112686619867846636e-09,2.119332395013452417e-09,2.125845723617719507e-09,2.132654779895171676e-09,2.140236807255777550e-09,2.149133127604622761e-09,2.159966598577734993e-09,2.173469798525328337e-09,2.190545210043967144e-09,2.212316799811786923e-09,2.240187219172845773e-09,2.275911975764657815e-09,2.321696267373756238e-09,2.380321624489671756e-09,2.455309783759628244e-09,2.551126652798786102e-09,2.673409815057336311e-09,2.829143187039364206e-09,3.026540406227883671e-09,3.273993861751550411e-09,3.576505928109006755e-09,3.926016979759559113e-09,4.278323388011739227e-09,4.503982633304884252e-09,4.297580735590651240e-09,4.302948450998319149e-09,3.702039133178491775e-09,1.688622861412435947e-09,2.549776213634023355e-09,1.032699726004458856e-08,2.377455171139605457e-08,4.281313805719454842e-08,3.992632992830155643e-07,1.214321134596429198e-08,3.004022232147118610e-08,1.515350704320905605e-08,9.493080511040522132e-09,5.177375084204700259e-09,3.245180595369070638e-08,4.042234406918336155e-09,2.724768015324079581e-10,2.687715124378617785e-09,5.485115286057383078e-09,7.947750438706673620e-09,9.623309555637531793e-09,1.037902872746260715e-08,1.011160294129044805e-08,8.553085250119390718e-09,5.098001450761970678e-09,1.751889635878228579e-09,1.249046501835817587e-08,2.537916885127219075e-08,2.601217707206590107e-07,2.353537103641347933e-09,1.014098634243481893e-08,1.426824610444734175e-09,3.771476817157511065e-09,5.862832197135583126e-09,2.427310295718190362e-08,7.049983104313501475e-10,2.501671062059650229e-09,5.317200761350518633e-09,8.913076887116605546e-09,1.241414090192998585e-08,1.513601135751648450e-08,1.684775719872641160e-08,1.740934064712495922e-08,1.652186659305114135e-08,1.351129658524094184e-08,7.246753903292207401e-09,5.156970369923879968e-09,1.616063229898553098e-08,2.193147299588708615e-07,1.754435749937446826e-09,1.175357174060672113e-08,8.465238151094163753e-09,1.450600405949038855e-08,1.748046505957143445e-08,1.126823676110742088e-07,8.087794383356348528e-09,5.784854350308653425e-09,1.161073042979303955e-08,1.556001497335266097e-08,1.660271357550900967e-08,1.659472391111853865e-08,1.635311877690444471e-08,1.602703083175205415e-08,1.544531431414552592e-08,1.425309570161970174e-08,1.235198605457066428e-08,1.241604915430987247e-08,1.850145798777246575e-08,1.751660854660105935e-07,1.061417249507439953e-08,1.572674609644091572e-08,1.830438635926000197e-08,2.084468193796813793e-08,2.156635879830422804e-08,2.266388199835322808e-08,2.325273509262755734e-09,3.314338172670501187e-09,8.023543166365227812e-09,1.249126101764555874e-08,1.516749572149687592e-08,1.612266775395128030e-08,1.546914085619503071e-08,1.302132248470157068e-08,8.094012658714317425e-09,8.922930602599909422e-10,1.659225834798608925e-08,4.290683649753951238e-08,7.885033760123405725e-08,7.310100445692912475e-07,5.203925160783618580e-09,3.971632369501753585e-08,9.171483304961073700e-09,3.327755365023759962e-09,1.247429788329863653e-08,5.181107249809648351e-08,7.333622531161556436e-09,4.380790229440383485e-09,1.513224416815181714e-08,2.655027760697266470e-08,3.543603102624107451e-08,4.112374909333954430e-08,4.372055811572707709e-08,4.306135191904553807e-08,3.809184484207955595e-08,2.616803147224527299e-08,2.336366920261186620e-09,3.901835702672051164e-08,8.658751164190088423e-08,9.590808456879615666e-07,2.201540727082953665e-08,5.905852007330097939e-08,2.095958412041181504e-08,3.257755658780726916e-09,7.877544227658705908e-09,7.561114216595227345e-09,1.097787914717455480e-09,3.905160801749311667e-09,1.058679676713185810e-08,1.685763730389772104e-08,2.077638818220754509e-08,2.257491247076557985e-08,1.013281378235858451e-10,2.482292172898821851e-09,4.458866966848950453e-09,5.843274665504524157e-09,6.651234090152879331e-09,6.999450179455394453e-09,7.024722556810928341e-09,6.844651863792031622e-09,6.546765281837789137e-09,6.190865765138493815e-09,5.815430924465546955e-09,5.443974300128943287e-09,5.090067037242998363e-09,4.760911241186382548e-09,4.459742334199892086e-09,4.187389494854739512e-09,3.943266395937814303e-09,3.725989734246097696e-09,3.533759924936819514e-09,3.364592205990492597e-09,3.216454879068804545e-09,3.087350606978860664e-09,2.975377396754067709e-09,2.878802590033770252e-09,2.796069095738073040e-09,2.725778693062907354e-09,2.666671793011955448e-09,2.617606265609677016e-09,2.577537008794511945e-09,2.545497302092403317e-09,2.520582540978508073e-09,2.501936619743949120e-09,2.488740984195240091e-09,2.480206190014159104e-09,2.475565664405202532e-09,2.474071268762803318e-09,2.474990193316569675e-09,2.477602677865216981e-09,2.481200049120701724e-09,2.485082603876898199e-09,2.488556964731958286e-09,2.490932712365305255e-09,2.491518375354774036e-09,2.489617244672033601e-09,2.484523958626883781e-09,2.475523310921396287e-09,2.461893139716465226e-09,2.442913245187424728e-09,2.417881766365121221e-09,2.386139008272052920e-09,2.347096115226122283e-09,2.300262264939305761e-09,2.245259705609998954e-09,2.181812078380319664e-09,2.109689796393180599e-09,2.028599110042934159e-09,1.938011846745693400e-09,1.836954749724890290e-09,1.723817006315124267e-09,1.596303557627400637e-09
1.442989158136353166e-09,1.279227402929309732e-09,1.127399670915871366e-09,9.976889301495495864e-10,9.019683947343537626e-10,8.492798820445657609e-10,8.409605253880733573e-10,8.697652381963492993e-10,9.242354073584686418e-10,9.937687423537967618e-10,1.070800334533969345e-09,1.150642877286225217e-09,1.230594212797510485e-09,1.309130522567682614e-09,1.385367651696319568e-09,1.458749295519038480e-09,1.528884853068977894e-09,1.595475045291223315e-09,1.658284358514408611e-09,1.717135600330823618e-09,1.771912685698796601e-09,1.822564506906189611e-09,1.869106714356546043e-09,1.911620454279410007e-09,1.950248263192442430e-09,1.985187849628643865e-09,2.016684674539011366e-09,2.045024234993198075e-09,2.070524856843046311e-09,2.093531666633572295e-09,2.114412272766128283e-09,2.133554560268071851e-09,2.151366900674624964e-09,2.168281003133231731e-09,2.184757584583959282e-09,2.201295013273899118e-09,2.218441078251875263e-09,2.236808055511821285e-09,2.257091281102432430e-09,2.280091510164692940e-09,2.306741458264373375e-09,2.338137121950401252e-09,2.375584446931577604e-09,2.420688725214462135e-09,2.475437996232246147e-09,2.542296923138468962e-09,2.624324778699983185e-09,2.725323854462354277e-09,2.850025570724871859e-09,3.004320921589925702e-09,3.195536162041799561e-09,3.432735656496666746e-09,3.726983760138336534e-09,4.091380499959179199e-09,4.540434809325851862e-09,5.087843930023821986e-09,5.740856888886214505e-09,6.487945955745970491e-09,7.274177130432675054e-09,7.953453479425103958e-09,7.958827492387532859e-09,7.593018898382094246e-09,6.275620450470617819e-09,3.126013009445537951e-09,4.541888749912311755e-09,2.355335099023442672e-08,1.801053268582600001e-07,1.926868720460896525e-07,8.074559721778420899e-08,2.697440459833733435e-08,1.725522962574606115e-08,9.776344704398906814e-09,9.930657346008632372e-09,7.493851714550388063e-09,2.566677935138811407e-08,2.276099188514452212e-09,1.788974628527433246e-09,6.528075054729246887e-09,1.040358175750891390e-08,1.284094173588288346e-08,1.410902830280100716e-08,1.438893715357262085e-08,1.357178108272142329e-08,1.093981638893359236e-08,4.213575219549502185e-09,1.350684779767667389e-08,1.205336730320417650e-07,1.337403765205272291e-07,4.590132337330695019e-08,7.478678309414660721e-09,1.744093386496118892e-09,3.922814285150706086e-09,2.961134852097353237e-09,1.621589073607319198e-08,2.729341724239156934e-08,3.588206597713256416e-09,4.599826339616586957e-09,1.027303146206162642e-08,1.556217644692772695e-08,1.931617095924516257e-08,2.171962462742757340e-08,2.295639225918096102e-08,2.290382797890965642e-08,2.072616770959271294e-08,1.364686945662736473e-08,7.646565336537318058e-09,1.152794817142740263e-07,1.127570930702845854e-07,3.821616518238161802e-08,9.221740508766145594e-09,9.420425461357041026e-09,1.341626574779845748e-08,3.198677792054518863e-08,1.432467174989313453e-08,1.195018571524617129e-07,2.942961339666483954e-08,1.838610906691467143e-08,2.272257885037401134e-08,2.048816120337050919e-08,1.849472899633195441e-08,1.745293100903139485e-08,1.711315836018648023e-08,1.707419321823969310e-08,1.661906463430370166e-08,1.402246635436034564e-08,1.092699175794471809e-08,9.800717762746275609e-08,8.580981512748833446e-08,3.179192340827247098e-08,1.578235616540634364e-08,1.871192247963661576e-08,2.145433849951071451e-08,2.187157425647790583e-08,2.148975902765986599e-08,2.389255934290701419e-08,1.211110682080469688e-08,1.009817915992146618e-08,1.751749663647239509e-08,2.090077864949574352e-08,2.216169144775158936e-08,2.199790902593945785e-08,2.051111273412063979e-08,1.719584114964107847e-08,1.029253454125995301e-08,5.248385364410472761e-09,4.277356119353731942e-08,3.160162488003316156e-07,3.687710940150295250e-07,1.379622888382290066e-07,3.262340570996424312e-08,1.287804043852394936e-08,3.449150637140182454e-09,2.877569346378644865e-09,3.768933245927471146e-08,3.228757547338895749e-08,9.227637487609135748e-09,1.512203738514521927e-08,3.402100862937202232e-08,4.637021672397664291e-08,5.364929084609626709e-08,5.760845059668878621e-08,5.904561921987538574e-08,5.746206255762104119e-08,4.975771328120764517e-08,2.588894572857575693e-08,4.337240184798264156e-08,4.914817156843339374e-07,4.608497849449045451e-07,1.844040405688472377e-07,5.191990589159667132e-08,2.538489333897748110e-08,4.231848216677732005e-09,6.785947838341298161e-09,1.286315349968322794e-08,1.994384751707229562e-08,1.348988984731088131e-08,1.274636249733686574e-08,2.306508755521154129e-08,2.773907019448996165e-08,2.956299451472136445e-08,1.178304273535803847e-10,1.855345245533360912e-09,3.370934618578523169e-09,4.532125378668852401e-09,5.312331340600948959e-09,5.754990824675325872e-09,5.933004289251892858e-09,5.921337556027131376e-09,5.783900345142851237e-09,5.569841297119430651e-09,5.314527516243908874e-09,5.042200838410374177e-09,4.768802800584561484e-09,4.504375419935249520e-09,4.254901603265833087e-09,4.023637012686997054e-09,3.812040461549608709e-09,3.620409169488742551e-09,3.448305926358504363e-09,3.294843401130501556e-09,3.158872144052758063e-09,3.039104488471332927e-09,2.934209666453391078e-09,2.842913897092138436e-09,2.764030062236812054e-09,2.696459965633403381e-09,2.639188807346292239e-09,2.591275404791932098e-09,2.551840580990534978e-09,2.520055355378103193e-09,2.495130000331797701e-09,2.476304595799612457e-09,2.462841383781375202e-09,2.454018968488700833e-09,2.449128212710070218e-09,2.447469534531914336e-09,2.448351205877669669e-09,2.451088190700473565e-09,2.455001037211709794e-09,2.459414362665702303e-09,2.463654554950194206e-09,2.467046483100629565e-09,2.468909278804839412e-09,2.468551637261342290e-09,2.465267577562367475e-09,2.458334146876682028e-09,2.447013027426920148e-09,2.430558200043315494e-09,2.408231428398975409e-09,2.379325997439377482e-09,2.343196567267680324e-09,2.299289134982242708e-09,2.247160361164178413e-09,2.186471018407385939e-09,2.116935885096357136e-09,2.038214542137386825e-09,1.949737471348710576e-09,1.850484142453413809e-09,1.738771502304661513e-09,1.612185441609482279e-09
1.459409782713335714e-09,1.294992196161651350e-09,1.141693567812752062e-09,1.009910849358749470e-09,9.116171048361347233e-10,8.559517377995709676e-10,8.445108359039603545e-10,8.704215083674411719e-10,9.225055560828594533e-10,9.902768122676805699e-10,1.066186112155255127e-09,1.145525090081705095e-09,1.225558590007670219e-09,1.304722672801727449e-09,1.382086794510752884e-09,1.457044147335316492e-09,1.529153045224388103e-09,1.598066282675512607e-09,1.663506596215919319e-09,1.725263127311193358e-09,1.783195044671524880e-09,1.837235448433240049e-09,1.887392716658312492e-09,1.933748641205627331e-09,1.976453780060358976e-09,2.015720906527226815e-09,2.051817553126737440e-09,2.085058598385688175e-09,2.115799721862225165e-09,2.144432408883943919e-09,2.171381048410667502e-09,2.197102551187863390e-09,2.222088825372696734e-09,2.246872386337099298e-09,2.272035344591028865e-09,2.298222007035929807e-09,2.326155340895134826e-09,2.356657584605851646e-09,2.390675351597526499e-09,2.429309675726984286e-09,2.473851621711067219e-09,2.525824383786019251e-09,2.587044226867152501e-09,2.659732028007403818e-09,2.746620183987786601e-09,2.851073455875114017e-09,2.977239767587743180e-09,3.130239184600874732e-09,3.316401628303937567e-09,3.543566223963345443e-09,3.821456574828754898e-09,4.162145044761040236e-09,4.580613731572868461e-09,5.095412580124196000e-09,5.729425037527822224e-09,6.510848870136368005e-09,7.474883025494646016e-09,8.667739313018371841e-09,1.015724849874027774e-08,1.205881901477999290e-08,1.206420499973513233e-08,1.215818789396887305e-08,1.248859011865130177e-08,1.308717449363502984e-08,1.284933026592487288e-08,3.351508802026672929e-07,2.987575088490606212e-08,7.506916394863010674e-08,5.832079255108573325e-09,2.313667856040210218e-09,2.829002776431476693e-09,1.138425376773470623e-09,2.069989498267953745e-09,7.317305273143289281e-09,1.581783793956907733e-08,2.550244592331769921e-08,7.040970276734390971e-09,8.330801992363736626e-09,1.394135294858836144e-08,1.676085412569324740e-08,1.830798017943524561e-08,1.923322127794599205e-08,1.991066091825996721e-08,2.054046632547540134e-08,2.043645478747662238e-08,2.687886685571199323e-07,2.020386434301083575e-08,5.767949490121591294e-08,1.341985209371961422e-08,8.980273584292786006e-09,8.703550272439080134e-09,9.586998516052413812e-09,9.818540740527819274e-09,1.199390305251242985e-08,2.495102379239283402e-08,3.614454891016536866e-08,9.324819229376951583e-09,1.176212779920285009e-08,1.970677513877549923e-08,2.414394118071694303e-08,2.695884977395108509e-08,2.894739673384085234e-08,3.057636067832350321e-08,3.214792685116667382e-08,3.314203853221673993e-08,2.823100048379763181e-07,1.862048958316198544e-08,5.213546959974668499e-08,1.267764812634898783e-08,5.054600566741785358e-09,5.212100253800635490e-10,5.651522802724365674e-09,1.243322920540038743e-08,1.127324434979558752e-08,1.158813461379913203e-08,1.038317806474001151e-07,7.187700943657071568e-08,3.563026224807937311e-08,2.339184650663138884e-08,1.879570233697621192e-08,1.728282862302810765e-08,1.742081880690271908e-08,1.883002796275441897e-08,2.158857155384437867e-08,2.557507055381381634e-08,2.367984277586993100e-07,1.397972956687100117e-08,3.971232446823715557e-08,1.701003714851315530e-08,1.750588383752584332e-08,1.930002473114110381e-08,2.132022963850539191e-08,2.308571922187610375e-08,2.583485932643333655e-08,3.192895952322653633e-08,1.511162489659877010e-08,2.212417597005276631e-08,2.604828918157847824e-08,2.803588422313054397e-08,2.882970244459908899e-08,2.904873988034875528e-08,2.907941303820355280e-08,2.925882216234359892e-08,2.968995582100715061e-08,2.827738174564635400e-08,6.335865011979833741e-07,5.321186537648989950e-08,1.467482390812516669e-07,2.197544179426104253e-08,1.060746452459733498e-08,1.261483039180550681e-08,1.950130744331411413e-08,2.670580450458432092e-08,4.229237967465876877e-08,6.753050342082597412e-08,4.434941040991203984e-08,1.288459173741402574e-08,4.678852667439291282e-08,6.065528294462060579e-08,6.750238946361977738e-08,7.187786336910078364e-08,7.585631207988582921e-08,8.081748479326154587e-08,8.766288829919281533e-08,9.387982485233185406e-08,1.029188016737268458e-06,7.950749892031101666e-08,1.983152397083321023e-07,3.063714691854804341e-08,8.703740804253087900e-09,6.475980726730870913e-09,1.180677541103488946e-08,1.862131681923747830e-08,2.713507702842734141e-08,3.181683654990670028e-08,8.479190340855776064e-09,2.745315585209228249e-08,3.405995356557723650e-08,3.652059852135309112e-08,3.728346467908038192e-08,1.348877676515302788e-10,1.451895789672638292e-09,2.638408750421498779e-09,3.603413786930092654e-09,4.312833830457868236e-09,4.777407407731581443e-09,5.033541147358880056e-09,5.126692371164893864e-09,5.100860382316806481e-09,4.993560297230887544e-09,4.834391588437477062e-09,4.645497591710174774e-09,4.442786776219963940e-09,4.237297265363400663e-09,4.036423691868019602e-09,3.844913727399762689e-09,3.665632195204494602e-09,3.500126427818737141e-09,3.349035082020517118e-09,3.212379456201584248e-09,3.089769280049399919e-09,2.980547495807057085e-09,2.883904880020540304e-09,2.798996306060451680e-09,2.724987265216485815e-09,2.661070740750464762e-09,2.606473529715872770e-09,2.560455959536319628e-09,2.522307827086495554e-09,2.491342565768918510e-09,2.466891026601653963e-09,2.448295779075523232e-09,2.434906457890231355e-09,2.426076379284163239e-09,2.421160411935178195e-09,2.419513903179230691e-09,2.420492325872970953e-09,2.423451221467106557e-09,2.427745970221967356e-09,2.432730926934887969e-09,2.437757532141388652e-09,2.442171164174875938e-09,2.445306758133563880e-09,2.446483601954858905e-09,2.445000223865614231e-09,2.440130868293943996e-09,2.431125607963989372e-09,2.417216453441432990e-09,2.397631581657697791e-09,2.371618615033518866e-09,2.338475366787848639e-09,2.297582474404981899e-09,2.248427218697602350e-09,2.190602661083583570e-09,2.123762951486476467e-09,2.047516966678860663e-09,1.961251864783382036e-09,1.863900704761240398e-09,1.753712062727739337e-09,1.628159209298996367e-09
1.476044718795656810e-09,1.311134000145385506e-09,1.156565375442352247e-09,1.022964149161184917e-09,9.223978078617037929e-10,8.640734344825543701e-10,8.498072764913687438e-10,8.730845221847742716e-10,9.230250426885908289e-10,9.892829018692377406e-10,1.064336956995041401e-09,1.143457321231683464e-09,1.223867963919228731e-09,1.303954362459569454e-09,1.382729617325183280e-09,1.459528590261532538e-09,1.533853443983304631e-09,1.605306687210918254e-09,1.673569212073872736e-09,1.738398063434361214e-09,1.799630296741298414e-09,1.857186402844573794e-09,1.911070825216294447e-09,1.961369212474145827e-09,2.008243037199457181e-09,2.051922581913002403e-09,2.092699347704260527e-09,2.130918851757870021e-09,2.166974636436254463e-09,2.201304162269777977e-09,2.234387121654182727e-09,2.266746601152904906e-09,2.298953440248207359e-09,2.331634083940017719e-09,2.365482203205367331e-09,2.401274358229001248e-09,2.439890002942797122e-09,2.482336178460370663e-09,2.529777326109299143e-09,2.583570792937650888e-09,2.645308843818450624e-09,2.716868404656144923e-09,2.800482297215105120e-09,2.898866819218181806e-09,3.015345531023051270e-09,3.153989778233195188e-09,3.319794187028268886e-09,3.518897527608152537e-09,3.758863341722570098e-09,4.049040688124648667e-09,4.401034925359615085e-09,4.829335842880476438e-09,5.352186689664152927e-09,5.992861018690454305e-09,6.781715448556821526e-09,7.759878127410203414e-09,8.986632547771548135e-09,1.055548884944565867e-08,1.263125414211952958e-08,1.553976109764061004e-08,1.554515622884193315e-08,1.603651502672572998e-08,1.797230515915456423e-08,2.341358426063452949e-08,3.928171400951963996e-08,4.114242044417335757e-07,1.424306289903565473e-07,7.398811598297009598e-08,3.141762643206237139e-08,1.473402501092107320e-08,9.059565077792046886e-09,8.277996919786099452e-09,9.659507083580297935e-09,1.226485877546256126e-08,1.262494238711226340e-08,1.437865366740724392e-08,1.562058373206181769e-08,1.777188900494305890e-08,1.988141101384058103e-08,2.135181559155282397e-08,2.245709271944222050e-08,2.361620427783852291e-08,2.556342645350503205e-08,3.012446491620039508e-08,4.288856591763692668e-08,3.578236216104399328e-07,1.236810893410194213e-07,6.497534006220246038e-08,3.326436240596272383e-08,2.138233167841403768e-08,1.735581386236766811e-08,1.648870063945261106e-08,1.663090786635818126e-08,1.693314509068184523e-08,1.404866088130131925e-08,1.801786308796582305e-08,1.977911305225327483e-08,2.308638699693740350e-08,2.682052063991129760e-08,2.973007804641508336e-08,3.203658349177195059e-08,3.423259285547037002e-08,3.718347534469630451e-08,4.298297985970876064e-08,5.799363792666243170e-08,3.937126693246905888e-07,1.339469511984125801e-07,6.616616109463617222e-08,3.182748980222112388e-08,1.677395397067369815e-08,8.801952263711976644e-09,3.448244243358737040e-09,1.831234309067754072e-09,5.218949749888633343e-09,1.332695210570064467e-08,3.680911298991764296e-08,3.119054252191694368e-08,2.347604890513454030e-08,1.796312614480633456e-08,1.545088744373554140e-08,1.496026155061360203e-08,1.599598483916831711e-08,1.884206343014206904e-08,2.519787514232017142e-08,4.084590318510330718e-08,3.168981777108849907e-07,1.054731387514060032e-07,5.213301725978064054e-08,2.948645241299730905e-08,2.260247579149817046e-08,2.147453830481983464e-08,2.262726955395629282e-08,2.493169562231371989e-08,2.810811952846845907e-08,3.037264891849870224e-08,4.495128510061765232e-08,4.031180234564289192e-08,3.677445044104020238e-08,3.549759728051448712e-08,3.505273386071203358e-08,3.523306715196916562e-08,3.643385936675845541e-08,3.999338004566992694e-08,4.983351258644347084e-08,7.847285341332848055e-08,8.008507533702150259e-07,2.773436488983792032e-07,1.471037661797574013e-07,6.912627741422149671e-08,4.069156066498277315e-08,3.341600906457102140e-08,3.611537471136001029e-08,4.395598342521345570e-08,5.533733515059840687e-08,6.098919918762720613e-08,8.199323943745561026e-08,7.878063559710669970e-08,7.826475772540307748e-08,7.972047215932915400e-08,8.132160874953326043e-08,8.387412043179518741e-08,8.886550889954296659e-08,9.928508280700914329e-08,1.229381551472446790e-07,1.841914630158983287e-07,1.357485417438498011e-06,4.626644141230141839e-07,2.278298322239093168e-07,1.007927078509629987e-07,4.986351464832617091e-08,3.096194588151176938e-08,2.668847287714906678e-08,2.928695669509450851e-08,3.522636182517446780e-08,3.996890397599940872e-08,5.497454793715758913e-08,5.124445504986055632e-08,4.793942269557031290e-08,4.564284809099211566e-08,4.438882970528264831e-08,1.526625569273899198e-10,1.180835534282274709e-09,2.128182621713867021e-09,2.931437534034578732e-09,3.559686077141603826e-09,4.010096631118453776e-09,4.299201972530342691e-09,4.453462677282682727e-09,4.501995355718516018e-09,4.472113246257308800e-09,4.387187809769557397e-09,4.266040895041320815e-09,4.123180975518377675e-09,3.969412476361454305e-09,3.812541922211878498e-09,3.658041464341135884e-09,3.509613342506825266e-09,3.369643457409708794e-09,3.239553113044688099e-09,3.120065649612918991e-09,3.011405694882753350e-09,2.913446853336255915e-09,2.825832855781962734e-09,2.748100655057145539e-09,2.679737168009961954e-09,2.620206155053908939e-09,2.568963192425947165e-09,2.525462666010772383e-09,2.489159715011619186e-09,2.459509286310464130e-09,2.435963860600868301e-09,2.417970929335543063e-09,2.404970907912530252e-09,2.396395845579718899e-09,2.391669027302767400e-09,2.390205350433509153e-09,2.391412196975814854e-09,2.394690407800776245e-09,2.399434899714933467e-09,2.405034455200552018e-09,2.410870269711804621e-09,2.416312981762829359e-09,2.420718159750856885e-09,2.423420597836834270e-09,2.423728288386593621e-09,2.420917558714188103e-09,2.414231490975888729e-09,2.402884187205859713e-09,2.386073372946871600e-09,2.363002816403199450e-09,2.332913618336253540e-09,2.295119341018707860e-09,2.249034435922313461e-09,2.194179560959617264e-09,2.130143167266669456e-09,2.056479105666714563e-09,1.972528805283067785e-09,1.877179330396855241e-09,1.768614442983890780e-09,1.644201168651785981e-09
1.492869840160974047e-09,1.327629088544866233e-09,1.171991581187237041e-09,1.036825580971630112e-09,9.342898886066758963e-10,8.736336912092272225e-10,8.568565837353524750e-10,8.777836716665113232e-10,9.258442658693528184e-10,9.908528002733252991e-10,1.065326781196376144e-09,1.144513644842155342e-09,1.225588298621139736e-09,1.306875220963800808e-09,1.387321643465374523e-09,1.466197076100082656e-09,1.542943477508034282e-09,1.617111754604420800e-09,1.688341776807891458e-09,1.756360741333296561e-09,1.820986605807718923e-09,1.882130499473529471e-09,1.939796019046840933e-09,1.994075328938143992e-09,2.045142866831045427e-09,2.093247739306556137e-09,2.138705888135057661e-09,2.181892983785371877e-09,2.223238842872368205e-09,2.263224012060343790e-09,2.302379028339774566e-09,2.341286763177274692e-09,2.380588185317383852e-09,2.420991833306421250e-09,2.463287271855790167e-09,2.508362813556504524e-09,2.557227819891563318e-09,2.611039958494665639e-09,2.671137902390636026e-09,2.739080140065170892e-09,2.816690873252211609e-09,2.906114485500135763e-09,3.009893377615385942e-09,3.131106047455589890e-09,3.273501611429595422e-09,3.441652755863129437e-09,3.641146773815434546e-09,3.878826225640939213e-09,4.163095537624964916e-09,4.504317500151550698e-09,4.915336822660204584e-09,5.412192620052491009e-09,6.015131237922551848e-09,6.750134353902001073e-09,7.651397546232720372e-09,8.765663693915045219e-09,1.016030812289284741e-08,1.193915477728962719e-08,1.427434611138402399e-08,1.747157995893867267e-08,1.747696832701016321e-08,1.787492474518308369e-08,1.928316988045302158e-08,2.244445826758823251e-08,2.857592144067203266e-08,8.804095337725960296e-09,5.841805020080594541e-08,4.910478209461156715e-08,3.200111068973810026e-08,2.114900976817283905e-08,1.623732901792588472e-08,1.525336600018440688e-08,1.671644435122427773e-08,1.991151806449539323e-08,2.449006661694171209e-08,3.251627566477836001e-08,2.944380014125842193e-08,2.677741451301371190e-08,2.577120251515767409e-08,2.553480512352651457e-08,2.572814943524946318e-08,2.633975337475243973e-08,2.765714797796657031e-08,3.039087878385714521e-08,3.581343115224856023e-08,1.417558531567743587e-08,5.515358750622375121e-08,4.708074749108258314e-08,3.420733549851801255e-08,2.654921193995842997e-08,2.338245773152246929e-08,2.291906656927170238e-08,2.387689601690537069e-08,2.572389377765507744e-08,2.864442231249734137e-08,3.627441828083362014e-08,3.462089568210003418e-08,3.340576086887948645e-08,3.384194679287247167e-08,3.484676858739681478e-08,3.605116367879929862e-08,3.750252750156853460e-08,3.957184135226867862e-08,4.302829314120349985e-08,4.903955696715386436e-08,2.175611101487304362e-08,6.107219295666205343e-08,4.866338131320188315e-08,3.259679419090966349e-08,2.194554659471857206e-08,1.561754045709658220e-08,1.174694380690298387e-08,9.076488689496500238e-09,6.975261139915028982e-09,4.909476662080894321e-09,7.219532395186327609e-09,8.180866524724915946e-09,9.294085733523935728e-09,9.516552294295489207e-09,9.932598931852844245e-09,1.085942655825965250e-08,1.242775836599447557e-08,1.492442751440097371e-08,1.899619607258700766e-08,2.560261398714363838e-08,8.422513008020029541e-09,4.382251562248421745e-08,3.724211007236591464e-08,2.826152208810657224e-08,2.364362012963790400e-08,2.255240553915477720e-08,2.381761722924938671e-08,2.697344022434701322e-08,3.226009434619044796e-08,4.071551561679685843e-08,5.671202250468628995e-08,5.017734151053005015e-08,4.414837970822571192e-08,4.090451382649245282e-08,3.939007046945897802e-08,3.911031117931114491e-08,4.008995260149229183e-08,4.296978431609031334e-08,4.932986305336475487e-08,6.199888034304733742e-08,1.860868431373231158e-08,1.158912160876687352e-07,9.927225313755111800e-08,6.865532464837055356e-08,5.076749084692073319e-08,4.519644635140846593e-08,4.860890550038102258e-08,5.890183280379198115e-08,7.565337690373369997e-08,9.942867821601999681e-08,1.385467869271968810e-07,1.210724901754667838e-07,1.048791338052765937e-07,9.568305238842244338e-08,9.116956151266839612e-08,9.031553260924665447e-08,9.314438730263186653e-08,1.008291919138486139e-07,1.160433566227364754e-07,1.424558939188707885e-07,6.103911013009315348e-08,1.988127940658202987e-07,1.559379375506471321e-07,9.766825412812606128e-08,6.039519213960644917e-08,4.168925590825042264e-08,3.545043374877078472e-08,3.743761919651018969e-08,4.550605087965960425e-08,5.896478736946328499e-08,8.070122165823620873e-08,6.967700104521704020e-08,5.902935376003712682e-08,5.202649428859930963e-08,4.859884245189372498e-08,1.713026661708043890e-10,9.929550837972514477e-10,1.762710958973425373e-09,2.435395938166139129e-09,2.985606231104538769e-09,3.405612223333760125e-09,3.701504789810981501e-09,3.888019995465051342e-09,3.983851806336741371e-09,4.008249919788423892e-09,3.978964771365933716e-09,3.911258952916719978e-09,3.817629517537278704e-09,3.707938517431266648e-09,3.589738046877360361e-09,3.468657408720173475e-09,3.348779981716310853e-09,3.232976200468040054e-09,3.123181754955093217e-09,3.020622029736664161e-09,2.925989155179768892e-09,2.839579723635033440e-09,2.761412372390236702e-09,2.691349954395062679e-09,2.629160622009465228e-09,2.574550399552349798e-09,2.527183677573654486e-09,2.486695224624877555e-09,2.452696503815038193e-09,2.424778430199205163e-09,2.402512172904987337e-09,2.385449159706456606e-09,2.373121063389782363e-09,2.365040223751743513e-09,2.360700683362701833e-09,2.359579785728332537e-09,2.361140102095581853e-09,2.364831317573516212e-09,2.370091621557560218e-09,2.376348116775957134e-09,2.383015797912116117e-09,2.389494773453334856e-09,2.395165637277382295e-09,2.399383266731264628e-09,2.401469845239841859e-09,2.400708564494405902e-09,2.396340172762572058e-09,2.387565117352126237e-09,2.373554151305398144e-09,2.353469463224857311e-09,2.326496105669652026e-09,2.291879357236904279e-09,2.248957777753776253e-09,2.197175112851226212e-09,2.136048979574264497e-09,2.065073578337604791e-09,1.983541735227467567e-09,1.890294429355311333e-09,1.783453789902011572e-09,1.660286880874250933e-09
1.509860155830486402e-09,1.344452784628761903e-09,1.187947494906653831e-09,1.051469948506574698e-09,9.472689856762186044e-10,8.846144104768811087e-10,8.656549315290923147e-10,8.845343054974200901e-10,9.309964579576384789e-10,9.950317794891277680e-10,1.069204925331729936e-09,1.148738715844890208e-09,1.230750719594737352e-09,1.313494437746671616e-09,1.395842605730162598e-09,1.476993548646764549e-09,1.556326258989990167e-09,1.633339926563133795e-09,1.707635188299998863e-09,1.778912300397200675e-09,1.846973460608034815e-09,1.911723683035943044e-09,1.973168509487982130e-09,2.031408720675269931e-09,2.086632975318569151e-09,2.139109505219270522e-09,2.189177937503793912e-09,2.237242163541070170e-09,2.283765003354159814e-09,2.329265258906860700e-09,2.374317621441011775e-09,2.419555801329953988e-09,2.465679181933529074e-09,2.513463259952111794e-09,2.563774122529876771e-09,2.617587223236085113e-09,2.676010760361268879e-09,2.740314037172036397e-09,2.811961317035843319e-09,2.892651904389865419e-09,2.984367540631353777e-09,3.089428768665383633e-09,3.210575711764084261e-09,3.351111232326258448e-09,3.515039904090872448e-09,3.707225541118609384e-09,3.933587268215598846e-09,4.201345241589514469e-09,4.519331334127954556e-09,4.898386617779024104e-09,5.351878195611337606e-09,5.896386593276985653e-09,6.552648589888085602e-09,7.346901502423053133e-09,8.312882400211465705e-09,9.494908348512272379e-09,1.095268280313820281e-08,1.276853344129432215e-08,1.505676413576914225e-08,1.796920457590496925e-08,1.797457651816003184e-08,1.803912033299497788e-08,1.812446152113216235e-08,1.767072932424694142e-08,1.437619571736641576e-08,2.719944455516374396e-08,3.496992225358419742e-08,3.338698610930320472e-08,2.723218270770571905e-08,2.222294218276386683e-08,1.995859072729360564e-08,2.024439445329010758e-08,2.256555334082347080e-08,2.679884432824018330e-08,3.369705644832835025e-08,4.562487198291641630e-08,3.914379938538231095e-08,3.318404014425872461e-08,2.996677046322017596e-08,2.835887614405338411e-08,2.763651214201581491e-08,2.738592520535540601e-08,2.731159526412318996e-08,2.684212947431913199e-08,2.393072407681939235e-08,3.316881878315496899e-08,3.720851914249546075e-08,3.529217676129743617e-08,3.088800219368104397e-08,2.797241998539137709e-08,2.737689751114934876e-08,2.860583706178639070e-08,3.096760152472784985e-08,3.426493213900523456e-08,3.954876007476329218e-08,5.016585951364397419e-08,4.525234498346022052e-08,4.092893109476426929e-08,3.909040739627225644e-08,3.849867253294519692e-08,3.849653681136849419e-08,3.877225457086999742e-08,3.911060188954733792e-08,3.892490185384784780e-08,3.586268802171465713e-08,4.152983453890480279e-08,4.166938942119976806e-08,3.617551928640363205e-08,2.885944430260516387e-08,2.342193444308356505e-08,2.045402272364611058e-08,1.929637147481885580e-08,1.907684330085624844e-08,1.926281731534439045e-08,2.024083888164657513e-08,2.487881216794016061e-08,1.614436986240151702e-08,8.694065097132973007e-09,5.620380516062338447e-09,5.505666429857412770e-09,6.641246713671056117e-09,8.029461230200918449e-09,9.292269771232280960e-09,9.902153399775279039e-09,8.033227041678002489e-09,1.869372088904508189e-08,2.556791122260756996e-08,2.587912543454641404e-08,2.356729618439296166e-08,2.201013072811014181e-08,2.212165298158159916e-08,2.401332315760162204e-08,2.786832192292368296e-08,3.434024916476453631e-08,4.489311785196421223e-08,6.220770237393218519e-08,5.446284927730180928e-08,4.723199233350817163e-08,4.311831585458815742e-08,4.105598851592912804e-08,4.029044023951465956e-08,4.036699064372875128e-08,4.087760115282973019e-08,4.069289085206884648e-08,3.537276197721694328e-08,5.907964399528961269e-08,7.158515904148470567e-08,6.818983239925398565e-08,5.735902429268717127e-08,4.993605634951938014e-08,4.924938303358793295e-08,5.557327124656472091e-08,6.902640035301643311e-08,9.104753022806831760e-08,1.252912307272630119e-07,1.787194104260100117e-07,1.488377675196029656e-07,1.206036301951853692e-07,1.034093600573095795e-07,9.397113269570379178e-08,8.971839243484821503e-08,8.910614950451187019e-08,9.109677812434953252e-08,9.363735713230378486e-08,8.895454635284009646e-08,1.133305129692249019e-07,1.211874085648191282e-07,1.038158656261940619e-07,7.628858824904091155e-08,5.405600389272951655e-08,4.112137594129137434e-08,3.698563199151563454e-08,4.056402646887506163e-08,5.167765430857677958e-08,7.134011296051354930e-08,1.012933994502883766e-07,8.245898408492231124e-08,6.428146716259209523e-08,5.290251337718587005e-08,4.758488488419985468e-08,1.908971103602849848e-10,8.598957705117174747e-10,1.494919003711456357e-09,2.062598339579167665e-09,2.542749447757184517e-09,2.926514612913779401e-09,3.214704654550183555e-09,3.415015688087923305e-09,3.539120558913749820e-09,3.600259881062728995e-09,3.611550724778494501e-09,3.584972725852775978e-09,3.530879156040401895e-09,3.457862495784099329e-09,3.372830883406441035e-09,3.281191503768073609e-09,3.187073634341704437e-09,3.093552124901751404e-09,3.002851231438841101e-09,2.916520662100984802e-09,2.835582503549032289e-09,2.760651164681168707e-09,2.692040538720278870e-09,2.629879522090382139e-09,2.574172742489736115e-09,2.524835174708068784e-09,2.481715384228925813e-09,2.444610472099547063e-09,2.413275205654501496e-09,2.387427314133619327e-09,2.366750490909629666e-09,2.350896259612618193e-09,2.339485518413777419e-09,2.332110268848826687e-09,2.328335763382683542e-09,2.327703069238709661e-09,2.329731850159481403e-09,2.333923015363215452e-09,2.339760779738462400e-09,2.346713629399120178e-09,2.354233702605301279e-09,2.361754198759051788e-09,2.368684642024345179e-09,2.374404183192781919e-09,2.378253647486258976e-09,2.379527723997755348e-09,2.377469484165264067e-09,2.371270140309957422e-09,2.360077284656691699e-09,2.343014275661625248e-09,2.319211339926485223e-09,2.287844814635762883e-09,2.248174742185347614e-09,2.199563672861142686e-09,2.141453211863409528e-09,2.073272977242845982e-09,1.994263816147145896e-09,1.903219970497970629e-09,1.798204681455066136e-09,1.676391203773752853e-09
1.526989864103970907e-09,1.361579533569108507e-09,1.204407361521048462e-09,1.066870306377370979e-09,9.613073224956699959e-10,8.969910644216482503e-10,8.761880597596141719e-10,8.933372511098714384e-10,9.384964956016004101e-10,1.001842833410192198e-09,1.075994099546693844e-09,1.156145762857568959e-09,1.239349956881010752e-09,1.323780071981532307e-09,1.408227017021832537e-09,1.491813611854340403e-09,1.573854609837660180e-09,1.653798643953420979e-09,1.731209858380101247e-09,1.805765059424114559e-09,1.877254256262644818e-09,1.945579518645919139e-09,2.010750791475605337e-09,2.072879027297426406e-09,2.132167643222987581e-09,2.188903430944530593e-09,2.243447948356808102e-09,2.296230249918422742e-09,2.347741636841294474e-09,2.398532955527032357e-09,2.449214849254233769e-09,2.500461277541896099e-09,2.553016554504257421e-09,2.607706122413373023e-09,2.665451266181834593e-09,2.727287990321261170e-09,2.794390326727155605e-09,2.868098428885539030e-09,2.949951957626773097e-09,3.041729504774219571e-09,3.145495181703668199e-09,3.263654079552282675e-09,3.399032324519915450e-09,3.555019989185390206e-09,3.735708230367366927e-09,3.946043482071316860e-09,4.192018060530812767e-09,4.480906543423064331e-09,4.821559921269905978e-09,5.224772953265422079e-09,5.703744604696169667e-09,6.274656903824773723e-09,6.957402910199632515e-09,7.776494444650087862e-09,8.762156294953089349e-09,9.951508791986753295e-09,1.138939171079747249e-08,1.312734378294529875e-08,1.521635390102278307e-08,1.768131138441764240e-08,1.768666746695497135e-08,1.751298070113227280e-08,1.683220352647217359e-08,1.508295089537405466e-08,1.100579520724752854e-08,1.567074099067899666e-08,2.185797146883259761e-08,2.318277749157164837e-08,2.209198350225478178e-08,2.118913438562643505e-08,2.170667289393200523e-08,2.379638265123920310e-08,2.718415793631370151e-08,3.183579197058706665e-08,3.887116920277019359e-08,5.167944556351999049e-08,4.332258524296946890e-08,3.565546503336848905e-08,3.147334819612900167e-08,2.926657629195607441e-08,2.806085240072253056e-08,2.724830261931599481e-08,2.635450020699337822e-08,2.474617675007745186e-08,2.123436548276764322e-08,2.297683111643511458e-08,2.625732824083280499e-08,2.697910934232359570e-08,2.695147106622935611e-08,2.787105777256405073e-08,3.033166988261983242e-08,3.399274262592044504e-08,3.804938317516919127e-08,4.187154378151046471e-08,4.632038060063231613e-08,5.598813732512073792e-08,4.987025398611461945e-08,4.451329561519293671e-08,4.168848327332641568e-08,4.016070119002454804e-08,3.925214829171994092e-08,3.855093157230040493e-08,3.772909847134790604e-08,3.625887188763002132e-08,3.289233680198030594e-08,2.991839222101569433e-08,2.906647941910570920e-08,2.652003463935459633e-08,2.405420829779482260e-08,2.309847603238949001e-08,2.407698429492018237e-08,2.648830504020991129e-08,2.932001805827141946e-08,3.168776959685616271e-08,3.426791512547271323e-08,4.205241309703072198e-08,2.947689877667741500e-08,1.801056671052478882e-08,1.096699556333251624e-08,6.967964725843060674e-09,5.396194618630326693e-09,5.324714792315098981e-09,5.433115710513843840e-09,4.873434603995317525e-09,4.648704395736027914e-09,7.265849137218995189e-09,1.464258911270093532e-08,1.787480722415078306e-08,1.880053490792267937e-08,1.937788166469448245e-08,2.063738393146264150e-08,2.307584818462278410e-08,2.710708103328084612e-08,3.347828073710354923e-08,4.375677651733324140e-08,6.058649808198248323e-08,5.277203388053670510e-08,4.552614502628719443e-08,4.171375353869604309e-08,3.991529118336125926e-08,3.914018621162801690e-08,3.871751057534403807e-08,3.797174512824088641e-08,3.570358444192138092e-08,2.944220039740208466e-08,3.556097731024470234e-08,4.517318025786060038e-08,4.643443651548182925e-08,4.424546117036988579e-08,4.375270853238643989e-08,4.765701497026278022e-08,5.694977356257132571e-08,7.249830470682862205e-08,9.674527587969902637e-08,1.354447608715779859e-07,1.978795175296569454e-07,1.581541274254482766e-07,1.208076626893932571e-07,9.953744757555567828e-08,8.809548410988376228e-08,8.214693259794797270e-08,7.915399525089248609e-08,7.742966231242879474e-08,7.497703403538310852e-08,6.792121386187359473e-08,6.726401144349723923e-08,7.219190066489015541e-08,6.476541589201961604e-08,5.176109067265812408e-08,3.994457551552057514e-08,3.291872655932760277e-08,3.185723175378689132e-08,3.730847168728236156e-08,5.076257248667483539e-08,7.543200277722600148e-08,1.146183486432054331e-07,8.684169320461268251e-08,6.034924230959046049e-08,4.575608100345972485e-08,3.949945993771459979e-08,2.114302433591682634e-10,7.643855023691001751e-10,1.295100233294453166e-09,1.777993436403462330e-09,2.197136643871176779e-09,2.544068173585782254e-09,2.817077368336234584e-09,3.019722294382430241e-09,3.159061334790332358e-09,3.244016102369305970e-09,3.284083051462559378e-09,3.288446438456291982e-09,3.265448555781652182e-09,3.222334005290009866e-09,3.165181580996394500e-09,3.098951285749906404e-09,3.027592925920416676e-09,2.954180328161894508e-09,2.881049105567072570e-09,2.809925779728088624e-09,2.742042548147418755e-09,2.678235929920974796e-09,2.619039640032433890e-09,2.564789776454552979e-09,2.515681818699444999e-09,2.471804474786017748e-09,2.433163421485014437e-09,2.399697412149558831e-09,2.371288848332463890e-09,2.347770554848954071e-09,2.328930165825165551e-09,2.314513218274721247e-09,2.304225755379671170e-09,2.297736963691707974e-09,2.294682109683666561e-09,2.294665807078631389e-09,2.297265442733905360e-09,2.302034423876092253e-09,2.308504786629630340e-09,2.316188636447722679e-09,2.324577885306345759e-09,2.333141830449189838e-09,2.341322310622650372e-09,2.348526515789595016e-09,2.354118046237741381e-09,2.357407531330973298e-09,2.357644984107035693e-09,2.354016936041270877e-09,2.345651945018386509e-09,2.331637764509596767e-09,2.311051598163789207e-09,2.283000777028129727e-09,2.246664690170090441e-09,2.201320685934871314e-09,2.146329171379744908e-09,2.081049949390050612e-09,2.004667986690033683e-09,1.915929525376489057e-09,1.812841167068919164e-09,1.692488336427681416e-09
1.544232409312500967e-09,1.378982975995895313e-09,1.221344471039121554e-09,1.082998155122628320e-09,9.763740542479263327e-10,9.107331788077666103e-10,8.884316659927917615e-10,9.041787958172643535e-10,9.483403479617826779e-10,1.011285730202198028e-09,1.085689342868299809e-09,1.166715840871318925e-09,1.251344307222298047e-09,1.337660121249548781e-09,1.424366680020659881e-09,1.510508723393227505e-09,1.595337080174090100e-09,1.678252247675189619e-09,1.758785479614699487e-09,1.836594092329502716e-09,1.911459602568922934e-09,1.983284154985473262e-09,2.052084194276128853e-09,2.117981885768006781e-09,2.181195317428279462e-09,2.242028571001869578e-09,2.300862617400910774e-09,2.358147808919517797e-09,2.414398565846636701e-09,2.470190707454566097e-09,2.526161760994898796e-09,2.583014496379516841e-09,2.641523874958130380e-09,2.702547566548986013e-09,2.767040178988978048e-09,2.836071360652444052e-09,2.910847984988037058e-09,2.992740718157564838e-09,3.083315426403420113e-09,3.184370127353346497e-09,3.297978566809825620e-09,3.426542057388556182e-09,3.572865255090999324e-09,3.740293794502470885e-09,3.932843707838879002e-09,4.155345070965947902e-09,4.413618050807734945e-09,4.714688415249363576e-09,5.067050433410495284e-09,5.480985212183705196e-09,5.968940641909474298e-09,6.545972465611897355e-09,7.230228284552320209e-09,8.043413635192328799e-09,9.011081102330781355e-09,1.016236481785216310e-08,1.152831206626414277e-08,1.313699672653913478e-08,1.500175574713712624e-08,1.709582353531280490e-08,1.710116723321460611e-08,1.684489759106555280e-08,1.598534790302090720e-08,1.426748638124035518e-08,1.115570162493529830e-08,1.374900735165728722e-08,1.423176699048577339e-08,1.606291119246600701e-08,1.740970707944947456e-08,1.935782384271618630e-08,2.252028606451382536e-08,2.675733436286976154e-08,3.137209520396676962e-08,3.549330861513626174e-08,3.945225067081372652e-08,4.865209517206387574e-08,4.056778467457201688e-08,3.338488180926262577e-08,2.988682150095688507e-08,2.811777916220076742e-08,2.706962079353639589e-08,2.619423675038062024e-08,2.514594587853749862e-08,2.364904821169731095e-08,2.121934819232490024e-08,2.231758080824277253e-08,1.860483864321405760e-08,2.018272215741129947e-08,2.284238568077371449e-08,2.703285724311576248e-08,3.296123741372982113e-08,3.997362001749193423e-08,4.650504654882094930e-08,5.016473913193571705e-08,4.931610128299579758e-08,4.982611721965920780e-08,4.708906037344781176e-08,4.400658953561011024e-08,4.150247266850396011e-08,3.974636702660392700e-08,3.836306268750344759e-08,3.703262592388332116e-08,3.560708428689755957e-08,3.415682377964956309e-08,3.250734348431614918e-08,3.157769727274372158e-08,1.897099292212783676e-08,1.752704628625905293e-08,1.841833180392460120e-08,2.149802267747364577e-08,2.695120220006350020e-08,3.401553645318609487e-08,4.089130322576733391e-08,4.490572825692779525e-08,4.425597558172800531e-08,4.523235181973857482e-08,3.431204391247119917e-08,2.339514775620009456e-08,1.543270819711392672e-08,1.021137319254656279e-08,7.198203544379266083e-09,5.848308803579671737e-09,5.497494245919814910e-09,6.109429468841414005e-09,9.129217977899466376e-09,5.981411907639479189e-09,8.785242075886355036e-09,1.271765668293395525e-08,1.491715311378945286e-08,1.663236785722221180e-08,1.863809802962923831e-08,2.134836267503145904e-08,2.497143213283049361e-08,2.986379640751513759e-08,3.747659153584758493e-08,5.193618849943582794e-08,4.476946555565333685e-08,3.876028103182047803e-08,3.677133529485598366e-08,3.627730330914871048e-08,3.618682503239943260e-08,3.595644330647602202e-08,3.518739634517389658e-08,3.341550611556668809e-08,2.962602800795360865e-08,3.317143652086006722e-08,2.838424218868915451e-08,2.942201859455528511e-08,3.066388841867582577e-08,3.438477295447149299e-08,4.199643877206461706e-08,5.364957633829839908e-08,6.928380998626314974e-08,9.067564812153406513e-08,1.256185305797075993e-07,1.930283150291668690e-07,1.429360111246737377e-07,1.004469656150965905e-07,8.213901603522404741e-08,7.345281037177642062e-08,6.856709475919080452e-08,6.499201791900368178e-08,6.161489149782385621e-08,5.813892801619305862e-08,5.421564531924089104e-08,5.735546690257254958e-08,3.758545738702092634e-08,3.312865393945982286e-08,2.753075382469908478e-08,2.221212240092217399e-08,1.973357937749447834e-08,2.116882084233266683e-08,2.715273152083087989e-08,4.009742464433825528e-08,6.714113006686204180e-08,1.200488274443096233e-07,7.758935377824938945e-08,4.229258865004047460e-08,2.860028820353460618e-08,2.373060746740896624e-08,2.327451464278098256e-10,6.953745576803229268e-10,1.143826997801808513e-09,1.557748230070396686e-09,1.924476421908539489e-09,2.236464844245371732e-09,2.490924667551602293e-09,2.689032738844834388e-09,2.834865685273212238e-09,2.934312339673381588e-09,2.994134057341823846e-09,3.021248050597571284e-09,3.022239837111481795e-09,3.003072613658906774e-09,2.968947093478568099e-09,2.924265792919454084e-09,2.872663242665510779e-09,2.817073136533298875e-09,2.759812346647539683e-09,2.702668940640602134e-09,2.646986640063068904e-09,2.593741788318621910e-09,2.543620477686031325e-09,2.497111511644090308e-09,2.454557553405789919e-09,2.416186249260446509e-09,2.382132790675167298e-09,2.352455797723735301e-09,2.327148208336183130e-09,2.306144636079194141e-09,2.289326428775283843e-09,2.276525424324786099e-09,2.267527159849451154e-09,2.262074048742259341e-09,2.259868802887530358e-09,2.260578151629877396e-09,2.263836704393838341e-09,2.269250628781629040e-09,2.276400678753174374e-09,2.284844018520692382e-09,2.294114259876616090e-09,2.303719185396584684e-09,2.313135795266250125e-09,2.321802633277610447e-09,2.329109857127684218e-09,2.334388250464677086e-09,2.336899307730902228e-09,2.335829531931364949e-09,2.330292862440091141e-09,2.319345141386644758e-09,2.302012949384860628e-09,2.277335179447267523e-09,2.244408977502783206e-09,2.202422818797065232e-09,2.150650762825418072e-09,2.088377282535414106e-09,2.014727023798778254e-09,1.928396313509351367e-09,1.827336808611879548e-09,1.708551865274247590e-09
1.561560541392059833e-09,1.396636022610859223e-09,1.238731265037551799e-09,1.099823628948057119e-09,9.924356184917023969e-10,9.258048858046691962e-10,9.023520213641388007e-10,9.170311059970585368e-10,9.605051792950064328e-10,1.023336927999492927e-09,1.098258059575684813e-09,1.180398376208665223e-09,1.266657079962409881e-09,1.355025206254099141e-09,1.444114853447092794e-09,1.532891973493180371e-09,1.620545366137476206e-09,1.706430977738244696e-09,1.790051495515559732e-09,1.871049031831685677e-09,1.949200317408017173e-09,2.024410370878683603e-09,2.096703858487490156e-09,2.166214729451023271e-09,2.233175134691383335e-09,2.297904637246924635e-09,2.360800569247017707e-09,2.422330205910990792e-09,2.483025257912808904e-09,2.543479044546672532e-09,2.604346600971662760e-09,2.666347891536904380e-09,2.730274244266767368e-09,2.796998085752140657e-09,2.867486044191845008e-09,2.942815500617728339e-09,3.024194713661373708e-09,3.112986732138546157e-09,3.210737460391793969e-09,3.319208478086583601e-09,3.440415569207677099e-09,3.576674416100112306e-09,3.730668823093157960e-09,3.905578563006803043e-09,4.105195916779581843e-09,4.334052733124249492e-09,4.597574892756179391e-09,4.902269201187998059e-09,5.255947395992543848e-09,5.667990007995148939e-09,6.149647409792354917e-09,6.714362843144520274e-09,7.378075364611730265e-09,8.159405877454643972e-09,9.079522125758069205e-09,1.016127817236600353e-08,1.142687706972797640e-08,1.289279282785642564e-08,1.456025039224311026e-08,1.640061391717049944e-08,1.640594729613809179e-08,1.615705536879478491e-08,1.540712343435069645e-08,1.432352169767148275e-08,1.407367635571551964e-08,2.910885477998750444e-09,5.746140539228107413e-09,9.927372972481446310e-09,1.266945002884258557e-08,1.690520891355428434e-08,2.293392835097015208e-08,3.014278524181994064e-08,3.703358964240556050e-08,4.055144204520733844e-08,3.627321649595391004e-08,3.402875956775489431e-08,3.033879524268541684e-08,2.645112498557866509e-08,2.556254595192600935e-08,2.525098676674125929e-08,2.492712589852533308e-08,2.435938179663822141e-08,2.346952755417315779e-08,2.262583994957632273e-08,2.428401904542964965e-08,5.771520083170617911e-09,6.212437716381138464e-09,1.289681338882698660e-08,1.787653326727528276e-08,2.524736068997940025e-08,3.546017896990565594e-08,4.759348257200425056e-08,5.921734954428739959e-08,6.460898130226723129e-08,5.286710008012595346e-08,2.706266763077133265e-08,4.705834965571659231e-08,4.155641450605596773e-08,3.912027585023612862e-08,3.752480763908012659e-08,3.601932900294111225e-08,3.425024869016216612e-08,3.220309622465251157e-08,3.100672407171206489e-08,3.708117608626868721e-08,3.443509556856584071e-08,1.760729812994800956e-09,6.690920292856706026e-09,1.111489937854101251e-08,1.813049160289335744e-08,2.896832880749381362e-08,4.268392650357839490e-08,5.648697127290755916e-08,6.412321576857058821e-08,5.403823600018585061e-08,2.730995393424320070e-08,3.825523879888560652e-08,2.525399052678049938e-08,1.712291319841384742e-08,1.186073183454134185e-08,8.636067023585046993e-09,6.960254089136817231e-09,6.496690098407467073e-09,7.575588364356328116e-09,1.302210459852412714e-08,1.464562362692025394e-08,7.393351320630500637e-09,9.817140275456212400e-09,1.196327849764566242e-08,1.409754338726212658e-08,1.656483063427148115e-08,1.952671541642560537e-08,2.262401778320761848e-08,2.485826510494542845e-08,2.577489840399140939e-08,3.648050324928350165e-08,2.612037465667197541e-08,2.660280287466523637e-08,2.899281537017518675e-08,3.089461216921278610e-08,3.202954357542884115e-08,3.239910624506342524e-08,3.210738492119944417e-08,3.193964257483406419e-08,3.631014110704455716e-08,1.840790292651884360e-08,6.915011818759235212e-09,1.306142786949883926e-08,1.546485709624895988e-08,2.208187981494576751e-08,3.345875835825872370e-08,4.785718691516951108e-08,6.223915461528946613e-08,7.358478660080204255e-08,8.682070285233796554e-08,1.606700935466134842e-07,6.280574203366306515e-08,5.218413727481107157e-08,5.207016301874559822e-08,5.228064274417135903e-08,5.112815815685772060e-08,4.821678183347204298e-08,4.361139996575701989e-08,3.959637688568744147e-08,5.014174248495544969e-08,9.201791698458745518e-08,1.145875189092464141e-08,4.068456660867698649e-09,4.433667229875713962e-09,3.548868458438899391e-09,4.351475329501024835e-09,7.180348957844458979e-09,1.126649830749997858e-08,1.680964491202674018e-08,3.497764433887148152e-08,1.165327711538061932e-07,7.821435596586512720e-09,2.858807836193543401e-09,2.958173651994680138e-09,3.268544020794775073e-09,2.545309205770343841e-10,6.454703694821026728e-10,1.027975505422388959e-09,1.385299084043266899e-09,1.707219333872419090e-09,1.987192302931651702e-09,2.222086509528041027e-09,2.411745824532491149e-09,2.558345742376604472e-09,2.665678632375032551e-09,2.738485341538200298e-09,2.781901956499796532e-09,2.801046326194979883e-09,2.800738888072196652e-09,2.785336468647969578e-09,2.758652412930504832e-09,2.723937477747364626e-09,2.683900076267877451e-09,2.640749501312252405e-09,2.596250483668084524e-09,2.551781338779362890e-09,2.508390903624204314e-09,2.466860183177106305e-09,2.427782591149228727e-09,2.391608184697464746e-09,2.358670883232925693e-09,2.329208733150230915e-09,2.303378571420861787e-09,2.281266382056971046e-09,2.262894528777926616e-09,2.248226905820976309e-09,2.237172882410855994e-09,2.229590729585065211e-09,2.225291015548177088e-09,2.224040243607185281e-09,2.225564794412943171e-09,2.229555032316173843e-09,2.235669254591080043e-09,2.243537012307427357e-09,2.252761224162747597e-09,2.262918453842893150e-09,2.273556749278931722e-09,2.284190578679674828e-09,2.294292687984925301e-09,2.303283197462473873e-09,2.310516995444889531e-09,2.315271478635909257e-09,2.316737831796641725e-09,2.314020048374077506e-09,2.306146205263099159e-09,2.292095265361486070e-09,2.270838920244776118e-09,2.241391086594846847e-09,2.202848097003300739e-09,2.154392607702521448e-09,2.095227996608385155e-09,2.024413607379853499e-09,1.940593249383113947e-09,1.841664722271970834e-09,1.724554811608875937e-09
1.578946378294951645e-09,1.414510929717588871e-09,1.256539438818180251e-09,1.117315673224394664e-09,1.009456078704108307e-09,9.421655164517979711e-10,9.179067606855982370e-10,9.318530311597120754e-10,9.749500670750880414e-10,1.037950325384853658e-09,1.113641090206946102e-09,1.197112912433269596e-09,1.285179350469236299e-09,1.375732581487997088e-09,1.467291655752890112e-09,1.558744901662325782e-09,1.649222464030707626e-09,1.738040324313997640e-09,1.824677473927879185e-09,1.908765281339016278e-09,1.990079299941339248e-09,2.068529947214216661e-09,2.144151459839535413e-09,2.217089729204346218e-09,2.287589950791761919e-09,2.355984982574803371e-09,2.422685145554920958e-09,2.488170021213275215e-09,2.552982642876245730e-09,2.617726349419386926e-09,2.683064468956056600e-09,2.749722922641018613e-09,2.818495782235709504e-09,2.890253776327860615e-09,2.965955723035766830e-09,3.046662871659468722e-09,3.133556172026526101e-09,3.227956567735242255e-09,3.331348544385882616e-09,3.445407376049270322e-09,3.572030824525692128e-09,3.713376476461092094e-09,3.871919565482289756e-09,4.050567172312671272e-09,4.252757577041219698e-09,4.482565913006043766e-09,4.744831904769994727e-09,5.045313433587830560e-09,5.390869080497801483e-09,5.789670669060647711e-09,6.251441594599384275e-09,6.787705490885982290e-09,7.412007400421869895e-09,8.140027387791377532e-09,8.989430827738875142e-09,9.979171444231934376e-09,1.112776106757331270e-08,1.244972511457125867e-08,1.394902986744074599e-08,1.560730909685352372e-08,1.561263224935293133e-08,1.537363223359676224e-08,1.459709144460532341e-08,1.304362925381918650e-08,9.728113021044941321e-09,1.425230567442152638e-08,4.671028732675876008e-09,5.612135286043979280e-09,6.955777543285906270e-09,1.323049387015341300e-08,2.286291705816312966e-08,3.473661509993425240e-08,4.719027932905580997e-08,5.486803570474986811e-08,3.473819005044069699e-08,3.339640553847739009e-08,1.141157519163525033e-08,1.627501734399356022e-08,1.988953499770244507e-08,2.152456571952297260e-08,2.213546096555586914e-08,2.196374482663778864e-08,2.089579305203257964e-08,1.829026094361232929e-08,1.154438982088976397e-08,2.660014204757163570e-08,6.004480257144772962e-09,7.717187140927901414e-09,1.108353407582135410e-08,2.137091780953790881e-08,3.705700185289210167e-08,5.707816511005554633e-08,7.987044590306410997e-08,9.821382815649377727e-08,7.462089675834601379e-08,7.245327426807770397e-08,3.495631561947690074e-08,3.490441537912121635e-08,3.456466310076770529e-08,3.386662972634222590e-08,3.262476128791525619e-08,3.048971619725018951e-08,2.676935235181485942e-08,1.946398451253415348e-08,1.816105527282782194e-09,6.482923306928013751e-08,9.982106407935690036e-09,1.451358980668911231e-10,1.539144873102732250e-09,1.144808983526225606e-08,2.891265619812362199e-08,5.245214217559346802e-08,7.983013162236184492e-08,1.028955026460917220e-07,8.241378039056799909e-08,7.231001875323764332e-08,2.965298598215273099e-08,2.154433870706784936e-08,1.558595217389155544e-08,1.140745360645687410e-08,8.657341470497914278e-09,7.006782066354998843e-09,6.063875138363875433e-09,5.201221583579093425e-09,3.291034566903000059e-09,2.230018968925420296e-08,1.222033630010934590e-08,7.681881479233828429e-09,9.568698271361309125e-09,1.179180135002624745e-08,1.467753486516489302e-08,1.849874464079557875e-08,2.247002054421644693e-08,2.338517828767128281e-08,1.110152630472007650e-08,5.694259262794343322e-08,1.085133581033186655e-08,1.170618215312837232e-08,2.066261169026097211e-08,2.513961507691658220e-08,2.744892157315136967e-08,2.830068775879143635e-08,2.772379229287065497e-08,2.485084495288555474e-08,1.579362119447503970e-08,4.937771832298235475e-08,1.322064469129304456e-08,1.594451152530436654e-09,3.684482145015930692e-09,5.699123135825258316e-09,2.283624091413446444e-08,4.341450953159708457e-08,5.997305736989449577e-08,5.672916874642327234e-08,1.142123152874773857e-08,3.119839821560050034e-07,8.985826113870495731e-08,8.775648268388099127e-09,1.976592430830597577e-08,3.053180388770489364e-08,3.354776002964172605e-08,3.134322156640322163e-08,2.340239840446030807e-08,5.144795036688016895e-09,4.296414294454310127e-08,1.381390641632849344e-07,3.292660008153570171e-08,1.159416277423769978e-08,1.843130398272745868e-08,2.070597328452995570e-08,1.676246899100334751e-08,1.058960605645018255e-08,9.093110338749874195e-09,2.075113869818159351e-08,5.975896944428068496e-08,3.241573167203434109e-07,1.107657960282450301e-07,4.714247521133212837e-08,2.608613897878202726e-08,1.920332111680455605e-08,2.763615935817621199e-10,6.095347247504609298e-10,9.384256595081641328e-10,1.248895459444347358e-09,1.532532205349358781e-09,1.783715181918280389e-09,1.999330134377534847e-09,2.178506770352799605e-09,2.322224146522076049e-09,2.432841719638247714e-09,2.513630265035019080e-09,2.568356259153800745e-09,2.600947437556205691e-09,2.615246202137781777e-09,2.614843968667497794e-09,2.602982712176546197e-09,2.582508001602102220e-09,2.555858777433785314e-09,2.525081497194717241e-09,2.491859046836916989e-09,2.457547424176850304e-09,2.423215383249891223e-09,2.389691956056061456e-09,2.357634456491917789e-09,2.327565546440532104e-09,2.299896002900722908e-09,2.274942048965405747e-09,2.252938161895617085e-09,2.234046310141928948e-09,2.218362544856598567e-09,2.205921801704575145e-09,2.196701661936754095e-09,2.190625684178801581e-09,2.187566752876632170e-09,2.187350704680805516e-09,2.189760297278277780e-09,2.194539389338627043e-09,2.201397016290457495e-09,2.210010885750089876e-09,2.220029691780126488e-09,2.231073573493171123e-09,2.242732042965476987e-09,2.254558812164774668e-09,2.266063205927657867e-09,2.276698316330604229e-09,2.285846792342681261e-09,2.292806194953869970e-09,2.296777114987105985e-09,2.296858489612800851e-09,2.292055204041510757e-09,2.281302213691852753e-09,2.263505943557914210e-09,2.237596755881607367e-09,2.202576044667521493e-09,2.157530168722913191e-09,2.101575440258185041e-09,2.033700388696639217e-09,1.952492991487626458e-09,1.855797621515830484e-09,1.740469680618089113e-09
1.596361471289984432e-09,1.432579375568068185e-09,1.274740038709714729e-09,1.135442209486598649e-09,1.027397451908646474e-09,9.597702056572872984e-10,9.350457913012490446e-10,9.485912155856286365e-10,9.916172486459279673e-10,1.055058746560016693e-09,1.131754683056695932e-09,1.216751860520032709e-09,1.306773736348433664e-09,1.399611085372101887e-09,1.493690219833917835e-09,1.587824781578153692e-09,1.681090935555448846e-09,1.772770081653816335e-09,1.862322744961027554e-09,1.949374038404558091e-09,2.033701757607352885e-09,2.115223934165749800e-09,2.193985369086630106e-09,2.270143707614488418e-09,2.343955871120949926e-09,2.415765600138618582e-09,2.485992703531290332e-09,2.555124444279441741e-09,2.623709349671430657e-09,2.692353617900951967e-09,2.761720200028173269e-09,2.832530562723016074e-09,2.905569078766689799e-09,2.981689949372920430e-09,3.061826536002918375e-09,3.147002972690415887e-09,3.238347951537341905e-09,3.337110631945889433e-09,3.444678734069488802e-09,3.562599052070418379e-09,3.692600879932543461e-09,3.836623191282378803e-09,3.996859740378587610e-09,4.175856476349214095e-09,4.376590230210895147e-09,4.602549130881685658e-09,4.857829658431465898e-09,5.147253558064266798e-09,5.476507858180270608e-09,5.852310549300853502e-09,6.282602377167210858e-09,6.776760485526931488e-09,7.345820493927691036e-09,8.002677633564405535e-09,8.762212576511423250e-09,9.641253637364639851e-09,1.065825017293472205e-08,1.183250550116507431e-08,1.318279840229614411e-08,1.472507470566372897e-08,1.473039053626353415e-08,1.456006652294928141e-08,1.403197978332195075e-08,1.312672212727017754e-08,1.187079149709107769e-08,1.430198553827856698e-08,1.427712243453937683e-08,8.961855822761538648e-09,5.009558402318950104e-09,7.075898466235573355e-09,2.127359623443291114e-08,3.974598415512567241e-08,6.350120940589105250e-08,9.907680755001367999e-08,2.036650172678154196e-08,9.192289866787919487e-09,9.398893461934993936e-09,1.261148797005584638e-08,1.588553375903338491e-08,1.811606804586306552e-08,1.933914211932315017e-08,1.966810838989574659e-08,1.910349395941472839e-08,1.750144562436749886e-08,1.469741277126353219e-08,2.003484503560428941e-08,2.294886213883484922e-08,6.982127996745298589e-09,3.216474883866553599e-09,1.283468827533346125e-08,3.537672340171456103e-08,6.538589114057276966e-08,1.072200253974552299e-07,1.767055357978573658e-07,9.966094844122998543e-09,2.632054607919451879e-08,2.697444945081108272e-08,2.828844416928321795e-08,2.926547908882975618e-08,2.954529580557448515e-08,2.893165855277716637e-08,2.719430788017008427e-08,2.394496772353017985e-08,1.854377294736781541e-08,1.066277501610307770e-08,1.918144905620975061e-08,5.937813425955999898e-08,1.186113985259073651e-08,1.646100318975338816e-08,2.463808289601046683e-09,2.358412858177193626e-08,5.983783812000874385e-08,1.097055275988455385e-07,1.880973622076795710e-07,2.006417871634299705e-08,2.290509614091535228e-08,1.917052822419304626e-08,1.527031708639135418e-08,1.192830575140636092e-08,9.336058312951215234e-09,7.485419785541106567e-09,6.251665671948994819e-09,5.405866729275322553e-09,4.643385268970095463e-09,3.826774766343977458e-09,5.338824141342834472e-09,2.136265269631415028e-08,4.529111362108519101e-09,8.448758257990779734e-09,1.000499326208015849e-08,1.287591521844324747e-08,1.854105678558893411e-08,2.707269742881183541e-08,3.976210558273022529e-08,1.601881778875394111e-08,2.454150554480436215e-09,1.573115582729710910e-09,9.219596458618368740e-09,1.612149501428557944e-08,2.063065108767077788e-08,2.331071060876647980e-08,2.458582537252997691e-08,2.463543367740372474e-08,2.341728774980710025e-08,2.100697175474461621e-08,2.531780544192358765e-08,5.821882548755475901e-08,4.194850924273132625e-08,3.627368349780843571e-08,1.879933225311865221e-08,9.539059254620174410e-09,4.422114433651679545e-08,7.922648033672949604e-08,1.048529423309685891e-07,1.146767458738364213e-07,3.753932404448470154e-08,4.348210622504989029e-08,1.609696526186043474e-08,4.289832363169390524e-09,1.541756259785328336e-08,1.994329416885344357e-08,1.904376390041704214e-08,1.272768116264043975e-08,9.978210533549801450e-10,1.961321959051351440e-08,1.662608977270454645e-09,1.283429666239345363e-07,9.467495873567948692e-09,4.533894620158064877e-08,4.995764601198826515e-08,3.880370973638519661e-08,2.178254951160921278e-08,1.244726368742968388e-08,3.106236481190811291e-08,1.134127449668286141e-07,5.804223355921342424e-08,6.855501531964619536e-08,5.084327182651846879e-08,3.822946269064409559e-08,3.252099068651924485e-08,2.978212717858717579e-10,5.839083996273993981e-10,8.686934541832154047e-10,1.140048045652524202e-09,1.390915064560345676e-09,1.616467448670467552e-09,1.813771450626601391e-09,1.981604094010230425e-09,2.120203295085104968e-09,2.230958080374139214e-09,2.316081072102266022e-09,2.378301166877497813e-09,2.420600767357038015e-09,2.446008377588475418e-09,2.457447116469320610e-09,2.457633355074261872e-09,2.449016653508295545e-09,2.433751486057404927e-09,2.413691959199366312e-09,2.390402117704756059e-09,2.365176013161474483e-09,2.339063196794626501e-09,2.312904043034134832e-09,2.287386610808115229e-09,2.263076848186697504e-09,2.240436836225686281e-09,2.219838935622882687e-09,2.201576406913350827e-09,2.185871174981021150e-09,2.172879440796667610e-09,2.162695826815789968e-09,2.155356684346446157e-09,2.150843094823259031e-09,2.149083966453638373e-09,2.149959468497277736e-09,2.153304866455482251e-09,2.158914633313061106e-09,2.166546527485973724e-09,2.175925158599684863e-09,2.186744421398760432e-09,2.198668082084423950e-09,2.211327771491719573e-09,2.224317710148447033e-09,2.237185710595345795e-09,2.249420438276793948e-09,2.260435637947009393e-09,2.269553099255271139e-09,2.275987510963313436e-09,2.278837814617604585e-09,2.277090670344429248e-09,2.269641230776204295e-09,2.255333309414826345e-09,2.233014104479991575e-09,2.201587825304560223e-09,2.160039878504628473e-09,2.107393392383347335e-09,2.042560062724141385e-09,1.964067993720841783e-09,1.869707861387105506e-09,1.756268512082801239e-09
1.613776873203143908e-09,1.450812537442464067e-09,1.293303554155775421e-09,1.154170286406289433e-09,1.046220013548029084e-09,9.785704861109193332e-10,9.537122652469631121e-10,9.671814265881510038e-10,1.010433775201974715e-09,1.074576007107609789e-09,1.152493164381124511e-09,1.239183985282905824e-09,1.331278850752156182e-09,1.426466607942780446e-09,1.523083115970776890e-09,1.619871856465100236e-09,1.715860762631375454e-09,1.810302611027996996e-09,1.902644865294419654e-09,1.992510771373593063e-09,2.079683527530522392e-09,2.164090669463027853e-09,2.245788232660543030e-09,2.324945152716611704e-09,2.401828564068579209e-09,2.476790588569442444e-09,2.550257059940418981e-09,2.622718486088911301e-09,2.694723426595290843e-09,2.766874361378653205e-09,2.839826041197890128e-09,2.914286240152321665e-09,2.991018769269337693e-09,3.070848560714295476e-09,3.154668594476250197e-09,3.243448418001758697e-09,3.338244010624501634e-09,3.440208777662318930e-09,3.550605534045863778e-09,3.670819466666189434e-09,3.802372256075191888e-09,3.946937796569978691e-09,4.106372866079617110e-09,4.282795371255021575e-09,4.478639670211209540e-09,4.696708642980971724e-09,4.940236580342385315e-09,5.212965931873265792e-09,5.519242022809813801e-09,5.864131382374821931e-09,6.253571636862290742e-09,6.694564662038739407e-09,7.195431294830232261e-09,7.766158568801107199e-09,8.418896227410114367e-09,9.168713493479856924e-09,1.003484230112226030e-08,1.104287891263985855e-08,1.222894916962448054e-08,1.364807202340892080e-08,1.365338286775458185e-08,1.356507124114492376e-08,1.332664666191484009e-08,1.308181076175168317e-08,1.322120263069983712e-08,1.479004480392594458e-08,1.382491536522183557e-08,2.240371770179801700e-08,1.589982710754440293e-08,5.113439245284667923e-09,1.245096636652788935e-08,3.055727346738086684e-08,5.254550923908743570e-08,9.846514506977131998e-08,3.982619498376583902e-09,4.508577871354304746e-09,6.291036587361805178e-09,9.398848345504844907e-09,1.262372025285055910e-08,1.512573931811542469e-08,1.674801355537617338e-08,1.754835284839523009e-08,1.764750903918428603e-08,1.727617259058012748e-08,1.706595205786168752e-08,1.890314686286364312e-08,2.031639754303391658e-08,2.927846399165740197e-08,1.995102333064304833e-08,3.774059808248622354e-09,2.032730034101923020e-08,4.732926448882163317e-08,8.169488708924846527e-08,1.618721132413299518e-07,1.186115564813866523e-08,1.351825604454763444e-08,1.756386566065664261e-08,2.113635646989715807e-08,2.366610638097988423e-08,2.505370609234445120e-08,2.529987550265259940e-08,2.440675634878694529e-08,2.239295740840369219e-08,1.946304450491281386e-08,1.660124126734757477e-08,1.697133364078582162e-08,2.516759254436156216e-08,4.655653124362446065e-08,3.997338920746358614e-08,2.125392248025718373e-08,6.493812102860632697e-09,4.122569869470316841e-08,8.510776877928656623e-08,1.792288089720788477e-07,9.843946920120174080e-09,7.812061981600555750e-09,8.241151814341165677e-09,8.014650858125370021e-09,7.250638786981210024e-09,6.359870727178347991e-09,5.591874508630984732e-09,5.021058545921260475e-09,4.606740454333305885e-09,4.289600245512024705e-09,4.179047717636552810e-09,4.806240065904283276e-09,6.169992143274670041e-09,1.154768744297019137e-08,1.045486311443634087e-08,8.099862683590451205e-09,8.022942570943540605e-09,1.308429038951523244e-08,2.190145191796472062e-08,4.162430849196240189e-08,7.218255002609664783e-10,4.863655644304102951e-10,3.199365738723457999e-09,8.443223254581815379e-09,1.341818382135890238e-08,1.719573262828180945e-08,1.971715099012157317e-08,2.118962365013061492e-08,2.191574928033084973e-08,2.235416226088064027e-08,2.345935745327247287e-08,2.749947072455210339e-08,2.655190984084267090e-08,6.825633315724015510e-08,6.105166743801129127e-08,4.049833692445043942e-08,7.866310755652952030e-09,3.431447158110030956e-08,8.206876838809821185e-08,1.483317630283226591e-07,2.315776330089272670e-08,3.089336417876772063e-08,2.884192166680139494e-08,1.569041993979831954e-08,2.741853368297509185e-09,6.436322468692040924e-09,1.102998507041447295e-08,1.146207515524410204e-08,8.059528037403963273e-09,1.609815885555926894e-09,6.278052930962269827e-09,8.017067728637846454e-09,1.826809231313198837e-08,6.583287541281221500e-08,7.915521190327153517e-08,7.283472009973191589e-08,5.148680679479416961e-08,2.069882504559871779e-08,1.355440278328199110e-08,3.084571233849537403e-08,3.373773738206111248e-08,4.637547693131647384e-08,5.202550997566128393e-08,4.756933327745864277e-08,4.207630579470817547e-08,3.895516383887308457e-08,3.186448660561236896e-10,5.659652859279907135e-10,8.140901962127714426e-10,1.052527649366745016e-09,1.275253324296543212e-09,1.478101786201149468e-09,1.658381698285378191e-09,1.814725448011597389e-09,1.946921977171154248e-09,2.055708811993050741e-09,2.142542993109579760e-09,2.209375633260168445e-09,2.258449113696129345e-09,2.292127899444662552e-09,2.312766824556303099e-09,2.322615569579555989e-09,2.323754995160052401e-09,2.318059624750304407e-09,2.307180368642107836e-09,2.292542081634612067e-09,2.275351381010235218e-09,2.256611078502394443e-09,2.237145423303998982e-09,2.217647226741241280e-09,2.198701858485660890e-09,2.180801220715204979e-09,2.164354743809577724e-09,2.149697723578704594e-09,2.137097452242924226e-09,2.126757663919795225e-09,2.118821835967234218e-09,2.113375865757929549e-09,2.110450580002012929e-09,2.110024433131601373e-09,2.112026616234721035e-09,2.116340636170346612e-09,2.122808245685063924e-09,2.131233422419817854e-09,2.141385917688322811e-09,2.153003741243273577e-09,2.165793829933209430e-09,2.179430089002489642e-09,2.193548029430885523e-09,2.207735403704363610e-09,2.221518639307985391e-09,2.234345569408504399e-09,2.245566042119953347e-09,2.254413455290347073e-09,2.259991934651894900e-09,2.261275231274427162e-09,2.257123472719394425e-09,2.246321248847268953e-09,2.227633749711064618e-09,2.199866382066427635e-09,2.161899271711899500e-09,2.112656168451074236e-09,2.050965444684239390e-09,1.975290559509331063e-09,1.883367484448250830e-09,1.771922932897318632e-09
1.631163209610391738e-09,1.469181169401782493e-09,1.312200004445631204e-09,1.173466215841683027e-09,1.065882574802178969e-09,9.985148519918380870e-10,9.738435640297641653e-10,9.875500055539712194e-10,1.031313435043677336e-09,1.096399376213275710e-09,1.175732069733079725e-09,1.264258330529049563e-09,1.358514077064775936e-09,1.456087675630754134e-09,1.555228621225955565e-09,1.654616110249474634e-09,1.753236412613469049e-09,1.850319993631610162e-09,1.945306669783365150e-09,2.037822004190985554e-09,2.127657451934716812e-09,2.214751619042677622e-09,2.299172162902659217e-09,2.381098643114189545e-09,2.460806797904169295e-09,2.538654659500894307e-09,2.615070800257802412e-09,2.690544882264279459e-09,2.765620579932151243e-09,2.840890858452207146e-09,2.916995513827868255e-09,2.994620811982470929e-09,3.074501000204691623e-09,3.157421406570578576e-09,3.244222792657515426e-09,3.335806586128862759e-09,3.433140597061915036e-09,3.537264825509275387e-09,3.649297000579913660e-09,3.770437566318704845e-09,3.901973946531000488e-09,4.045284078292532840e-09,4.201851633582816547e-09,4.373323538885045322e-09,4.561540050957809350e-09,4.768556038851213697e-09,4.996666431123044809e-09,5.248438386933383582e-09,5.526754732050744050e-09,5.834876692660839394e-09,6.176540123049689157e-09,6.556110332332796606e-09,6.978839979511673696e-09,7.451308951520381193e-09,7.982186483581190939e-09,8.583565156470794534e-09,9.273312203337682023e-09,1.007923861745172132e-08,1.104655045000607421e-08,1.225135768414973536e-08,1.225666404106893402e-08,1.221666138021008343e-08,1.213346026588286914e-08,1.216817032470733220e-08,1.265647383937290360e-08,1.420665333401469225e-08,1.770161198855900424e-08,2.031064183638252412e-08,1.441425285559208465e-08,4.392543683924309090e-09,1.264366097736425885e-08,2.985105146642644818e-08,4.854255179837699161e-08,5.170034109093825055e-08,1.850171927802542825e-08,6.520100413173304113e-09,2.999215994266070306e-09,6.311031801248805765e-09,9.812117212496754936e-09,1.251685172861753212e-08,1.437850176932457700e-08,1.548541064896210876e-08,1.600868814372071014e-08,1.624817346784523803e-08,1.675683594230970739e-08,1.848886404840659686e-08,2.250940821545933829e-08,2.628266139149444166e-08,1.775196897524241391e-08,2.900931378324999973e-09,2.069997907997461748e-08,4.638374861351014530e-08,7.507110060789531321e-08,7.804026110211940037e-08,2.367455972889015194e-08,3.735444498511822941e-09,8.107016523038261891e-09,1.433888028447815444e-08,1.838031457298668085e-08,2.079282080512020706e-08,2.187354287179644593e-08,2.183457007155748422e-08,2.092763479992344931e-08,1.959968688812703124e-08,1.872287679631238125e-08,1.969778238227501060e-08,2.330657366541169046e-08,4.170596695953249382e-08,3.660868727649068826e-08,1.899238969569888489e-08,7.464244982345113821e-09,4.044921641554009320e-08,7.776439908589463219e-08,8.622141525691030568e-08,2.920872892586934405e-08,1.002221051868760280e-08,2.347630316636409695e-09,1.408968395907076055e-09,2.720710849397337370e-09,3.269910032086979851e-09,3.483194926691382275e-09,3.582664509069229639e-09,3.656529922974302471e-09,3.750594717921949737e-09,3.962986047308523201e-09,4.540215212848489317e-09,5.886265443602288991e-09,1.031874817844936135e-08,9.862447342372890565e-09,7.890237517919052588e-09,8.083151651836947963e-09,1.288519769681029004e-08,2.023726118978492001e-08,2.164737862868221986e-08,7.362612289590538297e-09,2.287524589033454707e-09,3.794660641748231089e-09,7.723371492028521689e-09,1.144177812949175614e-08,1.438834706229177997e-08,1.644424044809263360e-08,1.775509141735093575e-08,1.867378585967787856e-08,1.980379569191023903e-08,2.214199033283413956e-08,2.726066144111532964e-08,3.718370548151017179e-08,6.157581143626287448e-08,5.664279472472852350e-08,3.733231203410363747e-08,6.494711442741990000e-09,3.317042348621414792e-08,7.538290381681864637e-08,9.579185699331448722e-08,4.780699765082161132e-08,3.291032070410726561e-08,2.423976113110666852e-08,1.457781002118503407e-08,5.397220804129177616e-09,1.662863118665991378e-09,5.880847554395437658e-09,7.299939883255884019e-09,6.310567855074880229e-09,3.830237754622693793e-09,1.674791698482118704e-09,2.173864632173303658e-09,4.820819770404233151e-09,5.883839248493391916e-08,7.389013022168663125e-08,6.862976568343412621e-08,4.881967143773710539e-08,2.010303771773934999e-08,1.215772342153045413e-08,3.776108928760174065e-08,3.505436382337959588e-08,3.998611799831455274e-08,4.367219194943297071e-08,4.356912364065699675e-08,4.199408522384214383e-08,4.081787656404679220e-08,3.387045434392756823e-10,5.538094054005736991e-10,7.711783359423740381e-10,9.817016574967339005e-10,1.180161066100805006e-09,1.362935541271975103e-09,1.527587146491875134e-09,1.672720436578043229e-09,1.797861608261379438e-09,1.903315030973768171e-09,1.990001684929916206e-09,2.059294076514984896e-09,2.112861300274638524e-09,2.152533692049390330e-09,2.180191906536749587e-09,2.197681450137966128e-09,2.206751071164664166e-09,2.209011897919353098e-09,2.205913587086571399e-09,2.198733722632084928e-09,2.188577045426500397e-09,2.176381604852234007e-09,2.162935980622559971e-09,2.148918171147871479e-09,2.134914209689587200e-09,2.121428319039587211e-09,2.108890980230301523e-09,2.097665063060430305e-09,2.088050309646998995e-09,2.080286549615132502e-09,2.074556069517665182e-09,2.070985563262335993e-09,2.069648053815698947e-09,2.070565100740245073e-09,2.073709494744380296e-09,2.079008494880493345e-09,2.086347495315071074e-09,2.095573827847290511e-09,2.106500225063246006e-09,2.118907300754811453e-09,2.132544265233612384e-09,2.147127005392013718e-09,2.162332655782367954e-09,2.177789922506201166e-09,2.193064771653863494e-09,2.207641758050618214e-09,2.220902349141689249e-09,2.232103133276805128e-09,2.240358662705779885e-09,2.244635392377774671e-09,2.243763742625325916e-09,2.236473201573802124e-09,2.221448915031071221e-09,2.197396575535560595e-09,2.163087119577532200e-09,2.117338731281665052e-09,2.058889550919270601e-09,1.986132899005750555e-09,1.896748268701816995e-09,1.787404211591314954e-09
1.648490752996691718e-09,1.487655680654053362e-09,1.331399020068953312e-09,1.193295693648944562e-09,1.086342729439025295e-09,1.019549278341874439e-09,9.953722533770528838e-10,1.009615354552106268e-09,1.054158808275251992e-09,1.120412246143624794e-09,1.201331496018727485e-09,1.291808295506056549e-09,1.388284342759375867e-09,1.488250816891126699e-09,1.589876510422859132e-09,1.691783286366018861e-09,1.792922884213154966e-09,1.892509918487531856e-09,1.989981840568806731e-09,2.084970431077594385e-09,2.177277923372756147e-09,2.266855251436592593e-09,2.353781845448849668e-09,2.438247088888156755e-09,2.520533703790631383e-09,2.601003290888765437e-09,2.680084160791341809e-09,2.758261503214425110e-09,2.836069861164228904e-09,2.914087805348147765e-09,2.992934635738448940e-09,3.073268870655591723e-09,3.155788216542271559e-09,3.241230645267062977e-09,3.330376142783092599e-09,3.424048634815064127e-09,3.523117548608225373e-09,3.628498437872499851e-09,3.741152087185717373e-09,3.862081525028647783e-09,3.992326408783755750e-09,4.132954293087173047e-09,4.285060175702741775e-09,4.449802693579488720e-09,4.628408072039819977e-09,4.822159100429503964e-09,5.032380427426087730e-09,5.260421374287977344e-09,5.507639715023201889e-09,5.775394186952601793e-09,6.065061492772783820e-09,6.378108033312232306e-09,6.716272291383799211e-09,7.081958439054513013e-09,7.479017660677455965e-09,7.914219315439988890e-09,8.399914918549689132e-09,8.958704843466127210e-09,9.631358008314755313e-09,1.048980381296513656e-08,1.049510485044606229e-08,1.045748884071910145e-08,1.037148038834448912e-08,1.034889949842967862e-08,1.056127054222103185e-08,1.115608525004647000e-08,1.193303971084021132e-08,1.135992546105914079e-08,7.107860587593230576e-09,2.760402318733598989e-09,1.134123424206674716e-08,2.175736938052977592e-08,3.003533808112995967e-08,2.969504774533528704e-08,1.748570089720563581e-08,8.195767144081331267e-09,2.391656594272178483e-09,4.103971772470187616e-09,7.613334246745464417e-09,1.033568185334530472e-08,1.224562059548454753e-08,1.343569850524623109e-08,1.405982434349145931e-08,1.434703957570630800e-08,1.460244016228285241e-08,1.510177520814441334e-08,1.563756660156615891e-08,1.437020847956434010e-08,7.707556506694413568e-09,4.434276622721391493e-09,1.885314114547389398e-08,3.435479658717163003e-08,4.644390729386605283e-08,4.460757189738347453e-08,2.408585825517610590e-08,8.551950683872856891e-09,2.614609313494560526e-09,9.347206026702676018e-09,1.408171799146307032e-08,1.710588524492534134e-08,1.875854920002911476e-08,1.931991484553546183e-08,1.910697226852453666e-08,1.856105049629295481e-08,1.830519679197092241e-08,1.906613320575241539e-08,2.132705752660551642e-08,2.548056025836812761e-08,2.128533746307371950e-08,9.320719072894589348e-09,8.295193243375228321e-09,2.850634929035652440e-08,4.593316788129658345e-08,4.816891667787378979e-08,2.935113350284956817e-08,1.602962657781952446e-08,8.310872231325074760e-09,4.125258369425070450e-09,2.122240520670173196e-09,1.622132459082586245e-09,1.843276044060839118e-09,2.203514815894607432e-09,2.590439139606365318e-09,3.010362244607934491e-09,3.487029550496255391e-09,4.084493731070198104e-09,4.958136022330341138e-09,6.977994496553045329e-09,7.224616603420424475e-09,6.680317269927340438e-09,7.214617715849985885e-09,9.631870429188849533e-09,1.229416915522927462e-08,1.179177989449333289e-08,6.372645267704449034e-09,3.016262690558444390e-09,4.198702496309079945e-09,7.129815472423212760e-09,9.857878410855895806e-09,1.195232350810000135e-08,1.330990033804173136e-08,1.405323924431883538e-08,1.452722835283964071e-08,1.531609809373402362e-08,1.724096567847482418e-08,2.123234330809219185e-08,2.786144925199698166e-08,3.630521301069726999e-08,3.435720915255058581e-08,2.282040892094294075e-08,3.650342850437296175e-09,2.013373240040216287e-08,4.196463131245786495e-08,5.076244891412562504e-08,3.765586641121458413e-08,2.750435199758400960e-08,1.974317074546957232e-08,1.246073010659897879e-08,5.780566751994684653e-09,3.797602643494689062e-10,3.329335039310979471e-09,5.281037337748492060e-09,5.832205668546037764e-09,5.783890491107495456e-09,6.483644245416387363e-09,9.795481625921948493e-09,1.813595647127049740e-08,3.876504492604028703e-08,4.858082240375369898e-08,4.641097343485934243e-08,3.440640398340828579e-08,1.625669409829007674e-08,5.197468533900409819e-09,2.068795020990785725e-08,2.768709195866691099e-08,3.340440000243932353e-08,3.749586803000246087e-08,3.942617568257393482e-08,3.995501914525963777e-08,3.997866667827912532e-08,3.579633706897385996e-10,5.460605843851285210e-10,7.374057891624296911e-10,9.240828631116437736e-10,1.101519683470063986e-09,1.266542020258163229e-09,1.416952257453435655e-09,1.551389897447976713e-09,1.669236091632271234e-09,1.770510693862096656e-09,1.855756542488857530e-09,1.925918127162176219e-09,1.982223735159369991e-09,2.026078459738212497e-09,2.058972711574952972e-09,2.082408240103182577e-09,2.097841610733755321e-09,2.106643703977742011e-09,2.110073039985340531e-09,2.109260442607485162e-09,2.105202593880061360e-09,2.098762257508859182e-09,2.090679335145248466e-09,2.081602969848365927e-09,2.072105661697092853e-09,2.062690148955403322e-09,2.053794886221870197e-09,2.045798157353302640e-09,2.039021001703188626e-09,2.033729226671407275e-09,2.030134836003973955e-09,2.028397224035539345e-09,2.028624469444283758e-09,2.030875006017943249e-09,2.035159853292746061e-09,2.041445459438949713e-09,2.049657050355671971e-09,2.059682201772614493e-09,2.071374166490906921e-09,2.084554309399305753e-09,2.099012844634029582e-09,2.114506952812022651e-09,2.130755315090477954e-09,2.147428189388318444e-09,2.164132451303958012e-09,2.180391639210498726e-09,2.195622100709648753e-09,2.209107917825131935e-09,2.219979313796248276e-09,2.227201296776276895e-09,2.229580393193877467e-09,2.225795834052438617e-09,2.214455525987371627e-09,2.194165317140569302e-09,2.163583565702312475e-09,2.121416805932032410e-09,2.066305684222434282e-09,1.996567189746234178e-09,1.909821777862504082e-09,1.802683315087385640e-09
1.665729499842645268e-09,1.506206214481013758e-09,1.350869918823951792e-09,1.213623905434722824e-09,1.107557068985046313e-09,1.041617686856548252e-09,1.018226975221513980e-09,1.033289384758137669e-09,1.078863329461914753e-09,1.146486836215946714e-09,1.229139458467608242e-09,1.321655615941272572e-09,1.420384633518898040e-09,1.522725460257299920e-09,1.626773153596089058e-09,1.731099991903413629e-09,1.834630638318630769e-09,1.936570284069550428e-09,2.036359050305607972e-09,2.133638495623480461e-09,2.228223810837197975e-09,2.320079231087571070e-09,2.409295921038139757e-09,2.496072216255029122e-09,2.580696263418132263e-09,2.663531095518577539e-09,2.745002125979838643e-09,2.825586989409522902e-09,2.905807600467495576e-09,2.986224247226182333e-09,3.067431474920712339e-09,3.150055452393772986e-09,3.234752443045275283e-09,3.322207928797115948e-09,3.413135859291180482e-09,3.508277423360910818e-09,3.608398667467146638e-09,3.714286220048218547e-09,3.826740323482907393e-09,3.946564323795607865e-09,4.074549716628421078e-09,4.211455778286830857e-09,4.357994098500668786e-09,4.514843988192092840e-09,4.682630737204956274e-09,4.861882232713531231e-09,5.052972898400239591e-09,5.256053624967338131e-09,5.470967945729180002e-09,5.697158215833732101e-09,5.933572589791452023e-09,6.178596932336998145e-09,6.430060080899237110e-09,6.685403535658005450e-09,6.942178790437096604e-09,7.199151696205704359e-09,7.458467073564242024e-09,7.729554641271454398e-09,8.035674152839507043e-09,8.423978986233611699e-09,8.429273420688430705e-09,8.357996166210859720e-09,8.160517098811532712e-09,7.910094406764879593e-09,7.692857136190899375e-09,7.518999071527474595e-09,7.139766564803097458e-09,5.835498420892014567e-09,2.921912464255132972e-09,3.230757829743256548e-09,9.093825958869995195e-09,1.509862148832518130e-08,1.906401016225328145e-08,1.849823833561528645e-08,1.305241652336502047e-08,7.081123043198829380e-09,2.167596069546517574e-09,2.874649221865914356e-09,6.098182789545895988e-09,8.621952739618939600e-09,1.038961953025472336e-08,1.145636155526329937e-08,1.192630875451249395e-08,1.194480010529630468e-08,1.166238632620682172e-08,1.112149587990132599e-08,1.001465902650987255e-08,7.407378861226070682e-09,2.215604127297546421e-09,6.098691508180954212e-09,1.550563404017920222e-08,2.448929002834126407e-08,3.002673261373795352e-08,2.822417624213178447e-08,1.872694047235907039e-08,8.624612673236632587e-09,8.254213366872157853e-10,6.348634301982871406e-09,1.101078271260634538e-08,1.417047118840392223e-08,1.604507410074114841e-08,1.686579482139632461e-08,1.691313776719247328e-08,1.654772770479780098e-08,1.619662493439923280e-08,1.623101751639797106e-08,1.666670899559812479e-08,1.665698366571931398e-08,1.294070751873516535e-08,4.955353786099164280e-09,6.227182094774740855e-09,1.829012463155895572e-08,2.758765235605637107e-08,2.938334192779905613e-08,2.291398857449074145e-08,1.585903067948360284e-08,1.053581040383456940e-08,6.974421038951386109e-09,4.673073535282628181e-09,3.149712436495399512e-09,2.084433833875936231e-09,1.423141001079444661e-09,1.473189447300633370e-09,2.176215409228337458e-09,3.098228248619906867e-09,4.045519643668246943e-09,4.991677880806010103e-09,5.982803386467673326e-09,6.169564373307261412e-09,5.864985819310626872e-09,5.895742861857928795e-09,6.655209662004546846e-09,7.349044248647971839e-09,6.609243307474443343e-09,4.243948856863702418e-09,3.117261749371672972e-09,4.584379083564131297e-09,6.748360270383338464e-09,8.611534040562645920e-09,9.835800008432322478e-09,1.030529059937955527e-08,1.010118017056332881e-08,9.530185381694500830e-09,9.142127473674402297e-09,9.676553928591869742e-09,1.184106070673896876e-08,1.578371307977408121e-08,2.010790364463847370e-08,2.039735956939263924e-08,1.520421165552573242e-08,4.956733720651445400e-09,8.125334492261997398e-09,2.003015577100957084e-08,2.575434496695246130e-08,2.315906834302093182e-08,1.869874377834016509e-08,1.404793395587527108e-08,9.293770898603125344e-09,4.699339008266600801e-09,7.530022110324587232e-10,2.418795420676760537e-09,4.468887677079520009e-09,5.736992966921937125e-09,6.794960529882787636e-09,8.559299491344754560e-09,1.215598003265769777e-08,1.861019873704511634e-08,2.807557567864924232e-08,3.346554125466445183e-08,3.233382609625089590e-08,2.500206127185052676e-08,1.341168297191124542e-08,2.419839113797330341e-09,1.226360801315130877e-08,2.069131314494810643e-08,2.724443994411865594e-08,3.209904312281659990e-08,3.522360060385814908e-08,3.693757233904642283e-08,3.766647281303310381e-08,3.764382890728922757e-10,5.417042014555523929e-10,7.108548845760654144e-10,8.770163887489884653e-10,1.036149339676475953e-09,1.185447931610573755e-09,1.322931981811483181e-09,1.447307062369361023e-09,1.557882785355620558e-09,1.654495157283334112e-09,1.737421780428328858e-09,1.807291872377826549e-09,1.864996577304235483e-09,1.911604926049490587e-09,1.948289378411634376e-09,1.976263178699374352e-09,1.996730244124434436e-09,2.010847168144610256e-09,2.019696182076650480e-09,2.024267524660333292e-09,2.025449539070694313e-09,2.024024864580343840e-09,2.020676912707592704e-09,2.016016503412628282e-09,2.010592328200207209e-09,2.004895127076072864e-09,1.999360964168025533e-09,1.994373576141916541e-09,1.990265898164734716e-09,1.987320965035588801e-09,1.985772446386747093e-09,1.985805105656244775e-09,1.987555469616285383e-09,1.991112954694875607e-09,1.996521617472139592e-09,2.003782579967837354e-09,2.012857031964146382e-09,2.023669540012469666e-09,2.036111206038843935e-09,2.050042029919634679e-09,2.065291653889295002e-09,2.081657523494643847e-09,2.098899420840897502e-09,2.116729365677844686e-09,2.134796119733566566e-09,2.152664088436520808e-09,2.169787433336344222e-09,2.185481807974583112e-09,2.198898290744601889e-09,2.209006461024397380e-09,2.214595204055569250e-09,2.214299036019552256e-09,2.206652291858445802e-09,2.190161696220199781e-09,2.163370261789945708e-09,2.124866998139972102e-09,2.073187523697116079e-09,2.006565641108741359e-09,1.922559414380221698e-09,1.817730967927188645e-09
1.682849250588019126e-09,1.524802727640198582e-09,1.370581776916808246e-09,1.234415617826779078e-09,1.129481366426188305e-09,1.064662353316249429e-09,1.042333254664353870e-09,1.058478870385046144e-09,1.105313258488145892e-09,1.174486789719770352e-09,1.258995079516489252e-09,1.353614061870597749e-09,1.454604065512078292e-09,1.559278209367061769e-09,1.665665809010951770e-09,1.772297832898479973e-09,1.878079422953283864e-09,1.982212588026226374e-09,2.084144817679163398e-09,2.183530633001564151e-09,2.280200022118987056e-09,2.374131239172386040e-09,2.465427000567574227e-09,2.554293703525459298e-09,2.641023476510988819e-09,2.725978908375007858e-09,2.809580294750490379e-09,2.892295218526255147e-09,2.974630250482859002e-09,3.057124517360239356e-09,3.140344832621310280e-09,3.224882025501309044e-09,3.311348031278371922e-09,3.400373226921406259e-09,3.492603409761188622e-09,3.588695726008139717e-09,3.689312761560957482e-09,3.795113910425459504e-09,3.906743035038652568e-09,4.024811320373621320e-09,4.149874087827553722e-09,4.282400149856806830e-09,4.422742952949266235e-09,4.571137027407295221e-09,4.727652639181831189e-09,4.892122115677088555e-09,5.064043936856297594e-09,5.242459706282072810e-09,5.425799103598888870e-09,5.611688978479529218e-09,5.796725998448638546e-09,5.976219742291992518e-09,6.143928432436033809e-09,6.291838778816604399e-09,6.410094710957769509e-09,6.487272184729857483e-09,6.511347523458577772e-09,6.471926015335081080e-09,6.364547124790608557e-09,6.197953359783239969e-09,6.203240382003824573e-09,6.074041319471927001e-09,5.699289670397490529e-09,5.144734646684862465e-09,4.498089941609571738e-09,3.819140736519972266e-09,3.054215392257304510e-09,1.983159099550592078e-09,1.016693390401504305e-09,3.258987200280220326e-09,6.685948107618733249e-09,9.977055640761477132e-09,1.194107769562745791e-08,1.151963616878165916e-08,8.719904281801590365e-09,4.979197312933655746e-09,1.352524625750461291e-09,2.413778365684071717e-09,5.198335343906661520e-09,7.373432740353254975e-09,8.858224091851823571e-09,9.651347297001653644e-09,9.801836720811223890e-09,9.399599216255225079e-09,8.548069964424598671e-09,7.298119543154126985e-09,5.538112414311958323e-09,2.916016658262029052e-09,1.097070315894791951e-09,6.256576587941299892e-09,1.206341195936913402e-08,1.717239893474289229e-08,1.983977385148219766e-08,1.849482498139867835e-08,1.330345165250924506e-08,6.744385433589960367e-09,4.873195842225795131e-10,4.917265422472898820e-09,9.074411581033772180e-09,1.201593959764363587e-08,1.380446905900056931e-08,1.457001703477353266e-08,1.451376529553621554e-08,1.391485218648509308e-08,1.310927717515867513e-08,1.239718128182255052e-08,1.183454881073674135e-08,1.092083220945213671e-08,8.385299421150935264e-09,3.604360598376215026e-09,3.057199245037298398e-09,1.016688858083771612e-08,1.572588810467434179e-08,1.777993478735176666e-08,1.622162002619123405e-08,1.338129598059859047e-08,1.063216042874761037e-08,8.379936415132555455e-09,6.574098973731309624e-09,5.027036324614163785e-09,3.555295553390929463e-09,2.039310444904094487e-09,5.806690386434189210e-10,1.491581935704769224e-09,3.157029757162530173e-09,4.638836103623254649e-09,5.711573659045975918e-09,6.202088829529763944e-09,5.927761367348808292e-09,5.194160625932361977e-09,4.495686945186118689e-09,4.137143516741709935e-09,3.897974376810848165e-09,3.317983464295368037e-09,2.751508009042797111e-09,3.454491722271235241e-09,5.030896939311096776e-09,6.619422336703417625e-09,7.757661473649156078e-09,8.147533721987381984e-09,7.613814328905968698e-09,6.154038238057605383e-09,4.026412675075525292e-09,1.958150749118424545e-09,1.569506179485212452e-09,2.003117450028222182e-09,3.408746299301026489e-09,7.366449774328271712e-09,1.118622859261511359e-08,1.208159051536123904e-08,9.013813667130796174e-09,3.087991615711638020e-09,3.649667393004201313e-09,8.162750475553482585e-09,9.704842279573040370e-09,9.419466223935959505e-09,7.962515833527851443e-09,5.655302006678169386e-09,2.898413537706242817e-09,5.768996645185750932e-10,2.450705890963530791e-09,4.284360373468578488e-09,5.643769963758474684e-09,6.857629813717167908e-09,8.500313516183521364e-09,1.122181358163412835e-08,1.539387427725375080e-08,2.042814572980720635e-08,2.364123775678361085e-08,2.327896398647556520e-08,1.900841594066857215e-08,1.167383805066717212e-08,3.069099205094577510e-09,6.862221226208597197e-09,1.490035654936997268e-08,2.179992907243852618e-08,2.724990206279477201e-08,3.112640110553682019e-08,3.353347166218826367e-08,3.467181932773353094e-08,3.941757966387305733e-10,5.399864500296999397e-10,6.900676087688905295e-10,8.384589918987244053e-10,9.815721450417923638e-10,1.116908208629431116e-09,1.242679164122672386e-09,1.357669597117523930e-09,1.461162705691235032e-09,1.552878452682104640e-09,1.632909540636422338e-09,1.701653729202228638e-09,1.759745249694676659e-09,1.807988918606451744e-09,1.847300020941286152e-09,1.878652029513176568e-09,1.903033184670375366e-09,1.921412083676969246e-09,1.934711789723245781e-09,1.943791566360280948e-09,1.949435137724692180e-09,1.952344317629198325e-09,1.953142204200795400e-09,1.952395492291652570e-09,1.950622051930465701e-09,1.948292945118737112e-09,1.945833894775598071e-09,1.943626148644903881e-09,1.942006798235916793e-09,1.941268698970350654e-09,1.941660198939721705e-09,1.943384919600663215e-09,1.946601837620378194e-09,1.951425888784428978e-09,1.957929248858820643e-09,1.966143342076579010e-09,1.976061489053497052e-09,1.987641938729755325e-09,2.000810841554347499e-09,2.015464525124763426e-09,2.031470241157930073e-09,2.048664383931267995e-09,2.066847064840978050e-09,2.085771917767786319e-09,2.105130188568405924e-09,2.124528652926630652e-09,2.143461870551988186e-09,2.161280874823579411e-09,2.177162659917210612e-09,2.190087489852040569e-09,2.198833233871745065e-09,2.201995893982822267e-09,2.198040770829201734e-09,2.185377098653513808e-09,2.162430501980223342e-09,2.127666915704397194e-09,2.079509219124635111e-09,2.016100562934644607e-09,1.934932475644941577e-09,1.832517714237568451e-09
1.699819692376103083e-09,1.543415070160654183e-09,1.390503495373033293e-09,1.255635256199348894e-09,1.152070729798641573e-09,1.088624255722777124e-09,1.067614209366131223e-09,1.085086670277065259e-09,1.133389487949514547e-09,1.204269560924241079e-09,1.290731487621512425e-09,1.387492728846401608e-09,1.490729410180370805e-09,1.597676423936490894e-09,1.706306087036310123e-09,1.815116608710723653e-09,1.923001074025374453e-09,2.029164238405826006e-09,2.133065256166522788e-09,2.234374399337113344e-09,2.332937965274825737e-09,2.428748720052099143e-09,2.521920644534139109e-09,2.612667330746723786e-09,2.701283601831046913e-09,2.788130018735381933e-09,2.873619975815965947e-09,2.958209102233743327e-09,3.042386680949075160e-09,3.126668774524092327e-09,3.211592705084853454e-09,3.297712479891378430e-09,3.385594682420795609e-09,3.475814266594139674e-09,3.568949598872279486e-09,3.665575990942197797e-09,3.766256854513690933e-09,3.871531487822105813e-09,3.981898366059032025e-09,4.097792644063361748e-09,4.219556371798664968e-09,4.347399636821119418e-09,4.481360900291105329e-09,4.621287682428672462e-09,4.766771561662106523e-09,4.917048889464515853e-09,5.070870284547455911e-09,5.226330009451766949e-09,5.380644117927786723e-09,5.529863741665056135e-09,5.668507283061179328e-09,5.789093210830100087e-09,5.881555089054698773e-09,5.932525774111039628e-09,5.924495879121633672e-09,5.834899068801845815e-09,5.635289283262394116e-09,5.291031248186985599e-09,4.762510349499660404e-09,4.010320899636650721e-09,4.015602709377929516e-09,3.809968111052370902e-09,3.206969181059153290e-09,2.285959821942001142e-09,1.197111908433175002e-09,2.862402449473022790e-10,7.765792680773182125e-10,1.256942476692616433e-09,1.742916820464897336e-09,2.727127055373613167e-09,4.256201253614291065e-09,5.847854849670856273e-09,6.782638983201799084e-09,6.512492137707284199e-09,5.038429628466454446e-09,2.756094149322411508e-09,2.911587592957619115e-10,2.513396773140446110e-09,4.793878715943374422e-09,6.566007230717305405e-09,7.700907595061648295e-09,8.135807722053898176e-09,7.867786295956272402e-09,6.954470315564385882e-09,5.516183533953477146e-09,3.726818913609180157e-09,1.771420978553859669e-09,4.761939139014540541e-10,2.728800892460913153e-09,5.637399870276930176e-09,8.889663474244989614e-09,1.166680072772089906e-08,1.293198134514111075e-08,1.192704612487901004e-08,8.757841403784479158e-09,4.378125544683387484e-09,3.761853466051948663e-10,4.560114537284856818e-09,8.063415818803116645e-09,1.060361626309976103e-08,1.210320157171336185e-08,1.257992708623681218e-08,1.214053873179660058e-08,1.099232842656550646e-08,9.458517732790037345e-09,7.963877025875795971e-09,6.917670847421946471e-09,6.402379139213976861e-09,5.769597390004255603e-09,3.973234711709998666e-09,8.631168089268257683e-10,3.269613509320894607e-09,6.817958428280564201e-09,9.156874590095194028e-09,1.022792272436654800e-08,1.032597370213319044e-08,9.843380552664198774e-09,9.041636028760415373e-09,8.016199846782413457e-09,6.760421992921151608e-09,5.227097468500000989e-09,3.374817184990383102e-09,1.243454953042261527e-09,1.410250848439248351e-09,3.851416855678019758e-09,5.997253607079835198e-09,7.291015766308540555e-09,7.306531911142137929e-09,6.112599790754762460e-09,4.515090676873394284e-09,3.074078193367440486e-09,1.915300903066422710e-09,1.213160056866085665e-09,1.631502700290619190e-09,2.784453257263986263e-09,4.177407259576036587e-09,5.601968056747459537e-09,6.792445054900116333e-09,7.417348999099391314e-09,7.123914935274489363e-09,5.607462143556236820e-09,2.698858308011899980e-09,1.584391193795089836e-09,6.660067120540958057e-09,1.151424947008947813e-08,1.432550647074097421e-08,1.292905454302569567e-08,6.277469245348550421e-09,4.713356146821373993e-09,1.252796409724430889e-08,1.571977555962967428e-08,1.468154055185731363e-08,1.127404487429354431e-08,7.059862069356036148e-09,2.795717791687309708e-09,1.531262536501244888e-09,2.603774629002772707e-09,2.405388752712083400e-09,1.254509330200800324e-09,1.287006557213559041e-09,2.958712711831414569e-09,4.444519521768045417e-09,5.500964722356631704e-09,6.250387950782289655e-09,7.060292515716775537e-09,8.433465253495703702e-09,1.075813898585318072e-08,1.385784848023955391e-08,1.652723673306359100e-08,1.728306941604946673e-08,1.541191457890687970e-08,1.116292618912030523e-08,5.250975099715734922e-09,2.340288332381903586e-09,9.805933987414810012e-09,1.702118457132622409e-08,2.297149798716550296e-08,2.734614598471806223e-08,3.015368175405833687e-08,3.151603797924678750e-08,4.112362999831154113e-10,5.403409655623082555e-10,6.739225198125485091e-10,8.068214792681435651e-10,9.358396112738793050e-10,1.058737415812136647e-09,1.173895045130207329e-09,1.280178977966778499e-09,1.376873017608339022e-09,1.463626457222113459e-09,1.540404025513026945e-09,1.607433999314878904e-09,1.665155290052262899e-09,1.714165691383030803e-09,1.755173522959707047e-09,1.788954400490529753e-09,1.816314193368194832e-09,1.838058595559231590e-09,1.854969221671837582e-09,1.867785774209709695e-09,1.877193603381305602e-09,1.883815870836865885e-09,1.888214490434149034e-09,1.890909075191978025e-09,1.892382294878468579e-09,1.893080222880461258e-09,1.893412372966473153e-09,1.893751358870762661e-09,1.894432212296632398e-09,1.895751472275426551e-09,1.897966216879602511e-09,1.901293245813106173e-09,1.905908633816910771e-09,1.911947855626681398e-09,1.919506628055780423e-09,1.928642521309887368e-09,1.939377262352472062e-09,1.951699491465179016e-09,1.965567546828890120e-09,1.980911649983623939e-09,1.997634659122412587e-09,2.015610365003520588e-09,2.034678153616496585e-09,2.054632800146418031e-09,2.075208273411841948e-09,2.096054845202187745e-09,2.116709690530049363e-09,2.136562721143913064e-09,2.154821721709731061e-09,2.170483772536909769e-09,2.182322647796939667e-09,2.188902640637589507e-09,2.188625416651007490e-09,2.179805315037530072e-09,2.160749354232274369e-09,2.129795292050774025e-09,2.085245489764629459e-09,2.025144438643633307e-09,1.946912213801351076e-09,1.847013982683522760e-09
1.716610484425243601e-09,1.562013065398810420e-09,1.410603862148593058e-09,1.277246970017769551e-09,1.175279727881591832e-09,1.113443365235352562e-09,1.093991157334849358e-09,1.113012796660468721e-09,1.162969143453609402e-09,1.235688528537116577e-09,1.324178354383779069e-09,1.423098859131007957e-09,1.528548032082787194e-09,1.637691102942214744e-09,1.748452623493503828e-09,1.859306647805582511e-09,1.969141415931631895e-09,2.077169947839497462e-09,2.182866910255185238e-09,2.285920710618597054e-09,2.386195155950133480e-09,2.483697821688645197e-09,2.578553594882010070e-09,2.670982450291522197e-09,2.761280798551911614e-09,2.849805894510429970e-09,2.936962882979699954e-09,3.023194110776194944e-09,3.108970354759739495e-09,3.194783609168737000e-09,3.281141044781962745e-09,3.368559702208082240e-09,3.457561413115436061e-09,3.548667361745607658e-09,3.642391603915481314e-09,3.739232754032987080e-09,3.839662930174625663e-09,3.944112910128647966e-09,4.052952290212930988e-09,4.166463240256033557e-09,4.284806188681081604e-09,4.407975416374329836e-09,4.535752016848302155e-09,4.667673276659960082e-09,4.802953806689638966e-09,4.940368051900869082e-09,5.078094597096511270e-09,5.213509777808704231e-09,5.342913662839992157e-09,5.461165189798933847e-09,5.561194221769449020e-09,5.633345265335459469e-09,5.664488836026477404e-09,5.636810211756214458e-09,5.526151431575635913e-09,5.299747854168503246e-09,4.913195960365367481e-09,4.306619383583269374e-09,3.400650792686748640e-09,2.096498054629263511e-09,2.101790187707339743e-09,1.802927237235441218e-09,9.216718028502325091e-10,5.711839577879038171e-10,2.289027808716714757e-09,3.980115236809411758e-09,4.941722520266296973e-09,4.431706534055490191e-09,2.685098325494657363e-09,1.575405515191147811e-09,1.660862207774158624e-09,2.220781925678465998e-09,2.632656637499341822e-09,2.523224651907006310e-09,2.022965822401931997e-09,8.265020008002900113e-10,9.585530995864859178e-10,2.931902961693689249e-09,4.767074670913764171e-09,6.180833055978325234e-09,6.977576153126780997e-09,7.034692314721408782e-09,6.295047677700878883e-09,4.780645194346825336e-09,2.649775263688619936e-09,6.778683209136511984e-10,2.225114247410337893e-09,3.464932477820313564e-09,3.834243903123733214e-09,4.514365701597206217e-09,5.885000159657966746e-09,7.255790984204145925e-09,7.823854654754624502e-09,7.083403629539299692e-09,5.098607789035383239e-09,2.144390783939699167e-09,1.514611676976835437e-09,4.866264121566337479e-09,7.776180203348464327e-09,9.890561523449974670e-09,1.102297595255688504e-08,1.108397059879537100e-08,1.007057673378016731e-08,8.094850889658312838e-09,5.466619494779544593e-09,2.825731286874424519e-09,1.223700041417008775e-09,1.778235570687023923e-09,4.112475161409462614e-09,5.611415647803176112e-09,5.222213512376986647e-09,3.579343477569005475e-09,1.642142584144393651e-09,1.894108279288987368e-09,4.901047234704903248e-09,7.480827826303333312e-09,9.008338181103689819e-09,9.593714294972217233e-09,9.403084381468133742e-09,8.548752375493750111e-09,7.083013643476860155e-09,5.029886441226952609e-09,2.533309273746792823e-09,1.927959294606845492e-09,5.068919353270462562e-09,8.258730025010533405e-09,1.012197450347581100e-08,9.525688086520776171e-09,6.524680534148015403e-09,3.553184006761183207e-09,1.650123546057069467e-09,6.474309747365640756e-10,1.494544391682205783e-09,2.922363369538043354e-09,3.924853978967098425e-09,5.063773805471274235e-09,6.279491578523241279e-09,7.308611726196426785e-09,7.745674411614413977e-09,7.091578789113695637e-09,4.836372997326586220e-09,6.264353274525720272e-10,6.102557674202086847e-09,1.479956458616400998e-08,2.442626449437488704e-08,3.211138200264376667e-08,3.293250085478912927e-08,2.185516173377444591e-08,1.624157633481790651e-09,1.741488109735096823e-08,2.612679501431633626e-08,2.814943418844024912e-08,2.635612003232410052e-08,2.187688387743640780e-08,1.323318201721639652e-08,6.028372856520521683e-09,2.051868915948190616e-09,1.171654786111617520e-09,1.250210494524985330e-09,2.234160628088158317e-09,3.704128837266335073e-09,4.908841630543287884e-09,5.487282919400176884e-09,5.375214782183049045e-09,4.817612874149216574e-09,4.417088933944436895e-09,5.017087205058731426e-09,7.259027934979956492e-09,1.073385932972158062e-08,1.327950201564694404e-08,1.363268957877932232e-08,1.197169805797676748e-08,8.616861452447046759e-09,3.450288403826495318e-09,4.854776533497422728e-09,1.290220863228608914e-08,1.942559061940483982e-08,2.412262914373846486e-08,2.710246650417813054e-08,2.854255942535864912e-08,4.276838108049287616e-10,5.423369259742075852e-10,6.615470866650985432e-10,7.808549288410482939e-10,8.974057313645029828e-10,1.009182738614552740e-09,1.114713143941912560e-09,1.212942978494015321e-09,1.303172231881613347e-09,1.385009647871924690e-09,1.458332156686550807e-09,1.523244182111703609e-09,1.580036310149448538e-09,1.629144426409198938e-09,1.671110830938356797e-09,1.706548677093010407e-09,1.736110693292283774e-09,1.760462711674245421e-09,1.780262137215154019e-09,1.796141184819122865e-09,1.808694498968121834e-09,1.818470642358548337e-09,1.825971570552273977e-09,1.831668994871845439e-09,1.836008072183809174e-09,1.839406504087752342e-09,1.842253477573154565e-09,1.844908382851013238e-09,1.847699332700327855e-09,1.850921576276896522e-09,1.854835953169168115e-09,1.859667570665453962e-09,1.865604901781921740e-09,1.872799488999055198e-09,1.881366392540698832e-09,1.891385438167248564e-09,1.902903199220998420e-09,1.915935492111217082e-09,1.930469980136841489e-09,1.946468274908352181e-09,1.963866706786142953e-09,1.982574723158838610e-09,2.002469689018649132e-09,2.023386756753266486e-09,2.045102520564816662e-09,2.067311504342077863e-09,2.089595336592900365e-09,2.111385960703904935e-09,2.131926580818554530e-09,2.150237164105359393e-09,2.165094521489167766e-09,2.175038579478687876e-09,2.178413605123459973e-09,2.173442636376414214e-09,2.158313787169791084e-09,2.131232111111385790e-09,2.090371727423363973e-09,2.033670003112385413e-09,1.958469899634527337e-09,1.861190154720635081e-09
1.733191345858183738e-09,1.580566590213420829e-09,1.430851610370649719e-09,1.299214687170281206e-09,1.199062490873048523e-09,1.139058884246097550e-09,1.121384125761502038e-09,1.142155325237198044e-09,1.193926957972940074e-09,1.268594807048044666e-09,1.359164042100736932e-09,1.460240178849556264e-09,1.567850251127160966e-09,1.679099113939630151e-09,1.791873041285476550e-09,1.904630397306320241e-09,2.016261404075698227e-09,2.125992377825351962e-09,2.233316866791716107e-09,2.337943395399961906e-09,2.439754188511714544e-09,2.538771759723870873e-09,2.635131499648373215e-09,2.729059029340226789e-09,2.820851430008656647e-09,2.910861673874093173e-09,2.999485720821133829e-09,3.087151834751069135e-09,3.174311719255824255e-09,3.261433083055697875e-09,3.348993226067866830e-09,3.437473194722113208e-09,3.527351992650680212e-09,3.619100256018926912e-09,3.713172711538761685e-09,3.809998630419825359e-09,3.909969371912337950e-09,4.013421969824673558e-09,4.120617547052710633e-09,4.231713132090779385e-09,4.346725172065577247e-09,4.465482654676459583e-09,4.587576734824849909e-09,4.712324232867781150e-09,4.838682145050537453e-09,4.965121639238443947e-09,5.089460239729240371e-09,5.208637465537675354e-09,5.318413161616272096e-09,5.412958699828510869e-09,5.484297274407464609e-09,5.521527584857106156e-09,5.509730176822573998e-09,5.428399383235164710e-09,5.249153809698659373e-09,4.932338759616382797e-09,4.421933701485040033e-09,3.637946088201194418e-09,2.465433179784208777e-09,7.423583584213793020e-10,7.475739494207071695e-10,3.543639474302342549e-10,8.905536748706910153e-10,2.923227753882315701e-09,5.650369034491879227e-09,8.578508476886408871e-09,1.040161810995352730e-08,8.737912407019230109e-09,3.091380031145266774e-09,8.842090352982243904e-10,1.860576768607694643e-09,1.683554950794729871e-09,1.451725266315507732e-09,1.598900181539489935e-09,7.026101161877732625e-10,6.962218715389795151e-10,1.808433525743563836e-09,3.433856023321960259e-09,5.026661971149578783e-09,6.220179999745472307e-09,6.767667095923751926e-09,6.498171928348626783e-09,5.289042633103732307e-09,3.078395390186337713e-09,3.939442951389662814e-10,3.789165766733889379e-09,6.818129906688106264e-09,7.286287592011396251e-09,4.547718843339979424e-09,2.623208959473587636e-09,2.745161723966481036e-09,3.455182684431681757e-09,3.796209007465099222e-09,3.252111638619245014e-09,2.248263158329633103e-09,5.767821966285943468e-10,2.670595201168046834e-09,5.539150598311125523e-09,8.061682169465550095e-09,9.854885978017884954e-09,1.066625991829830005e-08,1.031511647963501098e-08,8.665893641879536153e-09,5.667631859937790035e-09,1.703661025149751955e-09,3.569818735422529475e-09,6.620249781646591122e-09,4.751298723059866411e-09,3.145861959643085810e-09,8.938262838494962186e-09,1.077678626201505318e-08,1.065506659359174065e-08,9.561146640232098750e-09,7.463022688307626032e-09,1.427700528858106555e-09,5.464939634243089702e-09,8.788487981271160927e-09,1.057047582870970445e-08,1.111134151951389280e-08,1.064139453041000067e-08,9.288825985755748468e-09,7.092779878917037636e-09,4.151936933864399854e-09,2.513260928525116569e-09,6.538441901686013913e-09,1.168544383631982245e-08,1.515125180196857936e-08,1.390411654846904905e-08,6.746427163201488412e-09,1.823966520333715540e-09,1.872668684916359778e-09,2.665759150335855019e-09,3.795263897402774457e-09,5.615975655581519612e-09,5.190147674016416899e-09,5.778481088033475061e-09,6.923023697053584608e-09,8.149829198063029545e-09,8.885601785703622157e-09,8.410927757318731245e-09,5.953395838900374440e-09,9.968427582956215762e-10,8.358018704556604280e-09,2.149840772281804282e-08,3.841072828027640443e-08,5.562163554183675190e-08,6.371313041022970760e-08,4.712880560842913812e-08,1.997274618474513488e-09,3.072964655200196589e-08,4.227414777349118676e-08,4.439184731351623447e-08,4.316634453462288515e-08,4.012867995405689864e-08,2.204361943278847979e-08,9.446611769672495351e-09,3.084534847116465541e-09,1.383848278178919822e-09,1.638014504534688904e-09,2.965686791249859868e-09,4.665281311204748120e-09,5.854618609607353084e-09,5.993298870902524468e-09,4.791023768977822629e-09,2.303475276498870020e-09,1.209223691035240716e-09,3.257937436861910633e-09,2.130600407793641745e-09,5.559071941212309571e-09,1.098123512384022672e-08,1.336366509973388661e-08,1.404546180587609685e-08,1.358269036714659184e-08,1.155788481154616055e-08,3.703955268942007479e-10,9.862653560422864442e-09,1.699579685114229445e-08,2.172858358364821937e-08,2.459172829074448474e-08,2.594380654385486956e-08,4.435792101935023390e-10,5.456421240456958357e-10,6.522546765125812666e-10,7.595677434281202408e-10,8.650328046274399664e-10,9.668276999567032481e-10,1.063608875946055218e-09,1.154397189087403227e-09,1.238517264884029791e-09,1.315557077894846407e-09,1.385333985042239028e-09,1.447862022891867578e-09,1.503319130755895001e-09,1.552014626176664138e-09,1.594357852850719163e-09,1.630828983416434237e-09,1.661952773603417298e-09,1.688275787650761098e-09,1.710347333446734526e-09,1.728704103881761436e-09,1.743858335104082007e-09,1.756289166366165135e-09,1.766441235067511972e-09,1.774739077583422913e-09,1.781589598163345666e-09,1.787380270853309230e-09,1.792477273439544203e-09,1.797223497827344777e-09,1.801936458525892631e-09,1.806906180499524508e-09,1.812393195533919907e-09,1.818626811253279763e-09,1.825803833317151362e-09,1.834087913764978337e-09,1.843609659292972894e-09,1.854467558750657417e-09,1.866729676620181424e-09,1.880435911176899703e-09,1.895600434250383621e-09,1.912213721776075045e-09,1.930243357962429801e-09,1.949632564033563292e-09,1.970295188232857234e-09,1.992105739284576975e-09,2.014883027976593829e-09,2.038366228457814621e-09,2.062182875587172186e-09,2.085809722845469720e-09,2.108529721261839158e-09,2.129391655033299661e-09,2.147182623414115714e-09,2.160425984588714173e-09,2.167415638886323690e-09,2.166287935379093954e-09,2.155112790717763886e-09,2.131958732539394515e-09,2.094864103484791572e-09,2.041650325577838160e-09,1.969576890937763222e-09,1.875016636402043848e-09
1.749532145736555115e-09,1.599045655063152298e-09,1.451215473173495752e-09,1.321502158788873107e-09,1.223372789291682869e-09,1.165409437471189958e-09,1.149712268433588891e-09,1.172411152153317855e-09,1.226136421208225129e-09,1.302838755299063177e-09,1.395517367693230077e-09,1.498726773246937578e-09,1.608431174893020483e-09,1.721684841236624310e-09,1.836345299830801160e-09,1.950863389623020736e-09,2.064137652188827790e-09,2.175412191359207128e-09,2.284202311077014163e-09,2.390238239378449691e-09,2.493421255325369597e-09,2.593788794477878327e-09,2.691486324272111506e-09,2.786744462685764718e-09,2.879860233817825659e-09,2.971181634867745830e-09,3.061094880460648248e-09,3.150013815666526523e-09,3.238371059811123670e-09,3.326610470724494182e-09,3.415180511934051448e-09,3.504528072768574316e-09,3.595092237960968244e-09,3.687297435417376854e-09,3.781545309192733791e-09,3.878204570314364612e-09,3.977597968635033547e-09,4.079985400546748469e-09,4.185542009649643167e-09,4.294329939313696247e-09,4.406262132863113036e-09,4.521056218979520320e-09,4.638185107564094564e-09,4.756840500040017798e-09,4.875848798633552119e-09,4.993547577188923429e-09,5.107620930855586403e-09,5.214878759892680704e-09,5.310958626221189079e-09,5.389918981253568996e-09,5.443677054086316329e-09,5.461219566137287639e-09,5.427472684443099766e-09,5.321646731044676002e-09,5.114749334350795132e-09,4.765753416526151561e-09,4.215581537407568263e-09,3.377792007541083450e-09,2.127697679762845259e-09,5.040177156381749486e-10,5.056913126413799967e-10,5.556439119874975687e-10,1.865902594092998132e-09,4.533365065093691718e-09,8.612254861135822017e-09,1.396505990633037738e-08,1.896164265556504689e-08,1.670924187122770058e-08,1.750222226694207204e-09,6.099866877532584036e-09,6.166813117191683325e-09,5.227671938354753023e-09,4.642582197679719284e-09,6.245859025078805784e-09,1.824333608353936016e-09,1.024886773341185410e-09,2.134144606403289135e-09,3.872460052694550875e-09,5.535193674323716698e-09,6.713531216284559184e-09,7.163447988682779447e-09,6.701581598592802023e-09,5.135767574044315629e-09,2.234051602872550782e-09,2.219255817268746436e-09,8.074652550675373546e-09,1.376768966141887343e-08,1.404821488712212480e-08,4.310024234654068019e-09,1.697122278810166916e-09,1.586063841875522794e-09,1.358205190428467236e-09,1.471292659864789733e-09,9.552650290714595066e-10,3.457117935253516437e-10,1.069967397742927038e-09,3.604042138932648236e-09,6.411823224115748150e-09,8.834956226429934611e-09,1.049243925520874223e-08,1.113298917411655020e-08,1.052587344263006024e-08,8.392593516715041035e-09,4.468831430002961849e-09,3.154286275762027653e-09,1.127786353765465575e-08,1.920318925646891791e-08,1.704290374126137357e-08,4.086608873163105933e-09,1.591235880560375065e-08,1.791825150762014114e-08,1.838379853686235572e-08,1.850062810867792560e-08,2.066492046865788461e-08,3.716017887846846451e-09,5.300410474712420783e-09,9.824624986319473133e-09,1.240769488903674472e-08,1.342267122183898586e-08,1.322442042182497170e-08,1.200957711626557091e-08,9.785048027598758734e-09,6.456082286947777953e-09,3.087189437155162458e-09,7.660925897803087154e-09,1.649086722530368912e-08,2.439101936319454841e-08,2.377280572291979483e-08,5.058127459463474569e-09,4.828915107033848446e-09,4.875966718992841363e-09,4.631237991315631762e-09,5.524063142220127925e-09,1.068568706314551214e-08,5.533821683621877171e-09,5.815304805712025253e-09,7.240196148060234469e-09,9.182328347474844613e-09,1.090857095720403506e-08,1.140500032399773246e-08,9.636513417407126873e-09,4.452869977816093115e-09,6.102464355433544901e-09,2.364689517521775779e-08,5.067822391712995341e-08,8.619483553401007756e-08,1.168210332636177876e-07,9.962411805475863903e-08,1.062146153248432844e-08,6.365230240295579782e-08,6.628349783470100942e-08,6.232706280926196086e-08,6.018747511342539855e-08,7.195325541705755066e-08,2.458998127821515251e-08,6.459933162007949978e-09,1.127696048260125387e-09,2.107894447521604777e-09,1.483825024726724858e-09,3.472561840773085666e-09,6.038658058666706812e-09,7.662177942406082316e-09,7.641209701283168300e-09,5.372190497153433687e-09,3.683901287485175231e-10,7.143457365656787825e-09,1.445575401159301226e-08,1.430007851596288766e-08,1.612265651277621314e-09,1.140452647252850285e-08,1.430884476814555364e-08,1.675056559267767090e-08,1.962575103784074020e-08,2.862794387832720982e-08,3.978343342689416177e-09,9.408447442464249093e-09,1.634605775479724121e-08,2.040906353054020275e-08,2.269217580182858078e-08,2.373533268462852150e-08,4.589765745108563558e-10,5.499969313346558529e-10,6.454990163175549420e-10,7.421646700205599558e-10,8.377209734081274920e-10,9.305186900830485865e-10,1.019328970197744967e-09,1.103241963978104766e-09,1.181610996619843809e-09,1.254016055944158304e-09,1.320234635139725456e-09,1.380214827652307093e-09,1.434048896675628623e-09,1.481947118983870685e-09,1.524212375479252094e-09,1.561216157727301795e-09,1.593376611300355558e-09,1.621139079540828407e-09,1.644959418766689811e-09,1.665290173734164681e-09,1.682569549407716526e-09,1.697213001322621577e-09,1.709611374191257323e-09,1.720143826069464085e-09,1.729179427268765591e-09,1.737074746694231354e-09,1.744171419492733664e-09,1.750793651289459013e-09,1.757245682441513011e-09,1.763809287309580865e-09,1.770741426647952713e-09,1.778272203547333017e-09,1.786603290346882313e-09,1.795906990274743374e-09,1.806326064176561401e-09,1.817974386251803928e-09,1.830938388251755172e-09,1.845279110560711437e-09,1.861034500610700540e-09,1.878221391574431116e-09,1.896836360372977966e-09,1.916854417125314412e-09,1.938224235951454468e-09,1.960858438613794877e-09,1.984617359808388103e-09,2.009284880250536607e-09,2.034535508068148572e-09,2.059893187200323207e-09,2.084684591109158891e-09,2.107993033419934331e-09,2.128623177702306226e-09,2.145089975913871700e-09,2.155644729435937673e-09,2.158342731530438584e-09,2.151137488829422660e-09,2.131958016143551653e-09,2.098699679582678719e-09,2.049058897754752247e-09,1.980204705812704556e-09,1.888463934003351343e-09
1.765602995020549014e-09,1.617420483831368509e-09,1.471664235586050442e-09,1.344072996125014949e-09,1.248164094567313301e-09,1.192433222798603123e-09,1.178894202457207574e-09,1.203676611253382237e-09,1.259470719089271350e-09,1.338271201568569507e-09,1.433069012165497870e-09,1.538372545223380122e-09,1.650092066258798734e-09,1.765241339047787698e-09,1.881658537480611758e-09,1.997794707084599115e-09,2.112562477331921776e-09,2.225227654955573964e-09,2.335329674043822990e-09,2.442621671193194574e-09,2.547024365042070887e-09,2.648589972498167260e-09,2.747473601338774590e-09,2.843910308216080671e-09,2.938196511636365509e-09,3.030674798281745813e-09,3.121721403653424619e-09,3.211735808376675485e-09,3.301131986001915285e-09,3.390330882821762886e-09,3.479753715808643711e-09,3.569815653889279828e-09,3.660919406462928828e-09,3.753448187956731229e-09,3.847757460985245950e-09,3.944164783997544231e-09,4.042937000847571416e-09,4.144273905638801937e-09,4.248287389134794075e-09,4.354974912203250218e-09,4.464185940667955971e-09,4.575579692520364833e-09,4.688580847168163941e-09,4.802348819105342731e-09,4.915702955682507058e-09,5.027012407598098054e-09,5.134050036104759595e-09,5.233797432203878180e-09,5.322182696939420930e-09,5.393724419070237106e-09,5.441042497049017480e-09,5.454175896456608286e-09,5.419613241696339836e-09,5.318883310488705958e-09,5.126448652044577680e-09,4.806463187970420456e-09,4.307674278327396458e-09,3.555715825378704495e-09,2.447440206364889743e-09,1.012787461900976058e-09,1.015669446000589079e-09,8.315599961550152945e-10,1.682114204927155489e-09,4.613897075234173858e-09,9.993225115739785763e-09,1.919152174751282637e-08,3.406763011453112213e-08,2.909895709427183573e-07,9.241994927264484443e-09,2.524137827736671120e-08,1.512723923658564979e-08,1.115017308224873665e-08,7.666057657315854968e-09,2.249460793708095475e-08,4.795216971283492582e-09,5.690646735501619098e-10,1.761293761030866212e-09,4.263365390674088373e-09,6.351055600495110228e-09,7.717662084079070961e-09,8.238362604760578772e-09,7.796516937995052638e-09,6.172638133746172823e-09,2.934507839851748892e-09,2.878024853269277360e-09,1.223944397167781943e-08,2.562854069634107069e-08,2.308108006474100228e-07,1.411589191035051093e-09,1.569871269147270745e-08,7.977314216886275258e-09,5.633868653686487243e-09,4.358685588629331502e-09,7.195709442694445459e-09,1.968258964379108126e-09,9.504073734323209127e-10,4.163252396402737938e-09,7.474650004986388694e-09,1.009316287650866495e-08,1.179821977067656450e-08,1.246860780416416425e-08,1.191362345003229305e-08,9.755466989553150883e-09,5.378294250189520060e-09,4.813652173540166518e-09,1.921088373095577206e-08,4.119633925931891773e-08,3.828385863012013276e-07,1.878202731325239903e-08,4.281088681544398711e-08,3.456502316403950699e-08,3.437769108484348790e-08,3.303831800088890473e-08,6.976808028159785575e-08,1.460960678336130684e-08,8.935729461289434150e-09,1.250337639580924864e-08,1.537189530096924225e-08,1.645350834761742626e-08,1.633335051722069165e-08,1.530604319536055446e-08,1.333041782876085988e-08,1.007360760147561120e-08,5.139540965903372916e-09,6.863967156724570320e-09,2.182327724666788436e-08,4.129001103926152692e-08,4.102686978608082096e-07,8.710053097382129162e-09,2.620771855784933283e-08,1.118935485886621308e-08,7.177196283667819300e-09,5.554781339435471458e-09,3.454364943765160603e-08,5.502411507685473922e-09,4.715333291379757181e-09,6.826413710382983371e-09,1.010750593373264532e-08,1.376257726829951879e-08,1.624494244823564020e-08,1.642166829878618017e-08,1.302549019332373917e-08,3.943665282179957530e-09,1.549003265741241813e-08,5.258311257273536063e-08,1.184570231690765284e-07,2.134140964973665088e-07,2.001779903894078521e-06,1.047902874759444741e-07,1.906348693203894056e-07,1.244398309359481001e-07,1.003350025130328069e-07,8.048579971112921971e-08,2.111845094492123699e-07,2.463170643890730453e-08,8.234261430037489085e-09,9.040879566057537939e-09,7.107813492898435201e-09,2.503243551098045067e-09,4.091980248375947339e-09,8.231903775680485964e-09,1.085432761978160181e-08,1.126261663019953686e-08,8.501699289590933604e-09,1.006084193686081786e-09,1.328156141349668939e-08,3.280785798226552503e-08,3.116176834113733495e-07,1.147487803430880541e-09,2.607871595202331959e-08,2.069774412369958542e-08,2.505993154158426900e-08,2.563113946234173191e-08,1.066222380763034310e-07,2.766840451957205768e-08,1.506065761328187866e-08,1.797325027507007691e-08,2.012845894273189800e-08,2.121309486280140156e-08,2.170209843199374432e-08,4.739231019973636695e-10,5.551966657445392078e-10,6.408412598339940123e-10,7.280015833420917182e-10,8.146550126152312427e-10,8.993084804791259867e-10,9.808360972216395926e-10,1.058391747283556903e-09,1.131358832694321300e-09,1.199317386951766967e-09,1.262018672574605675e-09,1.319362602444442046e-09,1.371376064631996673e-09,1.418191634816010614e-09,1.460026830965481608e-09,1.497164329169708860e-09,1.529933599647756530e-09,1.558694347795907219e-09,1.583822022931681243e-09,1.605695525702391285e-09,1.624687125336567605e-09,1.641154500594783652e-09,1.655438716968347185e-09,1.667876046083808325e-09,1.678798962675149408e-09,1.688533335284501149e-09,1.697395620722389941e-09,1.705690029519709013e-09,1.713705688512997783e-09,1.721713872739606799e-09,1.729965417075456251e-09,1.738688448039869851e-09,1.748086592822406443e-09,1.758337822010758772e-09,1.769594054111938333e-09,1.781981590471856426e-09,1.795602352831528787e-09,1.810535761407285445e-09,1.826840919181240742e-09,1.844558560932634647e-09,1.863711987811083584e-09,1.884305948209934037e-09,1.906322159182282949e-09,1.929709923579667531e-09,1.954370152143836450e-09,1.980131166157952753e-09,2.006715132902652345e-09,2.033695152792444105e-09,2.060445201663865090e-09,2.086088543755199689e-09,2.109454610319608580e-09,2.129058370966991574e-09,2.143116955661359148e-09,2.149611238310765384e-09,2.146381242576876397e-09,2.131214444352018116e-09,2.101856521412571188e-09,2.055869727256114617e-09,1.990325101256782841e-09,1.901502733714093953e-09
1.781374340145078297e-09,1.635661593085073043e-09,1.492166783986090888e-09,1.366890701082701913e-09,1.273389624860715367e-09,1.220068129025822620e-09,1.208848276634218432e-09,1.235847969807371847e-09,1.293803487448960572e-09,1.374744416822674976e-09,1.471652618309125232e-09,1.578996314226777051e-09,1.692641319224482758e-09,1.809571077685088982e-09,1.927613507842243380e-09,2.045227055194916209e-09,2.161343579649257354e-09,2.275253910810054481e-09,2.386523492666156744e-09,2.494929211269922607e-09,2.600411380351425268e-09,2.703036750954879931e-09,2.802969634772146087e-09,2.900449058409717767e-09,2.995770449431753001e-09,3.089270771988904850e-09,3.181316321195177630e-09,3.272292578952168125e-09,3.362595651617779378e-09,3.452624870452699816e-09,3.542776155145049818e-09,3.633435732930906900e-09,3.724973778323686328e-09,3.817737500341152984e-09,3.912043157564114480e-09,4.008166429129717326e-09,4.106330510942612656e-09,4.206691238673394431e-09,4.309318458367226048e-09,4.414172764201414278e-09,4.521076593447605427e-09,4.629678501721310763e-09,4.739417547650473088e-09,4.849503308060342439e-09,4.958857183859942610e-09,5.066025090922232325e-09,5.169063154973954592e-09,5.265387348222703745e-09,5.351574676967220991e-09,5.423098877948523004e-09,5.473977021877053666e-09,5.496294047661350614e-09,5.479558536192683018e-09,5.409822238940022524e-09,5.268462880437850925e-09,5.030476273614653042e-09,4.662050744305967709e-09,4.117254283914705934e-09,3.335519589142883421e-09,2.265899753126644824e-09,2.270346864919129153e-09,1.978624835137916308e-09,1.247769261044308426e-09,2.373729036396734349e-09,7.245056349704588446e-09,1.803741403430993734e-08,1.137369685752482625e-07,1.435727633734857035e-07,6.099768097325035101e-08,2.285699714658529161e-08,1.695442352523374527e-08,1.170272674568208781e-08,1.081537359667987358e-08,2.465427581143058357e-09,1.402904275625020052e-08,1.942782260181885769e-09,1.165414466584984085e-09,4.933152090087483525e-09,7.674796442917948960e-09,9.301712630985660206e-09,9.988613560077856763e-09,9.802889378004006540e-09,8.626871049067320289e-09,5.981180424160648199e-09,9.154444591458774011e-10,1.195002416743416621e-08,8.421967770269988501e-08,1.215934368101481455e-07,4.500180200230364968e-08,1.329584301568134263e-08,9.565566466485086937e-09,6.224290856596150874e-09,5.276771553144967826e-09,3.933895842045024472e-09,6.840688518575310750e-09,3.839869040208404599e-09,4.503982914102281820e-09,9.014587309086449118e-09,1.193755508849852132e-08,1.372866409561756619e-08,1.457972438395414900e-08,1.447733898261799229e-08,1.314252817918011291e-08,9.724485371655993710e-09,3.173115050332362382e-09,1.934292552159603239e-08,1.564864456335290702e-07,1.851027616544038840e-07,8.463357302641175940e-08,3.995595558068922010e-08,3.706630333263939710e-08,3.525590175780799847e-08,4.018191793175524605e-08,1.819721216461977681e-08,5.811733135586385933e-08,2.486359809086809753e-08,1.548309796569496236e-08,1.959628575342559630e-08,2.009363732273709366e-08,1.975662532949507771e-08,1.900486447435107334e-08,1.774098934764572710e-08,1.558932847404154573e-08,1.153269085840983576e-08,3.899583770227379887e-09,2.232727136539205606e-08,1.950716216399709685e-07,1.995753038976632822e-07,7.973593049234442965e-08,2.313598438397259924e-08,1.334075617736896729e-08,7.363446067700760406e-09,9.305150792176484112e-09,1.384025428511631939e-08,4.766389781739658074e-08,5.666296832975134477e-09,5.208836542328955831e-09,1.039210669830468567e-08,1.731956238342554885e-08,2.281254231908252258e-08,2.619596929810193508e-08,2.695609985191203415e-08,2.353691966069252963e-08,1.120522617857272604e-08,2.377397620152096084e-08,1.172336207739689448e-07,9.382139802257127537e-07,9.250908378544638079e-07,4.304482962063086444e-07,1.784875783438892697e-07,1.350418633760835337e-07,1.027523639827191807e-07,1.041929801782732035e-07,1.296223590832936263e-08,1.841685819332880345e-07,4.475057133590454757e-08,2.012574004331689851e-08,1.524768924711470766e-08,4.540245993241928893e-09,5.592079976842500126e-09,1.179588983001831146e-08,1.588649890747967414e-08,1.764242922462211744e-08,1.608128179261954454e-08,8.251481405237686295e-09,1.364754737517143326e-08,1.102365362264291989e-07,1.676562400189862167e-07,6.131465777232955474e-08,2.176512291378155475e-08,2.250613715438344815e-08,2.454636276094841293e-08,3.989156141842165630e-08,2.172122495535329983e-09,7.514570036625809230e-08,3.515891138758129816e-08,1.971749549108333836e-08,2.020614194467606755e-08,1.958687037532575853e-08,1.938889715160694913e-08,4.884637520622460973e-10,5.610806221930563551e-10,6.379260763283738729e-10,7.165514841004952329e-10,7.951636227866654685e-10,8.724123669568469874e-10,9.472651620179721674e-10,1.018934268211836430e-09,1.086832842469115822e-09,1.150545732448943607e-09,1.209807247420229156e-09,1.264481932928300717e-09,1.314546512402515007e-09,1.360072334119461067e-09,1.401208275161920224e-09,1.438164334754735056e-09,1.471196239038512395e-09,1.500591360666048667e-09,1.526656186084449544e-09,1.549705472348158034e-09,1.570053145057648307e-09,1.588004909988613290e-09,1.603856265468724469e-09,1.617903497120044393e-09,1.630444272883698030e-09,1.641774603485049260e-09,1.652185815004596983e-09,1.661961509893559457e-09,1.671374546026946251e-09,1.680684104498626823e-09,1.690132951017724711e-09,1.699945023370970120e-09,1.710323494115268194e-09,1.721449458507376324e-09,1.733481374277848700e-09,1.746555326523626336e-09,1.760786102125285771e-09,1.776268931080854881e-09,1.793081585717317900e-09,1.811286324488696011e-09,1.830930926716724945e-09,1.852047794926009966e-09,1.874649813944135833e-09,1.898721379842734127e-09,1.924202805759149989e-09,1.950966287948835842e-09,1.978781967933952589e-09,2.007273644908029759e-09,2.035865745393598478e-09,2.063726546545233025e-09,2.089717281625691950e-09,2.112361514323711359e-09,2.129851198578959968e-09,2.140100391124579301e-09,2.140839741897976154e-09,2.129714241418967489e-09,2.104313815063557954e-09,2.062057436387489247e-09,1.999910157438123480e-09,1.914103985553681724e-09
1.796817057794215920e-09,1.653739870512355008e-09,1.512692153520179736e-09,1.389918692044545474e-09,1.299002379638430478e-09,1.248251827507360077e-09,1.239492784450488333e-09,1.268821823011487721e-09,1.329009408328398472e-09,1.412112873789945899e-09,1.511105625134367444e-09,1.620422615855971916e-09,1.735895115171925382e-09,1.854486365385878838e-09,1.974022700669088826e-09,2.092976540683674121e-09,2.210303456057915917e-09,2.325322019207000447e-09,2.437625082884736956e-09,2.547013781020000303e-09,2.653447969467867709e-09,2.757008595410413335e-09,2.857868744678944186e-09,2.956271029156267509e-09,3.052509643857232415e-09,3.146915906186417277e-09,3.239846427372219407e-09,3.331673290646061051e-09,3.422775749609160399e-09,3.513533036600126653e-09,3.604317903675742458e-09,3.695490524950081084e-09,3.787392377284153403e-09,3.880339697332889053e-09,3.974616089385314876e-09,4.070463835723776673e-09,4.168073437895246460e-09,4.267570894969385564e-09,4.369002201537887564e-09,4.472314521522765175e-09,4.577333466435961948e-09,4.683735880030018849e-09,4.791025519442464599e-09,4.898527483226231018e-09,5.005350588716705618e-09,5.110329614195736130e-09,5.211952006886102612e-09,5.308264862739945790e-09,5.396757206343447755e-09,5.474212218661167052e-09,5.536524923738189477e-09,5.578484836319431332e-09,5.593534291080133375e-09,5.573540439532906063e-09,5.508681166888597853e-09,5.387683140262279201e-09,5.198950124593598059e-09,4.933753801527101782e-09,4.593893453279624313e-09,4.207936833609964663e-09,4.212858214836926592e-09,4.132539522538363161e-09,3.906627614880559262e-09,3.526591625438569114e-09,2.479902357642940423e-09,1.975576688281567267e-07,2.023854378666612342e-08,5.195480921703000413e-08,1.470245513787543207e-09,5.557318800893333168e-09,6.101249784805779618e-09,4.570248418948533505e-09,2.835864547099447724e-09,3.893489118719378593e-09,7.618886979708777138e-09,1.217209767868702922e-08,1.813899108106200053e-09,6.489063772071141521e-09,9.850088656941946029e-09,1.149315124834572330e-08,1.224794498110699023e-08,1.244049916383744160e-08,1.224053265505093950e-08,1.170250639831349334e-08,1.028855132040314394e-08,1.765759328435315220e-07,1.590935921425795579e-08,4.645644191702528561e-08,5.667549810399276068e-09,2.146009791080976800e-09,2.684046062596606255e-09,3.591080034654063371e-09,5.112243081929476314e-09,8.021905819995884004e-09,1.031863603990343534e-08,8.914628512660991679e-09,7.852180226743400331e-09,1.195567331171243715e-08,1.454687995342815586e-08,1.612488979271162402e-08,1.711485217731270617e-08,1.774256588921622607e-08,1.818698574703241735e-08,1.852139191037108967e-08,1.782131414225225046e-08,2.919845073300035486e-07,2.648155707039439980e-08,6.701857530619663304e-08,3.949612018700626514e-09,1.657117437095347268e-08,2.195853041124072028e-08,2.427775148495529124e-08,2.539688988258945153e-08,2.067006181619381310e-08,2.113031372731677982e-08,3.740102862812839358e-08,3.653728700412072963e-08,2.685123318449649284e-08,2.390214845691785347e-08,2.292904142054227580e-08,2.257518903974772516e-08,2.246751637837725836e-08,2.264549578029177125e-08,2.326533381997864261e-08,2.341551816913403468e-08,3.857629649103186829e-07,3.305701294977685923e-08,8.295682489015608590e-08,1.261516428311967915e-08,5.088083875958352914e-09,4.720100168493770691e-09,5.815543772908186297e-09,6.168340982789967754e-09,6.379292621199225658e-09,2.147579828964557156e-08,6.194306506493902339e-08,2.340558308521888371e-08,9.435226512326016023e-09,2.187559719984177437e-08,3.071774906976120364e-08,3.766202885358192047e-08,4.410381105541778408e-08,5.131615770881576013e-08,5.997357801619631158e-08,6.448619314515501495e-08,1.662241116673356053e-06,1.496611320041697661e-07,3.518395991446972956e-07,1.533130915931793835e-09,5.145025967755534002e-08,6.101974388484975948e-08,5.674755692800599200e-08,5.069227369136443074e-08,2.843019303181088394e-08,2.734219312132718658e-09,1.481504415614073210e-07,8.958329654379622806e-08,2.907542093148953255e-08,4.881350245167411490e-09,9.424489299262928489e-09,1.722421363834616538e-08,2.269677994762430735e-08,2.669504651093584891e-08,2.933867395886775666e-08,2.927417591948419907e-08,2.657697393495449107e-07,1.952857848214013363e-08,6.355608699557539246e-08,5.069501064710348241e-09,6.348116235628066735e-09,1.195110259780339398e-08,1.482597310913353269e-08,1.592880261380202452e-08,4.930025296176810846e-09,4.028404494765709086e-09,4.143033848705595827e-08,3.658011001046800637e-08,2.074518499037147628e-08,1.692313707398242458e-08,1.625117791215625608e-08,5.026509014916066089e-10,5.675256719957968237e-10,6.364635726694590469e-10,7.073780911577404549e-10,7.786876099732959520e-10,8.491736510772833239e-10,9.178885337728317663e-10,9.840975842482738091e-10,1.047242206751101233e-09,1.106914534672299883e-09,1.162838059132486816e-09,1.214851105568076686e-09,1.262891570973602472e-09,1.306982247748373906e-09,1.347216575551258772e-09,1.383744926256374998e-09,1.416761635065695429e-09,1.446493006943598040e-09,1.473186491993165341e-09,1.497101164714812164e-09,1.518499575895210373e-09,1.537640984625320704e-09,1.554779529494839618e-09,1.570174606203338005e-09,1.584091205389655368e-09,1.596796763598923412e-09,1.608558028059032882e-09,1.619637918125238198e-09,1.630292415641347733e-09,1.640767553897070745e-09,1.651296605380576647e-09,1.662097594517488610e-09,1.673371277719276002e-09,1.685299735026878324e-09,1.698045699054180820e-09,1.711752698313913132e-09,1.726546011236623237e-09,1.742534306945085253e-09,1.759811689274360178e-09,1.778459660227510458e-09,1.798548278267905250e-09,1.820135510447414692e-09,1.843263472254403472e-09,1.867949940320287733e-09,1.894173260758558877e-09,1.921848664643532393e-09,1.950794226997592939e-09,1.980685562345340535e-09,2.011000236620951500e-09,2.040956182987800251e-09,2.069453208794230146e-09,2.095032086822052692e-09,2.115869052381687656e-09,2.129819854781330119e-09,2.134511084356420064e-09,2.127445487988212067e-09,2.106051985235987012e-09,2.067597366246884117e-09,2.008932367852259889e-09,1.926238991719060405e-09
1.811902550470092641e-09,1.671626652215588085e-09,1.533209573976734767e-09,1.413120326549375748e-09,1.324955166310687132e-09,1.276921844501557321e-09,1.270746134204846817e-09,1.302495407743325997e-09,1.364964678334566313e-09,1.450233830719084202e-09,1.551269887468872910e-09,1.662482260100699694e-09,1.779677825740092070e-09,1.899809518692894376e-09,2.020710225075674426e-09,2.140872234912098411e-09,2.259278629518521302e-09,2.375277852312092471e-09,2.488491104433197457e-09,2.598743948840411979e-09,2.706015544017547697e-09,2.810400619013235987e-09,2.912080615134401224e-09,3.011301421630635463e-09,3.108355882629575793e-09,3.203569797358501150e-09,3.297290516202831260e-09,3.389877487975858093e-09,3.481694271798122729e-09,3.573101618369896856e-09,3.664451271151584479e-09,3.756080158172342378e-09,3.848304650148247590e-09,3.941414561052899162e-09,4.035666569490023099e-09,4.131276747218098568e-09,4.228411897200961083e-09,4.327179430825307138e-09,4.427615552914014906e-09,4.529671578841166842e-09,4.633198288252858598e-09,4.737928341623333312e-09,4.843464695838643753e-09,4.949291460310159919e-09,5.054759965424927412e-09,5.159063911520835677e-09,5.261211335365068433e-09,5.359994095273483652e-09,5.453957046900128188e-09,5.541372245235510145e-09,5.620230159691636609e-09,5.688273721208223296e-09,5.743129723596899966e-09,5.782651984312711071e-09,5.805717187722879493e-09,5.813986994617126274e-09,5.815754011470630119e-09,5.834377180586451325e-09,5.927170240939451097e-09,6.229449811660429434e-09,6.234537227908875134e-09,6.386957074990288419e-09,7.077863044718885997e-09,9.375535652305899060e-09,1.689985143424787279e-08,2.346927885359156227e-07,8.257019877035539008e-08,4.475583785133486699e-08,1.736307248722567409e-08,6.537845868150357693e-09,3.134077332741147400e-09,3.094782693391763657e-09,4.579711227432775896e-09,7.151973466676353986e-09,8.494269765408640002e-09,1.001083762131629611e-08,1.087007671090841160e-08,1.224351751054871874e-08,1.341684464874339643e-08,1.415912882697089484e-08,1.461888196877668690e-08,1.500925648333302829e-08,1.573903212641880690e-08,1.787956927856113485e-08,2.473087892236655448e-08,2.325552295265820303e-07,8.140342060898568564e-08,4.416027867424669202e-08,1.995355670707665969e-08,1.042813632112557038e-08,7.244177549860351796e-09,7.127657424835926016e-09,8.526583318501152081e-09,1.075473835525065582e-08,1.220369912235754349e-08,1.730825030256620601e-08,1.687215851659769634e-08,1.714638418446246787e-08,1.783987022749462784e-08,1.858855443642551250e-08,1.941276509479149788e-08,2.055602834922979609e-08,2.270544109729999693e-08,2.781954769480102762e-08,4.213593300513749576e-08,3.689556927076079687e-07,1.262232493987961956e-07,6.219435813498384138e-08,1.889393757724611119e-08,1.083298699823717235e-09,1.054930237439778510e-08,1.523106211852146477e-08,1.729013308245420125e-08,1.727172295825266941e-08,1.845886783532643643e-08,3.700582389837414912e-08,3.183685909255024817e-08,2.710432165060545965e-08,2.519350855794400618e-08,2.482994762007948296e-08,2.520101119311423300e-08,2.619675112560318019e-08,2.856498452308340280e-08,3.489222014906817333e-08,5.354401115080503100e-08,4.905144965196511862e-07,1.704100592413327934e-07,8.917877125998667534e-08,4.252747685035049119e-08,2.449093814389145981e-08,1.785758185246632507e-08,1.539748470656563642e-08,1.355806965677022474e-08,1.076885975219223490e-08,7.143246213715129096e-09,1.141503486288565944e-08,1.170292981887182931e-08,2.032057972908237710e-08,3.049489370112665006e-08,3.952953438164953519e-08,4.828802602362019238e-08,5.887568312761872072e-08,7.576938870101299007e-08,1.106954524293515361e-07,2.005658520087372407e-07,2.003539104004283378e-06,6.882787637753490576e-07,3.438230470188136667e-07,1.248463438310652432e-07,3.359585475318888819e-08,2.971287550115591902e-09,1.422847021971034030e-08,1.500709179890386604e-08,9.868391938026594837e-09,1.300796884176158442e-08,4.400879073652474724e-08,2.620989823357486245e-08,7.259166810855692622e-09,8.941285595079809453e-09,1.784052304569329580e-08,2.448205593702846226e-08,3.016972674236929152e-08,3.612309477160142286e-08,4.422055698257354495e-08,5.962050344173953917e-08,3.795537864420745980e-07,1.295346277078428008e-07,6.397100915250761092e-08,2.318319658015386221e-08,5.195229163881387487e-09,5.025607413026037012e-09,7.556092913911501834e-09,6.054591943170160014e-09,4.647945024327155499e-09,1.019000878908320619e-08,9.081886452144248253e-09,9.502455849865515531e-09,9.728665844049392530e-09,1.096604099713861374e-08,1.208631562898819336e-08,5.165562711676766417e-10,5.744406499861189104e-10,6.362135571460702970e-10,7.001139164140285942e-10,7.647541587416372175e-10,8.290359969355400866e-10,8.920881528322449079e-10,9.532233916112503786e-10,1.011908909834009436e-09,1.067744942947761882e-09,1.120448027641857282e-09,1.169836711429364367e-09,1.215818475621048212e-09,1.258377279285718201e-09,1.297561526621020350e-09,1.333472482397080733e-09,1.366253267312069775e-09,1.396078598378575835e-09,1.423145427448322038e-09,1.447664595597413454e-09,1.469853575120383057e-09,1.489930324397502469e-09,1.508111688789904616e-09,1.524623312523346630e-09,1.539699820398455375e-09,1.553581644110097086e-09,1.566511862227996519e-09,1.578733041077706410e-09,1.590484110209905951e-09,1.601997340453234581e-09,1.613495521250283868e-09,1.625189457286343965e-09,1.637275920902695356e-09,1.649936199586959376e-09,1.663335362627481702e-09,1.677622328116249474e-09,1.692930736819061086e-09,1.709380527407217702e-09,1.727079954537494060e-09,1.746127596211338577e-09,1.766613657890446796e-09,1.788619600061673190e-09,1.812214797109174748e-09,1.837448598166457875e-09,1.864335846862228192e-09,1.892833721291799685e-09,1.922807852870586013e-09,1.953986366724388299e-09,1.985902178253136128e-09,2.017827048798363555e-09,2.048705781704133789e-09,2.077104896717345013e-09,2.101194712374720924e-09,2.118782009646399373e-09,2.127395839399704268e-09,2.124398229603435552e-09,2.107052814464538595e-09,2.072465685947155808e-09,2.017364735643550911e-09,1.937879499410928474e-09
1.826602842385654353e-09,1.689293798518788601e-09,1.553688514498563878e-09,1.436458922336902243e-09,1.351200622153090873e-09,1.306015620410665948e-09,1.302526987882171216e-09,1.336766854803855704e-09,1.401547377062659824e-09,1.488967776569964806e-09,1.591992125631058421e-09,1.705012700008061621e-09,1.823822219812421265e-09,1.945372843022684748e-09,2.067511519246827006e-09,2.188755588130635714e-09,2.308118759427128152e-09,2.424980903835353514e-09,2.538992080006508979e-09,2.650002172300202856e-09,2.758009238583248058e-09,2.863121313168112270e-09,2.965527788702752160e-09,3.065477592949659748e-09,3.163262204623415576e-09,3.259202154404982370e-09,3.353636076710174825e-09,3.446911655475070579e-09,3.539377982715652077e-09,3.631378952940618808e-09,3.723247375195195114e-09,3.815299517292046193e-09,3.907829818694305497e-09,4.001105527791478008e-09,4.095361047090312511e-09,4.190791807904585823e-09,4.287547551718522100e-09,4.385724970782498013e-09,4.485359762015421917e-09,4.586418282672503263e-09,4.688789179974119964e-09,4.792275623841881557e-09,4.896596614708276707e-09,5.001414499953630930e-09,5.106344874288542649e-09,5.210964511706884294e-09,5.314827871892848317e-09,5.417497031359534783e-09,5.518592791576735170e-09,5.617879745902806472e-09,5.715407072630921342e-09,5.811743306676561275e-09,5.908374303588724808e-09,6.008393026126188106e-09,6.117726223153285951e-09,6.247376225309412725e-09,6.417633655731207543e-09,6.666218756625970007e-09,7.064463408276482253e-09,7.750387095803361261e-09,7.755546555773193244e-09,7.896133494552828296e-09,8.434582852936793223e-09,9.806524387060776315e-09,1.283726753155726162e-08,2.294767836423121540e-09,3.292224127162067172e-08,2.842518947974872332e-08,1.789526534113055272e-08,1.107497160794965646e-08,8.101012444384554423e-09,7.822268506221415694e-09,9.338025138120077917e-09,1.219097655076044839e-08,1.606403256110146898e-08,2.203741624994134155e-08,1.979251229471327595e-08,1.784906734290257595e-08,1.696180146768942319e-08,1.660121602627562072e-08,1.652361050902278969e-08,1.668346447389574364e-08,1.724355063043235634e-08,1.868476873188739467e-08,2.201054981217122796e-08,7.343681488710228388e-09,3.527571235682282506e-08,3.008053427140430528e-08,2.026211313825047368e-08,1.402887770489189831e-08,1.127988237448086565e-08,1.096593413231955546e-08,1.233869679327866930e-08,1.511730626780570605e-08,1.938831923083458056e-08,2.667677572870801873e-08,2.395210956048093028e-08,2.168604655960950992e-08,2.064227634146897042e-08,2.040782886735177006e-08,2.073884883486211527e-08,2.164523097505487353e-08,2.345947687242411115e-08,2.695774795862394401e-08,3.334862068372804005e-08,1.121041193145625734e-08,5.085116064122480711e-08,3.843374551071485612e-08,1.858952435024376296e-08,4.436537292626623723e-09,4.558503610417788329e-09,9.416668252320620645e-09,1.197833390752893045e-08,1.358294230020587176e-08,1.680069767782467143e-08,2.522232323282246343e-08,2.430829174342247273e-08,2.394205701802615670e-08,2.441846888898432619e-08,2.536791912250220607e-08,2.646169548813518221e-08,2.772082236779390500e-08,2.958176479972477808e-08,3.302455484334684816e-08,3.952728650092635710e-08,1.552973652151919411e-08,7.371502396538250761e-08,6.337203607950585243e-08,4.513885385854601183e-08,3.383962396249223944e-08,2.845386654792007837e-08,2.607753167449230582e-08,2.434183541068667820e-08,2.190318482205669196e-08,1.879084086644829693e-08,1.921621328365343042e-08,2.493469558709775610e-08,3.184150274162517779e-08,3.958345451533619204e-08,4.727922566964342793e-08,5.534543508110097607e-08,6.518275382936296591e-08,7.939107821415511940e-08,1.023674096594300063e-07,1.394559125452628219e-07,4.587668994401987201e-08,2.755087209159673727e-07,2.200286072070277645e-07,1.267888999746467083e-07,6.438558204233803931e-08,3.129360843062032351e-08,1.734645211631192439e-08,1.460858680161040911e-08,1.802028837313601045e-08,2.232170869197905236e-08,2.607167540768314062e-08,2.413879950413768571e-08,2.320325243703265147e-08,2.524241516147480940e-08,2.824746723335938160e-08,3.185045525276054095e-08,3.628003006641860055e-08,4.207647396321474671e-08,5.016287810650265186e-08,6.210838171386619430e-08,2.622456140086564192e-08,5.862713793559131406e-08,4.141884004665703357e-08,1.981822435040722472e-08,5.792359709559027734e-09,3.934100912194327784e-09,5.201926965261763445e-09,3.586325447667819848e-09,1.037480462642358571e-08,2.256046119044393605e-08,3.424106557673787106e-08,2.097187867675310152e-08,9.431093022295096734e-09,6.707841713839636163e-09,9.065648666895003126e-09,5.302770775111721205e-10,5.817547506070488745e-10,6.369681988046534654e-10,6.944402706627075309e-10,7.529552112847853197e-10,8.115209550296559967e-10,8.693330492000878885e-10,9.257454222892995845e-10,9.802478245138933861e-10,1.032448232074605435e-09,1.082058480016391344e-09,1.128881814748851891e-09,1.172801526260017957e-09,1.213770200360216580e-09,1.251799400300908842e-09,1.286949756993186637e-09,1.319321540817974076e-09,1.349045827013838536e-09,1.376276369462877185e-09,1.401182279066651105e-09,1.423941572077330426e-09,1.444735620587322271e-09,1.463747816700301723e-09,1.481173127450663731e-09,1.497218188421640262e-09,1.512098161727447029e-09,1.526033609031657403e-09,1.539247369084894538e-09,1.551961473512706862e-09,1.564394166660964873e-09,1.576757122615786049e-09,1.589252973818605330e-09,1.602073282086652598e-09,1.615397086754885762e-09,1.629390152113964013e-09,1.644204998522184047e-09,1.659981733483760634e-09,1.676849593886950948e-09,1.694928965778946159e-09,1.714333458436745813e-09,1.735171374642593807e-09,1.757545635948642045e-09,1.781550893451481778e-09,1.807266192714685475e-09,1.834741202401672570e-09,1.863973740551674708e-09,1.894876304465850969e-09,1.927229814835626262e-09,1.960624257416382163e-09,1.994388880934452446e-09,2.027519476009800050e-09,2.058616655482248944e-09,2.085854840807616799e-09,2.107001915919174898e-09,2.119497096616470931e-09,2.120564577714808607e-09,2.107299562468085735e-09,2.076639506713640445e-09,2.025180876174484077e-09,1.948997798144080825e-09
1.840890675168703741e-09,1.706713767920841655e-09,1.574098727505074485e-09,1.459897778224533050e-09,1.377691234430567674e-09,1.335470561471658693e-09,1.334754379068459218e-09,1.371535396800552641e-09,1.438637760616099688e-09,1.528178770278119516e-09,1.633124244279931243e-09,1.747858254989318392e-09,1.868169522362128911e-09,1.991018473478667973e-09,2.114272938183422708e-09,2.236479746617882680e-09,2.356685684838946866e-09,2.474303065170185309e-09,2.589010917285280394e-09,2.700683082080977448e-09,2.809335973488093854e-09,2.915090405912422563e-09,3.018143337066871389e-09,3.118746556372188688e-09,3.217190249336337495e-09,3.313790022155126520e-09,3.408876423894372626e-09,3.502786303279897809e-09,3.595855527173342457e-09,3.688412703978591216e-09,3.780773624636577662e-09,3.873236179109747381e-09,3.966075542269529660e-09,4.059539460613696771e-09,4.153843521335408409e-09,4.249166351000014826e-09,4.345644781755054016e-09,4.443369141842151103e-09,4.542378983310600759e-09,4.642659763313228453e-09,4.744141265467184442e-09,4.846698914872713498e-09,4.950166898482942405e-09,5.054380871492149062e-09,5.159209528448546854e-09,5.264592091016044474e-09,5.370594456396614490e-09,5.477491913356581779e-09,5.585889774304314182e-09,5.696898460987536408e-09,5.812387585663381398e-09,5.935356169090257420e-09,6.070476220931917420e-09,6.224898880052521683e-09,6.409461749883412668e-09,6.640505728568389889e-09,6.942580945631243238e-09,7.352282675231170298e-09,7.922841667951967501e-09,8.726129487739176356e-09,8.731330750969056263e-09,8.727365915353461642e-09,8.654624641507509403e-09,8.218863814882255002e-09,6.190738863922833698e-09,1.435085446073818047e-08,1.947479988969393979e-08,1.892119957454561298e-08,1.522812219444545739e-08,1.215056495814611458e-08,1.085095211444709020e-08,1.130311253326171974e-08,1.325253311010704827e-08,1.668523176545149274e-08,2.209883304049212013e-08,3.088006835482255597e-08,2.615380141180050901e-08,2.181184515073810299e-08,1.940225299399985538e-08,1.817273183888012638e-08,1.759121776234110221e-08,1.734453983545844329e-08,1.723087184063547199e-08,1.691445379513625163e-08,1.516311648731192350e-08,2.107058470394581250e-08,2.326557567101345068e-08,2.146003842576073089e-08,1.757528348024208921e-08,1.464198291503162455e-08,1.346382280519784622e-08,1.387847639096713138e-08,1.564664665879156517e-08,1.895256736571498368e-08,2.463621981243911588e-08,3.407240468538181666e-08,2.904598319926098238e-08,2.455753728169031778e-08,2.213063283147175088e-08,2.106759883432704080e-08,2.081531633482329928e-08,2.107864537666214703e-08,2.168952099025627942e-08,2.221330100640163525e-08,2.071597136505837139e-08,2.722369178150321297e-08,2.914087757690837312e-08,2.323049601170747716e-08,1.336253937227687537e-08,5.158391972766576176e-09,4.241913189398033195e-09,7.268937137669996414e-09,8.868550530082817353e-09,9.388330101066236239e-09,1.070960588182734128e-08,1.437596488076398720e-08,1.629850093671808148e-08,1.972691690316073342e-08,2.282405105631498829e-08,2.517917043067021076e-08,2.679188634247710860e-08,2.774930381824172811e-08,2.800644867719139313e-08,2.692685519527859237e-08,2.172363499010245570e-08,3.769223387890222022e-08,4.764969208247131091e-08,4.723423893276702920e-08,4.209603724209371309e-08,3.827811673359644634e-08,3.696306371560470300e-08,3.708673158203227420e-08,3.698257725774599993e-08,3.544261313378831223e-08,3.307894061711242684e-08,3.407206060345002319e-08,3.769539419608577900e-08,4.206121311970934694e-08,4.748705321810030403e-08,5.299554090868948712e-08,5.861759876346697303e-08,6.471785354905387051e-08,7.130506951864180838e-08,7.612758066423973357e-08,6.813214823386882596e-08,1.229101024897465947e-07,1.556233004388730152e-07,1.402014427473117463e-07,1.014747811490718696e-07,6.770020278528573657e-08,4.685464018056940115e-08,3.796061482888915175e-08,3.797840602582072213e-08,4.461543755076433059e-08,5.759446484679016819e-08,8.127414061839809050e-08,6.385399228443762886e-08,4.789779112100399617e-08,4.003589922391061143e-08,3.708609744613619054e-08,3.723999402084133767e-08,3.969205253432502504e-08,4.418659288317496914e-08,5.038898768459890266e-08,5.629941390966649021e-08,5.121101372023193170e-08,3.894391624101360424e-08,2.447144362440873703e-08,1.001167586816677618e-08,3.199918183259058121e-09,7.676872414191781145e-09,7.756040371221954445e-09,3.589909393329069889e-09,1.431531609665026526e-08,3.652216656871850869e-08,6.625324972571884479e-08,4.119804993068703463e-08,1.735859267901093815e-08,6.078254842895809013e-09,9.154142578769861562e-09,5.438901797121767632e-10,5.893886188385121954e-10,6.385300076736724103e-10,6.900679951351822379e-10,7.429290475434630515e-10,7.962097325861245786e-10,8.491613563116070783e-10,9.011721058509479624e-10,9.517505380295295044e-10,1.000511274903564270e-09,1.047162636740504210e-09,1.091495672138784610e-09,1.133374109418005536e-09,1.172724912740703327e-09,1.209529281552649812e-09,1.243814048838441879e-09,1.275643508894017204e-09,1.305111743626008616e-09,1.332335527782326414e-09,1.357447885957835537e-09,1.380592356210050808e-09,1.401917991766828418e-09,1.421578296573352657e-09,1.439740500545061967e-09,1.456585608294002562e-09,1.472305323405670803e-09,1.487098992428389706e-09,1.501170558439096236e-09,1.514725556623802433e-09,1.527968215216631424e-09,1.541098750531896777e-09,1.554310965726891828e-09,1.567790278192904246e-09,1.581712305911860272e-09,1.596242132594481188e-09,1.611534338666486433e-09,1.627733822690103001e-09,1.644977340493525918e-09,1.663395551727381310e-09,1.683115181483674479e-09,1.704260674369295746e-09,1.726954436158319959e-09,1.751314423223436062e-09,1.777447458676818065e-09,1.805436254823036172e-09,1.835317772168344187e-09,1.867050396048753225e-09,1.900467734040202168e-09,1.935218072088765203e-09,1.970691260671877632e-09,2.005939567225612392e-09,2.039605741187992864e-09,2.069878412010070851e-09,2.094497255813626047e-09,2.110820496826039034e-09,2.115938801721106496e-09,2.106777084579351960e-09,2.080097000446949009e-09,2.032355125836595890e-09,1.959566821484863218e-09
1.854739602833968160e-09,1.723859688841555002e-09,1.594410292154691270e-09,1.483400196134998513e-09,1.404379361404342273e-09,1.365224088812123753e-09,1.367347818668055421e-09,1.406701546237101203e-09,1.476118501498462085e-09,1.567734701692689851e-09,1.674523553062155645e-09,1.790870224865031948e-09,1.912569363546608206e-09,2.036598115631488454e-09,2.160851259752138087e-09,2.283908813067862447e-09,2.404852440527720278e-09,2.523127407030138285e-09,2.638441471143802990e-09,2.750691842243249785e-09,2.859912631532248100e-09,2.966236873615250977e-09,3.069868726562316160e-09,3.171062720878796399e-09,3.270107893991566975e-09,3.367315345313028051e-09,3.463008228579195901e-09,3.557513516385312971e-09,3.651155073857624816e-09,3.744247704271265236e-09,3.837091907860878739e-09,3.929969150879955112e-09,4.023137489298138090e-09,4.116827444844936135e-09,4.211238098306117162e-09,4.306533453993130324e-09,4.402839247102782365e-09,4.500240518979986219e-09,4.598780483565936105e-09,4.698461463235693793e-09,4.799249005375331921e-09,4.901080732129511906e-09,5.003889114248147895e-09,5.107656430071265889e-09,5.212463925770186234e-09,5.318553170605662327e-09,5.426413889125299349e-09,5.536908212837195327e-09,5.651444704831901026e-09,5.772219910122377195e-09,5.902550638025433861e-09,6.047326363242483440e-09,6.213616550833776169e-09,6.411467656529856052e-09,6.654905656946843509e-09,6.963085880171829858e-09,7.361305763166162236e-09,7.880963091995966511e-09,8.555843558426210545e-09,9.407717805848431606e-09,9.412953021225601315e-09,9.315003727955834936e-09,8.927544461830855079e-09,7.938154740855698858e-09,5.658898414536262740e-09,8.477450289520445526e-09,1.226273153346522698e-08,1.309172966710337336e-08,1.238656501706795607e-08,1.182347876109642175e-08,1.221906910462600488e-08,1.370638318428478945e-08,1.618565383271318233e-08,1.979158745696552696e-08,2.546220824811074033e-08,3.535892676127919477e-08,2.896483385166786985e-08,2.311858221945597217e-08,2.001366695611547725e-08,1.846638126945950794e-08,1.769613722515720196e-08,1.724405352072548433e-08,1.679397675486158173e-08,1.596667340545797765e-08,1.405792231057235846e-08,1.441731156043596890e-08,1.593010573654546810e-08,1.556135916205336885e-08,1.451207573120126477e-08,1.404747761816064615e-08,1.466257379148887743e-08,1.624066536630122319e-08,1.852092393672677100e-08,2.172251882101856424e-08,2.737047833237343531e-08,3.806515655440773429e-08,3.104077822029680061e-08,2.487053582381938283e-08,2.178126073266210364e-08,2.036237345299473930e-08,1.973987170934633744e-08,1.946469075187520764e-08,1.925454386654631585e-08,1.870605318650998053e-08,1.689486593073363296e-08,1.564672956725113960e-08,1.620080059860048311e-08,1.293870514651501734e-08,8.152882894980940361e-09,5.675482944969891160e-09,7.309269865816033576e-09,9.372021131200587244e-09,9.840271154148230051e-09,7.823976228059096443e-09,4.038214747927998717e-09,7.956361019443010500e-09,8.707544196001835326e-09,1.634391962832073336e-08,2.185381766939691283e-08,2.519736538226454084e-08,2.701062882951118731e-08,2.759197377340905309e-08,2.683526984054842181e-08,2.405647382946786857e-08,1.765339429316543767e-08,2.461213527914547386e-08,3.331435126876116439e-08,3.716060518172264787e-08,3.894173693478150487e-08,4.133330165868774361e-08,4.514023523259167192e-08,4.947927066871315179e-08,5.231657974117787600e-08,5.126313264151910639e-08,4.582219608052853526e-08,4.236354261103753196e-08,4.576293024256440333e-08,4.999127802563539595e-08,5.369475327470226369e-08,5.669502909074713794e-08,5.926377987176997490e-08,6.137651134924778497e-08,6.234320755696983736e-08,5.988573743535973784e-08,4.846480630692312486e-08,6.458489938239587932e-08,8.826413975216065480e-08,8.763460752625125421e-08,7.407196828328196973e-08,5.999879794499448964e-08,5.180054833347597462e-08,5.078677194483885555e-08,5.591577570188748606e-08,6.628751813902305732e-08,8.402959464443258085e-08,1.180048474212368873e-07,8.936569772291515180e-08,6.287484621584147436e-08,4.849285078162872386e-08,4.147072592485303017e-08,3.896331477347839652e-08,3.959808518690423765e-08,4.295649712196564447e-08,4.904431007212703774e-08,5.736155225730901895e-08,3.779525621252147057e-08,2.257791462365005124e-08,8.527986157829673175e-09,4.788035837277687826e-09,1.317069812225261332e-08,1.775994595122029326e-08,1.707285020143664925e-08,9.406841425898080532e-09,1.077112343910247920e-08,4.428242799362851546e-08,9.442385563613409396e-08,5.473788748717236668e-08,1.717641555760909254e-08,7.504006495983893517e-09,1.546758461200648014e-08,5.573880814009890863e-10,5.972180701926366298e-10,6.406890499039511936e-10,6.867205691814641882e-10,7.343455528197772108e-10,7.827290615039512469e-10,8.311663681628498465e-10,8.790729566801868131e-10,9.259724275379381909e-10,9.714846966670565522e-10,1.015315174457798698e-09,1.057244929378976579e-09,1.097121639764580156e-09,1.134851138623596045e-09,1.170389422478812379e-09,1.203735068072936747e-09,1.234922056728893161e-09,1.264013041224288889e-09,1.291093105378011627e-09,1.316264067202953379e-09,1.339639367106289390e-09,1.361339567917203599e-09,1.381491554328909561e-09,1.400237582075639440e-09,1.417735307395359316e-09,1.434154796124554332e-09,1.449675561233442071e-09,1.464483617596503779e-09,1.478768584066432438e-09,1.492720893017915965e-09,1.506529191858771697e-09,1.520378040878896805e-09,1.534446026943961898e-09,1.548904418560107413e-09,1.563916479754529550e-09,1.579637531482197741e-09,1.596215792471008682e-09,1.613793941490019092e-09,1.632511213206605756e-09,1.652505665461382670e-09,1.673916031932541281e-09,1.696882294746808105e-09,1.721543773254360424e-09,1.748033129278806966e-09,1.776464255139822389e-09,1.806911595053683288e-09,1.839378185413671361e-09,1.873749840127890992e-09,1.909733890197841275e-09,1.946783336098382778e-09,1.984011849374871308e-09,2.020111952659389978e-09,2.053296538656729229e-09,2.081288253856601203e-09,2.101374244885080978e-09,2.110517410609867557e-09,2.105471948142354146e-09,2.082817522222249838e-09,2.038862656986332449e-09,1.969560253023754642e-09
1.868124085463965043e-09,1.740705428761219061e-09,1.614593657615822979e-09,1.506929505543815267e-09,1.431217256633354787e-09,1.395213688993551648e-09,1.400227395675026022e-09,1.442167255665548351e-09,1.513874892158864401e-09,1.607507496430657127e-09,1.716052915109281253e-09,1.833906923203526023e-09,1.956879647944353463e-09,2.081972716830072373e-09,2.207113139919799225e-09,2.330917081106046638e-09,2.452502276422652075e-09,2.571346996197452888e-09,2.687187174091224670e-09,2.799942612603646513e-09,2.909664370910069370e-09,3.016497123453263647e-09,3.120651889553931187e-09,3.222385872459170822e-09,3.321987169241017565e-09,3.419762849047558875e-09,3.516029402681281679e-09,3.611104898411268505e-09,3.705302391178146845e-09,3.798924265177905274e-09,3.892257275566169476e-09,3.985568118433290369e-09,4.079099414244976510e-09,4.173066054184580084e-09,4.267651938008964478e-09,4.363007236774897983e-09,4.459246448704539609e-09,4.556447692060041374e-09,4.654653901813159897e-09,4.753876882386275328e-09,4.854105534502440072e-09,4.955320050334945098e-09,5.057521339677107047e-09,5.160794167573201892e-09,5.265368372960529005e-09,5.371696632523422458e-09,5.480563994540328760e-09,5.593240429407271391e-09,5.711690921716137260e-09,5.838861287480915738e-09,5.979061304070221438e-09,6.138468265554731540e-09,6.325769953048933298e-09,6.552947901795634525e-09,6.836151782292122319e-09,7.196495692891292937e-09,7.660338835845000894e-09,8.258041864067739416e-09,9.019036855448374555e-09,9.958896265022619893e-09,9.964161357297562795e-09,9.859991639742760326e-09,9.488403707815505146e-09,8.686039762676987337e-09,7.096442216544641915e-09,8.180034405313845154e-09,8.380054718395268126e-09,9.198153098253919211e-09,9.799381465521973650e-09,1.092987093630326746e-08,1.291292575003735536e-08,1.561441213599129092e-08,1.863148055240602028e-08,2.164184230862144927e-08,2.548947614893992128e-08,3.441162372748994296e-08,2.708431777945530347e-08,2.098871602061990107e-08,1.844950927432172688e-08,1.737244321269171733e-08,1.687049435267523059e-08,1.653238858804811716e-08,1.613898780562868535e-08,1.554071370852561133e-08,1.443747062491491659e-08,1.446727083236628042e-08,1.099396073553288631e-08,1.092187504610325222e-08,1.149426764413974168e-08,1.304351977838121282e-08,1.564827767934357270e-08,1.889789211298532137e-08,2.201905379916425057e-08,2.427966590276371042e-08,2.707414571587248743e-08,3.758753745968051235e-08,2.851373209967026469e-08,2.197959703607796502e-08,1.956044819075606315e-08,1.846907257879516689e-08,1.780460300394220264e-08,1.721537913437874035e-08,1.657041433685975062e-08,1.589691406541431210e-08,1.512365880953347235e-08,1.482028539581541539e-08,7.938960808738286257e-09,5.984669735537316190e-09,5.876230536807026598e-09,8.403079249914599049e-09,1.174141804510217506e-08,1.458837042219544484e-08,1.586661843311258903e-08,1.353872244564654980e-08,4.564493360209104950e-09,1.468815327718493079e-08,3.253525344343960448e-09,1.675332264403044496e-08,2.305460000311272219e-08,2.620698289286149139e-08,2.768101511107778940e-08,2.789598565786045253e-08,2.681664875093216725e-08,2.408300850908947984e-08,1.894968433317994605e-08,2.280987075669004300e-08,2.480190358739724994e-08,3.021744667918924783e-08,3.630618941321686237e-08,4.418139867639537227e-08,5.410968550798845057e-08,6.484150151691048087e-08,7.315624080624663711e-08,7.324792689804887287e-08,5.850124509718147066e-08,3.467567878424869687e-08,4.740420104725985262e-08,5.686603158912443240e-08,5.873068761512908506e-08,5.876954109001041813e-08,5.818629770498760757e-08,5.691253481161205946e-08,5.449881851869620145e-08,5.039978957308932032e-08,4.344223077806825925e-08,5.558228525646700071e-08,4.770745368435157485e-08,5.047368575595929776e-08,4.926950745439552507e-08,4.811723825736363197e-08,5.103154400871828201e-08,5.892201901957676369e-08,7.022420253531689387e-08,8.251593924866040466e-08,9.665944371334806431e-08,1.274470262457410709e-07,9.378344649944748816e-08,6.344656705986567142e-08,4.781402382477928532e-08,3.981327548910401370e-08,3.610440336267110890e-08,3.531606850858027870e-08,3.740947245694028048e-08,4.365899923772024372e-08,5.534068166018890072e-08,4.922144596872532448e-08,6.019847889975889298e-09,1.023516742008427690e-08,2.097033747397259847e-08,2.914238838995463449e-08,3.394263727975080402e-08,3.439066630146221499e-08,2.817768841487104564e-08,9.308838629286490734e-09,3.711395350835393597e-08,1.209351408904915300e-07,5.409750496372040440e-08,4.621517970513396922e-09,2.327832332825380028e-08,3.116725119279294516e-08,5.706199095743595877e-10,6.050443565090538955e-10,6.432067132025711072e-10,6.841230630541776702e-10,7.268965541333184115e-10,7.707414745261530216e-10,8.149864475443686651e-10,8.590683051014673603e-10,9.025225824944538346e-10,9.449733763061789183e-10,9.861236365409165714e-10,1.025746181940044429e-09,1.063675414124670174e-09,1.099799620034684748e-09,1.134053761253935733e-09,1.166412688197079305e-09,1.196884757223458894e-09,1.225505859118927334e-09,1.252333884103779992e-09,1.277443654242116580e-09,1.300922351595197768e-09,1.322865461498145730e-09,1.343376218805237986e-09,1.362574468075659264e-09,1.380596686929740598e-09,1.397593087010379265e-09,1.413724756270456508e-09,1.429160829021414141e-09,1.444075710912858076e-09,1.458646415204617371e-09,1.473050090315467850e-09,1.487461837973170179e-09,1.502052935924497112e-09,1.516989585744182409e-09,1.532432300773102398e-09,1.548536023408434279e-09,1.565451010188857285e-09,1.583324439883219672e-09,1.602302577986053079e-09,1.622533165019021758e-09,1.644167479360354946e-09,1.667361251245485543e-09,1.692273265439929346e-09,1.719060084116198381e-09,1.747864858906909295e-09,1.778797726339963727e-09,1.811904907556687630e-09,1.847123596255643952e-09,1.884220442014721868e-09,1.922713566577310107e-09,1.961782361738553725e-09,2.000176257704193608e-09,2.036142281317923073e-09,2.067397575791286938e-09,2.091169103459435223e-09,2.104299222790000075e-09,2.103372545674668785e-09,2.084781736065472204e-09,2.044679598741025619e-09,1.978952636292659057e-09
1.881019581000801247e-09,1.757225660391077182e-09,1.634619686388848687e-09,1.530449091413628819e-09,1.458157098686307076e-09,1.425376969521378449e-09,1.433313878687569600e-09,1.477836069090259529e-09,1.551795025483100799e-09,1.647373281837479781e-09,1.757580843472529506e-09,1.876833651811947761e-09,2.000966366724084494e-09,2.127012091200981550e-09,2.252934540384734477e-09,2.377388267052234916e-09,2.499527703092440820e-09,2.618863769390176638e-09,2.735159755676632229e-09,2.848357131704684940e-09,2.958523089946378583e-09,3.065813357729184346e-09,3.170445506872701421e-09,3.272679394728915343e-09,3.372802440772471598e-09,3.471118209947287079e-09,3.567937295950991799e-09,3.663569842375772844e-09,3.758319256927703466e-09,3.852476812964678982e-09,3.946316922792400455e-09,4.040092935345822913e-09,4.134033372318954072e-09,4.228338586455223804e-09,4.323177910959774719e-09,4.418687479900101100e-09,4.514969040918786353e-09,4.612090263610313188e-09,4.710087276177679141e-09,4.808970452824615750e-09,4.908734841722514618e-09,5.009377092080181383e-09,5.110927978397909090e-09,5.213518882913343744e-09,5.317448579711880542e-09,5.423268791227986652e-09,5.531904162388997923e-09,5.644818718811619433e-09,5.764244270787050087e-09,5.893489871599657004e-09,6.037354563603389917e-09,6.202666490069091836e-09,6.398966414885108475e-09,6.639335933983472508e-09,6.941328151814636037e-09,7.327872469810932867e-09,7.827872618070380639e-09,8.475995445272906290e-09,9.310977663982312121e-09,1.037228153853852067e-08,1.037757022043702466e-08,1.032118229448935299e-08,1.014850664630293890e-08,9.933421506461761933e-09,1.011504768171750709e-08,4.933438653308977490e-09,4.344565505696732323e-09,5.896465579945967906e-09,7.087954091051017272e-09,9.607726877698922533e-09,1.335705547621414810e-08,1.778389846260614371e-08,2.187886698615849319e-08,2.387943203948566872e-08,2.194672161602808535e-08,2.686861601240863292e-08,1.739591496329145663e-08,1.517635637237566568e-08,1.500911832293990074e-08,1.518463578940845818e-08,1.532635646975574948e-08,1.531454134265672433e-08,1.513954481183482613e-08,1.509863592170066960e-08,1.691269087509423998e-08,7.332312952495586118e-09,3.588048957791228984e-09,6.379096135152355785e-09,8.349920024154785255e-09,1.184310634042729079e-08,1.688573918773166682e-08,2.283265604481650289e-08,2.830929067285698200e-08,3.045629702146858963e-08,2.503405042963070197e-08,3.243734409110389756e-08,2.004874842402057616e-08,1.752800999835620988e-08,1.661793256095071771e-08,1.608455918105262393e-08,1.549692154169478938e-08,1.465775358539404394e-08,1.356864390489439418e-08,1.290048229214127258e-08,1.652345494050550551e-08,2.791821357867177740e-08,5.864612785665909319e-09,5.519693746902620489e-09,8.632059885426740279e-09,1.269543371351585473e-08,1.714547787098719668e-08,2.196779910872930886e-08,2.657289222717665953e-08,2.783843074836987685e-08,1.665355863872490012e-08,2.724562142376927280e-08,2.389165233728804781e-08,2.600540758905294403e-08,2.727853741575664293e-08,2.826999600438316363e-08,2.876890789295327796e-08,2.857580101339990242e-08,2.755746170751312579e-08,2.577433713759351552e-08,2.426395252535525745e-08,1.076624338393620884e-08,1.366942467802390511e-08,2.346313609706544288e-08,3.293630440696975337e-08,4.625873738328345721e-08,6.383884742234589490e-08,8.449530698576144745e-08,1.043710918407233868e-07,1.124152524288530909e-07,8.316428537926891932e-08,1.050270370100921460e-08,7.924411851253740891e-08,6.963079784274319001e-08,6.352210106203510527e-08,5.932478250671975919e-08,5.565511332333640202e-08,5.148263737775087181e-08,4.632333495000077823e-08,4.192092453506324589e-08,5.094153176912178461e-08,7.798192264578354186e-08,2.554229658491451189e-09,1.871635551133372713e-08,2.580647640757554761e-08,3.353168792045725208e-08,4.673802281776812942e-08,6.532669959722258239e-08,8.555746040766890158e-08,9.929067447299307841e-08,9.546662900253945243e-08,9.859467092523335609e-08,6.729047291366505273e-08,4.702211447943746876e-08,3.775561745957400220e-08,3.239543874800641198e-08,2.898642555738047082e-08,2.684268209624136124e-08,2.632433931409219167e-08,3.123230409091339186e-08,6.108901337393842370e-08,1.445531728628816212e-07,3.860439343951847679e-08,3.337041692652683778e-08,4.095374108971746918e-08,4.942298665639127565e-08,5.549429472032613064e-08,5.944085449491702572e-08,6.118488631586378570e-08,5.363090618003056182e-08,8.221971984384960964e-09,1.477696214448586407e-07,3.938833208197912593e-08,5.142768082048739748e-08,5.357002227478242105e-08,5.412117902694369405e-08,5.832599088642655324e-10,6.125864918594486938e-10,6.458141358276853798e-10,6.820005553738872017e-10,7.202925399779101877e-10,7.599402223577598547e-10,8.002985560626472847e-10,8.408219855604890526e-10,8.810561790569303474e-10,9.206289613183290002e-10,9.592414487646286426e-10,9.966597541535764717e-10,1.032707323409277935e-09,1.067257849881962599e-09,1.100228688527041748e-09,1.131574708415809689e-09,1.161282548939500617e-09,1.189365269066379669e-09,1.215857396080182958e-09,1.240810387864672601e-09,1.264288524915909574e-09,1.286365243853777675e-09,1.307122808581553412e-09,1.326661006945424449e-09,1.345097172688675768e-09,1.362563377659890806e-09,1.379203681691544657e-09,1.395171423862354196e-09,1.410626578651819041e-09,1.425733229374498132e-09,1.440657234271528147e-09,1.455564179333266882e-09,1.470617726335218539e-09,1.485978471875901162e-09,1.501803429134521237e-09,1.518246221791771144e-09,1.535458033982952304e-09,1.553589283215615938e-09,1.572791869698912420e-09,1.593221697968510724e-09,1.615040958392874483e-09,1.638419388797310808e-09,1.663533399492133222e-09,1.690561533248118849e-09,1.719674246425888466e-09,1.751015471663689653e-09,1.784672949802044833e-09,1.820634111102025904e-09,1.858724746037289566e-09,1.898529491126904194e-09,1.939297126884721127e-09,1.979840538805676913e-09,2.018450443751832030e-09,2.052850207059626354e-09,2.080218367163704857e-09,2.097285422840224071e-09,2.100469203528211971e-09,2.085971743198296610e-09,2.049783163201307198e-09,1.987719488213669388e-09
1.893402634548709644e-09,1.773395924493618269e-09,1.654459697835923671e-09,1.553922426622345710e-09,1.485151028074823588e-09,1.455651722116051509e-09,1.466528822509706528e-09,1.513613271298023187e-09,1.589769961953395298e-09,1.687212526636239959e-09,1.798981560345067126e-09,1.919522632652420329e-09,2.044703369765316142e-09,2.171594515624295435e-09,2.298200145894236329e-09,2.423214755907933020e-09,2.545829579869905456e-09,2.665587479974079094e-09,2.782278065319184178e-09,2.895863433004369764e-09,3.006426053311844551e-09,3.114132126408321453e-09,3.219205502777140521e-09,3.321908723313301561e-09,3.422528843070600696e-09,3.521366492397632728e-09,3.618727164509873214e-09,3.714914069535328893e-09,3.810222117493594803e-09,3.904932734466688081e-09,3.999309308488803001e-09,4.093593132203100240e-09,4.187999772103946732e-09,4.282715863795363182e-09,4.377896417575714907e-09,4.473662825816625486e-09,4.570101900043518750e-09,4.667266437458319253e-09,4.765178032189659570e-09,4.863833114592243039e-09,4.963213536676737285e-09,5.063303442477092950e-09,5.164121102578463095e-09,5.265783552677763433e-09,5.368571973240384602e-09,5.473015803479130437e-09,5.580011116619486619e-09,5.690985686679852574e-09,5.808127016126234860e-09,5.934694078710929472e-09,6.075438246315334427e-09,6.237162794847196310e-09,6.429451522851003414e-09,6.665592064403355795e-09,6.963704263248709056e-09,7.348056450803147358e-09,7.850522866310638047e-09,8.512153393486743114e-09,9.385044557273691422e-09,1.053550217842317171e-08,1.054080576052239915e-08,1.052936068935937725e-08,1.049779721230090592e-08,1.049883062234994619e-08,1.070387802734381693e-08,7.535756614145283741e-09,3.499591608013455289e-09,3.386032368116198468e-09,3.799602701040556011e-09,7.597875120175720464e-09,1.363654456607716132e-08,2.090333053935709119e-08,2.806267634914245834e-08,3.164676828436304654e-08,1.891276384225818869e-08,4.530680389127267412e-08,1.379435379311359361e-08,9.088418245952941298e-09,1.118913866375380551e-08,1.265675704139763423e-08,1.346539696759367348e-08,1.376387510020573298e-08,1.352413357874400641e-08,1.242011444928251243e-08,9.255758633395527397e-09,1.935107779324727866e-08,5.379315667017683780e-09,3.837903443053989878e-09,5.583498319804824216e-09,1.031450655694288001e-08,1.817114659675150106e-08,2.832310003812684920e-08,3.960627203504874579e-08,4.863658806478880407e-08,4.001924668796156420e-08,9.162656055284490099e-08,3.206784116345353465e-08,1.790361852633831267e-08,1.488074233011287322e-08,1.407269191994424679e-08,1.338644165407026551e-08,1.223609471322765852e-08,1.020996888696523674e-08,6.898805384399809845e-09,1.110208261723235652e-08,4.078745875347418805e-08,1.634698174474604724e-08,8.117841028648714854e-09,1.319288306503608487e-08,1.773014080462671812e-08,2.284593377145662449e-08,3.030971290290711723e-08,4.154799868631147819e-08,5.566099311687355875e-08,5.751348224085063723e-08,1.408063396031314604e-07,5.479908242124430730e-08,3.658898296037745522e-08,3.143575027526358319e-08,3.006829324018311974e-08,2.961588010726572467e-08,2.908814359743883533e-08,2.808550504391300556e-08,2.635700284396902362e-08,2.334468690973424429e-08,1.436207855103151330e-08,2.096541538225532434e-08,1.773490672545307341e-08,2.667592447891679825e-08,4.540801424883636609e-08,7.231061606220727901e-08,1.073303364525169860e-07,1.503959337454565319e-07,1.921865298313936860e-07,1.678594204329890376e-07,2.628848027644815241e-07,1.062404554780440209e-07,7.658696019631106568e-08,6.413989635000397691e-08,5.718660945088318726e-08,5.157428741192468675e-08,4.513232656956859929e-08,3.567368980817752348e-08,1.848848481249942916e-08,2.318113430274966322e-08,1.295431223322917431e-07,1.796974852307102252e-08,1.423196619882784418e-09,2.468646698894227783e-09,1.442298529918470742e-08,3.839682981405026323e-08,7.195063102316230623e-08,1.098313043459086054e-07,1.365124568734531869e-07,9.062372063956359044e-08,5.784160122408315309e-08,1.037213633248977736e-08,1.818039120146832199e-08,2.245370133187429268e-08,2.184048829496486972e-08,1.952882931802167404e-08,1.574795225346553468e-08,8.877821101460277558e-09,7.471937904211784373e-09,5.663638585022837775e-08,1.833729890181168404e-07,9.270583907811333347e-08,4.474092167740093591e-08,6.122280651105406242e-08,7.348581357507585091e-08,8.071492495047617830e-08,8.835113062022439402e-08,1.052399514474577828e-07,1.382578496132024094e-07,1.620299956251086846e-07,5.190947740125102841e-07,1.923568298004424508e-07,1.096811922535315687e-07,8.371680021689448273e-08,7.573614894713545139e-08,5.948460843704114339e-10,6.195131875885296737e-10,6.482314015329105099e-10,6.800876738862680575e-10,7.142658363237050929e-10,7.500483930554006351e-10,7.868148489225281727e-10,8.240364499334027433e-10,8.612688515719484039e-10,8.981440363752083925e-10,9.343622781967494600e-10,9.696845271880654981e-10,1.003925335059431756e-09,1.036946316327767412e-09,1.068650097447842639e-09,1.098974702734717245e-09,1.127888339346936738e-09,1.155384560972413925e-09,1.181477803637577264e-09,1.206199295560428818e-09,1.229593347203751429e-09,1.251714026409879572e-09,1.272625030781750578e-09,1.292408238398152857e-09,1.311163727735161201e-09,1.329007055514068304e-09,1.346066611353801924e-09,1.362481030117860696e-09,1.378396681439259124e-09,1.393965284818168208e-09,1.409341720810908962e-09,1.424682127309607737e-09,1.440142383961139658e-09,1.455877095581869786e-09,1.472039182821847336e-09,1.488780169045005956e-09,1.506251211694781465e-09,1.524604855558080877e-09,1.543997379951874793e-09,1.564591463084969848e-09,1.586558687510086376e-09,1.610081151583580664e-09,1.635351119599822808e-09,1.662567229521837953e-09,1.691925275192967083e-09,1.723601010922128410e-09,1.757721864288542928e-09,1.794324073806745975e-09,1.833291967919167479e-09,1.874277522284958622e-09,1.916601902818055418e-09,1.959147339560988305e-09,2.000257356671865796e-09,2.037673312076887270e-09,2.068537816877126196e-09,2.089479603955413062e-09,2.096754284714079421e-09,2.086371211791595779e-09,2.054151776537291317e-09,1.995837415553017978e-09
1.905250964570410645e-09,1.789192689007517983e-09,1.674085512052127372e-09,1.577313109684389035e-09,1.512151192944448364e-09,1.485975995901436737e-09,1.499794682811338346e-09,1.549406039631498552e-09,1.627693889986532621e-09,1.726910162960003034e-09,1.840135029578979341e-09,1.961852909052766260e-09,2.087972110303848118e-09,2.215606309500131722e-09,2.342802783858293590e-09,2.468296873829329415e-09,2.591316257134470984e-09,2.711434728134102007e-09,2.828467007748890801e-09,2.942394701781668932e-09,3.053314685062652479e-09,3.161403069823510768e-09,3.266889750506712231e-09,3.370040027870782929e-09,3.471140952009793250e-09,3.570490829027348425e-09,3.668390879458541816e-09,3.765138391093733517e-09,3.861020933877860946e-09,3.956311346352025940e-09,4.051263296856180704e-09,4.146107291203563498e-09,4.241047059876006127e-09,4.336256322492125842e-09,4.431876004285438881e-09,4.528012074762483566e-09,4.624734297248001265e-09,4.722076325298273016e-09,4.820037762582546984e-09,4.918589023739158546e-09,5.017680103475573483e-09,5.117254692162435296e-09,5.217277641112534589e-09,5.317792645865613277e-09,5.418979287480426649e-09,5.521226403198654137e-09,5.625236530765434429e-09,5.732173538946689423e-09,5.843869971209838991e-09,5.963116418456914168e-09,6.094062631068377666e-09,6.242769200529451939e-09,6.417959450128161983e-09,6.632033654335784873e-09,6.902422868511566241e-09,7.253382718666361253e-09,7.718375489006598215e-09,8.343303461304551954e-09,9.191111990389751468e-09,1.034872905808166646e-08,1.035403934166521705e-08,1.037724612888251647e-08,1.045107267496534113e-08,1.061251068143113363e-08,1.086257300001606941e-08,1.135710190511101643e-08,9.419185263236911590e-09,1.068963398372693626e-08,6.280856622907752024e-09,5.085222724919076903e-09,1.332435575574373949e-08,2.477900901651536498e-08,3.875377810801779008e-08,5.832557262608125125e-08,1.844167614583807297e-08,7.303021034781137558e-09,8.055059683882743937e-09,7.483485318809388084e-09,8.989757224577623928e-09,1.060557050039428346e-08,1.172764370805745197e-08,1.231413538248538237e-08,1.236565988111309638e-08,1.182227792632305678e-08,1.062294085745408886e-08,1.308516514329876161e-08,1.975037168846607399e-08,1.128985815224531142e-08,9.763458070028046795e-09,9.159299959328866832e-09,1.834409269959313975e-08,3.365773459795658013e-08,5.473769741983289564e-08,8.927658296308025124e-08,2.439972866863740537e-08,1.886073077430944389e-08,1.986935475796148819e-08,1.562164552134160095e-08,1.338206646317456434e-08,1.247687086810077232e-08,1.178458865541132595e-08,1.072868025681080777e-08,9.063651523446216797e-09,7.070598140901136714e-09,7.065368498024131778e-09,7.552625340773915690e-09,4.079896792475652471e-08,1.078445832464299059e-08,2.026733685876974679e-08,2.412101763673382745e-08,2.782084575627675343e-08,3.622047281931969780e-08,5.507804917754878398e-08,9.767888983845246881e-08,3.759444808734589479e-08,3.282376827884375790e-08,3.743343736119636741e-08,3.364284529230197685e-08,3.115314741274408560e-08,3.005761698069841263e-08,2.953035951171770574e-08,2.903245935062906905e-08,2.830744136074839566e-08,2.725474403904693441e-08,2.577376596874728465e-08,3.119982499174720770e-08,8.675883495655306943e-09,2.799368068351194023e-09,1.141644564557053722e-08,3.767772233271175476e-08,7.470388271066175502e-08,1.251398396803950364e-07,2.019361515841228748e-07,3.435681082645027314e-07,2.387232495214202106e-08,6.920242264998176541e-08,7.193939774373484808e-08,6.378910966818450932e-08,5.697558915016090715e-08,5.161777419709214602e-08,4.642093822258417417e-08,4.012695095853149717e-08,3.142797740302199980e-08,1.880458945209430977e-08,2.105214340701907325e-09,2.032432502367109829e-08,1.203359473296276552e-07,9.516316268199581223e-09,3.156115866359747843e-08,1.626113758589425116e-08,2.157217594252663678e-08,7.628840324999353635e-08,1.484277141716622437e-07,2.503080866436180525e-07,8.360984893343574421e-08,1.043676642009829957e-08,4.954708963331627976e-09,8.180446807974566659e-09,1.146233176274438762e-08,1.221815988131312834e-08,1.082888155746750700e-08,7.195037731514767902e-09,1.048576383070430654e-09,1.249048449315498309e-08,3.204582478756886336e-08,1.380442446996456280e-08,1.846647387287683497e-07,3.929841000045995601e-08,8.739977964728874201e-08,1.046048329000985311e-07,1.077450672739375965e-07,1.104298677716032447e-07,1.360545054219097720e-07,2.359668088816872650e-07,1.587423748212820734e-07,1.136020830941605073e-07,1.283091436435854043e-07,1.072387942915230569e-07,9.281985524277251703e-08,8.657444726298541145e-08,6.049463524063758727e-10,6.255205617007074719e-10,6.502047032364513053e-10,6.781461462517901761e-10,7.085780141412357659e-10,7.408207402238821403e-10,7.742813104056489401e-10,8.084495771158572870e-10,8.428925295802645399e-10,8.772475572133056850e-10,9.112154589707242984e-10,9.445536318109060344e-10,9.770696381113157405e-10,1.008615215017523886e-09,1.039080721676982749e-09,1.068389997340397680e-09,1.096495601195341882e-09,1.123374412693696107e-09,1.149023579945127994e-09,1.173456810781523195e-09,1.196701005262429711e-09,1.218793229208403459e-09,1.239780764711967883e-09,1.259729526841431228e-09,1.278724078008606395e-09,1.296864982754871534e-09,1.314266260803251041e-09,1.331052916031043957e-09,1.347358557281240117e-09,1.363323154884611919e-09,1.379090999011158879e-09,1.394808943588479377e-09,1.410625033615434720e-09,1.426687621759230261e-09,1.443145078692125634e-09,1.460146185396286755e-09,1.477841258616423757e-09,1.496383996753439335e-09,1.515933934927721381e-09,1.536659258527414566e-09,1.558739534978337621e-09,1.582367673401744853e-09,1.607750097185996269e-09,1.635103701905737494e-09,1.664647658054273662e-09,1.696587513934593464e-09,1.731088413301894504e-09,1.768233722945499410e-09,1.807965311534901152e-09,1.850002766310954954e-09,1.893741951755515404e-09,1.938139615130527168e-09,1.981600652834345187e-09,2.021896075966140139e-09,2.056145654203499887e-09,2.080887795064235576e-09,2.092222284566248183e-09,2.085965507160030918e-09,2.057765214136981274e-09,2.003284233707027035e-09
1.916543545384003766e-09,1.804593404144407636e-09,1.693469494136634650e-09,1.600584908419586263e-09,1.539109804753088792e-09,1.516288182078526314e-09,1.533034940800481406e-09,1.585123600789161439e-09,1.665464283272042982e-09,1.766355696199795743e-09,1.880926969632889782e-09,2.003710224615109935e-09,2.130661371377408608e-09,2.258941407816084294e-09,2.386642855600466476e-09,2.512542195666214210e-09,2.635902780313375249e-09,2.756328080721502356e-09,2.873656595929997520e-09,2.987888275832151944e-09,3.099133529513793614e-09,3.207577850476650357e-09,3.313456984559791396e-09,3.417039113781507027e-09,3.518611685414051947e-09,3.618471329330565363e-09,3.716915853575197798e-09,3.814237663810884539e-09,3.910718176804739509e-09,4.006622939830495629e-09,4.102197259457548970e-09,4.197662208694913597e-09,4.293210937767839421e-09,4.389005269037862540e-09,4.485172620357247126e-09,4.581803376671678125e-09,4.678948920435572637e-09,4.776620639840417370e-09,4.874790362298215274e-09,4.973392810941066253e-09,5.072330856677845071e-09,5.171484541636047004e-09,5.270730957438770676e-09,5.369990403939218234e-09,5.469268771762246438e-09,5.568711482262308650e-09,5.668682098240824816e-09,5.769876339327402244e-09,5.873486984054782225e-09,5.981442027486810771e-09,6.096748433791806164e-09,6.223988184998656463e-09,6.370033870513184349e-09,6.545080190577095090e-09,6.764128828394718138e-09,7.049122508822897139e-09,7.432009881715520628e-09,7.959157642026255299e-09,8.697752007306961042e-09,9.745211052673091246e-09,9.750522939408048272e-09,9.793892449898343983e-09,9.937531871789737156e-09,1.025873900235422279e-08,1.091321709819132780e-08,1.226898029168697634e-08,9.811322188520889833e-09,1.734738749720769554e-08,1.230761176767024506e-08,5.573769286043582947e-09,8.799314005948132451e-09,2.016098406248131839e-08,3.377246173887587698e-08,5.981834758767408076e-08,4.140856012399214121e-09,5.173670683250681784e-09,5.452147867556813141e-09,5.831963533599259713e-09,7.308445982162472847e-09,8.931291456393072289e-09,1.019073993543286540e-08,1.099354534580795010e-08,1.138480853452739314e-08,1.149855266551570611e-08,1.168667739521997513e-08,1.295609226619855135e-08,1.278356493860585505e-08,2.281834223102290542e-08,1.774467175858700975e-08,1.015719729231813537e-08,1.198015581547300936e-08,2.548664886701193205e-08,4.341023143667558752e-08,8.190938122023709101e-08,9.820177636137853322e-09,1.188522168546741080e-08,1.291261410039201806e-08,1.200368090029263368e-08,1.123712402004951781e-08,1.085290923992491003e-08,1.045662857260693264e-08,9.753547878262134227e-09,8.687757148365339854e-09,7.538270154920027592e-09,7.011247723475129617e-09,7.481859236024137749e-09,9.063667460022843262e-09,2.436683913223901935e-08,2.691694482888032720e-08,2.590263405363975059e-08,2.404717257538779901e-08,2.580406902352361982e-08,3.587349862245786410e-08,7.565112438158096436e-08,1.856887239712555538e-08,2.349497383266617753e-08,2.765024940586092159e-08,2.856022104588889660e-08,2.856642124863149116e-08,2.848473752679943821e-08,2.837270692486994569e-08,2.814809298621565865e-08,2.781470381802249816e-08,2.757352011456813306e-08,2.804735552316809690e-08,3.107282059637270922e-08,2.902979710614730097e-08,3.003920478826368448e-08,1.220032059844695320e-08,1.520907355270458962e-08,4.942650615185730872e-08,9.024237263733961247e-08,1.460158625283475254e-07,2.985477037783950772e-07,3.520062577251785904e-08,3.932740232072123787e-08,4.589132119997241876e-08,4.733070204360966971e-08,4.627558431632706473e-08,4.399042426661783608e-08,4.064994866050688227e-08,3.604056626464785967e-08,2.994322441688782948e-08,2.260278428342787288e-08,1.596843898282419554e-08,1.619509277412904976e-08,3.794666764143044163e-08,8.018268863993212495e-08,7.884361782991345993e-08,5.305733969581258740e-08,8.760607155729998727e-09,4.959603826049466145e-08,1.225484335685817472e-07,2.649614354704378397e-07,5.159359003771493967e-09,4.933435777962298975e-09,5.293094298939474316e-09,2.207326566827406135e-09,3.037751539428768109e-09,4.370982696687945840e-09,4.006969920777002931e-09,1.750566236941119270e-09,3.047340347919369498e-09,1.010077930814107987e-08,1.843963765447346834e-08,2.258998573553835871e-08,1.389863624433311460e-08,8.572519206051915742e-08,1.078640732264914409e-07,1.121121015613424992e-07,1.014833361363837766e-07,8.268597819214685948e-08,7.073574585525490452e-08,1.319815941182332327e-07,6.168890625458956341e-08,8.226417057412684205e-08,9.527468027674406207e-08,9.416646610297685987e-08,9.030773323343506857e-08,8.794129156544856003e-08,6.133449659541070979e-10,6.304086135949523873e-10,6.515411738329279458e-10,6.759812264267706005e-10,7.030271254533326276e-10,7.320459089040339225e-10,7.624771008426988759e-10,7.938323458410434780e-10,8.256921820968051023e-10,8.577011617123851979e-10,8.895622137954941474e-10,9.210308221030221342e-10,9.519093361572994086e-10,9.820415698369871199e-10,1.011307745477202853e-09,1.039619794339569063e-09,1.066917004404395703e-09,1.093162002423232215e-09,1.118337058662390034e-09,1.142440706415700566e-09,1.165484670999503542e-09,1.187491104253391806e-09,1.208492791600487211e-09,1.228541442934115701e-09,1.247707696386662206e-09,1.266078539914058566e-09,1.283754854135634573e-09,1.300849050819815621e-09,1.317482819620125817e-09,1.333785022620674389e-09,1.349889798193213704e-09,1.365934953242430317e-09,1.382060736186242913e-09,1.398409091803868963e-09,1.415123498495230924e-09,1.432349474633556465e-09,1.450235807818158620e-09,1.468936502360503411e-09,1.488613349446139843e-09,1.509438893751579987e-09,1.531599390934291958e-09,1.555297110483942581e-09,1.580751023057747725e-09,1.608194503346064685e-09,1.637868160985173478e-09,1.670005280536029964e-09,1.704806643191899064e-09,1.742400846400063200e-09,1.782785940705227008e-09,1.825748870180041608e-09,1.870761827531408858e-09,1.916860489678144279e-09,1.962519036425281727e-09,2.005549530622063129e-09,2.043062416537777024e-09,2.071518471706428011e-09,2.086869917837542987e-09,2.084741821148590967e-09,2.060604738899857353e-09,2.010039087018372163e-09
1.927260685338351480e-09,1.819576553155437583e-09,1.712584598880157006e-09,1.623701810076398076e-09,1.565979204847611079e-09,1.546527111140478561e-09,1.566174238798758644e-09,1.620677393637356744e-09,1.702982056763114176e-09,1.805443305572618324e-09,1.921248851348140000e-09,2.044986885760734504e-09,2.172666980969298404e-09,2.301500934748642241e-09,2.429627785987089899e-09,2.555864893351012855e-09,2.679510160032680121e-09,2.800195283571193862e-09,2.917781122433385300e-09,3.032284789086203479e-09,3.143829377367208206e-09,3.252609269477384244e-09,3.358865913564084047e-09,3.462870536331987497e-09,3.564911422083510349e-09,3.665284205830062509e-09,3.764284174901949980e-09,3.862199927507425703e-09,3.959307959617849651e-09,4.055867891399617188e-09,4.152118132612656243e-09,4.248271847975700468e-09,4.344513130599212126e-09,4.440993336454563661e-09,4.537827577533329844e-09,4.635091422057508877e-09,4.732817904751331179e-09,4.830995010117620396e-09,4.929563854004091906e-09,5.028417850229090596e-09,5.127403205510993722e-09,5.226321129318726675e-09,5.324937716823537314e-09,5.423015040313159811e-09,5.520333816517068515e-09,5.616720699623730670e-09,5.712090693579898976e-09,5.806512622099871737e-09,5.900310026232284744e-09,5.994216902398391420e-09,6.089618886233226829e-09,6.188928174289262312e-09,6.296168055944689377e-09,6.417884894763362403e-09,6.564566673259543316e-09,6.752830879186456626e-09,7.008747246576325676e-09,7.372769142141992739e-09,7.906851334982116458e-09,8.704503135864757655e-09,8.709813371633869121e-09,8.747957616590652060e-09,8.879585583185856039e-09,9.193676930147415386e-09,9.865593180119215078e-09,1.124332319482767333e-08,1.407860090094082203e-08,1.573054047070768276e-08,1.130514346495478314e-08,5.120142395049535380e-09,8.792665480158614490e-09,1.957514823572418615e-08,3.121909575850759205e-08,3.369974702295814587e-08,1.327849860813536762e-08,6.347674997972997014e-09,3.978114069369277018e-09,4.257932419711147315e-09,5.856672214327416387e-09,7.506761118361787266e-09,8.810344204458934972e-09,9.708222183682252394e-09,1.027203672591855079e-08,1.067655613357659881e-08,1.125399378447090399e-08,1.259269702483785982e-08,1.546101217912018706e-08,2.045527539186883308e-08,1.626211302779474750e-08,9.436848356548488673e-09,1.197416732766550618e-08,2.484336635825365083e-08,3.991924444575514499e-08,4.246145831224916615e-08,1.571338476022776654e-08,8.665622321972307636e-09,8.192392791230869046e-09,8.538832984678627440e-09,8.893779929168356509e-09,9.168116248610213756e-09,9.198898709984828670e-09,8.893153631019810590e-09,8.306051222903499418e-09,7.660588889214993739e-09,7.301410781031646506e-09,7.565956021058702110e-09,8.677342232712297052e-09,2.188517644146480096e-08,2.540516833187843956e-08,2.484688584484362234e-08,2.347815422366336064e-08,2.541268496164467012e-08,3.295293791597651284e-08,3.035852063886322500e-08,1.112289499016367706e-08,1.547559159421543458e-08,2.066545616732389742e-08,2.360053462122387088e-08,2.514417267910579540e-08,2.594884177360323280e-08,2.630206284432614705e-08,2.633894892569634296e-08,2.620240566420717418e-08,2.615755660797603213e-08,2.673276060407691683e-08,2.895672722207056333e-08,3.455607209052755778e-08,2.723208972772844978e-08,9.895912637699211371e-09,1.645950229968492193e-08,4.948714377580140148e-08,8.859202662752445672e-08,1.342608002839045355e-07,1.317624270749111697e-07,3.243681368825444200e-08,5.871078824870940793e-09,2.328469662457881391e-08,3.163196943935698401e-08,3.510470916228708453e-08,3.579491519703399834e-08,3.464333846474098132e-08,3.210630590779548211e-08,2.859190956438270446e-08,2.486155130765993942e-08,2.248298464493019625e-08,2.383015198395544016e-08,2.921323207421311868e-08,7.215382289334513699e-08,7.271273347840789612e-08,4.857971642147592266e-08,6.424671368144325768e-09,4.892999433007021084e-08,1.120440464669674924e-07,1.313959979201904780e-07,5.049393959364884371e-08,2.520525689958885538e-08,1.475443730819983784e-08,8.433943798004893205e-09,4.256680609630655849e-09,1.824321101400668139e-09,9.751408738203466391e-10,1.622511064382299882e-09,3.477293658591252544e-09,6.101438159620534252e-09,8.351517291255464385e-09,8.550572632849224142e-09,8.674466534729408234e-09,7.545865405853443993e-08,1.018090758801041470e-07,1.071531217352938785e-07,9.802627705697948886e-08,8.108545658583068507e-08,6.594276650236525708e-08,3.132088065998157077e-08,2.511635783170829418e-08,5.543456007146929674e-08,7.281915250871761917e-08,8.034668309021700237e-08,8.294832509592923121e-08,8.365851169992806812e-08,6.200156807609796766e-10,6.340891016483875871e-10,6.521186690207918503e-10,6.734480455546694371e-10,6.974507149438840529e-10,7.235469902224657595e-10,7.512134411342877049e-10,7.799866416475628718e-10,8.094629836242619237e-10,8.392960199546446943e-10,8.691924323622784647e-10,8.989073646613048996e-10,9.282395797157162033e-10,9.570266993200889025e-10,9.851406600976464124e-10,1.012483444558853562e-09,1.038983108079509608e-09,1.064590104033087172e-09,1.089273902663722480e-09,1.113019897480939440e-09,1.135826593103523036e-09,1.157703068562983242e-09,1.178669321586354462e-09,1.198764439146164354e-09,1.218046584981772800e-09,1.236590477599309727e-09,1.254485012959970054e-09,1.271831003902371002e-09,1.288739045319440426e-09,1.305327540865879721e-09,1.321720948255392289e-09,1.338048317494434468e-09,1.354442209517436324e-09,1.371038091291350143e-09,1.387974304004797046e-09,1.405392689271343663e-09,1.423439928688257912e-09,1.442269599265414710e-09,1.462044863266371617e-09,1.482941589380650894e-09,1.505151532705035193e-09,1.528884972689471479e-09,1.554371903035235308e-09,1.581860467360773322e-09,1.611610814987925429e-09,1.643881900067283388e-09,1.678907982382413798e-09,1.716860808906165613e-09,1.757792929822010388e-09,1.801557895216875551e-09,1.847705183219920327e-09,1.895353023581153854e-09,1.943052049779508036e-09,1.988666367315749778e-09,2.029310873345425120e-09,2.061382550028688025e-09,2.080696195917709914e-09,2.082689299365548495e-09,2.062653241518371559e-09,2.016082569713572586e-09
1.937384100104978161e-09,1.834121698499679238e-09,1.731404415826995075e-09,1.646628078221671965e-09,1.592711942560419436e-09,1.576632163162149840e-09,1.599138526829523406e-09,1.655981237779321610e-09,1.740151721249684869e-09,1.844071936329923265e-09,1.960997883129826669e-09,2.085581612040781218e-09,2.213891521133663274e-09,2.343192783389051230e-09,2.471671496501147262e-09,2.598185128899191058e-09,2.722064710261074434e-09,2.842968566128831745e-09,2.960778446920366159e-09,3.075527453988249298e-09,3.187350551189736284e-09,3.296450560522166176e-09,3.403074525897120916e-09,3.507496919104000510e-09,3.610007331938250773e-09,3.710901112220528572e-09,3.810471944651218317e-09,3.909005728148876631e-09,4.006775321416479724e-09,4.104035865558242183e-09,4.201020476852031937e-09,4.297936158800002472e-09,4.394959820764879762e-09,4.492234321417486184e-09,4.589864479755134904e-09,4.687913019216021798e-09,4.786396424564213163e-09,4.885280697145970175e-09,4.984476983133444043e-09,5.083837012133167497e-09,5.183148206553617245e-09,5.282128187816207862e-09,5.380423374270816878e-09,5.477622951483021578e-09,5.573258707074822265e-09,5.666800919832023893e-09,5.757657201627624355e-09,5.845177886327335639e-09,5.928674719094849235e-09,6.007465265451580683e-09,6.080965464588908921e-09,6.148870113939867833e-09,6.211490520499434141e-09,6.270366918808967513e-09,6.329348813361024397e-09,6.396444820370302141e-09,6.486875211886460043e-09,6.627862002144643291e-09,6.865631128492511587e-09,7.274715127397041592e-09,7.280021318322138097e-09,7.283831478092277943e-09,7.309665066067421456e-09,7.429618724911077091e-09,7.748562937073275591e-09,8.353315942336874117e-09,9.106277233319177162e-09,8.849715495573966783e-09,6.159941726301712066e-09,3.381004127155833144e-09,7.406707282543955342e-09,1.388791182952105038e-08,1.915908201747049397e-08,1.920164545634884526e-08,1.182207538471510266e-08,6.359598167520443557e-09,3.241018465873681944e-09,3.101905553120868411e-09,4.712534497845529768e-09,6.321302010147703167e-09,7.567582452268662353e-09,8.419024237611540399e-09,8.944913180443827872e-09,9.286392055841491226e-09,9.650278607004965641e-09,1.026333897358003108e-08,1.116242189619684998e-08,1.175183637848839467e-08,9.147977842716180693e-09,6.263586200581800282e-09,1.028684564865572165e-08,1.815191184447347584e-08,2.474607177262092566e-08,2.438287767191897158e-08,1.452462257136503527e-08,7.954154379268149834e-09,5.532842062042772742e-09,5.833890267678386675e-09,6.798997568668570007e-09,7.590113542462642017e-09,7.996401698634827670e-09,8.005726892584806882e-09,7.727511570314710882e-09,7.366095666305540042e-09,7.175154901322361835e-09,7.480717321199037843e-09,9.039931726148859944e-09,1.462050346991477896e-08,1.780284087337880457e-08,1.874479644694930718e-08,1.885554296166349409e-08,1.965017509331206789e-08,2.080239913842682732e-08,1.751219760458222163e-08,1.003279319669062722e-08,1.150696008927489919e-08,1.594196125610838783e-08,1.938208881273471979e-08,2.161781883329392095e-08,2.293865633230308947e-08,2.358509192111260750e-08,2.372922662381129361e-08,2.352677284147537511e-08,2.315290415435446799e-08,2.278363985607116746e-08,2.240436365556682056e-08,2.099954607478922437e-08,1.367832963842220127e-08,2.952840864216236585e-10,1.923173316536636870e-08,4.205871455843422514e-08,6.545912448624985512e-08,8.287487188850001547e-08,7.554921653923046488e-08,3.696977409112762299e-08,8.785272427633997995e-09,9.220582710125972468e-09,1.966210675742557166e-08,2.542502417791312171e-08,2.811764543572946124e-08,2.873798922639996110e-08,2.795798870179691024e-08,2.639564771662310641e-08,2.484775834027083410e-08,2.444402438280179164e-08,2.655786738817064166e-08,3.245745237944722465e-08,4.529730055835834998e-08,4.386899139709476419e-08,2.767337156069632629e-08,2.113889221379521592e-10,3.382398373109438305e-08,6.454853843705300920e-08,7.246065288040474609e-08,4.791505617219179316e-08,3.057537281736334216e-08,2.018450455025651051e-08,1.358486300098888439e-08,9.181005942198861992e-09,6.279087383315691849e-09,4.506351595768534775e-09,3.557647545100576618e-09,3.034106852985819479e-09,2.261772904181020628e-09,3.669124301979018208e-10,5.766250750157456981e-09,1.888817890673232299e-08,5.307242843726219492e-08,7.344178694078004724e-08,8.030714588569878596e-08,7.617896874186460841e-08,6.424796221129921290e-08,4.695511834512585454e-08,2.023232204472138964e-08,1.346300490211662888e-08,3.950807593635542322e-08,5.751757161103527927e-08,6.846772759643400510e-08,7.439750071890346610e-08,7.696029775916390756e-08,6.250452430631188985e-10,6.365572540873994397e-10,6.518757120026295378e-10,6.704477705594315420e-10,6.917237256190413056e-10,7.151796208531245827e-10,7.403314449689861988e-10,7.667427633996234703e-10,7.940275780379231110e-10,8.218499799962761611e-10,8.499218246685166341e-10,8.779993103656968538e-10,9.058790461953680753e-10,9.333939715687982040e-10,9.604093378091399265e-10,9.868188644705342220e-10,1.012541126053796716e-09,1.037516192114224983e-09,1.061702527990734104e-09,1.085074155005537000e-09,1.107618066119351052e-09,1.129331891029743920e-09,1.150224360014720474e-09,1.170323357989625433e-09,1.189675890120146809e-09,1.208345606036619471e-09,1.226410492208006876e-09,1.243960702784496250e-09,1.261096534569190988e-09,1.277926578454291654e-09,1.294566100175287849e-09,1.311135720254468926e-09,1.327760475839055328e-09,1.344569355665651431e-09,1.361695400686951727e-09,1.379276453207616912e-09,1.397456610786933567e-09,1.416388393452915717e-09,1.436235555575737088e-09,1.457176360729685637e-09,1.479406978874788230e-09,1.503144448328912784e-09,1.528628352180985571e-09,1.556119968368389623e-09,1.585897137099358576e-09,1.618242425519176536e-09,1.653421359279224720e-09,1.691646603834656288e-09,1.733023241161125045e-09,1.777470216830535280e-09,1.824614600062681045e-09,1.873659992875638886e-09,1.923239840361429310e-09,1.971280738177789176e-09,2.014915904693905293e-09,2.050493363394971430e-09,2.073702492834363850e-09,2.079799164791135341e-09,2.063895381462212104e-09,2.021396846383382209e-09
1.946896980516899123e-09,1.848209523201295990e-09,1.749903214626757782e-09,1.669328316531998573e-09,1.619260865146021652e-09,1.606543391244572974e-09,1.631855219640370815e-09,1.690951506605852068e-09,1.776881535210344878e-09,1.882145383185854133e-09,2.000076984646480475e-09,2.125399377158358990e-09,2.254244035311316193e-09,2.383931206150868741e-09,2.512693905604907524e-09,2.639428494181014131e-09,2.763497454502909281e-09,2.884584035781206601e-09,3.002589394850177286e-09,3.117561475472266560e-09,3.229646341481748629e-09,3.339054851624057317e-09,3.446039578053721374e-09,3.550878467597152872e-09,3.653862910770873986e-09,3.755288691145186809e-09,3.855448824233945550e-09,3.954627641463835323e-09,4.053095691461596735e-09,4.151105164411489551e-09,4.248885626368588571e-09,4.346639899730926589e-09,4.444539956116544877e-09,4.542722704026581050e-09,4.641285559990193647e-09,4.740281683403259817e-09,4.839714732930631642e-09,4.939532952070724977e-09,5.039622308494141029e-09,5.139798275567036283e-09,5.239795634873650369e-09,5.339255363094050093e-09,5.437711998587316599e-09,5.534590295662475494e-09,5.629181641586632152e-09,5.720607202266847207e-09,5.807770375058062919e-09,5.889296503100859450e-09,5.963458664180940388e-09,6.028090853486176966e-09,6.080495686587617626e-09,6.117365863694281368e-09,6.134762352995575387e-09,6.128236447940159420e-09,6.093261329851100498e-09,6.026269779235543632e-09,5.926792220746095744e-09,5.801426252023129444e-09,5.670462874074904743e-09,5.577357651314459411e-09,5.582657801233576469e-09,5.527064205886357274e-09,5.374106077788936375e-09,5.190815695299077100e-09,5.061590901218578873e-09,5.027490594123672699e-09,4.960707853813985940e-09,4.411828877144419941e-09,3.049434589075729332e-09,2.751649345904772618e-09,5.642807909233825894e-09,9.235091383098516986e-09,1.173555696644062849e-08,1.152986852821204443e-08,8.335076030679004878e-09,4.885859432960552271e-09,2.354690722120117434e-09,2.336207399696694106e-09,3.919763685730893370e-09,5.392143042379808394e-09,6.480180471351942418e-09,7.159362616754158233e-09,7.478970322752905522e-09,7.537459788837961207e-09,7.459316281005468864e-09,7.338189026017135577e-09,7.117762142675687803e-09,6.457025804024887452e-09,4.838770392324351993e-09,4.626250671739051813e-09,8.212877796134124668e-09,1.278832950845534517e-08,1.586635403754097497e-08,1.527279761598050294e-08,1.079993633888674690e-08,6.298095545727649591e-09,3.614303004586255285e-09,3.810274129307598448e-09,5.172898729392092273e-09,6.307618358627215103e-09,6.953617304482461330e-09,7.131067843578144026e-09,6.974000677606308712e-09,6.685212140592398564e-09,6.485194953743462880e-09,6.647454877214037146e-09,7.740389662974936173e-09,1.045237867593231303e-08,1.290000053321887513e-08,1.437442423002749476e-08,1.499438579940797594e-08,1.506102588550260592e-08,1.426506496552396561e-08,1.143342683270251862e-08,7.827376370461006856e-09,8.871650909088204794e-09,1.254520624848219760e-08,1.588539962728977826e-08,1.828997676582774900e-08,1.978580914471776407e-08,2.050631023738205352e-08,2.058638897631060416e-08,2.014791148871337472e-08,1.928637089984792671e-08,1.801014698076947120e-08,1.607203670862529022e-08,1.263329318663216129e-08,6.011770731195100166e-09,4.364207649520376117e-09,1.769497688715199403e-08,3.249435083012297876e-08,4.587800952795543931e-08,5.315086498435735677e-08,4.779139259062524813e-08,2.984167876811908970e-08,1.192760907745555021e-08,2.098838405136328041e-09,1.168888893406567392e-08,1.788196818091589510e-08,2.147217365115296262e-08,2.316649133166280284e-08,2.355332641975749748e-08,2.320452848704878211e-08,2.276859579966197806e-08,2.298470888406123730e-08,2.452346407536576859e-08,2.757465010816734948e-08,3.102866915635072451e-08,2.816306848904093466e-08,1.722087824422665078e-08,3.411248269275315160e-10,2.055332577962406669e-08,3.746702218328663479e-08,4.329321182959169221e-08,3.636365798418349679e-08,2.789485971538128047e-08,2.112856311330545641e-08,1.610282873205576203e-08,1.233273886228431266e-08,9.420306587471684015e-09,7.063437311225636380e-09,4.966108156772389226e-09,2.738404153179606643e-09,3.191795299779168141e-10,4.855306002889378507e-09,1.243197651591147673e-08,2.463552871591862769e-08,4.253503919625443616e-08,5.585351122515564910e-08,6.147527457036488252e-08,5.931083439701810753e-08,5.039780894463074105e-08,3.569497338140008735e-08,1.519528924096913833e-08,8.728403423983183708e-09,3.019411165429931981e-08,4.714231542331876161e-08,5.906563258172542925e-08,6.644847072987781997e-08,6.994798916286370847e-08,6.285688231843211531e-10,6.378568842261038679e-10,6.507933209338107976e-10,6.669178651509708123e-10,6.857527563031911095e-10,7.068280354894747830e-10,7.296989276311982922e-10,7.539565292890891353e-10,7.792333064949096980e-10,8.052048778702629317e-10,8.315893346960022892e-10,8.581450564058814160e-10,8.846676984881091555e-10,9.109868010850337867e-10,9.369622977045828452e-10,9.624810889249074286e-10,9.874537722220261001e-10,1.011811574658859062e-09,1.035503509306048730e-09,1.058493762554220130e-09,1.080759311668624637e-09,1.102287768550919276e-09,1.123077947589746636e-09,1.143147805427074147e-09,1.162534379403313251e-09,1.181291348386486792e-09,1.199486784979719609e-09,1.217201067895029970e-09,1.234524957570119688e-09,1.251557863893674541e-09,1.268406355257331921e-09,1.285182974431801178e-09,1.302005439447412010e-09,1.318996316023391906e-09,1.336283250180917080e-09,1.353999841163751086e-09,1.372287211507401219e-09,1.391296287789027658e-09,1.411190734884351290e-09,1.432150381746329129e-09,1.454374828413170030e-09,1.478086718674276060e-09,1.503533883424607346e-09,1.530989181439388328e-09,1.560746356142434249e-09,1.593109557925799736e-09,1.628373336069667059e-09,1.666788925800775414e-09,1.708511726533117701e-09,1.753524449314822653e-09,1.801531438363592819e-09,1.851823682996573000e-09,1.903122930903187306e-09,1.953428049148406955e-09,1.999904363292763732e-09,2.038866621444327918e-09,2.065892598801252947e-09,2.076064836157402792e-09,2.064317727136110242e-09,2.025965770868330533e-09
1.955784054427967396e-09,1.861821867207583158e-09,1.768055990540984306e-09,1.691767539467466335e-09,1.645579219550031177e-09,1.636201657774664688e-09,1.664253362997464511e-09,1.725507302864048080e-09,1.813083651715543054e-09,1.919572363580379304e-09,2.038394749369332989e-09,2.164351242858965346e-09,2.293639737353128365e-09,2.423636419704785747e-09,2.552620459349868095e-09,2.679525498625416448e-09,2.803743598463192295e-09,2.924981157682589989e-09,3.043157260242040347e-09,3.158333587056551676e-09,3.270666582051293668e-09,3.380374782380426220e-09,3.487716253809142807e-09,3.592972667690438891e-09,3.696437712441038981e-09,3.798408330433123476e-09,3.899177799449591015e-09,3.999030019411021016e-09,4.098234577464847298e-09,4.197042295795294250e-09,4.295681043636886793e-09,4.394351639646215777e-09,4.493223692700811306e-09,4.592431233560488446e-09,4.692067977982872522e-09,4.792182029266093550e-09,4.892769769889074521e-09,4.993768595112905873e-09,5.095047994190517703e-09,5.196398262012530501e-09,5.297515797906400936e-09,5.397983474283953457e-09,5.497248255590150351e-09,5.594602391055596398e-09,5.689138726111697313e-09,5.779683868532249185e-09,5.864707253985855869e-09,5.942197836341217929e-09,6.009497906338351817e-09,6.063081381285372560e-09,6.098262684148228816e-09,6.108824043954302807e-09,6.086557947383452245e-09,6.020746195725020523e-09,5.897654579862594061e-09,5.700245176534081461e-09,5.408557947150594765e-09,5.001704529131987604e-09,4.463374164486266978e-09,3.794656406959040606e-09,3.799947384333176753e-09,3.662572004419271479e-09,3.269901193697160031e-09,2.709567704304777230e-09,2.109196538502213321e-09,1.588961604016344605e-09,1.226439707199606409e-09,1.126815671920996679e-09,1.422808596263139762e-09,2.324094282927432332e-09,3.878227166796170839e-09,5.606156058407839273e-09,6.728613695231797938e-09,6.534734170149830947e-09,4.975219056043923583e-09,2.913596399737394184e-09,1.257746607660465965e-09,1.951407502995986569e-09,3.468894235554451252e-09,4.728865177294364245e-09,5.584467710344706618e-09,6.002042902414001900e-09,6.004484735112015589e-09,5.662396636802938385e-09,5.076302621123819599e-09,4.339318336681995665e-09,3.499381138420778288e-09,2.609672516248035509e-09,2.204784727180121531e-09,3.645717319202162124e-09,6.259846805396637429e-09,8.819831081831981703e-09,1.024796668323121875e-08,9.681271434846089699e-09,7.200635570840626824e-09,4.122585981037309106e-09,1.741348941374766964e-09,2.491191375400803729e-09,4.249647963651136463e-09,5.550297348885305196e-09,6.255079185113357102e-09,6.404087167854230591e-09,6.142247432103202959e-09,5.693428032520175688e-09,5.274889445170516334e-09,5.045469990046431413e-09,5.391058719364470806e-09,6.969602945273670008e-09,9.249779788476691871e-09,1.120090467858443116e-08,1.221875610343938235e-08,1.213221434424483502e-08,1.082695345098110485e-08,8.235343905187475669e-09,5.666417595586347908e-09,6.611002668277835735e-09,9.869667236500818395e-09,1.297966215929074053e-08,1.529162463109744319e-08,1.672099155815333179e-08,1.732741191792995126e-08,1.720444707488219250e-08,1.644660806518548419e-08,1.512876159782903747e-08,1.326464585826257853e-08,1.072566049840837930e-08,7.150929875421828403e-09,2.207277240531118569e-09,5.499267073316577100e-09,1.406365857470028203e-08,2.314149111208008737e-08,3.070634427186955212e-08,3.408879641243845682e-08,3.085599914690534268e-08,2.159190663369225324e-08,1.070560239819529939e-08,9.279044678376459943e-10,6.760621129561860251e-09,1.228844658292046141e-08,1.592924622285162440e-08,1.804283965705149387e-08,1.900879107943673956e-08,1.923854576302984600e-08,1.919458767284507340e-08,1.935753382167337677e-08,2.008125413040661294e-08,2.128388364684628856e-08,2.193969636722876090e-08,1.949323873363332210e-08,1.270204186748557025e-08,2.180820584380103345e-09,9.866865326829503926e-09,2.008384989229615247e-08,2.527621045919915755e-08,2.500645022602688092e-08,2.248645852067728116e-08,1.956410389799199662e-08,1.678774688962472145e-08,1.418835128754788168e-08,1.166967980651234841e-08,9.106424784222210123e-09,6.328676107014843255e-09,3.077663331336225955e-09,1.053480260947672172e-09,6.552413974331497181e-09,1.402420185834436744e-08,2.377867834596103250e-08,3.500243308169747961e-08,4.388990476161870777e-08,4.814833203769682614e-08,4.699101023003706579e-08,4.047111299306976686e-08,2.892869023504734908e-08,1.289570911027624678e-08,5.968732869886429022e-09,2.431775152627470888e-08,4.004473271363587858e-08,5.201032912987267942e-08,5.991355405938881492e-08,6.381945291586739312e-08,6.307281526722376595e-10,6.380516762428852963e-10,6.488767856019971162e-10,6.628207186075391436e-10,6.794687519450384340e-10,6.984000312618320919e-10,7.192065993650956522e-10,7.415061260370410508e-10,7.649494193716357957e-10,7.892239781579882385e-10,8.140547620424960859e-10,8.392031451381581945e-10,8.644647765524052207e-10,8.896668537560763237e-10,9.146651422827573786e-10,9.393409512528598302e-10,9.635981884626578074e-10,9.873605650666886706e-10,1.010568985593237684e-09,1.033179139408396536e-09,1.055159298442167328e-09,1.076488319581230131e-09,1.097156302556917868e-09,1.117172416391238675e-09,1.136564805860845885e-09,1.155378180264870423e-09,1.173671616046975322e-09,1.191516541112526212e-09,1.208994901692707757e-09,1.226197537585350363e-09,1.243222811518814116e-09,1.260175554216257986e-09,1.277166398922537835e-09,1.294311587572294903e-09,1.311733333081304986e-09,1.329560815212734226e-09,1.347931866890618331e-09,1.366995368393098042e-09,1.386914302518793138e-09,1.407869327018806468e-09,1.430062582212803303e-09,1.453721259126410677e-09,1.479100187299836610e-09,1.506482337787735472e-09,1.536175639304901705e-09,1.568503837149833038e-09,1.603788254482586205e-09,1.642316260712485050e-09,1.684291150624918964e-09,1.729757394441845311e-09,1.778495710525706085e-09,1.829885698547631989e-09,1.882741995341439838e-09,1.935144746999991553e-09,1.984304921635986504e-09,2.026520351568368207e-09,2.057272760134051816e-09,2.071482039459617335e-09,2.063908893588847142e-09,2.029775002274766592e-09
1.964031642124789753e-09,1.874941758617416537e-09,1.785838509945273408e-09,1.713911249581669033e-09,1.671620765722543774e-09,1.665548782777585898e-09,1.696263807689377363e-09,1.759570634252120562e-09,1.848674257713974439e-09,1.956266578870675511e-09,2.075865395742068327e-09,2.202354187370692067e-09,2.331999725307837464e-09,2.462234227765812162e-09,2.591381694671525754e-09,2.718411105160213495e-09,2.842742066830542470e-09,2.964102314402480506e-09,3.082427403859899437e-09,3.197791697713665861e-09,3.310361351399576929e-09,3.420362262496277338e-09,3.528057979930132616e-09,3.633734156380364703e-09,3.737687269761294062e-09,3.840216125307685345e-09,3.941615169448477402e-09,4.042168982014975076e-09,4.142147522926535566e-09,4.241801837899714703e-09,4.341360002892235760e-09,4.441023127861668756e-09,4.540961256824441873e-09,4.641308996593783627e-09,4.742160681592055314e-09,4.843564831080248229e-09,4.945517570413505758e-09,5.047954557253321311e-09,5.150740758274743621e-09,5.253657138291051793e-09,5.356382913492894629e-09,5.458471434142597468e-09,5.559320878547967546e-09,5.658143817786622799e-09,5.753906625428947944e-09,5.845239687882869308e-09,5.930312425108602109e-09,6.006659118354335572e-09,6.070936047464464474e-09,6.118582975787596605e-09,6.143352165574569078e-09,6.136655808101722166e-09,6.086669144721339239e-09,5.977115969099777449e-09,5.785667786811960530e-09,5.481938171758311885e-09,5.025223668559821638e-09,4.362621142962267867e-09,3.429580601761535548e-09,2.161864301790381092e-09,2.167121912118186921e-09,1.921730590328326682e-09,1.218242160467520651e-09,3.802912772929091202e-10,1.212867508904873918e-09,2.201339108337550330e-09,2.591422444418604697e-09,2.177294126402033612e-09,1.554085010848853012e-09,1.780419547720413483e-09,2.339329869431622349e-09,2.879747333618427975e-09,3.192549433193213550e-09,2.974173508133937200e-09,2.183212861018546648e-09,9.866893010470435814e-10,6.165233154447809493e-10,2.024309562118567247e-09,3.332673906301193727e-09,4.340624947975015720e-09,4.930962261812649511e-09,5.038289236653763985e-09,4.658427110922225071e-09,3.863703392590739410e-09,2.817792756739356531e-09,1.763157736449894463e-09,9.368816856237472605e-10,7.412488482506368177e-10,1.624653200798660827e-09,2.990255015268968730e-09,4.512477190719305721e-09,5.811590229830754482e-09,6.370666852725925849e-09,5.811394327852688950e-09,4.226422448988864269e-09,2.035260546046807104e-09,3.323054418317390101e-10,2.543986684316973434e-09,4.356287694052482214e-09,5.595529033075723903e-09,6.161463119190874861e-09,6.048843992712627315e-09,5.389004034798637961e-09,4.502439255412554371e-09,3.828469118905768183e-09,3.438837370299870918e-09,2.944872733836290746e-09,3.415398411797330050e-09,6.143629170718280667e-09,9.020232619481505068e-09,1.068599710114530892e-08,1.088450333960633419e-08,9.662098163879834036e-09,7.127021637909497384e-09,4.178098738140892184e-09,4.604524853071115267e-09,7.715580114929243116e-09,1.062815172179608638e-08,1.272750792216333690e-08,1.393087365115659807e-08,1.427832748435874490e-08,1.384326739786018747e-08,1.271412630974724764e-08,1.099986975114953446e-08,8.838388835068076551e-09,6.393340347039706577e-09,3.889333789999737761e-09,2.492421449349462576e-09,4.957418098032338580e-09,9.463328890553141519e-09,1.445934581931605533e-08,1.859844824627601994e-08,2.040298383065739031e-08,1.883663001795596330e-08,1.419514821432905948e-08,8.025475156029608156e-09,1.836757914341610855e-09,3.792831655288039646e-09,8.146860648659602962e-09,1.133307486858253422e-08,1.340179528813972135e-08,1.449615250893988041e-08,1.483393975091807337e-08,1.470954647565114298e-08,1.447434242971071069e-08,1.445925481504550954e-08,1.480654497416928729e-08,1.518119544696239660e-08,1.446136562626903808e-08,1.145443018289846205e-08,6.070427411357909141e-09,8.598500498093121200e-10,7.010905473431287478e-09,1.180194978050546652e-08,1.498444513242165676e-08,1.665757209399181358e-08,1.714024270493898582e-08,1.668615551589567797e-08,1.544897421788082907e-08,1.353968612125602216e-08,1.103161257372290356e-08,7.933862178227212498e-09,4.169482528303199714e-09,4.385526776883040329e-10,6.046655364592807330e-09,1.281874629524165580e-08,2.057529175679449477e-08,2.851113555670306375e-08,3.492823507124944587e-08,3.845036361046990986e-08,3.828961453027541123e-08,3.406613714326205340e-08,2.558971968691786515e-08,1.286842145546590791e-08,3.403526257740068967e-09,2.019488827110029031e-08,3.522507599289454882e-08,4.708671320750267831e-08,5.515071535385824474e-08,5.920998329065792980e-08,6.316477443622220034e-10,6.372052546517412167e-10,6.461409431838294003e-10,6.581333245547256840e-10,6.728198132739869033e-10,6.898218102263049319e-10,7.087641596386899522e-10,7.292889556795563451e-10,7.510643807227061088e-10,7.737895760395643444e-10,7.971965840323227446e-10,8.210502767328756141e-10,8.451469959200843442e-10,8.693124376155142435e-10,8.933991494843316504e-10,9.172838835799847275e-10,9.408649556931757438e-10,9.640597014891639363e-10,9.868020797668977174e-10,1.009040448171098290e-09,1.030735521953522466e-09,1.051858517489947882e-09,1.072391887657659216e-09,1.092337034653380407e-09,1.111714180227826312e-09,1.130559974658484489e-09,1.148925341096417361e-09,1.166873522733288352e-09,1.184478331680627553e-09,1.201822622864108094e-09,1.218997035401388725e-09,1.236099059544620583e-09,1.253232498623320612e-09,1.270507404044369932e-09,1.288040563853565064e-09,1.305956619276973984e-09,1.324389865776634844e-09,1.343486759109788764e-09,1.363409088566093398e-09,1.384337690283922969e-09,1.406476445021877139e-09,1.430056124676242260e-09,1.455337399941628408e-09,1.482611972998485879e-09,1.512200316280577194e-09,1.544443835442940242e-09,1.579688390087967572e-09,1.618254989931761290e-09,1.660392233440491390e-09,1.706204012111168656e-09,1.755545975995981872e-09,1.807886790425299068e-09,1.862137643019189978e-09,1.916468103128190193e-09,1.968147906009582360e-09,2.013474823134454151e-09,2.047851704502980838e-09,2.066048910851823790e-09,2.062659675957281532e-09,2.032812116756899512e-09
1.971627704830704415e-09,1.887553439720382949e-09,1.803227355583624613e-09,1.735725521100869718e-09,1.697339900874436223e-09,1.694527703266729624e-09,1.727819389286228649e-09,1.793066586308370062e-09,1.883573702760928584e-09,1.992146761381289500e-09,2.112408706513014328e-09,2.239330929829406993e-09,2.369250702707841577e-09,2.499655664739455946e-09,2.628912837279293373e-09,2.756024314220635030e-09,2.880435101074567298e-09,3.001892439056930116e-09,3.120346937219163021e-09,3.235884637022204996e-09,3.348680785351864582e-09,3.458968355346372691e-09,3.567016382107740115e-09,3.673114749774096778e-09,3.777563192139954166e-09,3.880663040570994934e-09,3.982710763575653082e-09,4.083992672204956816e-09,4.184780371975753869e-09,4.285326669607389869e-09,4.385861716521546499e-09,4.486589210918888793e-09,4.587682493618940977e-09,4.689280363883304969e-09,4.791482409527001029e-09,4.894343584194196652e-09,4.997867666950553995e-09,5.101999090046141623e-09,5.206612403889344939e-09,5.311498334431410768e-09,5.416344944309530358e-09,5.520711777559929404e-09,5.623997499666268653e-09,5.725403273720400301e-09,5.823863891306018457e-09,5.917945747127342054e-09,6.005702899746922175e-09,6.084473241370435346e-09,6.150588663105452929e-09,6.198961057305133692e-09,6.222488133329101522e-09,6.211196639069034008e-09,6.151002213572654772e-09,6.021911291604680860e-09,5.795420869345533644e-09,5.430798479301013103e-09,4.869896692672840843e-09,4.030326033900372043e-09,2.797645143704704163e-09,1.022421180078914638e-09,1.027159424535833204e-09,6.501443267754456024e-10,5.265491743910499528e-10,2.297832959549896357e-09,4.462779159486080699e-09,6.419214710226769803e-09,7.177575837738363735e-09,5.708026463665506680e-09,2.378021376772126565e-09,1.366629095713015487e-09,2.409339256138232334e-09,2.706304324581499327e-09,2.627416544333444447e-09,2.305130657301390588e-09,1.437260570547682605e-09,8.379634892523118635e-10,1.349987654426137872e-09,2.409633061797324158e-09,3.459977223110968693e-09,4.248752816483404564e-09,4.596145241784931258e-09,4.384227466216053982e-09,3.582041038408094891e-09,2.372261138933719468e-09,1.833466307133187191e-09,3.071342388407898552e-09,4.293786726807818642e-09,4.273308655805145665e-09,3.066228836643792286e-09,2.447105918803435952e-09,2.847957442384910937e-09,3.392229419485406682e-09,3.567271553549290462e-09,3.187072711471563525e-09,2.277746817423089426e-09,1.292065852731440945e-09,2.053902412388675401e-09,3.829014462553122129e-09,5.474446976642226195e-09,6.590546047324096502e-09,6.941190405787950889e-09,6.402052421973913358e-09,5.010400086238471618e-09,3.266800178003654501e-09,3.121098582366877015e-09,4.789061385008858971e-09,5.298717399310167018e-09,2.937024325072373744e-09,3.379204109428723821e-09,8.023553093690796742e-09,1.062866161190021411e-08,1.136016268057866716e-08,1.062371469717036873e-08,8.384860442348785791e-09,4.198563616889228924e-09,3.024389168858987022e-09,6.157952368146789342e-09,8.922663401564465021e-09,1.073339724720797357e-08,1.159471818807640829e-08,1.157128831976275015e-08,1.073005086757468259e-08,9.163389953047960502e-09,7.080342540344862887e-09,5.049983640564083877e-09,4.271462647267642183e-09,4.813487937718113109e-09,4.709347463662955034e-09,3.652758429168766972e-09,4.208775369478847129e-09,6.233831756551705454e-09,8.294273489763412465e-09,9.496946273724700514e-09,9.355046535453569851e-09,7.913384829431777413e-09,5.213561705134479283e-09,2.002776635615660178e-09,1.983375130323213637e-09,4.953133956032260375e-09,7.475161377492858172e-09,9.261898960624640845e-09,1.021571587155736227e-08,1.035272211741432495e-08,9.818871554834795930e-09,8.926574796849166061e-09,8.160957126815677395e-09,8.066356886851981216e-09,9.147746723688064421e-09,1.122763971446879411e-08,1.218515710224758211e-08,1.103198465644992100e-08,8.384442279954255126e-09,4.984594273906402470e-09,1.363687929513119376e-09,5.989409807846832819e-09,1.142303339565649264e-08,1.502973423930450347e-08,1.675881883932115194e-08,1.681752237931721111e-08,1.551348447915304209e-08,1.314255332187382400e-08,9.915000575771138675e-09,5.936326690204552100e-09,1.235275767008188304e-09,4.170136805280853429e-09,1.016379576938530303e-08,1.644231134431034246e-08,2.249116398841070863e-08,2.756947824403446738e-08,3.100861126173229563e-08,3.222917411392839920e-08,3.064944472465867741e-08,2.554910380606684306e-08,1.586098842489207336e-08,3.219013385371859578e-10,1.711675187495394283e-08,3.226974587041184925e-08,4.421410897624445118e-08,5.234583217572494940e-08,5.644585856684286808e-08,6.314223869823662062e-10,6.353687058829792903e-10,6.425997486475473495e-10,6.528392327811141621e-10,6.657651596581259585e-10,6.810334183975159332e-10,6.982967404673203532e-10,7.172187362273728477e-10,7.374833981073988359e-10,7.588008191804071551e-10,7.809099952688306214e-10,8.035795312904054834e-10,8.266069402806008799e-10,8.498170655016397771e-10,8.730600093142416557e-10,8.962088314284325667e-10,9.191571880022167027e-10,9.418170182899138109e-10,9.641163418573439108e-10,9.859972002706061856e-10,1.007413759945556769e-09,1.028330581356287109e-09,1.048723420197184770e-09,1.068586825302202733e-09,1.087933968804022865e-09,1.106794268592098745e-09,1.125211266525345281e-09,1.143240730018795838e-09,1.160948974079885740e-09,1.178411425198596456e-09,1.195711466547660728e-09,1.212939619009362206e-09,1.230193123925323259e-09,1.247576001333131129e-09,1.265199660367739550e-09,1.283184133168676328e-09,1.301659987937952457e-09,1.320770944141753535e-09,1.340677159773822486e-09,1.361559078532781396e-09,1.383621606341422504e-09,1.407098217867902847e-09,1.432254357314006077e-09,1.459389165395364380e-09,1.488834098043551568e-09,1.520946350757268010e-09,1.556094111788035326e-09,1.594629505413579419e-09,1.636843708979309261e-09,1.682897411238160845e-09,1.732719257558331164e-09,1.785866701131455423e-09,1.841350213347124062e-09,1.897435996726526592e-09,1.951465119388284075e-09,1.999752454993149004e-09,2.037640650613436529e-09,2.059766089155485783e-09,2.060563176722684219e-09,2.035066713661033263e-09
1.978561885932640620e-09,1.899642387803536825e-09,1.820199971371913221e-09,1.757177089189474864e-09,1.722691793787829065e-09,1.723082642170602560e-09,1.758855111502419930e-09,1.825923489751756557e-09,1.917706614296564681e-09,2.027136705256243799e-09,2.147949955807089758e-09,2.275209751937429841e-09,2.405324709798654535e-09,2.535836662827972330e-09,2.665153435786938424e-09,2.792307795354575982e-09,2.916767914820018699e-09,3.038298715265412384e-09,3.156864482372505263e-09,3.272561985498364915e-09,3.385574985252024253e-09,3.496143269132820835e-09,3.604541362727147378e-09,3.711063610176752322e-09,3.816013423933736681e-09,3.919695260651855544e-09,4.022408381538045765e-09,4.124441780156202250e-09,4.226069865524388446e-09,4.327548615518967890e-09,4.429111990070622814e-09,4.530968434567428666e-09,4.633297317630528076e-09,4.736245139332650450e-09,4.839921313414661349e-09,4.944393266350017169e-09,5.049680498057734048e-09,5.155747102365490478e-09,5.262492032941528123e-09,5.369736098349062999e-09,5.477204246491312197e-09,5.584501103217999595e-09,5.691080010593411100e-09,5.796206596871079253e-09,5.898890731943979317e-09,5.997785357228962562e-09,6.091042557206950958e-09,6.176107761558018295e-09,6.249423653573065840e-09,6.306000959967438527e-09,6.338790726039786307e-09,6.337756905891151046e-09,6.288491077049770511e-09,6.170120654402169596e-09,5.952122397659471216e-09,5.589455184140020235e-09,5.015226418682932873e-09,4.130389871170117579e-09,2.795251056766676310e-09,9.744410032571999609e-10,9.765664817479710881e-10,7.343395461340553235e-10,1.642136565490970135e-09,4.227696894029795841e-09,7.809544394285591955e-09,1.160742172886996796e-08,1.373416007449469530e-08,1.103532187352041757e-08,2.712369506858578862e-09,3.321638003256387045e-09,5.230541081309131881e-09,5.499794931836543546e-09,5.436232004288849761e-09,5.443388002457729728e-09,3.106866985744335326e-09,1.862463832329467679e-09,1.970262151536109181e-09,2.817204935791009982e-09,3.780428800248467658e-09,4.492390134549404440e-09,4.698596033911678577e-09,4.215927257493742971e-09,2.955724742151904393e-09,1.497861332263244496e-09,3.383841946047644564e-09,6.827543623364173098e-09,9.456672347085216219e-09,8.999629720279946318e-09,4.667017836191431096e-09,1.428799017187593823e-09,1.075903822338547161e-09,1.489656450582396268e-09,2.086567739653730228e-09,3.250664909740374243e-09,2.421085119601028184e-09,2.342133483338024754e-09,3.580710129827813354e-09,5.465464323351634178e-09,7.261712446981592401e-09,8.473037166792878430e-09,8.755795126262837197e-09,7.852326908600405028e-09,5.578976903624064323e-09,2.246676181239700426e-09,4.371567290728933637e-09,9.837111413986527101e-09,1.318453873014985532e-08,1.027453948279221612e-08,1.742940741578125540e-09,9.083903552998424179e-09,1.236613981397788783e-08,1.340754010618586904e-08,1.348852481898098755e-08,1.265674762618946238e-08,5.651814126523694625e-09,2.150078666389736461e-09,5.470595090710589459e-09,8.053372108755354945e-09,9.474432164594745559e-09,9.898656371198761703e-09,9.432044995176619657e-09,8.114582385854271283e-09,6.003862059934154005e-09,3.586027298035933503e-09,3.840183048009203336e-09,7.316586346771201329e-09,1.002050421824934468e-08,8.516487921797835354e-09,2.093816062901701549e-09,2.585904637349545321e-09,3.752368140792582466e-09,3.611677461445816522e-09,3.331698038438033959e-09,3.386920481268751329e-09,3.209688258467040362e-09,3.012052356799481380e-09,2.131519515336357391e-09,1.331136993413644157e-09,2.450770012879013340e-09,4.255228206679643757e-09,5.719547179024483584e-09,6.441651971474702837e-09,6.210528902533071590e-09,5.037788748386810704e-09,3.580360865588531413e-09,3.839774040454794729e-09,4.993856034681394613e-09,4.258547380573820417e-09,8.917223664363803432e-09,1.466540358821351726e-08,1.711862720223080312e-08,1.781819473948121020e-08,1.738312465239559289e-08,1.509924153661003549e-08,2.837688951975882220e-09,7.657042430237240496e-09,1.424976014505313802e-08,1.788554106868079112e-08,1.893052301516846028e-08,1.798466036150015177e-08,1.562821747191522393e-08,1.228387712332912524e-08,8.207971536249162719e-09,3.547842354499334737e-09,1.575217344226323215e-09,6.883938782987131642e-09,1.197782951176509907e-08,1.664599659184140301e-08,2.083796794840639346e-08,2.463538144293876797e-08,2.777169712225898347e-08,2.961461017351450295e-08,2.914741730636016382e-08,2.451548358706473499e-08,4.299937223656650295e-09,1.528564661595060833e-08,3.132856141533302810e-08,4.351524817393111771e-08,5.163156676414546220e-08,5.567226147891142018e-08,6.301108628217404549e-10,6.325735636439873923e-10,6.382598309749689338e-10,6.469231353256221110e-10,6.582707463711229534e-10,6.719852119671183553e-10,6.877420061944755672e-10,7.052230518236190369e-10,7.241262899021526780e-10,7.441718057188768232e-10,7.651051861475259640e-10,7.866988028900691913e-10,8.087516416230196511e-10,8.310881803444991463e-10,8.535566969867404468e-10,8.760272775632096723e-10,8.983897085605009937e-10,9.205513729473889616e-10,9.424352225446434253e-10,9.639778691022303147e-10,9.851278157404405668e-10,1.005843837978149371e-09,1.026095839874422693e-09,1.045872334644805531e-09,1.065180231398131719e-09,1.084042465214972693e-09,1.102495902411848980e-09,1.120589488554547744e-09,1.138382635767722048e-09,1.155943868143186645e-09,1.173349762673875239e-09,1.190684236793326341e-09,1.208038244923123112e-09,1.225509953974382425e-09,1.243205470466344757e-09,1.261240187705759045e-09,1.279740807205864187e-09,1.298848059293391880e-09,1.318720099349405494e-09,1.339536481151329888e-09,1.361502499579292501e-09,1.384853537956013836e-09,1.409858833930736100e-09,1.436823762601350891e-09,1.466089287924884249e-09,1.498026597022905422e-09,1.533024043594184498e-09,1.571462332806332763e-09,1.613672397525744188e-09,1.659868858769160693e-09,1.710050977960702962e-09,1.763864028852194783e-09,1.820419582764633646e-09,1.878086699961079764e-09,1.934289655361768434e-09,1.985377707083160525e-09,2.026653301539786829e-09,2.052636796216553499e-09,2.057614924773232788e-09,2.036530514563372834e-09
1.984825544587592528e-09,1.911195330769808458e-09,1.836734706455178714e-09,1.778233444185061570e-09,1.747632528009967427e-09,1.751159285142062272e-09,1.789308330771524078e-09,1.858073079477059358e-09,1.951001996804616804e-09,2.061165279363256519e-09,2.182419823612138525e-09,2.309924318054706567e-09,2.440158866870308913e-09,2.570717744827624840e-09,2.700047033267942241e-09,2.827207565653549622e-09,2.951688403413692575e-09,3.073270337326221741e-09,3.191929997603837841e-09,3.307773977050992746e-09,3.420994005793689048e-09,3.531836437247270244e-09,3.640581280379099118e-09,3.747527531398694733e-09,3.852982642682489899e-09,3.957254708666357637e-09,4.060646441360674777e-09,4.163450328388701541e-09,4.265944570594017572e-09,4.368389524031302331e-09,4.471024448676087820e-09,4.574064409776487342e-09,4.677697196291380417e-09,4.782080117549481375e-09,4.887336514334806668e-09,4.993551769502384494e-09,5.100768519807933603e-09,5.208980645853272594e-09,5.318125437044198782e-09,5.428073077295795537e-09,5.538612250162441376e-09,5.649430186291507591e-09,5.760087545043382969e-09,5.869988637788330442e-09,5.978323505387967033e-09,6.083981135289764786e-09,6.185425481804590395e-09,6.280517434004891373e-09,6.366257411148208310e-09,6.438409859932121659e-09,6.490949212792013537e-09,6.515230879941150484e-09,6.498730010839159633e-09,6.423086518053312942e-09,6.261016640629741989e-09,5.971359702939499478e-09,5.491140018346731283e-09,4.723631010876246800e-09,3.528226631121377744e-09,1.843271130375499728e-09,1.845728617312717509e-09,1.453836900905138726e-09,1.815327403864294353e-09,5.116267483389789973e-09,1.067284193456992084e-08,1.803962634342152581e-08,2.460872450468666843e-08,2.162326840389879074e-08,5.917495328253000303e-10,9.805840813579044053e-09,9.974353805989885267e-09,8.934728506855130035e-09,8.484328564872760101e-09,1.113521600690768056e-08,3.868506306409684813e-09,1.713605034504576870e-09,1.948075021779461025e-09,3.042870573275563379e-09,4.248882616429984431e-09,5.131368662525041260e-09,5.392765485224523111e-09,4.799852431824268666e-09,3.136557979933872566e-09,1.058400144801450297e-09,5.134008649050524994e-09,1.143144843384961926e-08,1.741512638022617932e-08,1.728364051044142875e-08,5.236999182419105497e-09,1.750175706384820540e-09,1.648959493178589842e-09,1.301704380214313845e-09,2.257526093236787840e-09,7.798139506683842237e-09,3.098229302560546836e-09,2.718754027230725772e-09,4.511071849434923544e-09,7.089845586946733130e-09,9.508765422994427217e-09,1.116503247770120236e-08,1.168213597974073908e-08,1.072875005190807759e-08,7.873129001717539808e-09,2.565768267133331005e-09,6.084241498432551608e-09,1.728432808773259866e-08,2.723661558039278293e-08,2.553202367212574634e-08,2.072412008430394535e-09,1.473454729584178180e-08,1.606300381442413484e-08,1.624948375592430391e-08,1.722033637634430807e-08,2.322505612763621100e-08,6.443054290521358994e-09,2.293667368317642919e-09,6.067257361277614185e-09,8.210494695896572973e-09,9.076336105642330590e-09,9.006272983199297416e-09,8.124430884455524852e-09,6.387307155076228606e-09,3.659161554254049358e-09,1.208506349063886392e-09,6.348541865249834616e-09,1.337784158196485526e-08,1.978438786252765937e-08,1.705541224483807807e-08,2.903311914366217034e-09,1.202645860010741129e-08,1.328207961262310535e-08,1.293670820713723851e-08,1.189770541499096823e-08,1.095286474016036528e-08,2.668404563187904092e-09,1.729732252889762373e-09,2.656592180199219437e-09,2.738641911213627395e-09,2.188565979173906615e-09,2.358268236320158400e-09,3.260089482903350823e-09,3.728714684179341835e-09,3.060321090294888783e-09,1.076373135099207372e-09,4.020479372064935675e-09,1.036725508744801699e-08,1.658882088863216405e-08,1.388592823324580959e-08,7.956652394162711902e-09,2.015991435955336849e-08,2.434182127225277706e-08,2.773312423701590638e-08,3.105768824880283800e-08,3.917223923893728911e-08,8.378144804250719517e-09,6.955428424703543177e-09,1.591676414497611155e-08,2.094058224148927637e-08,2.233508866810490949e-08,2.120485685705492599e-08,1.852912872586082546e-08,1.493552108488094504e-08,1.076401996779095285e-08,6.176644711810773195e-09,1.374081742368828730e-09,3.752376537194136893e-09,7.743351980786293359e-09,1.088491631861508524e-08,1.376727871990485865e-08,1.801589510131751538e-08,2.357555100239924857e-08,2.978923907220495270e-08,3.582695043771719712e-08,4.784540049069412503e-08,7.882754121409359477e-09,1.643008595024617456e-08,3.308311653953533388e-08,4.527419680989936884e-08,5.307941114592836182e-08,5.685998066366245174e-08,6.277333440442041488e-10,6.288289665556098494e-10,6.331175991202681292e-10,6.403680921242074680e-10,6.503067068065581206e-10,6.626355432045118419e-10,6.770480673080172508e-10,6.932414615624719713e-10,7.109257563207335959e-10,7.298299926281355183e-10,7.497058734942297958e-10,7.703294459354942012e-10,7.915013419523582931e-10,8.130460351383571422e-10,8.348104752055090748e-10,8.566623701465034344e-10,8.784883056607828207e-10,9.001918294706719832e-10,9.216915813822832780e-10,9.429195179404032191e-10,9.638192585634886788e-10,9.843445656955733873e-10,1.004460245840942643e-09,1.024149509435532688e-09,1.043413711161133073e-09,1.062269982751208308e-09,1.080749159148311677e-09,1.098893966170735293e-09,1.116757465367129181e-09,1.134401773425038682e-09,1.151897090937363951e-09,1.169321089041910142e-09,1.186758712827280573e-09,1.204302467792551602e-09,1.222053258227714024e-09,1.240121842998323113e-09,1.258630960967431527e-09,1.277718152532588847e-09,1.297539259068509700e-09,1.318272514030905566e-09,1.340123038695521303e-09,1.363327410494201257e-09,1.388157764870402059e-09,1.414924594637918858e-09,1.443976982975164557e-09,1.475698389030186820e-09,1.510495226062051551e-09,1.548774259723430479e-09,1.590903288780131657e-09,1.637147804678817473e-09,1.687574915702165364e-09,1.741916110333376906e-09,1.799384985544885812e-09,1.858458667531047522e-09,1.916655705364871098e-09,1.970376957150167654e-09,2.014905821174374387e-09,2.044666903339434401e-09,2.053812984179976076e-09,2.037197453724250810e-09
1.990411781451311984e-09,1.922200257652726285e-09,1.852810858245688722e-09,1.798862929916780619e-09,1.772119252501160749e-09,1.778704963260721820e-09,1.819118939645679101e-09,1.889450642569543393e-09,1.983393312602585010e-09,2.094166420886306028e-09,2.215754297582137060e-09,2.343413494806884175e-09,2.473695131540618377e-09,2.604243744421469186e-09,2.733540877176083810e-09,2.860672714140744636e-09,2.985146904364518434e-09,3.106758324443196622e-09,3.225494659777996998e-09,3.341471461051737330e-09,3.454887906894288604e-09,3.565996669315993333e-09,3.675083209775380056e-09,3.782451318552355335e-09,3.888412771717320786e-09,3.993279707396465812e-09,4.097358807881422820e-09,4.200946691088039871e-09,4.304326118781565695e-09,4.407762759473391984e-09,4.511502324622009789e-09,4.615767946473007999e-09,4.720757691190073422e-09,4.826642107480436684e-09,4.933561699375955709e-09,5.041624179365815738e-09,5.150901301524027409e-09,5.261424988166596268e-09,5.373182340450724853e-09,5.486108955361644386e-09,5.600079748648052992e-09,5.714896193093862668e-09,5.830270871245510578e-09,5.945809965809040867e-09,6.060973541426319587e-09,6.175014943511058110e-09,6.286894241755680777e-09,6.395154255944801372e-09,6.497742120716022298e-09,6.591750499355263444e-09,6.673038038448679321e-09,6.735663916633014226e-09,6.771027457700495171e-09,6.766522927549943904e-09,6.703365923353481406e-09,6.552951332647424358e-09,6.270548795217151177e-09,5.784303058328868055e-09,4.978011862762092003e-09,3.689939882778043551e-09,3.693514015863506451e-09,3.169342940669053875e-09,1.862892201861310899e-09,3.991765457222606056e-09,1.140250766000301473e-08,2.461601780987179767e-08,4.412930421536117277e-08,4.015400910034223243e-07,1.614821462681252585e-08,3.481066319638793223e-08,2.078835814322771825e-08,1.538589088702213463e-08,1.099963446398774592e-08,3.500584220271699905e-08,4.676594238791328802e-09,7.700604621004837260e-10,1.241361665081152018e-09,3.054060558654923375e-09,4.906380473685158691e-09,6.252295556397517673e-09,6.819803587647281234e-09,6.410935214960274729e-09,4.730354180323128920e-09,1.281518201662772392e-09,5.293729362726850233e-09,1.599721736052018217e-08,3.086308994084693008e-08,2.828793095485592201e-07,1.615790523796689012e-09,1.584112961437968890e-08,5.699005612518452535e-09,3.177286988891878584e-09,2.777882272759428518e-09,3.070639944042485460e-08,3.368332940217045943e-09,1.011673746362758673e-09,4.535069180140788417e-09,8.636665340794548379e-09,1.222340699727357171e-08,1.467063356900603725e-08,1.576340739432291165e-08,1.526966796574530648e-08,1.263057646488838800e-08,6.611906592917067402e-09,5.117937676782010385e-09,2.546777341230926217e-08,5.203932450078126169e-08,5.215867121203536258e-07,1.770280794965957275e-08,4.285725535818537474e-08,2.706430255935376797e-08,2.387216441776204573e-08,2.115547892239346197e-08,7.426482738890100786e-08,1.343574102017531283e-08,6.517532685737885018e-09,8.267129062267266613e-09,9.413236790492449595e-09,9.496710669014485296e-09,8.951743032000653771e-09,7.860672459109654745e-09,6.089041348158520503e-09,3.378684392965626206e-09,1.711498661489827103e-09,8.402335796000569398e-09,1.993307143002105141e-08,3.816859391775665321e-08,3.317679793853111980e-07,1.955756790713329631e-08,3.930234100979080386e-08,3.229204457046026188e-08,3.111996718938964794e-08,2.925020843126143254e-08,3.699833090542390212e-08,2.654850251568365322e-09,1.530728473823135273e-09,4.257124242209993069e-09,5.773575003265650629e-09,5.060844766989742948e-09,3.776286948418241094e-09,3.255199914580590294e-09,3.252585063814407480e-09,2.479739869793164729e-09,1.309298139730629878e-09,7.087384104085437650e-09,1.880534264933672640e-08,3.826085015397294054e-08,3.522185987894891914e-07,1.906360006087676355e-08,4.453232178165630179e-08,4.195002956662406095e-08,4.891415758627203221e-08,5.176668472000829465e-08,1.342971408123252757e-07,1.502602668717462938e-08,1.211996109464513663e-08,2.095376842792855482e-08,2.685029273483787076e-08,2.744056611188904346e-08,2.519264493212264948e-08,2.167250889553533453e-08,1.762439968746177781e-08,1.334968446917018194e-08,8.879047305418754137e-09,4.092891521200862418e-09,2.265619780391536566e-09,5.489385737671707692e-09,5.633489088194602990e-08,6.826345865767369862e-09,1.289025939919448979e-08,2.406113605486979495e-08,3.913569979218423586e-08,4.744796732256992768e-08,1.636124959061459657e-07,3.468806216132469662e-08,2.462518333900030295e-08,3.807248716660999581e-08,4.974094682649931137e-08,5.658510270406895911e-08,5.970564175404394989e-08,6.242723328444095264e-10,6.241227754611971015e-10,6.271597331865224071e-10,6.331553095143410736e-10,6.418465947825863724e-10,6.529496752221622086e-10,6.661722285255083653e-10,6.812241854650468145e-10,6.978260653463408381e-10,7.157149175147715212e-10,7.346480798516788332e-10,7.544051264505397661e-10,7.747884272895329348e-10,7.956227183241656908e-10,8.167540177769980295e-10,8.380481496428189093e-10,8.593890657044695459e-10,8.806770984257279617e-10,9.018272322290865661e-10,9.227674472927409663e-10,9.434371674661563683e-10,9.637858279869797470e-10,9.837738119117372527e-10,1.003379684808310039e-09,1.022599885867465311e-09,1.041446359447820622e-09,1.059944496851577242e-09,1.078131357520475178e-09,1.096054164729260682e-09,1.113769091801713991e-09,1.131340371470530402e-09,1.148839774479466889e-09,1.166346513035059023e-09,1.183947631887710138e-09,1.201738952390283038e-09,1.219826631647573377e-09,1.238329387319028820e-09,1.257381414871736806e-09,1.277135984053706205e-09,1.297769638781433303e-09,1.319486832388850153e-09,1.342524696725729913e-09,1.367157450221540346e-09,1.393699672301033692e-09,1.422507263960751164e-09,1.453974319974431751e-09,1.488523274956820504e-09,1.526584466612326442e-09,1.568559633309946693e-09,1.614761920635450886e-09,1.665323178467780776e-09,1.720058922423634542e-09,1.778284849610901147e-09,1.838590332868304379e-09,1.898598361550444359e-09,1.954778363869057368e-09,2.002416793414010723e-09,2.035864982127754512e-09,2.049158050605512528e-09,2.037063758476675138e-09
1.995315456326202764e-09,1.932646424153691703e-09,1.868408714129703763e-09,1.819034845098443021e-09,1.796110338058319636e-09,1.805668839436621794e-09,1.848229546480208559e-09,1.919995152998404912e-09,2.014818542473575248e-09,2.126079108792528197e-09,2.247894562367961074e-09,2.375621171270968959e-09,2.505880071438586340e-09,2.636363555229653461e-09,2.765585667996332506e-09,2.892655171103530083e-09,3.017096005583710072e-09,3.138715383504644510e-09,3.257510794946016310e-09,3.373605912676626672e-09,3.487206854884656019e-09,3.598572354705968476e-09,3.707993260309332646e-09,3.815778236622706601e-09,3.922243577157156958e-09,4.027705747915400043e-09,4.132475762528868475e-09,4.236854802722781810e-09,4.341130702684878648e-09,4.445575049651968659e-09,4.550440738805327281e-09,4.655959877284152224e-09,4.762341967088553584e-09,4.869772316056599053e-09,4.978410632558707543e-09,5.088389752388311930e-09,5.199814425523309426e-09,5.312760054995034953e-09,5.427271230192149418e-09,5.543359834462037674e-09,5.661002437252169187e-09,5.780136616903773317e-09,5.900657867867972571e-09,6.022418317958140986e-09,6.145210845062745847e-09,6.268742763914689631e-09,6.392598568692419843e-09,6.516187697829354518e-09,6.638671963829849786e-09,6.758865520535679008e-09,6.875097700751884077e-09,6.985025035929734599e-09,7.085371141059263110e-09,7.171556230861902299e-09,7.237135779495463161e-09,7.272855100105291135e-09,7.264815652560169493e-09,7.190380103419578477e-09,7.008042615835119781e-09,6.631351726061283469e-09,6.635515491638664878e-09,6.287093343857854199e-09,5.073879766343229590e-09,2.650787247266869169e-09,6.293089960939008046e-09,2.402570859464209570e-08,1.778745449124116451e-07,1.913261004561051076e-07,8.418380261813665746e-08,3.199330296409468496e-08,2.303486858303505364e-08,1.592090355177516826e-08,1.547799406593874829e-08,2.205759592849808100e-09,2.864411666454012115e-08,4.972146825182489134e-09,1.422735207117696139e-09,3.082050791692999788e-09,5.943398122539795899e-09,7.971632534160281736e-09,9.032677863542810694e-09,9.141158578725217256e-09,8.131412853027613623e-09,5.371196509587209769e-09,9.893236302663652794e-10,1.583518501127135685e-08,1.126041891266075013e-07,1.473867734214224414e-07,5.308089662775279706e-08,1.282796099876096940e-08,7.270805689811581152e-09,3.472749419837666971e-09,4.415218496747203560e-09,1.407747593028312731e-08,2.581254514840933568e-08,1.285692916545628325e-09,3.823469566733543355e-09,1.038728984802962059e-08,1.565174765135436590e-08,1.902587279561374270e-08,2.089388887422696555e-08,2.144599608149869874e-08,2.037446318912394120e-08,1.626346503942468939e-08,4.810684476206674490e-09,2.651168203141793165e-08,2.437479978772340482e-07,2.511080509787240683e-07,1.061901493354924370e-07,3.878497588490638587e-08,2.962938669781319519e-08,2.411110058703870741e-08,2.970225289607202013e-08,8.245213144655430218e-09,5.874127654931446350e-08,2.030073824680413249e-08,1.089557592182539793e-08,1.144572716396872334e-08,1.045908768975252200e-08,9.527665157429277327e-09,8.535464594124697440e-09,7.268118083453544457e-09,5.559382813478409240e-09,3.706909503047224001e-09,6.435472729470615027e-09,1.913932745818774424e-08,1.340243932784238648e-07,1.573659832707937323e-07,7.535091350360443102e-08,3.756601414446083207e-08,3.482024297000461597e-08,3.256781098008564677e-08,3.207311190079137329e-08,2.210732978649481730e-08,4.702058348182855509e-08,9.378818380082628212e-09,7.256361399751957470e-09,1.121928634534045740e-08,9.295107593665059850e-09,6.553063836446338468e-09,4.915335928686685725e-09,4.671881460040362786e-09,4.453431790885567060e-09,3.076601030043830380e-09,5.078365041278674755e-09,1.897101402868206035e-08,1.389744735061277883e-07,1.712403130713058679e-07,7.957243908216079008e-08,4.184107406359930442e-08,4.448044894306289473e-08,4.948018170999580641e-08,6.606778010469621283e-08,2.083507279840042890e-08,1.390838920731153896e-07,4.215418707121881296e-08,2.818385786525191146e-08,3.708736315043520184e-08,3.438282584224250415e-08,2.953830929561812703e-08,2.456498572453639283e-08,1.991571346013980157e-08,1.566943093075520012e-08,1.165025892210685673e-08,7.011782609131917995e-09,2.427245332095919282e-09,3.270025564936061049e-08,2.895447396049764040e-08,8.334524008993116216e-09,1.221528029103904047e-08,2.360186495260054432e-08,3.763906764197424004e-08,6.586588854992579762e-08,1.416988717307699584e-08,1.377697241842882174e-07,6.516381104599251561e-08,4.343143445617924162e-08,5.718919470126532591e-08,6.171805657175549977e-08,6.344419158344117795e-08,6.196791104031807966e-10,6.184273900012053665e-10,6.203671373143569063e-10,6.252663067171691871e-10,6.328682316110280056e-10,6.428997715885650375e-10,6.550804671805551934e-10,6.691313012487037309e-10,6.847821109448480654e-10,7.017772048579137268e-10,7.198791399642313606e-10,7.388708609922948155e-10,7.585565197418806905e-10,7.787613130093846576e-10,7.993306455461661085e-10,8.201288679449402559e-10,8.410377794641715884e-10,8.619550318841804098e-10,8.827925266452104229e-10,9.034748644984542800e-10,9.239378832519072217e-10,9.441273026159025355e-10,9.639996866699005608e-10,9.835295481952580380e-10,1.002708988078989652e-09,1.021545322196220661e-09,1.040059034472261837e-09,1.058282026257053156e-09,1.076256156889669395e-09,1.094032090226143941e-09,1.111668477955614017e-09,1.129231523380019615e-09,1.146794978404987518e-09,1.164440633049637361e-09,1.182259359394774540e-09,1.200352768901824090e-09,1.218835531359470761e-09,1.237838382553259801e-09,1.257511811007526801e-09,1.278030357400952329e-09,1.299597375754309237e-09,1.322449982526055355e-09,1.346863741311950589e-09,1.373156369937945534e-09,1.401689372708832905e-09,1.432865929894217973e-09,1.467122535154367017e-09,1.504910657866760933e-09,1.546663039793999364e-09,1.592737150102724194e-09,1.643326192569166668e-09,1.698327001575045505e-09,1.757156648219553626e-09,1.818519912988862104e-09,1.880153417608755576e-09,1.938611717832322746e-09,1.989207163907079019e-09,2.026242338102967874e-09,2.043653533251096373e-09,2.036128018117132559e-09
1.999533197590089736e-09,1.942524353376852943e-09,1.883509591551874246e-09,1.838719546675343463e-09,1.819565537626963930e-09,1.832002096120447580e-09,1.876585648980796324e-09,1.949649390961574048e-09,2.045220224963580649e-09,2.156847316915144993e-09,2.278786876988528526e-09,2.406496080708979217e-09,2.536664653323340427e-09,2.667029909333214934e-09,2.796135346630366854e-09,2.923109521130111712e-09,3.047490398730169722e-09,3.169095815627607383e-09,3.287931850138936987e-09,3.404129481432334027e-09,3.517901259708716050e-09,3.629511701411698627e-09,3.739256931673548448e-09,3.847450501058832687e-09,3.954413316410693853e-09,4.060466325313377176e-09,4.165925064320846402e-09,4.271095494514323133e-09,4.376270753839912255e-09,4.481728593186373045e-09,4.587729354714558125e-09,4.694514415731304254e-09,4.802305066789863308e-09,4.911301827420103773e-09,5.021684229603904560e-09,5.133611120421071786e-09,5.247221555338687448e-09,5.362636374023070833e-09,5.479960580905660474e-09,5.599286703088877478e-09,5.720699390125906687e-09,5.844281687477903034e-09,5.970125489247624959e-09,6.098348264248978902e-09,6.229103384727052742e-09,6.362591275649972511e-09,6.499075726934455066e-09,6.638909118641404223e-09,6.782573408521510370e-09,6.930749416595242066e-09,7.084437213430469552e-09,7.245169517171280994e-09,7.415395088715743473e-09,7.599174628132866083e-09,7.803454722518441857e-09,8.040418364600210674e-09,8.331852408947585253e-09,8.717297576247847996e-09,9.269188251193206152e-09,1.012009851039556978e-08,1.012454341706275216e-08,1.020535482541967382e-08,1.049513966666625801e-08,1.102212491503052634e-08,1.073466999968197440e-08,3.196811787340207521e-07,2.941297929682433626e-08,7.250137823296770679e-08,2.654898294761454302e-09,7.026915160808592123e-09,8.129793229038422826e-09,6.513563485351211488e-09,4.600103556632506785e-09,3.677140650805767783e-10,7.007216191404038080e-09,2.554643996556683408e-08,1.106744847655336020e-08,3.428316060485229763e-09,7.791266263394694234e-09,1.042571379602326628e-08,1.190889904346534534e-08,1.269605706996483704e-08,1.303632317777941795e-08,1.300593746912093982e-08,1.184305486067002178e-08,2.345691297150251445e-07,2.019623585190121266e-08,5.814189827867641980e-08,9.257829210459436860e-09,4.681857846752213814e-09,4.678765486204219475e-09,6.092290594922693482e-09,7.428714240567476454e-09,1.248037247570368829e-08,2.446701850589525759e-08,3.021100838771197495e-08,4.822221874287630504e-09,1.308239535068387860e-08,2.040980322650994311e-08,2.420028688536188310e-08,2.658231357882327315e-08,2.846558205403784067e-08,3.041683380761574300e-08,3.273265943469135929e-08,3.399286949005439239e-08,4.813412566174372529e-07,3.981229998229473741e-08,9.997058127342100892e-08,8.114353418929322788e-09,8.396654814025381471e-09,1.218704376235493019e-08,1.294690242463975041e-08,1.307201496052719032e-08,9.817925996769777193e-09,1.308093656774433631e-08,4.053621867774252356e-08,2.927331129835506709e-08,1.506066561258162981e-08,1.151917370176616087e-08,1.032218595059658608e-08,9.642335871891816268e-09,9.131409473015454997e-09,8.815250791248945674e-09,8.831945646030958444e-09,8.825341590991607055e-09,2.292974269530668099e-07,2.316804578074027149e-08,5.610738926152008144e-08,7.542548140491773103e-09,1.628223333763162218e-08,2.056314777033584842e-08,2.323555252515331011e-08,2.631656856848018826e-08,3.076372033126415010e-08,2.874853133771279800e-08,4.584946943412441954e-08,3.562279266414308945e-08,2.251979462442598822e-08,1.466477760878072358e-08,9.267441927932461352e-09,6.574813587419182873e-09,6.666973557053532947e-09,7.821647455838149553e-09,8.719430098643577629e-09,8.322005289829968266e-09,2.452608446217240940e-07,2.469115762642163420e-08,6.057971171094847614e-08,7.261576260784404982e-09,2.001464832232383418e-08,2.853658513347276789e-08,3.602989417728921536e-08,4.421333983665088339e-08,4.491912034256061011e-08,3.283287685946633918e-08,1.129156521522393608e-07,9.259236688707237045e-08,5.760461083357518199e-08,4.223637735594328161e-08,3.296552927545039382e-08,2.627715250752072112e-08,2.113169892291217029e-08,1.726179101897395049e-08,1.472563438663629326e-08,1.355672239270247805e-08,8.959712833579795929e-08,5.329181953223466802e-09,1.699546319506220463e-08,1.225758869974557337e-08,1.708535634795706644e-08,2.437399617162149041e-08,3.311717223451898479e-08,4.183950177732658843e-08,3.567496753571443753e-08,3.257707713729430901e-08,7.951052901520646667e-08,9.062371767053638483e-08,7.175174946624716387e-08,6.736867713834759085e-08,6.654338785551726929e-08,6.138893312525577775e-10,6.117114033483716795e-10,6.127222648366412257e-10,6.166870263568118996e-10,6.233557245567634249e-10,6.324656371963868135e-10,6.437474250590908684e-10,6.569323138165371867e-10,6.717587570149816774e-10,6.879778016000087980e-10,7.053568980017796666e-10,7.236822179357926929e-10,7.427597092820336753e-10,7.624151761395121751e-10,7.824936642680642136e-10,8.028583921786806375e-10,8.233894165157557053e-10,8.439821708461127753e-10,8.645459747075954137e-10,8.850025767505432413e-10,9.052847712546470299e-10,9.253351102190810228e-10,9.451068831124589758e-10,9.645710846273165503e-10,9.837159999878430893e-10,1.002544824562719263e-09,1.021073624572187966e-09,1.039329610146353777e-09,1.057349715504908922e-09,1.075179500021267071e-09,1.092872399462342229e-09,1.110489368699047188e-09,1.128098966001692668e-09,1.145777935067081608e-09,1.163612343211157074e-09,1.181699331372772480e-09,1.200149522050241976e-09,1.219090111644094931e-09,1.238668640614669398e-09,1.259057382962726557e-09,1.280458219543561400e-09,1.303107746899571520e-09,1.327282208394526920e-09,1.353301591794251653e-09,1.381531875753873864e-09,1.412383863598642086e-09,1.446306227967100764e-09,1.483769191024606752e-09,1.525233575758777964e-09,1.571097767552977108e-09,1.621612706590869221e-09,1.676753380599177156e-09,1.736036767936176739e-09,1.798285223754086012e-09,1.861357169858242211e-09,1.921908282023229830e-09,1.975300164442334894e-09,2.015813025665945764e-09,2.037305620363812437e-09,2.034391239930730846e-09
2.003063403322393426e-09,1.951825832032527216e-09,1.898095876123394630e-09,1.857888553876378077e-09,1.842446148419280591e-09,1.857658121803256500e-09,1.904135799196688416e-09,1.978360045240524140e-09,2.074545473769035557e-09,2.186419946994221250e-09,2.308382441099306859e-09,2.435991624718278085e-09,2.566004049198864078e-09,2.696199185299773401e-09,2.825146919921444973e-09,2.951992858508642345e-09,3.076286775084505328e-09,3.197855462599976729e-09,3.316712400401923912e-09,3.432995069642298767e-09,3.546921936675781095e-09,3.658762994790536871e-09,3.768819485995733035e-09,3.877409783673059120e-09,3.984859403566029847e-09,4.091493796991612224e-09,4.197633044987906132e-09,4.303587884559324918e-09,4.409656705782799845e-09,4.516123300266004876e-09,4.623255238678961863e-09,4.731302828163613939e-09,4.840498656375911437e-09,4.951057778974262641e-09,5.063178654505471921e-09,5.177044981243951012e-09,5.292828649709669320e-09,5.410694101261022493e-09,5.530804489423574137e-09,5.653330197156369382e-09,5.778460502325960821e-09,5.906419555054995664e-09,6.037489966062822193e-09,6.172046998955107804e-09,6.310594041806112499e-09,6.453809232604947415e-09,6.602611689048591018e-09,6.758257527129726852e-09,6.922482149398803195e-09,7.097716489814304621e-09,7.287423803886589605e-09,7.496638789941797982e-09,7.732854577831512070e-09,8.007525103501295520e-09,8.338690132522425485e-09,8.755723413207828052e-09,9.308276243126100242e-09,1.008398369273601346e-08,1.124581257362719250e-08,1.311748732397592676e-08,1.312207139360644930e-08,1.358785333897629571e-08,1.542714756254958355e-08,2.061289270616689076e-08,3.579545602151043182e-08,3.869777761288812187e-07,1.339914262048996344e-07,6.920057415478303075e-08,2.725083671309930119e-08,1.033128304433062160e-08,4.170204950426056185e-09,2.656683160587204749e-09,3.103420159159166265e-09,4.724793948057290019e-09,4.450052569685869917e-09,3.366325646059667823e-09,5.817975975437948875e-09,9.079476456651227232e-09,1.181811539399979635e-08,1.371720108396115413e-08,1.507125034861784339e-08,1.624941148320661487e-08,1.784624122516523695e-08,2.130351239400969379e-08,3.102861718114657838e-08,3.040125594342267807e-07,1.062000795281449943e-07,5.749521078196389654e-08,2.752461921938291733e-08,1.630533430075555185e-08,1.296143285621130011e-08,1.319359662619226316e-08,1.509385543243648442e-08,1.805320138203533540e-08,1.804908487043496079e-08,2.271079902522379691e-08,2.348244211908975863e-08,2.556836406490706399e-08,2.797014952165501404e-08,2.989671820036713499e-08,3.178957088728500907e-08,3.436329090521813636e-08,3.896532344440247860e-08,4.904364216087195561e-08,7.535661484324822581e-08,6.175010839882661902e-07,2.110694887717851266e-07,1.046722720012624959e-07,4.171842377533579968e-08,1.584621828034606972e-08,7.300525442359787232e-09,7.203764474134976835e-09,8.639679565275090613e-09,1.120171207907363500e-08,1.350407251491416038e-08,1.820940354346432014e-08,1.562632251673029269e-08,1.319751015704366326e-08,1.175001827509917543e-08,1.090833684309849116e-08,1.053329382704769109e-08,1.061888582704612827e-08,1.153613964396451195e-08,1.462947938123367449e-08,2.440534847583732249e-08,2.743557125137047692e-07,9.569734587996228682e-08,4.994181403824174927e-08,1.763334378726514440e-08,7.007898963471534430e-09,9.995444304359502075e-09,1.492487696607977498e-08,2.098108205192056937e-08,2.931997114883913182e-08,4.037217133652382492e-08,5.879350291209006417e-08,4.372557067882124253e-08,2.908661838235509448e-08,1.814759685768240964e-08,1.082461894126165850e-08,7.809075749401251076e-09,8.889249362678076777e-09,1.172008341014735231e-08,1.623271232304665785e-08,2.674131359315021503e-08,2.975805623795957728e-07,1.039118875462295494e-07,5.356797950988225272e-08,1.698002570879388325e-08,6.736431049291934217e-09,1.502832575809137925e-08,2.315743626453638679e-08,3.138307848195381488e-08,3.982146459599434370e-08,5.337218267334434968e-08,9.444458106651086512e-08,7.593992445651083485e-08,5.670866828219407068e-08,4.258828134193562441e-08,3.270022098174473529e-08,2.558364485915476794e-08,2.042482475739690263e-08,1.705608244734433132e-08,1.610161046566651618e-08,1.988722379955094006e-08,1.316597163289905129e-07,4.562070756602726355e-08,2.530469886022688860e-08,1.916394959375199305e-08,2.031195263446509725e-08,2.443151545299331044e-08,2.955975254082590959e-08,3.395159746023724362e-08,3.460685490886700744e-08,3.596225660206519909e-08,7.831969919851356233e-08,7.406110457004401229e-08,6.920980023171471500e-08,6.697371350102178084e-08,6.633830947290921876e-08,6.068535105050583361e-10,6.039574047745474478e-10,6.042187245931461647e-10,6.074128201982735631e-10,6.133018942990579084e-10,6.216357199424781666e-10,6.321566118217049415e-10,6.446059144154562877e-10,6.587303555883412977e-10,6.742873730085564153e-10,6.910490513616492145e-10,7.088046515651161984e-10,7.273619045051508474e-10,7.465473227538218043e-10,7.662057932684969115e-10,7.861996852575769881e-10,8.064076622397542856e-10,8.267233413899542913e-10,8.470539014311928469e-10,8.673187074629945666e-10,8.874479959189617123e-10,9.073816446018035360e-10,9.270701611960655023e-10,9.464815072172894856e-10,9.656006271283487936e-10,9.844270586427513129e-10,1.002972898124221752e-09,1.021261093584178292e-09,1.039324059996371134e-09,1.057202629896393312e-09,1.074945367043501340e-09,1.092608282355358127e-09,1.110254999856900968e-09,1.127957425453802975e-09,1.145796973876112784e-09,1.163866406111813302e-09,1.182272320905706613e-09,1.201138326059177409e-09,1.220608884956291448e-09,1.240853786637744943e-09,1.262073117565840317e-09,1.284502509927109541e-09,1.308418289544671348e-09,1.334141921644411254e-09,1.362042813458647995e-09,1.392538016946179564e-09,1.426086590282206617e-09,1.463175202179241060e-09,1.504289869635173462e-09,1.549866444666691634e-09,1.600209807320145726e-09,1.655369541465465703e-09,1.714960393102072799e-09,1.777923507003360098e-09,1.842246220775532320e-09,1.904700623550165842e-09,1.960721220246260234e-09,2.004593843121187935e-09,2.030123326379120848e-09,2.031856891078665081e-09
2.005906234166296275e-09,1.960543902304528843e-09,1.912151057507280084e-09,1.876514651683255471e-09,1.864715173643247462e-09,1.882592693655539014e-09,1.930831757703776422e-09,2.006077797342484882e-09,2.102745973265388154e-09,2.214750742624999788e-09,2.336637251281841119e-09,2.464065700577968078e-09,2.593857459524697710e-09,2.723831245168896380e-09,2.852580323112920802e-09,2.979264683225251728e-09,3.103443761713476087e-09,3.224951689959241911e-09,3.343808186621743773e-09,3.460156434166416713e-09,3.574220283279955275e-09,3.686274862865044347e-09,3.796626318121463414e-09,3.905597708607159546e-09,4.013519057651487791e-09,4.120720217894858389e-09,4.227525677094978465e-09,4.334250740215772532e-09,4.441198733444384885e-09,4.548659021169010586e-09,4.656905729975431912e-09,4.766197153705584128e-09,4.876775879879913679e-09,4.988869741168683823e-09,5.102693761358347286e-09,5.218453341904574154e-09,5.336349029057216455e-09,5.456583326693768539e-09,5.579370190360706743e-09,5.704948081053411987e-09,5.833597811513581043e-09,5.965666939624996174e-09,6.101604617097493548e-09,6.242010609704285893e-09,6.387691840002990486e-09,6.539738108823281045e-09,6.699628094477844148e-09,6.869379756993051523e-09,7.051766407023502104e-09,7.250633470931650384e-09,7.471370557465987647e-09,7.721631588196095884e-09,8.012459829413459179e-09,8.360093436201455361e-09,8.788949741424007980e-09,9.336719176537666451e-09,1.006337050340706380e-08,1.106768451554080193e-08,1.251883027628222049e-08,1.471893546065215342e-08,1.472357796323801521e-08,1.511002061266760364e-08,1.647759748012437466e-08,1.954157655527635722e-08,2.545494621383991421e-08,7.531296662478149412e-09,5.415713593578835480e-08,4.505308635436655085e-08,2.804706296450219237e-08,1.690491605944444586e-08,1.139283982866662248e-08,9.521342525741858692e-09,9.758557936162463240e-09,1.123887250604289151e-08,1.329870500599862027e-08,1.692151690454021979e-08,1.627488160393855477e-08,1.588999517018929793e-08,1.636611253637885102e-08,1.708223623871597637e-08,1.786813053534602496e-08,1.879164637448106475e-08,2.013952094807990767e-08,2.254472044747487445e-08,2.720385858085025716e-08,9.091000940584856179e-09,4.602453385709592719e-08,3.972425127786446277e-08,2.791856756747565324e-08,2.090540515746380968e-08,1.847202946951667989e-08,1.923302635447463207e-08,2.222780982535849670e-08,2.713327947611271162e-08,3.396398258009753485e-08,4.585260242175902508e-08,4.109679388091304508e-08,3.686512429100634758e-08,3.499620821614655368e-08,3.453048368688818392e-08,3.514151460129190928e-08,3.695825943804423909e-08,4.059001459050905822e-08,4.729889382762438621e-08,5.886465854453047751e-08,2.274962990224292807e-08,8.822101992212926948e-08,6.897882600223654012e-08,4.055349106945554387e-08,2.189899608476131827e-08,1.262486503632278832e-08,1.012216802290913287e-08,1.182082217105216596e-08,1.654979433423663985e-08,2.349770267281319632e-08,3.278252254231623555e-08,2.456682128269084715e-08,1.738536566170416702e-08,1.328030903764370725e-08,1.135799594522511089e-08,1.077938088137844794e-08,1.091518792399177724e-08,1.165596349559686654e-08,1.345328435714917338e-08,1.711786348726268182e-08,5.731102115482890052e-09,3.843260664338250741e-08,3.249514174144754026e-08,1.964957190457946191e-08,1.064467318638195559e-08,6.348910089251753032e-09,8.113516092821081771e-09,1.497193224017159124e-08,2.640981637340560129e-08,4.344086942658134947e-08,6.802610520154691071e-08,4.950674657858141187e-08,3.171045519257225914e-08,1.866559564775000008e-08,1.070974809472995991e-08,8.873929838689625858e-09,1.112064227195686423e-08,1.416535892318523568e-08,1.748812175753357962e-08,2.177081250322526818e-08,7.000054530924946902e-09,4.285959229082717784e-08,3.484409972090500926e-08,1.932425138227762122e-08,8.419648033268394178e-09,6.090217581899772126e-09,1.162560073216244265e-08,1.966017552227915363e-08,3.096827314901873879e-08,4.872174277530013729e-08,7.767404793995027417e-08,6.322552963472673165e-08,4.890750563157154325e-08,3.733012690670688613e-08,2.862316791867912445e-08,2.217198517156131236e-08,1.741583974435547794e-08,1.413837783079083077e-08,1.255379797373363527e-08,1.321137690135229242e-08,6.107417289250349903e-09,2.159613680125961166e-08,2.084953696678699713e-08,2.000815220452492786e-08,2.138295501051243576e-08,2.420903978887879295e-08,2.757662530993895296e-08,3.078951400045419860e-08,3.384438355639479519e-08,4.009393845803756111e-08,5.718704674524388883e-08,5.958682088314163589e-08,6.154557616378925010e-08,6.250910316797242752e-08,6.302600208675969750e-08,5.985888767500405355e-10,5.951815087689656295e-10,5.948697182220626732e-10,5.974523571595886528e-10,6.027100582873110011e-10,6.104077999048495032e-10,6.203004994487726016e-10,6.321397451521581699e-10,6.456803303366157832e-10,6.606857921988400239e-10,6.769325984857654038e-10,6.942129406816164609e-10,7.123362824511239416e-10,7.311299005848540262e-10,7.504386740899553673e-10,7.701243546898204913e-10,7.900645111983785223e-10,8.101512953854848996e-10,8.302901361141582244e-10,8.503984344997282352e-10,8.704043072402636551e-10,8.902454057059174910e-10,9.098699048005280557e-10,9.292431751088973634e-10,9.483472537694255416e-10,9.671784439321366758e-10,9.857452826334832298e-10,1.004066850728153917e-09,1.022171419589394694e-09,1.040095446879569245e-09,1.057882947816368274e-09,1.075585279334014834e-09,1.093261382215327770e-09,1.110978531437241090e-09,1.128813646570751418e-09,1.146855211412700689e-09,1.165205843796184151e-09,1.183985540004885481e-09,1.203335590640250516e-09,1.223423121918697070e-09,1.244446152326619586e-09,1.266638960494026384e-09,1.290277420775685620e-09,1.315683755179569566e-09,1.343229833975264578e-09,1.373337670455412452e-09,1.406475004287232390e-09,1.443142725856244102e-09,1.483849212108292712e-09,1.529064321288875300e-09,1.579142946075713413e-09,1.634205382915006999e-09,1.693961406583158101e-09,1.757471270719839042e-09,1.822857287064338048e-09,1.887022438476952535e-09,1.945497840720691290e-09,1.992604306681990270e-09,2.022118518989118358e-09,2.028530925174225857e-09
2.008063597964378514e-09,1.968672849725046886e-09,1.925659762742562726e-09,1.894571992350216138e-09,1.886337481479306093e-09,1.906764153639983283e-09,1.956628634832633148e-09,2.032757386620192620e-09,2.129777952787582358e-09,2.241798185597673906e-09,2.363511948835069178e-09,2.490680532444516002e-09,2.620187953185043640e-09,2.749889299092472116e-09,2.878398317471419574e-09,3.004886835505540546e-09,3.128921895636751073e-09,3.250343404124833334e-09,3.369176180634357868e-09,3.485568306636361969e-09,3.599748463862264549e-09,3.711996537414010786e-09,3.822623308335396045e-09,3.931956316019701069e-09,4.040329902367157043e-09,4.148078109177172909e-09,4.255529555358270813e-09,4.363003730951159062e-09,4.470808357224952071e-09,4.579237610203327097e-09,4.688571113004095255e-09,4.799073687870880273e-09,4.910995933293710739e-09,5.024575765306949031e-09,5.140041142970464389e-09,5.257614294061960030e-09,5.377517878733153787e-09,5.499983688632179477e-09,5.625264696596539644e-09,5.753651573001831870e-09,5.885495211217326094e-09,6.021237410523177700e-09,6.161453970554561074e-09,6.306914337280360000e-09,6.458653018987237318e-09,6.618065148542723017e-09,6.787038280522918721e-09,6.968135388404363872e-09,7.164850880703210969e-09,7.381972231565604026e-09,7.626095918356708502e-09,7.906372414672246195e-09,8.235595710482760899e-09,8.631817585455167685e-09,9.120767014577085889e-09,9.739498926922011426e-09,1.054185771869184365e-08,1.160633301290652071e-08,1.304589393325897607e-08,1.501428051723458903e-08,1.501894611254519459e-08,1.509435464246515961e-08,1.522569108725769886e-08,1.490838677469516973e-08,1.203457041986016506e-08,2.414774026336993166e-08,3.171756567335433076e-08,3.008235602954024621e-08,2.377634810970884127e-08,1.835493233674026370e-08,1.538130428376097214e-08,1.462645961703142614e-08,1.546413018567339112e-08,1.751132026351032848e-08,2.105049742755490454e-08,2.775279279407182871e-08,2.437252428269230927e-08,2.136837605246118799e-08,2.010886965176752011e-08,1.976186872701900573e-08,1.987353629650701073e-08,2.021733634434380729e-08,2.063126772281486110e-08,2.069814721541912479e-08,1.873624173118325237e-08,2.690410914104061632e-08,3.035521745461106224e-08,2.855655127462028541e-08,2.430438931567749506e-08,2.154211867878733871e-08,2.135817912639540044e-08,2.362829193054773730e-08,2.811112651415417368e-08,3.507264895476291149e-08,4.578942243177896516e-08,6.326071723334575053e-08,5.352287641616025957e-08,4.447968101995722069e-08,3.935160800750773745e-08,3.682242290508675173e-08,3.599045861328836929e-08,3.636820814569405291e-08,3.763017627081816160e-08,3.893977655513573680e-08,3.683238952101915430e-08,4.855344401862182809e-08,5.259214656537945639e-08,4.444370142561841048e-08,3.092057712300095330e-08,1.982680671448376284e-08,1.349877912736012839e-08,1.195994203334845204e-08,1.466093541241202440e-08,2.159384450002323358e-08,3.339997035859138333e-08,5.133806749811882539e-08,3.637906494241526770e-08,2.260614919343005708e-08,1.457076202984246510e-08,1.109095323436242581e-08,1.026022557410919853e-08,1.028588763443521208e-08,1.030103272634058348e-08,9.946499167509414757e-09,8.782335131263908101e-09,1.608121535833120285e-08,2.290375161587756117e-08,2.300652749716064505e-08,1.911548850498070393e-08,1.518224256966609361e-08,1.192174095719487830e-08,8.845065380902151751e-09,8.992106678150882386e-09,1.988293833287054813e-08,4.083921913859261570e-08,7.030668024157905023e-08,4.949107406225007259e-08,2.937852399942229213e-08,1.571173094365792164e-08,9.782070348470130718e-09,1.100542209546067648e-08,1.399534936214982432e-08,1.634890367083923024e-08,1.735570420274031541e-08,1.531057411271492289e-08,2.317344750059603044e-08,2.732457757651300310e-08,2.468213844895334609e-08,1.845056172556044522e-08,1.284902227604890126e-08,8.757053692363823455e-09,6.000062033707007646e-09,7.731208211042310345e-09,1.754318075701400608e-08,3.495678459722030333e-08,5.874150950539102556e-08,4.789154467643815242e-08,3.698633435792034138e-08,2.812796584647480969e-08,2.151213417594015231e-08,1.656833490326081785e-08,1.273724398983925435e-08,9.733649641942913086e-09,7.676995754075445414e-09,7.070061479403122044e-09,1.003086511040824884e-08,1.460725822360497616e-08,1.750042030792451386e-08,1.953846992030384815e-08,2.173170135220484222e-08,2.414215448600480218e-08,2.651973887023540092e-08,2.867310985383546197e-08,3.089513669329389650e-08,3.464364749127660043e-08,4.175563645786646867e-08,4.717667404502007395e-08,5.270091876627489730e-08,5.619635453123987006e-08,5.787947636942613202e-08,5.891735172474458851e-10,5.854339375927613033e-10,5.847090262396460976e-10,5.868282068039576617e-10,5.915942359316261927e-10,5.987889254139219289e-10,6.081802789526375250e-10,6.195300408618523038e-10,6.326007490711584750e-10,6.471616752067915167e-10,6.629933588940300306e-10,6.798907091335052251e-10,6.976648209393094051e-10,7.161437423579669305e-10,7.351724487768207427e-10,7.546122617353969866e-10,7.743399105638663259e-10,7.942463906677665401e-10,8.142357309676800067e-10,8.342237480119206109e-10,8.541368376629925631e-10,8.739108347605139781e-10,8.934919936965142923e-10,9.128435001841106579e-10,9.319448816627507122e-10,9.507895951261416693e-10,9.693829958013308253e-10,9.877406616855794212e-10,1.005887068576390427e-09,1.023854627396764264e-09,1.041683108925055079e-09,1.059419491556257657e-09,1.077118274962061120e-09,1.094842306987889905e-09,1.112664172595121519e-09,1.130668190655192999e-09,1.148953056919838959e-09,1.167635155762902825e-09,1.186852538483953749e-09,1.206769526441645335e-09,1.227581839504633731e-09,1.249522063995975244e-09,1.272865147364178922e-09,1.297933415109774205e-09,1.325100311666145282e-09,1.354791609519994503e-09,1.387482116542981834e-09,1.423684807940462252e-09,1.463927654984182163e-09,1.508711079188878383e-09,1.558435973426677873e-09,1.613289201431833378e-09,1.673072306384599351e-09,1.736964143082369235e-09,1.803227014121166328e-09,1.868908371688526978e-09,1.929659494334272695e-09,1.979866602630138073e-09,2.013305924635478764e-09,2.024421792588202473e-09
2.009539126320479078e-09,1.976208187378521273e-09,1.938607786719863740e-09,1.912036193600301684e-09,1.907279958964181154e-09,1.930133575438158124e-09,1.981485017004281550e-09,2.058357655970313785e-09,2.155602140849095006e-09,2.267525376569697325e-09,2.388971660681399774e-09,2.515802507002106952e-09,2.644962323434984053e-09,2.774339795815690426e-09,2.902566420603094090e-09,3.028823466365778505e-09,3.152683633610519456e-09,3.273991101322279354e-09,3.392774675190346151e-09,3.509186528748195327e-09,3.623459597037850193e-09,3.735878102993303946e-09,3.846757145378196965e-09,3.956428475383928111e-09,4.065230490716763936e-09,4.173501122200752211e-09,4.281572737473360623e-09,4.389768496584627259e-09,4.498399807543376852e-09,4.607764680712647098e-09,4.718146892112607175e-09,4.829815955059691885e-09,4.943027979157965848e-09,5.058027576565420914e-09,5.175051064812991338e-09,5.294331324927282000e-09,5.416104810913601614e-09,5.540621387291200246e-09,5.668157913572969839e-09,5.799036823176759188e-09,5.933651396053164896e-09,6.072500048323001617e-09,6.216233951930905246e-09,6.365722213315561928e-09,6.522130906837783455e-09,6.687028100028092326e-09,6.862526463769876705e-09,7.051477068637303600e-09,7.257732847983939575e-09,7.486506653249288073e-09,7.744856870997380041e-09,8.042342937526800722e-09,8.391901249368643570e-09,8.810991462500040781e-09,9.323032300768416587e-09,9.959025637129960487e-09,1.075889984426000771e-08,1.177107238774339345e-08,1.304596345122271084e-08,1.461202304898469236e-08,1.461670719797731056e-08,1.446325122795894049e-08,1.385664096307570068e-08,1.228397606001658066e-08,8.613922374458438132e-09,1.329971785287293082e-08,1.938969166698417731e-08,2.063050106614237193e-08,1.929015895223526988e-08,1.787541433130823790e-08,1.758658122394180258e-08,1.855210916380566478e-08,2.039660517102372135e-08,2.279125109500186144e-08,2.624849259871382287e-08,3.335864786123897135e-08,2.860755679253105354e-08,2.434289026303466635e-08,2.221192586176769076e-08,2.125920343373478513e-08,2.091410331998262495e-08,2.082518037014779033e-08,2.070662903917484592e-08,2.011684334899815484e-08,1.811073850827690507e-08,1.864781426026849486e-08,2.077284214597331648e-08,2.062918377679730720e-08,1.987656307294068011e-08,2.021377702336447404e-08,2.241368740009836601e-08,2.650963137691619038e-08,3.234706190032590580e-08,4.027919174103328305e-08,5.215914969164687256e-08,7.226556078573731414e-08,5.892362024987724405e-08,4.657368065076855894e-08,3.968217377154723361e-08,3.606992975643471210e-08,3.430227213625601521e-08,3.354622789207716444e-08,3.322507323121240796e-08,3.255048725207543349e-08,2.981799601448947937e-08,2.885045300499622292e-08,3.062929655012181747e-08,2.654923383318605616e-08,1.980153248506725162e-08,1.376838108965146131e-08,1.037486173450378538e-08,1.035969785723038930e-08,1.415092812563392421e-08,2.287973328293300386e-08,3.879814354890971276e-08,6.436047380835265551e-08,4.314810475824675226e-08,2.347440650014894330e-08,1.306677167470231100e-08,9.520113405685233822e-09,9.377232158424520783e-09,9.651604213401300901e-09,9.221828523568119067e-09,7.735737292149168809e-09,6.034140430879701682e-09,8.832639030035895331e-09,1.549975809732516638e-08,1.884576516457574550e-08,2.020148875961901153e-08,2.114210584208901980e-08,2.177224285468440669e-08,2.087108253945593312e-08,1.652546247963918176e-08,1.241913813307008821e-08,3.231707162227516703e-08,6.942006683578017752e-08,4.464303613185110372e-08,2.150359340832345655e-08,1.122189436085608685e-08,1.224115825802317404e-08,1.569519432804024484e-08,1.830888089522395720e-08,1.983530240176616532e-08,2.009367200023739005e-08,1.822423729013760113e-08,1.795567400283153263e-08,1.942636160305197965e-08,1.887568680925026401e-08,1.773064592110168153e-08,1.742259632446877206e-08,1.812061859995060553e-08,1.855655951770732522e-08,1.641268664985574930e-08,1.073277116785901130e-08,1.852817349954681381e-08,4.213761373732454071e-08,3.236044263755311181e-08,2.251590933622940286e-08,1.636924783384954963e-08,1.261372309120295973e-08,9.998620182520219902e-09,7.881261324367768223e-09,6.367232301109425032e-09,7.063153172324639544e-09,1.153340636242945190e-08,5.291307403242514500e-09,1.059967358653549558e-08,1.602878059256642927e-08,1.976110152598546369e-08,2.258812541187188518e-08,2.482111585638412612e-08,2.645941468110249682e-08,2.736373196250293998e-08,2.744695729759456423e-08,2.722193804395595813e-08,2.847909442760656078e-08,3.565727790600202965e-08,4.416340733587855765e-08,4.966998934372103392e-08,5.226684424126151007e-08,5.787185831261070534e-10,5.747869037493884269e-10,5.737855179221141737e-10,5.755741906507833755e-10,5.799777420422014612e-10,5.867945552668096104e-10,5.958052445867415453e-10,6.067811196953217451e-10,6.194918618767495718e-10,6.337119424530268898e-10,6.492255492695679506e-10,6.658300148563798665e-10,6.833379017039850229e-10,7.015779854962857128e-10,7.203953991679371564e-10,7.396511830561663302e-10,7.592214469328161885e-10,7.789963053550630171e-10,7.988787046875934834e-10,8.187832244262602208e-10,8.386349071635459621e-10,8.583681502934892999e-10,8.779276698536417112e-10,8.972748423034546044e-10,9.163870526115858662e-10,9.352552699174287180e-10,9.538820161100162041e-10,9.722797032245181360e-10,9.904693345226345111e-10,1.008479580354933695e-09,1.026346252822018602e-09,1.044112213216775480e-09,1.061827752884550383e-09,1.079551492253369938e-09,1.097351843592097641e-09,1.115309080315391957e-09,1.133518047956446604e-09,1.152091537736546124e-09,1.171164320362584621e-09,1.190897802048493363e-09,1.211485211721235556e-09,1.233157150261178588e-09,1.256187216500712305e-09,1.280897248854970010e-09,1.307661449532308212e-09,1.336908230647485615e-09,1.369117945551990206e-09,1.404813610271514368e-09,1.444540105880731469e-09,1.488825016689701007e-09,1.538111180419977650e-09,1.592647684002612296e-09,1.652324137422898716e-09,1.716436740975911900e-09,1.783391798600688890e-09,1.850393833691844549e-09,1.913237468627427365e-09,1.966405517125352916e-09,2.003703111141269380e-09,2.019540433633912678e-09
2.010338143269305944e-09,1.983146636769727407e-09,1.950982119558033006e-09,1.928884432126296455e-09,1.927511658354395358e-09,1.952664919510060255e-09,2.005363076475715792e-09,2.082841578079133820e-09,2.180183700915587354e-09,2.291899902465469599e-09,2.412985835329237854e-09,2.539402014057252040e-09,2.668150958697313651e-09,2.797152336593967283e-09,2.925052866445628597e-09,3.051041041114856165e-09,3.174693394872338167e-09,3.295856946131101833e-09,3.414563396891059961e-09,3.530968200618254749e-09,3.645307942973976129e-09,3.757870728982276799e-09,3.868975611759924463e-09,3.978958235356489796e-09,4.088160734826642942e-09,4.196924568499936816e-09,4.305585401611557936e-09,4.414469469505788819e-09,4.523891062787932375e-09,4.634150929031103470e-09,4.745535498561639565e-09,4.858316932342225601e-09,4.972754072306110015e-09,5.089094456549830767e-09,5.207577655387766057e-09,5.328440296792307269e-09,5.451923292147022039e-09,5.578281958548614771e-09,5.707799978298636709e-09,5.840808462402580811e-09,5.977711820990312489e-09,6.119022727114325210e-09,6.265410282888138109e-09,6.417765402866125028e-09,6.577280135661080408e-09,6.745552148330029876e-09,6.924724521172024272e-09,7.117671895732945875e-09,7.328246566628340709e-09,7.561600265322070907e-09,7.824597706890414232e-09,8.126333267533329512e-09,8.478745336058789023e-09,8.897278830046711787e-09,9.401443213642593828e-09,1.001488522838588275e-08,1.076411086776604233e-08,1.167400406755414868e-08,1.275640358395209375e-08,1.398480007859566268e-08,1.398951036066257825e-08,1.374959878735468834e-08,1.294062602280861346e-08,1.131123366809401379e-08,8.383013895442147959e-09,1.106944093690837176e-08,1.247206303360819213e-08,1.434008518199313376e-08,1.541986056388006701e-08,1.677217147707095011e-08,1.903115707120749618e-08,2.211891795442069197e-08,2.535203010388988198e-08,2.765334987562317948e-08,2.853878428088941541e-08,3.161185011105829204e-08,2.789476401090031829e-08,2.429617686249378455e-08,2.232347360477709993e-08,2.136587510090470640e-08,2.092469134271210253e-08,2.069038737167836787e-08,2.048555834559572276e-08,2.020989255571329180e-08,1.952132536604277777e-08,1.983966269207445597e-08,1.403961115312850423e-08,1.388926414173320178e-08,1.492397045577778363e-08,1.760690809869134626e-08,2.223142684979295033e-08,2.844172658707994478e-08,3.547446214043761159e-08,4.277176217918519872e-08,5.182997171974527848e-08,7.027675059473744169e-08,5.487211384695144968e-08,4.154862847385504368e-08,3.530916584030255420e-08,3.215954465297666507e-08,3.034036581533569017e-08,2.904808837144176289e-08,2.794086829045888975e-08,2.701077519213734448e-08,2.613316084806384710e-08,2.670896799229545535e-08,1.538544359869464373e-08,1.207565886196010655e-08,8.560002006255519497e-09,5.555742196402892574e-09,4.306714011752402586e-09,5.367494990128631692e-09,9.268125152497218596e-09,1.785278424445564261e-08,3.594254666887912848e-08,7.095156021869777032e-08,4.080629491879589730e-08,1.605199775493347609e-08,7.942765387540992426e-09,8.255294248883137890e-09,9.774198800278160209e-09,1.042941188364723575e-08,9.891521221281384905e-09,7.824731164366886553e-09,4.383526224227480822e-09,6.885067820581320091e-09,1.322254431866268752e-08,1.850168378025337994e-08,2.353158174958903358e-08,2.909346635525634248e-08,3.491514448531673684e-08,3.961167665700000065e-08,3.993927368918983537e-08,2.977459413784701192e-08,1.788297435094578804e-08,7.199434585936886721e-08,3.344759023721798700e-08,1.262154073418763078e-08,1.755460626460615185e-08,2.108012165177819089e-08,2.289630092030515022e-08,2.385282522202158851e-08,2.435383558235033951e-08,2.469625975172889103e-08,2.476620403645756568e-08,2.411160452624153642e-08,1.424607087441093291e-08,1.436600221666264695e-08,1.702486542432757904e-08,2.208428333695793717e-08,2.927871276606557522e-08,3.696739180359651371e-08,4.155576297152602686e-08,3.674287773187551997e-08,1.724387948448408858e-08,3.500044607390553606e-08,1.840447868524242549e-08,9.258075769670447025e-09,7.350293377281183079e-09,6.249170454445802949e-09,5.686718125524672190e-09,5.467855170528650682e-09,6.079997196244497067e-09,9.371216369667534594e-09,1.683086130929516495e-08,1.246892146248823981e-08,9.996551646777703332e-09,1.735795566416393828e-08,2.173205753619106998e-08,2.481584419905428967e-08,2.688463137274130565e-08,2.798859564962837853e-08,2.787449525289708614e-08,2.563941815505820840e-08,2.046131617886276786e-08,1.909587613304699005e-08,2.552894551252304860e-08,3.763293531342022899e-08,4.438459455974805124e-08,4.736968985348007579e-08,5.673387986402081900e-10,5.633189412259382344e-10,5.621550517609204147e-10,5.637311598151713248e-10,5.678909033764553776e-10,5.744472401418635694e-10,5.831919577764656942e-10,5.939047904042960256e-10,6.063616327757442205e-10,6.203414152654343450e-10,6.356314152309919463e-10,6.520310023710580940e-10,6.693539774027021109e-10,6.874297516106977686e-10,7.061036392291988331e-10,7.252365175413338184e-10,7.447040697922824967e-10,7.643957801819964708e-10,7.842138057708948151e-10,8.040718124720333899e-10,8.238938330612893986e-10,8.436131824717093960e-10,8.631733962776066724e-10,8.825343923148124854e-10,9.016717545788966301e-10,9.205742968382237890e-10,9.392420306853364059e-10,9.576845148073900612e-10,9.759195803914200742e-10,9.939724432174940897e-10,1.011875225317323598e-09,1.029666918743439602e-09,1.047393829877276734e-09,1.065110546473070432e-09,1.082881470030659264e-09,1.100782953044750823e-09,1.118906073214889237e-09,1.137360063345396896e-09,1.156276394025424106e-09,1.175813473645793221e-09,1.196161881893021684e-09,1.217549982062404781e-09,1.240249651508643046e-09,1.264581708779619867e-09,1.290920365603030794e-09,1.319695633154616712e-09,1.351391977038139562e-09,1.386540505827154067e-09,1.425700417293737341e-09,1.469423122418485984e-09,1.518189344422836986e-09,1.572305911041292696e-09,1.631746437552522430e-09,1.695922553213392633e-09,1.763387620525462135e-09,1.831514816263347015e-09,1.896264716462977934e-09,1.952248343429035253e-09,1.993330446565814435e-09,2.013900254041595292e-09
2.010467626349125845e-09,1.989486105716575648e-09,1.962770970646282225e-09,1.945095531023763369e-09,1.947003933630849255e-09,1.974325173859300004e-09,2.028228662965841985e-09,2.106176262544824615e-09,2.203492150717768679e-09,2.314893693218166184e-09,2.435528075864274257e-09,2.561453292507960802e-09,2.689727726849239264e-09,2.818299609687878903e-09,2.945828591327381771e-09,3.071508372172121128e-09,3.194917633757063395e-09,3.315904877367356170e-09,3.434503640584354053e-09,3.550871841132814015e-09,3.665249089292802156e-09,3.777926882698296411e-09,3.889227827539586290e-09,3.999491103700482787e-09,4.109062229434015813e-09,4.218285797390400082e-09,4.327500292470319113e-09,4.437034409018262686e-09,4.547204499572513846e-09,4.658312939431966059e-09,4.770647304397872227e-09,4.884480348610914955e-09,5.000070850403687656e-09,5.117665473243066284e-09,5.237501879875879747e-09,5.359813445063322190e-09,5.484836048135700993e-09,5.612817601187566787e-09,5.744031195621710720e-09,5.878793046479406262e-09,6.017486801256310213e-09,6.160596281122759106e-09,6.308750347016286184e-09,6.462783443931760172e-09,6.623808538240983688e-09,6.793312362589032462e-09,6.973281350344691281e-09,7.166366575684405187e-09,7.376096838014964000e-09,7.607148372004532955e-09,7.865675510391416624e-09,8.159695024017976889e-09,8.499490231178939966e-09,8.897945258354930750e-09,9.370610073512908954e-09,9.935092008398833443e-09,1.060901278223418870e-08,1.140522375632121952e-08,1.232239060897068758e-08,1.332947895683492665e-08,1.333422245527666727e-08,1.309688022555691427e-08,1.236845077567553655e-08,1.122827486122598949e-08,1.041364678760879279e-08,2.267272989732788454e-09,5.485071527871357352e-09,9.242287464764474919e-09,1.170995435700991875e-08,1.523344623268168575e-08,2.018125696756131129e-08,2.616090905541749709e-08,3.195151388496821854e-08,3.471338255812662260e-08,2.945636307223654711e-08,1.969882322172823785e-08,2.522390652735311888e-08,2.173364148493868661e-08,2.060017413293268077e-08,2.016780557543922412e-08,1.995312334690858668e-08,1.975768961098140922e-08,1.957488170954024650e-08,1.997026105475190528e-08,2.408346497732076628e-08,1.388279667661417043e-08,2.480983519959752093e-09,6.450154811287721924e-09,8.825395807838059134e-09,1.361643348297081306e-08,2.114258519270109022e-08,3.042050837259975506e-08,3.946820897146478041e-08,4.499403480359328278e-08,4.390729372709651782e-08,5.402843818800599677e-08,3.392372488022078795e-08,2.814722838707212047e-08,2.663745626449861953e-08,2.576721546538104140e-08,2.474410730999270167e-08,2.329599935924031344e-08,2.144813592985303420e-08,2.042076385199107636e-08,2.734282133387897168e-08,4.727302569141142914e-08,7.440960571736361886e-09,1.851014721136000984e-09,2.941312617522717457e-09,4.223794347389034270e-09,3.919862220081698262e-09,2.351692349502534094e-09,1.528011278592758874e-09,4.486956696523781091e-09,1.741163371962475883e-08,7.088271576198811162e-08,2.057351069992565036e-09,8.156293818287153202e-09,1.060441502446946180e-08,1.208174908261215036e-08,1.301743882525567792e-08,1.340655048933808977e-08,1.310661951688358578e-08,1.154467758030559222e-08,6.460093381432441006e-09,3.348495654113453987e-08,1.492202053571759380e-08,2.005216730150493126e-08,2.783708974689516868e-08,3.819150534992876563e-08,5.063879981392631359e-08,6.451255120403196211e-08,7.722419872356345007e-08,7.895763327836687308e-08,4.209959034334292064e-08,8.831818140375522665e-08,4.895167828386198639e-08,4.364211994827954604e-08,3.742888970765184759e-08,3.341999465381015596e-08,3.099490486853552360e-08,2.942762523385696587e-08,2.846313206150694399e-08,2.897828734387348473e-08,3.618542476017522978e-08,2.444047568055425128e-08,3.695560847483422894e-10,7.932202533382416662e-09,1.476174613763492643e-08,2.560601752916563574e-08,4.109651789152602847e-08,5.993740456503411852e-08,7.830642636285296326e-08,8.550752437503680188e-08,5.571836736273613977e-08,4.743929759480197161e-08,4.519990810464445361e-08,3.088395298245066389e-08,1.958099218831922964e-08,1.243126550624898478e-08,8.371472120610904911e-09,6.431743869321232169e-09,6.177754890114135787e-09,9.267870093339701146e-09,2.541130077768115661e-08,7.137809323555020001e-08,2.354825563247395833e-08,2.268005643122647514e-08,2.584026308688970471e-08,2.891225557809513556e-08,3.080425201808127154e-08,3.170303934558336626e-08,3.169201539947765044e-08,2.904009292925670210e-08,1.789194943301696321e-08,2.177813639253930270e-08,2.985999643424619343e-08,3.699479200630936440e-08,4.160065521122434363e-08,4.387738451399865037e-08,5.551288427753336721e-10,5.511020565069901513e-10,5.498734987560255798e-10,5.513431497400451044e-10,5.553688768654957361e-10,5.617753285780367996e-10,5.703634305931603198e-10,5.809197943522842994e-10,5.932253218172805109e-10,6.070624731027349480e-10,6.222209279000554538e-10,6.385016195490966072e-10,6.557192985736651420e-10,6.737038794901264662e-10,6.923008531552826592e-10,7.113710306731886711e-10,7.307898442181336324e-10,7.504463821641272346e-10,7.702422895864698562e-10,7.900906259331982847e-10,8.099147404028472664e-10,8.296472023363576411e-10,8.492307059407836438e-10,8.686240408212850384e-10,8.878013100995226685e-10,9.067494825675733325e-10,9.254663604654423587e-10,9.439589402051192321e-10,9.622421610819312352e-10,9.803380518178645850e-10,9.982752970149181073e-10,1.016089254334308249e-09,1.033822459040880618e-09,1.051525655412708705e-09,1.069259394831754131e-09,1.087096236757883477e-09,1.105123581613317173e-09,1.123447151703669879e-09,1.142195116365123771e-09,1.161522827397371876e-09,1.181618086810988856e-09,1.202706804602512637e-09,1.225058807757322466e-09,1.248993415177626137e-09,1.274884163031515790e-09,1.303161696114867080e-09,1.334313246256155028e-09,1.368876163552045267e-09,1.407421468731582657e-09,1.450521146574540679e-09,1.498689777820049221e-09,1.552287367838524422e-09,1.611367196782764063e-09,1.675453838460244838e-09,1.743249886126300245e-09,1.812307708775822174e-09,1.878775689864139338e-09,1.937424766672716099e-09,1.982211033650157544e-09,2.007517082301518727e-09
2.009936160362541729e-09,1.995225663627211023e-09,1.973963789106743584e-09,1.960650039888563075e-09,1.965730564880356522e-09,1.995084478090031489e-09,2.050051375971780047e-09,2.128332944494498367e-09,2.225501267388465787e-09,2.336482870722562061e-09,2.456575972082225616e-09,2.581934282133291805e-09,2.709669871441371576e-09,2.837757342307607748e-09,2.964867242029552596e-09,3.090196677039810552e-09,3.213324938534837219e-09,3.334100738600734537e-09,3.452558423620277040e-09,3.568857559774524117e-09,3.683240136019718556e-09,3.796000524396803647e-09,3.907464453299299043e-09,4.017974256820671640e-09,4.127878467039901531e-09,4.237524415937665457e-09,4.347252945495752134e-09,4.457394629855988060e-09,4.568267126521427818e-09,4.680173425691963710e-09,4.793400877249834776e-09,4.908220962254604805e-09,5.024889850937530600e-09,5.143649862803705849e-09,5.264732025108876511e-09,5.388360021395133862e-09,5.514755940122168164e-09,5.644148383763394284e-09,5.776783691759160954e-09,5.912941275872836482e-09,6.052954382063443749e-09,6.197237983551817692e-09,6.346326922094007591e-09,6.500927222406377001e-09,6.661976998566291333e-09,6.830725447703195969e-09,7.008836606482636087e-09,7.198523978031863962e-09,7.402722233712783284e-09,7.625300764738101506e-09,7.871319224040337550e-09,8.147314335961358861e-09,8.461584929344263627e-09,8.824399817634622313e-09,9.247977931985390872e-09,9.745965301326346633e-09,1.033194373668320004e-08,1.101625130450773386e-08,1.180009814865441749e-08,1.266552343791189704e-08,1.267029932116597171e-08,1.245196739205199451e-08,1.175505117466147904e-08,1.042809396832678384e-08,7.875909274315512309e-09,9.396777446355246081e-09,5.705223606669777083e-09,5.710306576474277436e-09,7.276281659367729997e-09,1.269991913084974917e-08,2.086715260282557934e-08,3.112689295853507077e-08,4.247767088935702530e-08,5.077255392328653962e-08,3.577075676107737864e-08,1.743512639233455453e-08,1.177972447646357834e-08,1.602951309528004844e-08,1.742284381771628279e-08,1.800905680879457524e-08,1.822362555757841753e-08,1.807912179297942870e-08,1.736134964717433998e-08,1.530463267281349233e-08,8.865498584130694227e-09,3.314991484128268684e-08,7.510487048928375599e-09,1.927510260718732287e-09,2.539721639719344504e-09,7.632924701659561289e-09,1.901329547847686914e-08,3.355912751032066853e-08,4.822070716375004524e-08,5.559924574007550539e-08,2.927868254306974935e-08,6.699289915463335611e-08,1.660167813796322623e-08,1.082324162998572696e-08,1.658375633035324853e-08,1.865184994889674108e-08,1.869062993922344341e-08,1.710101912105660036e-08,1.335945308788245375e-08,5.182815211707124243e-09,1.684600071484960525e-08,7.105464672063948129e-08,2.297852460214963478e-08,9.154527881117481604e-09,1.433570867238795171e-08,1.572502443806669101e-08,1.364750145878052046e-08,1.071617395153429745e-08,1.123123915821719144e-08,2.001174292465319492e-08,4.128408584122519795e-08,2.008337237422970699e-07,6.997986218641426754e-08,3.338202585995858940e-08,2.213327592146975470e-08,1.858334215918336321e-08,1.754804558126253008e-08,1.743189163608625256e-08,1.797177431983216431e-08,2.011366926338974655e-08,2.843440003017719003e-08,2.853022978715087597e-08,3.164102622569790460e-08,2.003179373141949841e-08,3.081017168691890565e-08,4.657279444702663744e-08,6.656830177678923045e-08,9.260774291466923778e-08,1.281089607764308053e-07,1.712431827897427542e-07,1.767926520413650345e-07,4.294134058140886548e-07,1.547078504797889452e-07,8.245333029200163492e-08,5.556739229475666905e-08,4.365850953912975393e-08,3.745687583916408300e-08,3.354940975446221152e-08,3.024057130261515791e-08,2.573432794758610350e-08,1.504280567885471289e-08,5.424001605569963569e-08,5.168514348198172854e-09,3.432373917487794056e-09,9.227298338710829731e-09,2.542316165667324136e-08,5.085501268529183222e-08,8.518647066077195415e-08,1.286399276074011250e-07,1.744996189734752445e-07,1.690883768267984675e-07,3.309257700211737269e-07,1.165205524347805074e-07,5.705519391031339141e-08,3.190657413154829202e-08,1.917365179681385746e-08,1.190472028800067310e-08,7.240851455509404954e-09,3.362756238438098416e-09,4.197426016357965229e-09,2.418057323494709002e-08,8.705110883829164444e-08,4.927792836614542646e-08,2.479423313218648774e-08,3.091431750949579028e-08,3.513094347409027353e-08,3.670285437249633173e-08,3.736725469676442661e-08,3.935783578096868976e-08,4.319201394211718802e-08,3.764505260850862875e-08,9.812589819565647326e-08,4.345608203379686787e-08,3.891092606463126719e-08,4.007675092975130813e-08,4.129518094918458931e-08,5.421537891832998307e-10,5.381966938426796353e-10,5.369936134581858976e-10,5.384553452486661719e-10,5.424503158541461633e-10,5.488120871779083120e-10,5.573485333860844243e-10,5.678513897234323142e-10,5.801051729262446469e-10,5.938947983303200965e-10,6.090115564015590602e-10,6.252574002431051438e-10,6.424476970880246806e-10,6.604127052144927422e-10,6.789980715194801383e-10,6.980646281495386680e-10,7.174877247132188281e-10,7.371562817073743405e-10,7.569717021928647447e-10,7.768467371483207036e-10,7.967043675777119804e-10,8.164767416812653904e-10,8.361060373342844962e-10,8.555502302757150131e-10,8.747822451693465409e-10,8.937874975018864272e-10,9.125618618644347160e-10,9.311100444271926223e-10,9.494443544708881761e-10,9.675838843191014400e-10,9.855541188203696436e-10,1.003387003682268799e-09,1.021121507400836792e-09,1.038804713953241176e-09,1.056493482921667200e-09,1.074256710417270635e-09,1.092178216186171473e-09,1.110360270561848207e-09,1.128927755834096645e-09,1.148032928815803725e-09,1.167860711266121933e-09,1.188634376218825826e-09,1.210621410691958479e-09,1.234139201978590583e-09,1.259559983971406054e-09,1.287314140197231715e-09,1.317890406912728743e-09,1.351830622020481234e-09,1.389715240801431232e-09,1.432133668235788473e-09,1.479630377870827409e-09,1.532613962867863107e-09,1.591212828482665505e-09,1.655061537606325532e-09,1.723013282379644518e-09,1.792809116914403258e-09,1.860806162932958456e-09,1.921966726636625152e-09,1.970370619625214764e-09,2.000409108753402512e-09
2.008753884230124345e-09,2.000365514527733397e-09,1.984551280531997956e-09,1.975530306344953195e-09,1.983667868422203294e-09,2.014916228658643778e-09,2.070804616782000888e-09,2.149286955578980427e-09,2.246188980827320903e-09,2.356647592904428353e-09,2.476110933891741525e-09,2.600826481584548875e-09,2.727957918234346996e-09,2.855504266629538970e-09,2.982145201437853530e-09,3.107079656702641897e-09,3.229886152216168145e-09,3.350412430044377912e-09,3.468692658139314497e-09,3.584887239715986424e-09,3.699239881026172578e-09,3.812047287291809856e-09,3.923637857097655139e-09,4.034356685255720128e-09,4.144554952092818699e-09,4.254582359424365603e-09,4.364781697979274299e-09,4.475484933248309083e-09,4.587010408487462851e-09,4.699660913607724256e-09,4.813722475852122344e-09,4.929463810637090650e-09,5.047136437964590031e-09,5.166975533504078543e-09,5.289201649271039645e-09,5.414023515178638264e-09,5.541642225255151915e-09,5.672257227658245772e-09,5.806074682852892324e-09,5.943318933931860040e-09,6.084248058493027054e-09,6.229174737946531086e-09,6.378494877104389941e-09,6.532726141262924688e-09,6.692552366292803167e-09,6.858880915028346072e-09,7.032918151659264315e-09,7.216267585276779840e-09,7.411055510106693377e-09,7.620088469195340523e-09,7.847044814810333141e-09,8.096697799243349036e-09,8.375158248875787636e-09,8.690108917124892283e-09,9.050978901741651286e-09,9.468977862394746283e-09,9.956889600793700281e-09,1.052854641329909938e-08,1.119802333695386827e-08,1.197882123641981460e-08,1.198361933647531597e-08,1.182602948096725467e-08,1.134595733766264248e-08,1.055231395110239927e-08,9.497954239952762746e-09,1.166932950497731047e-08,8.370090369204321100e-09,4.845029489576630114e-09,8.799889704363469140e-10,7.790953517389876069e-09,2.005143054419648373e-08,3.587903392469046357e-08,5.725620332300811503e-08,9.157350179322638337e-08,9.918844059128848055e-09,1.046941817863061468e-08,1.050997925941590476e-08,1.268891678075666903e-08,1.442573356148798017e-08,1.556109833647991844e-08,1.618052733198100043e-08,1.630592406026047770e-08,1.585208118555784474e-08,1.459353525992605297e-08,1.233516108796501774e-08,1.618015662548837969e-08,3.481289393501481974e-08,1.811630300621819347e-08,1.600333922436691446e-08,6.052416765624581369e-09,1.473255669182510762e-08,3.758930299107953929e-08,6.566243112692511876e-08,1.023431120896844850e-07,3.589474808006370208e-08,6.525897818066186747e-09,7.515434210700851012e-09,6.869534788700761053e-09,1.062570638126936460e-08,1.304273245929374606e-08,1.363636227301759523e-08,1.246480419338757433e-08,9.281793973726404986e-09,3.534710725672099045e-09,5.462732858140272717e-09,2.420984118227283083e-09,6.986735891158505140e-08,1.395130135940098336e-08,2.993795386405258016e-08,3.118857673491606586e-08,2.482872657774633588e-08,1.639329454952484467e-08,1.444957264248202403e-08,3.205828260324676565e-08,6.846926714506064399e-08,3.649769212534483029e-08,4.328048632523748788e-08,3.335916646262275506e-08,2.626356080595613228e-08,2.257209211789226056e-08,2.093278852046727068e-08,2.047432002645628133e-08,2.092372356348987618e-08,2.246441875697055060e-08,2.513682137006823595e-08,2.568832809696927492e-08,3.516264992973610525e-08,1.093017959802010212e-08,3.019498398405051676e-08,5.229388063276020686e-08,7.845047242190394387e-08,1.139020337481023813e-07,1.750607498402595931e-07,3.064252157759301744e-07,8.519354694624616380e-08,8.889637800218106894e-08,9.556251418292354527e-08,7.372925355378424070e-08,5.712486031320020493e-08,4.682402378352218558e-08,4.039253929252929862e-08,3.594377233070320328e-08,3.221829001307935752e-08,2.824202104519465633e-08,2.343965507793483576e-08,2.976694541469591271e-08,4.932269746640494503e-08,1.045685569690879554e-08,7.358681561150633036e-09,1.712102996699294043e-08,5.323352073322234264e-08,1.037317740629321321e-07,1.802114900148887503e-07,3.198642364197483620e-07,3.501664486613243593e-08,6.918050882281657098e-08,6.838775771399282599e-08,4.751472460340764054e-08,3.118590523454574412e-08,2.030668024666163398e-08,1.303844562655807331e-08,7.729210017298283896e-09,2.955028140839255657e-09,3.174615114382655461e-09,1.103682786614328368e-08,5.115210833934166466e-09,8.897207080843564112e-08,1.717943196905091156e-08,3.887738558672499705e-08,4.506983561816414488e-08,4.460864355349400494e-08,4.281765691725450267e-08,4.648020916969389947e-08,6.902535646102451397e-08,3.845875974417959572e-08,2.791857109983921328e-08,3.402785255111810716e-08,3.584725100726923072e-08,3.753647814697623677e-08,3.861947308252223632e-08,5.284651313988489127e-10,5.246570259732211163e-10,5.235664337354988445e-10,5.251141538426094662e-10,5.291770712090815296e-10,5.355953617125524514e-10,5.441817109171467858e-10,5.547311309659840781e-10,5.670302387225690457e-10,5.808652244805720470e-10,5.960281216523878398e-10,6.123213117707648260e-10,6.295604206303993647e-10,6.475758814075384930e-10,6.662134761084236642e-10,6.853341490445194657e-10,7.048133404976666589e-10,7.245400344846499482e-10,7.444156628200273515e-10,7.643529640358545387e-10,7.842748613269784002e-10,8.041133986321984124e-10,8.238105526179714671e-10,8.433237871430113957e-10,8.626251363011010144e-10,8.816987379356154129e-10,9.005388039627464546e-10,9.191480053881145705e-10,9.375362668307792656e-10,9.557199793738441265e-10,9.737216518288220253e-10,9.915700284437192848e-10,1.009300705945998652e-09,1.026957284618617151e-09,1.044593087461543712e-09,1.062273477230774347e-09,1.080078793797663165e-09,1.098107922279889560e-09,1.116482484617355204e-09,1.135351621297328765e-09,1.154897293328983141e-09,1.175339980910985497e-09,1.196944576100399005e-09,1.220026145511873493e-09,1.244955047221188355e-09,1.272160574349080054e-09,1.302131786296651437e-09,1.335413351298811572e-09,1.372592880253660230e-09,1.414274157402995371e-09,1.461027676170229941e-09,1.513306051358973375e-09,1.571308151286063664e-09,1.634775200098439388e-09,1.702711643892204148e-09,1.773055685447797105e-09,1.842393045458452553e-09,1.905908259397581928e-09,1.957837481537768749e-09,1.992596806488357719e-09
2.006932431327304853e-09,2.004906968202930890e-09,1.994525419794364146e-09,1.989720537923595466e-09,2.000794790759866010e-09,2.033797163436293876e-09,2.090465619515249051e-09,2.169017678402137306e-09,2.265537257781619688e-09,2.375371895780136061e-09,2.494118028090065793e-09,2.618114813001658006e-09,2.744575590472623341e-09,2.871522096506843439e-09,2.997641627150057584e-09,3.122133589336655245e-09,3.244574510398440209e-09,3.364810077919762800e-09,3.482873338993937836e-09,3.598924731861108810e-09,3.713209008159007572e-09,3.826024647749442787e-09,3.937702253795626242e-09,4.048589287315087864e-09,4.159039230706722254e-09,4.269403834144638981e-09,4.380027514482058807e-09,4.491243275139620335e-09,4.603369724584915715e-09,4.716708918584494298e-09,4.831544853794618621e-09,4.948142516392525031e-09,5.066747446667729080e-09,5.187585830599378077e-09,5.310865177319901643e-09,5.436775693531423405e-09,5.565492525670089045e-09,5.697179114068450136e-09,5.831991990120124630e-09,5.970087453070421251e-09,6.111630685593954111e-09,6.256808003651713108e-09,6.405843915795459937e-09,6.559024294830370656e-09,6.716721026598120243e-09,6.879423777589376178e-09,7.047782645593518562e-09,7.222665029171308777e-09,7.405230969312239497e-09,7.597032440341307841e-09,7.800143860442285762e-09,8.017334086823349222e-09,8.252295842405759900e-09,8.509960275061097144e-09,8.796949662630090696e-09,9.122276193508613378e-09,9.498512801316866338e-09,9.943912534186765719e-09,1.048648339731159581e-08,1.117218365274485546e-08,1.117698925731831385e-08,1.108460652045909480e-08,1.083403270194874498e-08,1.055980361078661405e-08,1.060611440013387510e-08,1.186158905320047541e-08,1.107567573913094875e-08,1.587502527035004314e-08,1.021703511470040838e-08,9.306825787490069394e-10,1.225448631015920191e-08,2.720728469711974036e-08,4.575408740458918350e-08,8.773524353746201170e-08,4.465787344614119628e-09,4.633346711653024870e-09,6.768141929410062928e-09,9.352636457228557853e-09,1.151016381730135049e-08,1.305922344728122667e-08,1.403554465528862592e-08,1.451082049870303777e-08,1.456555017635238372e-08,1.435554031740195144e-08,1.436564804074168392e-08,1.606495974043660908e-08,1.756903832240295008e-08,3.637527405238480669e-08,3.043396207386292823e-08,1.709650531415024485e-08,5.509682792361079694e-09,2.789778224488362021e-08,5.650346980362753175e-08,1.085140104536264018e-07,4.297411604845566998e-09,6.186193335992135093e-09,5.338853761693779094e-09,4.416369623998557667e-09,6.799109490230419957e-09,9.008707354039245342e-09,9.926969486747534620e-09,9.431144436776337456e-09,7.543638222434966347e-09,4.487247662304981901e-09,1.534451013451890211e-09,1.179445206561400949e-09,1.152600518228052084e-08,4.070360024165997217e-08,4.604367807275445421e-08,4.158463756940668047e-08,2.949464806712217038e-08,1.301754458095202557e-08,7.019244545287503301e-09,1.511508443273097481e-08,2.090734332327865092e-08,2.822806282402927904e-08,3.182945556049821449e-08,2.944969716772125365e-08,2.621259679662710658e-08,2.384479469304472313e-08,2.248679373456329873e-08,2.193891038557226613e-08,2.207470170447579820e-08,2.289595042862518671e-08,2.440494748659777881e-08,2.663324604614723839e-08,1.909202843062510052e-08,8.653678421029992721e-09,2.211604555302898132e-08,4.223537290633379020e-08,6.290202699422526856e-08,8.492649573618510501e-08,1.181350092199664079e-07,2.393934702594657952e-07,4.563932862563640318e-08,5.469739089597153502e-08,6.141352159170638567e-08,5.711288660403077523e-08,5.035567493497734047e-08,4.446546094540261815e-08,3.990771347272116702e-08,3.632686004803480170e-08,3.329406076500061160e-08,3.059230205965258372e-08,2.861418648170165202e-08,2.930462120568949885e-08,3.389423600723307382e-08,4.731706884630213777e-08,3.191222803879638013e-08,6.857379916118330699e-09,3.239399251804470487e-08,7.444920947773993387e-08,1.302879598855833939e-07,2.760741280529811189e-07,3.375473171234387302e-08,3.591982755103062782e-08,3.782600006607553544e-08,3.172464549694960177e-08,2.396154165423136639e-08,1.721077601260040501e-08,1.189999441570823814e-08,7.649585139241821254e-09,3.833666643122723839e-09,2.651892419611552424e-10,4.313932454600296080e-09,7.280247573668620971e-09,9.363189585551710772e-09,3.980920072152535590e-08,4.711721720698222566e-08,4.672383527288776325e-08,4.090206862320252531e-08,3.265486562486422245e-08,2.687432404927448438e-08,4.168987749139600848e-08,1.575717907527368809e-08,2.220017983686824856e-08,2.809708012712585703e-08,3.189734260265735845e-08,3.439268539735710298e-08,3.568838882241605846e-08,5.141222039551232126e-10,5.105391176359132450e-10,5.096443552971578858e-10,5.113682872709270482e-10,5.155945134561105314e-10,5.221676348380054430e-10,5.309029641322217466e-10,5.415968356917196909e-10,5.540363431059833909e-10,5.680076881150958183e-10,5.833027285076057056e-10,5.997236604640505378e-10,6.170860089401677016e-10,6.352202246967762399e-10,6.539722217566033661e-10,6.732031668503838474e-10,6.927887813526048972e-10,7.126183575949704049e-10,7.325936359463944108e-10,7.526276428133988906e-10,7.726435542170172477e-10,7.925736232204043556e-10,8.123599339600390603e-10,8.319597307954617787e-10,8.513444331067945979e-10,8.704971630477008590e-10,8.894107199986476988e-10,9.080859796650774598e-10,9.265307123392633224e-10,9.447588286473614977e-10,9.627900719271592318e-10,9.806501840126745500e-10,9.983715754849631948e-10,1.015994532781554911e-09,1.033568993438574739e-09,1.051156916019291579e-09,1.068835263804831034e-09,1.086699609498803306e-09,1.104868351203160280e-09,1.123487505701032225e-09,1.142736011208974029e-09,1.162831422981243014e-09,1.184035813152796760e-09,1.206661576542912217e-09,1.231076669831213699e-09,1.257708527257678989e-09,1.287045426380802056e-09,1.319633302488797389e-09,1.356064755181410381e-09,1.396955030699966325e-09,1.442896886328265463e-09,1.494382462570342325e-09,1.551676380356863672e-09,1.614622923594767848e-09,1.682377832563801213e-09,1.753083926429473687e-09,1.823574188989943808e-09,1.889285319062145552e-09,1.944642287662795062e-09,1.984102834441641214e-09
2.004484863792041836e-09,2.008852409768845545e-09,2.003879459850614475e-09,2.003206853279133354e-09,2.017092984647297704e-09,2.051707424021190716e-09,2.109015460781089553e-09,2.187508485593199548e-09,2.283531979088669480e-09,2.392643536255281581e-09,2.510585820481870451e-09,2.633787493713726670e-09,2.759509731431404569e-09,2.885795511571608585e-09,3.011338498322666731e-09,3.135337433850373941e-09,3.257365790779237177e-09,3.377266216626631293e-09,3.495069744304105782e-09,3.610936059165857182e-09,3.725110280530753593e-09,3.837892091974753788e-09,3.949613828013667489e-09,4.060624928005846033e-09,4.171280860458571352e-09,4.281935165600688294e-09,4.392933671142391081e-09,4.504610230180695754e-09,4.617283536758953802e-09,4.731254718348127047e-09,4.846805502303967200e-09,4.964196821368900555e-09,5.083667769974665810e-09,5.205434857617071763e-09,5.329691533497842427e-09,5.456607980838366510e-09,5.586331203597079320e-09,5.718985453675125529e-09,5.854673071451601715e-09,5.993475835764032841e-09,6.135456936117136702e-09,6.280663679655432908e-09,6.429131804565533086e-09,6.580891741207739017e-09,6.735971468556623999e-09,6.894400085349653340e-09,7.056214319529537499e-09,7.221469914108846497e-09,7.390261285777241560e-09,7.562755555382385124e-09,7.739252088969223905e-09,7.920288087617253437e-09,8.106828215481370958e-09,8.300608397542856938e-09,8.504762494109755503e-09,8.724966042592791479e-09,8.971519089817950712e-09,9.263122489798557829e-09,9.633693523435631827e-09,1.014464903769826156e-08,1.014944608045476803e-08,1.009006584457710151e-08,9.945483402063159795e-09,9.859347207291614278e-09,1.012113414823490313e-08,1.123863397789546066e-08,1.392785138438812861e-08,1.440033715251872593e-08,9.104099647665270641e-09,7.911726750019436608e-10,1.238513945255005258e-08,2.661444732017664039e-08,4.223376351543708472e-08,4.387914340145575326e-08,1.435987815205764577e-08,3.332231230068736723e-09,2.365219671384123599e-09,6.120171498491232937e-09,8.788490112944403560e-09,1.065252530340520353e-08,1.187513908761138889e-08,1.260083491737754112e-08,1.300561680232620003e-08,1.336681794166659925e-08,1.418190297124605350e-08,1.629207331211655794e-08,2.064243052211195430e-08,3.261048787671291414e-08,2.798870459327851413e-08,1.547203507921162849e-08,5.811487989073933356e-09,2.716334804552486922e-08,5.178247100849183086e-08,5.963927462418674165e-08,2.406584320901256444e-08,1.195475990778476027e-08,6.201038348374168455e-09,3.102694445420157309e-09,4.201298508590364853e-09,6.205772398501243551e-09,7.354894719687556055e-09,7.486717805154195995e-09,6.747820678612837654e-09,5.531019592223764883e-09,4.615218460601287800e-09,5.109465723876579146e-09,6.959999497447033392e-09,3.651151087570820109e-08,4.319267515306927010e-08,3.937570460080518735e-08,2.816893307668673417e-08,1.282875871248217970e-08,6.258674834291618229e-09,1.917777898505637717e-08,1.917423071059138526e-08,2.275267708930210619e-08,2.528202747525170386e-08,2.538983324651141705e-08,2.439136663344684382e-08,2.327981887778646916e-08,2.243711881667449786e-08,2.193210236973357422e-08,2.173385796841536794e-08,2.179083811474949329e-08,2.206355439601797087e-08,2.275015827356098927e-08,2.525174147887284635e-08,7.817295405863525673e-09,2.191457626221674241e-08,4.161388704737763480e-08,6.187788997182272567e-08,8.333449392326162303e-08,1.089785029006886126e-07,9.527930195092392950e-08,1.429132022949787595e-08,2.105247658366752252e-08,3.603385432110174318e-08,4.086893002377641772e-08,4.088977877047546870e-08,3.915772857722790483e-08,3.698940338628796009e-08,3.482989575801635345e-08,3.281266110275142795e-08,3.108734298212683639e-08,3.008048635006033195e-08,3.069763752313222817e-08,3.395068798330775055e-08,4.262746135306147731e-08,2.883572726096232440e-08,5.789230656345657830e-09,3.267843416142537111e-08,7.297252359613221069e-08,1.192654594310065216e-07,1.199007649813284596e-07,3.083107442790939530e-08,3.531026522552661755e-09,1.395399415748089014e-08,1.646125781067503092e-08,1.488038122983759814e-08,1.208611208549363847e-08,9.313865456880376678e-09,6.916962857841119387e-09,4.850935173706016876e-09,2.990060787315091172e-09,1.375307469773956126e-09,3.392231572255277690e-10,2.222850742997850625e-09,3.529352083777676057e-08,4.470461590374142784e-08,4.488731291578127500e-08,3.966397881655572569e-08,3.203918056519075873e-08,2.540551897682378710e-08,1.418402568971016905e-08,6.237076518978253211e-09,1.625004939748946627e-08,2.334536157172926727e-08,2.815982307359062466e-08,3.122812489401936693e-08,3.274993643700443261e-08,4.991927429877090758e-10,4.959029214531956503e-10,4.952824706499720673e-10,4.972694793296167871e-10,5.017519061167762933e-10,5.085762426880243333e-10,5.175579999774163179e-10,5.284926988483117124e-10,5.411661630133549268e-10,5.553632723210416273e-10,5.708747644082361721e-10,5.875020426054367190e-10,6.050601977195179955e-10,6.233795766880644314e-10,6.423062606504893689e-10,6.617017844127193327e-10,6.814423708306656142e-10,7.014178885933386844e-10,7.215306826906605607e-10,7.416943777103326525e-10,7.618327174456694357e-10,7.818784772567730037e-10,8.017741533390583611e-10,8.214770554247605042e-10,8.409582538138424832e-10,8.602001047700468291e-10,8.791942319605432298e-10,8.979399417654406673e-10,9.164430665501800978e-10,9.347152438279542122e-10,9.527736495501867663e-10,9.706412111105922153e-10,9.883473292494354417e-10,1.005929139215423278e-09,1.023433339518104470e-09,1.040918611650291467e-09,1.058458646511800726e-09,1.076145781245575049e-09,1.094095234034976094e-09,1.112449901587782066e-09,1.131385652376479164e-09,1.151117004397524912e-09,1.171903010566441728e-09,1.194053075879043157e-09,1.217932272794464813e-09,1.243965463633884292e-09,1.272639110757956377e-09,1.304498944597089162e-09,1.340140499758629359e-09,1.380187699712333527e-09,1.425251948569499922e-09,1.475860529339501443e-09,1.532339126674877408e-09,1.594631306088257245e-09,1.662043630223861771e-09,1.732930054175700321e-09,1.804388187202342833e-09,1.872135581127366801e-09,1.930817935998997773e-09,1.974951923278641987e-09
2.001425601299787803e-09,2.012205268011547396e-09,2.012607936413689453e-09,2.015977321969177021e-09,2.032546865849911091e-09,2.068630594569354453e-09,2.126439047820432498e-09,2.204746664802300725e-09,2.300162812379761350e-09,2.408453838172904474e-09,2.525506225181590065e-09,2.647835915487679146e-09,2.772750232949814113e-09,2.898312145670259523e-09,3.023220666194619818e-09,3.146672937720268434e-09,3.268238468452368530e-09,3.387755978513042113e-09,3.505253644896885394e-09,3.620889630023146271e-09,3.734908741287878080e-09,3.847611286374323726e-09,3.959330853780206794e-09,4.070418483982287292e-09,4.181231350510355198e-09,4.292124594973592009e-09,4.403445357125842818e-09,4.515528329932254139e-09,4.628692373278872479e-09,4.743237859319156976e-09,4.859444515533687703e-09,4.977569591261413460e-09,5.097846209087784394e-09,5.220481781327404664e-09,5.345656378516407244e-09,5.473520932970236569e-09,5.604195147876565586e-09,5.737764957989323296e-09,5.874279351125296407e-09,6.013746295698321153e-09,6.156127433808005614e-09,6.301331056906569462e-09,6.449203415496265803e-09,6.599517662127594039e-09,6.751954230782486864e-09,6.906075085772341148e-09,7.061292180993081110e-09,7.216830022094235477e-09,7.371683649202520806e-09,7.524576465109230807e-09,7.673928630457210526e-09,7.817858916918866654e-09,7.954265589537055214e-09,8.081072830981478836e-09,8.196800803225436851e-09,8.301738227761082737e-09,8.400191431720998981e-09,8.504580385705534159e-09,8.642561220248237357e-09,8.868812501502316820e-09,8.873583407725342620e-09,8.806628455103602366e-09,8.630834041127088871e-09,8.448061668125464056e-09,8.409383525150063442e-09,8.631471657301922260e-09,8.892989554043040229e-09,7.696641208099078382e-09,3.721257908992309165e-09,2.836110161269809849e-09,1.091315616569821960e-08,1.944003756168002047e-08,2.606747889022368126e-08,2.515526449169222727e-08,1.412934207359040790e-08,5.824179094421931285e-09,4.435481208355624689e-10,3.773435623071747281e-09,6.557217923546626279e-09,8.499081314116912467e-09,9.775342508315803702e-09,1.054656624832428588e-08,1.100725867413267785e-08,1.142756134897510978e-08,1.217831663233766645e-08,1.368273864324913524e-08,1.616751143101416034e-08,1.922731607956511895e-08,1.629279940048580115e-08,8.355383411718269861e-09,5.645967484448984760e-09,1.868958168068720669e-08,3.049838929193320187e-08,3.288907056811265415e-08,2.125639391302151034e-08,1.253168019889127353e-08,6.752918717556575853e-09,3.020047606055937939e-09,2.689423166210241688e-09,4.372007006389700526e-09,5.618692242684824174e-09,6.169400942747032347e-09,6.190801878182593891e-09,6.075281627274914432e-09,6.476071435848328555e-09,8.336308606163963085e-09,1.297792448718605205e-08,2.415661294844933816e-08,2.901670444879910278e-08,2.746625654380377280e-08,2.082232073743890335e-08,1.113817359768311934e-08,3.056663221669556473e-09,9.518543791326299141e-09,1.389735108698185109e-08,1.762230263294008669e-08,2.028213461974888001e-08,2.153669224279415991e-08,2.180814737096711836e-08,2.160234186649764856e-08,2.123057033044945835e-08,2.081376793683714599e-08,2.033640204603230001e-08,1.966301513025133698e-08,1.849931064499752235e-08,1.624775804269833523e-08,1.139553927058552391e-08,5.694552957113747122e-09,1.967747583808758184e-08,3.543193723192341685e-08,5.053656258158929621e-08,6.340067645213184297e-08,7.022682046770842545e-08,5.739443479975862597e-08,2.257830156118483987e-08,5.379295238671034792e-09,1.970944282357909789e-08,2.797443462754253934e-08,3.168700964746602654e-08,3.285103123313627714e-08,3.270078496279887255e-08,3.190405442159850286e-08,3.082312816561370684e-08,2.970842019883833932e-08,2.880767194390203388e-08,2.832332260793603880e-08,2.800916350055335443e-08,2.625025087533595804e-08,1.543182370504860475e-08,5.174780695515187613e-09,2.770792309176976730e-08,5.264622243393318391e-08,7.229706729383819802e-08,6.886467988361537561e-08,3.650336179791535155e-08,1.394270104993026802e-08,2.346300069831865362e-09,4.859525106549695664e-09,6.513605803803789751e-09,6.521177861020433573e-09,6.028512073695182284e-09,5.615631395496272472e-09,5.507645664897069495e-09,5.792229083791538262e-09,6.626542672281920671e-09,8.509161908564334201e-09,1.302191129031714014e-08,2.676339725301568337e-08,3.358582964933119791e-08,3.440597752666007907e-08,3.103466049784592799e-08,2.518799097359210416e-08,1.801729678473036876e-08,8.540017508308914765e-09,4.062508069364915283e-09,1.304724179749856806e-08,2.008953073717534384e-08,2.516249341884597589e-08,2.846805878737335208e-08,3.011133578202151586e-08,4.837468960900754982e-10,4.808103694704179938e-10,4.805381176713134649e-10,4.828725195033096459e-10,4.877026005430812775e-10,4.948736214924666395e-10,5.041984826527479869e-10,5.154695186301650326e-10,5.284694069889925641e-10,5.429803230672400977e-10,5.587909465987292572e-10,5.757013219281860020e-10,5.935258311791490146e-10,6.120946597050704891e-10,6.312541511105539198e-10,6.508664063220272061e-10,6.708084123644979859e-10,6.909709144311050711e-10,7.112571807433139419e-10,7.315817585380049547e-10,7.518692815698980278e-10,7.720533624180205833e-10,7.920772112725001180e-10,8.118984816980057659e-10,8.314881513001933196e-10,8.508280490990103160e-10,8.699088474923463381e-10,8.887284965037922336e-10,9.072910938561898427e-10,9.256061985458177241e-10,9.436886052737977808e-10,9.615586041062168999e-10,9.792427529695931533e-10,9.967751911177600856e-10,1.014199519067969907e-09,1.031571265394885618e-09,1.048960952306474187e-09,1.066457760440980123e-09,1.084173777162252348e-09,1.102248790968430574e-09,1.120855565555541724e-09,1.140205485440931089e-09,1.160554406435167428e-09,1.182208454004707375e-09,1.205529371207202232e-09,1.230938785504546007e-09,1.258920377393554168e-09,1.290018288499759367e-09,1.324829047951865825e-09,1.363982611168012033e-09,1.408105570152666237e-09,1.457756118599981534e-09,1.513316402989136663e-09,1.574825409602174778e-09,1.641739644180444472e-09,1.712629828079094481e-09,1.784874172432335371e-09,1.854498229410556401e-09,1.916399371233432178e-09,1.965170744941530798e-09
1.997770344833623379e-09,2.014969982781639278e-09,2.020706668462840339e-09,2.028021992095414513e-09,2.047143649487503657e-09,2.084553716284084483e-09,2.142725085276940925e-09,2.220723330948716095e-09,2.315423082336532447e-09,2.422797543784425904e-09,2.538874362741560196e-09,2.660254531799185979e-09,2.784289968926507933e-09,2.909062576889245236e-09,3.033275903963578624e-09,3.156124743607905072e-09,3.277173871015406635e-09,3.396257285533618988e-09,3.513399518297063646e-09,3.628756458846722598e-09,3.742571923750218215e-09,3.855146258479909789e-09,3.966813824855104276e-09,4.077926897238634587e-09,4.188844106134093745e-09,4.299922072265908356e-09,4.411509260567242219e-09,4.523941367034122919e-09,4.637537751137746194e-09,4.752598562779201647e-09,4.869402299987271000e-09,4.988203586281178222e-09,5.109230981501480016e-09,5.232684643950334355e-09,5.358733648184138882e-09,5.487512732555987853e-09,5.619118202150277689e-09,5.753602642389713042e-09,5.890968000178995432e-09,6.031156446848339907e-09,6.174038247036797688e-09,6.319395581808437751e-09,6.466901578495906555e-09,6.616092766447778516e-09,6.766327826379018308e-09,6.916733217439539995e-09,7.066133735072461095e-09,7.212965004407064675e-09,7.355165490896179383e-09,7.490047633682892006e-09,7.614152615866586651e-09,7.723103652886620313e-09,7.811492955128655857e-09,7.872875064546274941e-09,7.900005538218250359e-09,7.885575071419742341e-09,7.823863361734148983e-09,7.713982282266372405e-09,7.565652715970283297e-09,7.408567205810071670e-09,7.413289458706913446e-09,7.306914191199600280e-09,7.005380795972663880e-09,6.582800599481228964e-09,6.129487675326398210e-09,5.670569503283781340e-09,5.002337372045863725e-09,3.516507764805148673e-09,7.659448563253937296e-10,3.622607523931375501e-09,8.629193600392210549e-09,1.345082096743731884e-08,1.647580932672140317e-08,1.561120462784701117e-08,1.065547878762931596e-08,5.413407614147811286e-09,1.155764006382158732e-09,2.453976407415049183e-09,4.943572286671240533e-09,6.705425925449658708e-09,7.823910339601917663e-09,8.415254033598673070e-09,8.642690318246972921e-09,8.734596881023764393e-09,8.972418540621210603e-09,9.600811290606501043e-09,1.058991795114431870e-08,1.120831824882722486e-08,9.301038868191025174e-09,4.779466121569647510e-09,4.206777456093786052e-09,1.150579645851168956e-08,1.760684414890481871e-08,1.900133233247742456e-08,1.487088158221425191e-08,9.997037496067272838e-09,5.861354441811634893e-09,2.784931095098569981e-09,1.955936582871785628e-09,3.269360430539688223e-09,4.463422267126302855e-09,5.181561224097833005e-09,5.549539704493503742e-09,5.886265292030592839e-09,6.681659854917393337e-09,8.550627879361134435e-09,1.206474187846989118e-08,1.725355567512596678e-08,2.019419533293240914e-08,1.967057009573137567e-08,1.589779402786069869e-08,9.896387053878072392e-09,3.365013003188925056e-09,4.305876749626564578e-09,9.029635750171664115e-09,1.298666548464883974e-08,1.597491016458759754e-08,1.789173773260740989e-08,1.890695340450966978e-08,1.929572726012642723e-08,1.928402460843539307e-08,1.898646412432928048e-08,1.838541677601609273e-08,1.730577160818438263e-08,1.536595462405288574e-08,1.190016088846992516e-08,5.940235368682049000e-09,5.211533836566479402e-09,1.684809300795067104e-08,2.896812377524351144e-08,3.975465896320586960e-08,4.729060538734174743e-08,4.864881312145432485e-08,3.959631557038578993e-08,2.130221956732865705e-08,4.449211673272070882e-09,1.002970350919619131e-08,1.867626922095639026e-08,2.388214031423104862e-08,2.665145286166610982e-08,2.785129567411103586e-08,2.808124676963663266e-08,2.772404805057758075e-08,2.701244599539645915e-08,2.605119203489069112e-08,2.474153678573474959e-08,2.255009484449382069e-08,1.815089746832882959e-08,9.219115762639995769e-09,4.966328157167836800e-09,2.048210007636413606e-08,3.574681294382718272e-08,4.575695306981715947e-08,4.423076176042210858e-08,3.116345657959263620e-08,1.822450960653426883e-08,9.023597787617884881e-09,3.539143743234946165e-09,7.512242663262202188e-10,1.268111446162509090e-09,2.453193369098720758e-09,3.807883674136062603e-09,5.575322157893565795e-09,7.836988656135937924e-09,1.060061876893502134e-08,1.396243912414967751e-08,1.832423136073711137e-08,2.420470126858294556e-08,2.723955763942178918e-08,2.684301187681513299e-08,2.373897096985866580e-08,1.877486939656790763e-08,1.245963518150508018e-08,4.799987068502643097e-09,3.935948069751385206e-09,1.166987756049511487e-08,1.811191189008131072e-08,2.301803328313838353e-08,2.631904601414105663e-08,2.798445976721593584e-08,4.678512516120262019e-10,4.653225355942299810e-10,4.654697229176561584e-10,4.682349472270821075e-10,4.735041452048984554e-10,4.811176008206193635e-10,4.908823807855306401e-10,5.025850209802170528e-10,5.160030727466795936e-10,5.309146175666506191e-10,5.471053942636677512e-10,5.643736091032013226e-10,5.825327588463631954e-10,6.014129041408307726e-10,6.208608299130105232e-10,6.407394700331996370e-10,6.609268919551164577e-10,6.813150568018684932e-10,7.018085015034056402e-10,7.223230371029590756e-10,7.427845180370896187e-10,7.631277112804756547e-10,7.832968405171095402e-10,8.032501752751007775e-10,8.229588478508025458e-10,8.424043877792687472e-10,8.615767287100690636e-10,8.804726647182379250e-10,8.990947495898300945e-10,9.174506461095048517e-10,9.355529422123216455e-10,9.534194571576670792e-10,9.710740637764028511e-10,9.885480527240083919e-10,1.005882061697665081e-09,1.023128586492087585e-09,1.040355082606650751e-09,1.057647653819802649e-09,1.075115308728688021e-09,1.092894745390470277e-09,1.111155596429595820e-09,1.130106029339742196e-09,1.149998542274483919e-09,1.171135715233876622e-09,1.193875549216529725e-09,1.218635818723709773e-09,1.245896517293631316e-09,1.276198897859002898e-09,1.310138655947010227e-09,1.348349278369407499e-09,1.391469260708035136e-09,1.440083661626213740e-09,1.494626635191734303e-09,1.555228734437548890e-09,1.621495225436752359e-09,1.692218404200533249e-09,1.765071610343150627e-09,1.836413728769565881e-09,1.901423381991615993e-09,1.954787766983085178e-09
1.993535996013109069e-09,2.017151971693554796e-09,2.028172754544044818e-09,2.039332905344241804e-09,2.060873365185661656e-09,2.099467277089885827e-09,2.157866020975159261e-09,2.235433327018914019e-09,2.329309640298659912e-09,2.435672672485894699e-09,2.550688428425775458e-09,2.671040753638208902e-09,2.794124732998136854e-09,2.918040316905544383e-09,3.041494952180495177e-09,3.163680489583700976e-09,3.284156327478559466e-09,3.402751036872203189e-09,3.519484762421013348e-09,3.634510391297533267e-09,3.748070072049412310e-09,3.860463594901234752e-09,3.972025608943925763e-09,4.083109260185166849e-09,4.194074412426840149e-09,4.305279096693754095e-09,4.417073210161457341e-09,4.529793763369455010e-09,4.643761170547722336e-09,4.759276210667731624e-09,4.876617369819712396e-09,4.996038321670257164e-09,5.117765318992455174e-09,5.241994259947807761e-09,5.368887162803397215e-09,5.498567728784560647e-09,5.631115593778565060e-09,5.766558759160144754e-09,5.904863538499997572e-09,6.045921148153332206e-09,6.189529782002846296e-09,6.335370618557170864e-09,6.482976287884400486e-09,6.631688978245863303e-09,6.780600115019251936e-09,6.928470298515846338e-09,7.073625008796982024e-09,7.213819538357349824e-09,7.346065579683126757e-09,7.466411421586537983e-09,7.569668699406626516e-09,7.649082845600908225e-09,7.695955053794803184e-09,7.699246543988367289e-09,7.645241253033951191e-09,7.517426996893007915e-09,7.296901032534401303e-09,6.963839479756617794e-09,6.500894963952695838e-09,5.899708118430646461e-09,5.904346654181791686e-09,5.735789642295915218e-09,5.246614133772064707e-09,4.511232152349998826e-09,3.637233527826722393e-09,2.722240935165542858e-09,1.773001904898422930e-09,6.738594980947823299e-10,1.207801928845588413e-09,3.485964318453018024e-09,6.229240351916122112e-09,8.766278073847720298e-09,1.016612375308817831e-08,9.580496234290643028e-09,7.077713330179636851e-09,3.918800215507802020e-09,1.026422581508798089e-09,1.926222133293482236e-09,3.911213465438757492e-09,5.321440485034438185e-09,6.120011562178791836e-09,6.344623285280654120e-09,6.101464195159003463e-09,5.580802548467674786e-09,5.054836558914695474e-09,4.820887583952354849e-09,5.031718656834162556e-09,5.385653039816573325e-09,4.943064451441563079e-09,3.217904360036116988e-09,2.466174450878960202e-09,5.748521679830409730e-09,8.907202154833852292e-09,1.000096695121083020e-08,8.748186624145249788e-09,6.491281902338077835e-09,4.093393456355379534e-09,2.067518397785693974e-09,1.572136374477581877e-09,2.667783911838954344e-09,3.707794220039123425e-09,4.380113809860426402e-09,4.749361807234905843e-09,5.040413420161258761e-09,5.604058575118838704e-09,6.854216168114571282e-09,9.074770042388797371e-09,1.198795358612213408e-08,1.410696293906841029e-08,1.442218421776774445e-08,1.268539411468975061e-08,9.279781019795125949e-09,4.925651625272770195e-09,1.361277646656086550e-09,4.873151452066828548e-09,8.903818977723916979e-09,1.217788898228051009e-08,1.450345369520536167e-08,1.594048167747212859e-08,1.667627949195064391e-08,1.690687023866919025e-08,1.675858087391623097e-08,1.623831527704053584e-08,1.518940551084819558e-08,1.324805012641660512e-08,9.832568605590032876e-09,4.266447257317461629e-09,3.870529750919977244e-09,1.338293197321529251e-08,2.288343488547411138e-08,3.083424304949650731e-08,3.569857065344868524e-08,3.578638514674745286e-08,2.971768640027393685e-08,1.856895772297119650e-08,6.500127622323294035e-09,4.421846964235376174e-09,1.223510232746159353e-08,1.764995370522253981e-08,2.104079467992915927e-08,2.294189814265500113e-08,2.380509135018285547e-08,2.395119582764944842e-08,2.356454786117722033e-08,2.267982229210142756e-08,2.113594740133169254e-08,1.850225952098129811e-08,1.405354629480579605e-08,7.036183396536830359e-09,2.766496920939145961e-09,1.312845520531989433e-08,2.282122375293050307e-08,2.907184556728267175e-08,2.951036305694282960e-08,2.456788031552523902e-08,1.819736968895005930e-08,1.272176854172247263e-08,8.742192635542043424e-09,5.934964440316760829e-09,3.672679007374816298e-09,1.354880329058608286e-09,1.450331291541202972e-09,4.948148134724814572e-09,9.098320105146497018e-09,1.360421867236996806e-08,1.795026980320811933e-08,2.152105274486062169e-08,2.367772468483618648e-08,2.334764192143707547e-08,2.099612101625035727e-08,1.743361537332632266e-08,1.306598591583575721e-08,7.926841948790199240e-09,1.933426399119010980e-09,4.755647962718475961e-09,1.126364790123364830e-08,1.702787417363349384e-08,2.163530230058254385e-08,2.483171294364632704e-08,2.647041742800529367e-08,4.515652476670812273e-10,4.494975657340233335e-10,4.501358826759281530e-10,4.534168757860238878e-10,4.592185306314731529e-10,4.673718416888078562e-10,4.776744469266758202e-10,4.899042861081863725e-10,5.038317688210987086e-10,5.192295594227023572e-10,5.358796958782593258e-10,5.535782122971282825e-10,5.721376867997123451e-10,5.913882201915448307e-10,6.111773239622651411e-10,6.313691153126789756e-10,6.518431206083255144e-10,6.724929000796759134e-10,6.932246336449500261e-10,7.139557541444693176e-10,7.346136752742174481e-10,7.551346367893204218e-10,7.754641717207122707e-10,7.955614305220053039e-10,8.153979378471154469e-10,8.349551403699089052e-10,8.542224334395237370e-10,8.731956432434840176e-10,8.918759579325055064e-10,9.102693143861103380e-10,9.283862568750267514e-10,9.462422898783983472e-10,9.638587494853625856e-10,9.812642172412184076e-10,9.984964966869021120e-10,1.015605166334536639e-09,1.032654714034664674e-09,1.049728245418071756e-09,1.066931743611195157e-09,1.084398837317167794e-09,1.102296007990562417e-09,1.120828131741355696e-09,1.140244202089531514e-09,1.160843006951159772e-09,1.182978420301932686e-09,1.207063785071037623e-09,1.233574559294165705e-09,1.263047887092910760e-09,1.296076913018185210e-09,1.333296303373763038e-09,1.375353361717281429e-09,1.422856183006571910e-09,1.476286677901059773e-09,1.535863202918265382e-09,1.601338399202255934e-09,1.671730196345590539e-09,1.745020094611661395e-09,1.817923586116509169e-09,1.885928380530715091e-09,1.943833093050244028e-09
1.988740572565943373e-09,2.018757596377502121e-09,2.035004564888264103e-09,2.049904099142258153e-09,2.073728850594522912e-09,2.113365176421091149e-09,2.171857971369253821e-09,2.248875114656989756e-09,2.341822734744829637e-09,2.447080388165557080e-09,2.560949571708558388e-09,2.680194854284698711e-09,2.802253179923228971e-09,2.925241797884468086e-09,3.047871556378645943e-09,3.169330898316293852e-09,3.289173305393998394e-09,3.407221286728802913e-09,3.523489903882992351e-09,3.638128330986848322e-09,3.751376372351674157e-09,3.863532661235498941e-09,3.974931637678089038e-09,4.085926952907580419e-09,4.196879489949998680e-09,4.308148652838733978e-09,4.420085941161253523e-09,4.533030098158243944e-09,4.647303313270532276e-09,4.763208090020795017e-09,4.881024469751791246e-09,5.001007343268185245e-09,5.123383591968898938e-09,5.248348781422327882e-09,5.376063087231346311e-09,5.506646061509082284e-09,5.640169745961422075e-09,5.776649495789552401e-09,5.916031684569561938e-09,6.058177196543649590e-09,6.202839253384178925e-09,6.349633632931809293e-09,6.497999223969052397e-09,6.647145205142440281e-09,6.795975989171690349e-09,6.942990893960785891e-09,7.086151595028073839e-09,7.222707174559452808e-09,7.348963509659670544e-09,7.459979900137858426e-09,7.549171218765641338e-09,7.607788763146969459e-09,7.624248435423011241e-09,7.583273723792730685e-09,7.464830209506596342e-09,7.242864127434111322e-09,6.883955277605623914e-09,6.346228360056063043e-09,5.579386090537664769e-09,4.527854850156222290e-09,4.532349719894453369e-09,4.283043814343103475e-09,3.553577854762849081e-09,2.434805532011360314e-09,1.113280636880762773e-09,4.948865109754728980e-10,1.399588121916147369e-09,1.947380854273615206e-09,2.230923218128545903e-09,2.803619594015674342e-09,3.825446418826846170e-09,4.909455236775565614e-09,5.476559692319718449e-09,5.119128581290978471e-09,3.905137030299482627e-09,2.162760891923306717e-09,6.403088796528518486e-10,1.881588380003597960e-09,3.360129460797956870e-09,4.372974327965983658e-09,4.781179291577214398e-09,4.527713011948056912e-09,3.644490839078262422e-09,2.294254156997911268e-09,8.701774828224863828e-10,6.672322157680814772e-10,8.082247402000394120e-10,5.456875830263846952e-10,2.030025305578407637e-09,2.870285209396172612e-09,2.488109955427940555e-09,1.956050403897543737e-09,2.542108824298817669e-09,3.220817166724392957e-09,3.415588375103230164e-09,2.993317825828228535e-09,2.101632031873574485e-09,1.187101807395642690e-09,1.403513944856768861e-09,2.396595102136788949e-09,3.247962288137908170e-09,3.740070706303743380e-09,3.868819797891814635e-09,3.770783537265183867e-09,3.706833707188728557e-09,4.036191206862292292e-09,5.142067425927445050e-09,7.123575526489868650e-09,9.329302624990470509e-09,1.071557315403567877e-08,1.071036961635736920e-08,9.384775225139898636e-09,7.000516631687561998e-09,3.703233342910487336e-09,1.404491413769908575e-09,5.348038718172331777e-09,8.915604951737821298e-09,1.148875736660660942e-08,1.309805357702646447e-08,1.394996730025102650e-08,1.428328750294277964e-08,1.428489467269156982e-08,1.403591788716950496e-08,1.345665718638870091e-08,1.224010661441375451e-08,9.820899681200123772e-09,5.527015932505682351e-09,1.670256898476308314e-09,9.497569809767188458e-09,1.752513391048582561e-08,2.392341140636149602e-08,2.767256007200714541e-08,2.790143104394096365e-08,2.398551731867539946e-08,1.630862144120063124e-08,7.313851329498205211e-09,1.208515603890736783e-09,7.857812377297911993e-09,1.280308184829269361e-08,1.614464810823052846e-08,1.822122783372322514e-08,1.936336250084815211e-08,1.982283279109551770e-08,1.974211011702023642e-08,1.913178775695543738e-08,1.785117504062466468e-08,1.561866572994359414e-08,1.209474345909286913e-08,7.055350495039833993e-09,8.940699510206221544e-10,6.170594202647662022e-09,1.251532037923792822e-08,1.713209075100624450e-08,1.908806632141072136e-08,1.850511336106833652e-08,1.662968358925402957e-08,1.451254144682588058e-08,1.256857038587363809e-08,1.068757921514238253e-08,8.502793273150920427e-09,5.601176276519958788e-09,1.654873410152833184e-09,3.495034889584173560e-09,9.680345425022786514e-09,1.629039526807967016e-08,2.210670142223730301e-08,2.544080925810263996e-08,2.488519529591830229e-08,2.068722930057764721e-08,1.562928066005031871e-08,1.139720466849509440e-08,7.883431065855144310e-09,4.421620551324470480e-09,1.693199616404325564e-09,5.740956330409749276e-09,1.124142651106305746e-08,1.648911512084222992e-08,2.086877561996845206e-08,2.398366226287881561e-08,2.560048102087352101e-08,4.349399901914796521e-10,4.333898812316655965e-10,4.345951627954008659e-10,4.384812833204737235e-10,4.449127741952870838e-10,4.537065272598609556e-10,4.646468727157633616e-10,4.775002796946700186e-10,4.920280789060839703e-10,5.079963666795413709e-10,5.251829329496806349e-10,5.433815201538341781e-10,5.624039477733008867e-10,5.820806828557725636e-10,6.022603753957893404e-10,6.228087707640790814e-10,6.436072996192581537e-10,6.645515490861194063e-10,6.855497435757656706e-10,7.065213100273113327e-10,7.273955648904959521e-10,7.481105374303073246e-10,7.686133597822026953e-10,7.888643190647046224e-10,8.088355589329685893e-10,8.285086477454094837e-10,8.478726305037585973e-10,8.669225410038690629e-10,8.856583677510701369e-10,9.040844801087997337e-10,9.222095305948151748e-10,9.400468545813238005e-10,9.576153904527537788e-10,9.749411419562733158e-10,9.920592003710282843e-10,1.009016337021372791e-09,1.025874167356926395e-09,1.042712875341476387e-09,1.059635471358377139e-09,1.076772537228181189e-09,1.094287386542977412e-09,1.112381535959746596e-09,1.131300337202140033e-09,1.151338554716792126e-09,1.172845573402573796e-09,1.196229760503841377e-09,1.221961241305502692e-09,1.250571906481708843e-09,1.282650740866047658e-09,1.318831389705413969e-09,1.359767069545331828e-09,1.406085327479618032e-09,1.458311833148935130e-09,1.516749151592214006e-09,1.581295807095125795e-09,1.651198747177529324e-09,1.724759143618733244e-09,1.799070102464255317e-09,1.869954167390979606e-09,1.932338291067963378e-09
1.983403120527921802e-09,2.019794128444773171e-09,2.041201729375748294e-09,2.059731595822586091e-09,2.085705723241121309e-09,2.126244665440325496e-09,2.184700627492486995e-09,2.261050655720584210e-09,2.352965883723775049e-09,2.457024876125892658e-09,2.569661787685446394e-09,2.687719883423847982e-09,2.808676770454796875e-09,2.930666355682418804e-09,3.052402494449802858e-09,3.173069851353796916e-09,3.292215531265644832e-09,3.409655406766718092e-09,3.525398795815915606e-09,3.639590463981778039e-09,3.752467193690611538e-09,3.864325847113891108e-09,3.975500141392820753e-09,4.086343849775400365e-09,4.197218650078628162e-09,4.308485284399515538e-09,4.420497046889462246e-09,4.533594881803270776e-09,4.648103563632780634e-09,4.764328558930910441e-09,4.882553247245458431e-09,5.003036217770844861e-09,5.126008363961298365e-09,5.251669474567577024e-09,5.380183969012973796e-09,5.511675342769552954e-09,5.646218772622998480e-09,5.783831170550099419e-09,5.924457757503396838e-09,6.067953929765475117e-09,6.214060789968344571e-09,6.362372163724112214e-09,6.512290668940210765e-09,6.662968501150310174e-09,6.813223594900308771e-09,6.961426848860122625e-09,7.105351576811837968e-09,7.241972041261139366e-09,7.367192934221119722e-09,7.475484495489256429e-09,7.559387516232194797e-09,7.608837176063709072e-09,7.610232379747579163e-09,7.545145788267373642e-09,7.388528860615931311e-09,7.106224563136653517e-09,6.651595942905377782e-09,5.961241345579599332e-09,4.950551819833185663e-09,3.513575954333749911e-09,3.517841495920654983e-09,3.173612505563095815e-09,2.161895074518861123e-09,7.207085120089367097e-10,1.696267964583969623e-09,3.650701495416820817e-09,4.887103641767912744e-09,4.594466398700348966e-09,2.903622398536664855e-09,1.597429077589373980e-09,1.319415649264059310e-09,1.504128821589612393e-09,1.615493034416731528e-09,1.406087160660631741e-09,1.152498143240856094e-09,5.604595915224079053e-10,8.933267853665354178e-10,2.088782640876606796e-09,3.191152883150600771e-09,3.888726448770780428e-09,3.950985558994914647e-09,3.219337042101850031e-09,1.699690739021636557e-09,1.467729803237646538e-09,4.246224529771427209e-09,6.901997577506382900e-09,7.839992694496331011e-09,5.562711889934631284e-09,8.459184266164045179e-10,3.848137058130748464e-09,5.511837766776120696e-09,5.565458622604218497e-09,4.940750902656657009e-09,3.913555391573899109e-09,1.757521689098741463e-09,3.002506142715484826e-10,4.687929996914248388e-10,7.444400160698709896e-10,1.461265066653173703e-09,2.361604005052983966e-09,3.061591357271975950e-09,3.331396806636260475e-09,3.085554942073909344e-09,2.417953162456513342e-09,1.717777007948800898e-09,1.532661011454220648e-09,1.449562950419431045e-09,2.104443276845485476e-09,5.098112017751421370e-09,8.035262828020632289e-09,9.687750867715857493e-09,1.024935090877139246e-08,9.881658176856851951e-09,8.104572288145977155e-09,3.210583197715633286e-09,2.495637741086440668e-09,6.385706721032891885e-09,9.049736688294825646e-09,1.055704210130490722e-08,1.124834385681921291e-08,1.147974701622054328e-08,1.155343875780276595e-08,1.169409942004157273e-08,1.199026244182976697e-08,1.224271941357721757e-08,1.176117709602628433e-08,9.340656025679508046e-09,4.030390974964338255e-09,5.443237150520312150e-09,1.321139295989805182e-08,1.892586681450780240e-08,2.235696408511076197e-08,2.337875520012451896e-08,2.137949137272440441e-08,1.496364896645785740e-08,7.424357376244239476e-09,5.458633399551767418e-10,5.006026264044016756e-09,9.093766255640945949e-09,1.191792596599051790e-08,1.375999087275383120e-08,1.488569625902607743e-08,1.549936256651315640e-08,1.572018543593380844e-08,1.555627637338744164e-08,1.488529773436172078e-08,1.350153380152164773e-08,1.128334827248375689e-08,8.184556826855139399e-09,4.490074321629345006e-09,6.280145122028621209e-10,3.510243942056496986e-09,7.246871237207639216e-09,1.053070298673992892e-08,1.307388526651535820e-08,1.471000309662653746e-08,1.561759362178888440e-08,1.589190741002253842e-08,1.536736571799561896e-08,1.374467896041511321e-08,1.068910054913549245e-08,5.889112843751515107e-09,9.261463547791403447e-10,9.498630911166949212e-09,1.919778754945305679e-08,2.798792074670922995e-08,3.242688579171478341e-08,2.899753285504696985e-08,1.830674342603383293e-08,9.193940817356024839e-09,5.382707435008795996e-09,4.406453491208112023e-09,3.681522085937638593e-09,3.391730646243750124e-09,6.255989585796469191e-09,1.115609849255667058e-08,1.622910925255655242e-08,2.059987444269133289e-08,2.374678658958671157e-08,2.538607034133931466e-08,4.180186039916085789e-10,4.170505184271187148e-10,4.189067510381887537e-10,4.234949495141556520e-10,4.306599816492218522e-10,4.401993811305725411e-10,4.518801406310943443e-10,4.654544715329672368e-10,4.806729292046542388e-10,4.972942031692269609e-10,5.150916091963172757e-10,5.338567698946381168e-10,5.534011491268265182e-10,5.735560964412876766e-10,5.941719532161686198e-10,6.151166370029785045e-10,6.362739939181391908e-10,6.575421061361376946e-10,6.788316658826850471e-10,7.000644750479247143e-10,7.211720959351517000e-10,7.420946577677218489e-10,7.627811716230282100e-10,7.831933049382987372e-10,8.033040339361037582e-10,8.230952398389960907e-10,8.425557919738258183e-10,8.616800943401991522e-10,8.804670893732958354e-10,8.989197255585705097e-10,9.170449045305481206e-10,9.348539280247734139e-10,9.523634665194611321e-10,9.695970691011764665e-10,9.865872296060209756e-10,1.003378016407920599e-09,1.020028263170657678e-09,1.036615305305013707e-09,1.053239231181848628e-09,1.070027597581505388e-09,1.087140534746170774e-09,1.104776135077429102e-09,1.123175977933699649e-09,1.142630584075276423e-09,1.163484505742016275e-09,1.186140620010086508e-09,1.211062968479741863e-09,1.238777114823817568e-09,1.269866381516090007e-09,1.304961345419991551e-09,1.344718451704741081e-09,1.389781383893672814e-09,1.440715871255594172e-09,1.497905330820343066e-09,1.561392660447016863e-09,1.630656609757485975e-09,1.704328000929199724e-09,1.779896118990395570e-09,1.853541683816391554e-09,1.920336210913918234e-09
1.977543623786445903e-09,2.020269715339180205e-09,2.046765121412433365e-09,2.068813378914427371e-09,2.096802331014075739e-09,2.138106263414703373e-09,2.196397142470039543e-09,2.271965285845025741e-09,2.362745750036044627e-09,2.465513230011534842e-09,2.576831820733859258e-09,2.693621590902205791e-09,2.813399719679072759e-09,2.934316208723148836e-09,3.055087592059529862e-09,3.174894445594742689e-09,3.293277090188129087e-09,3.410044228510264227e-09,3.525198800410396372e-09,3.638880477121857959e-09,3.751322336267359386e-09,3.862818837279316016e-09,3.973702434124828260e-09,4.084326607051566915e-09,4.195053570529000081e-09,4.306245337767239780e-09,4.418257163100597363e-09,4.531432643711164956e-09,4.646099948238971661e-09,4.762568767045403213e-09,4.881127656151329610e-09,5.002041486286938479e-09,5.125548713307712245e-09,5.251858162754437584e-09,5.381144968478089315e-09,5.513545221466783191e-09,5.649148766011161150e-09,5.787989414889293421e-09,5.930031632457289385e-09,6.075152429160433107e-09,6.223116801413849907e-09,6.373544488299920751e-09,6.525865494848803189e-09,6.679259787666240644e-09,6.832571800234666039e-09,6.984194870637025472e-09,7.131915899525350791e-09,7.272705613305658874e-09,7.402433639514488954e-09,7.515478217266090026e-09,7.604185768093103798e-09,7.658112367014681747e-09,7.662941802989066944e-09,7.598914554212350244e-09,7.438505972428088421e-09,7.142947124142137545e-09,6.656995133201782975e-09,5.901257478901858896e-09,4.762156978530625117e-09,3.088288686316479170e-09,3.092306032575156289e-09,2.651705422482285892e-09,1.375952850257325826e-09,1.348678325322858957e-09,4.278753912733060765e-09,7.574916764456087078e-09,9.760563523814382937e-09,8.502077877198442803e-09,3.129418937250921035e-09,1.015132211790703451e-09,2.167623739052287715e-09,2.368009572083183568e-09,2.459839827830747303e-09,2.689567663548597556e-09,1.214413804690838599e-09,8.022878834537753886e-10,1.418388717678722323e-09,2.380621371885818869e-09,3.328804778126148174e-09,3.908922293969132540e-09,3.791374552315894899e-09,2.712482480448137514e-09,1.114431990854028642e-09,4.039675719195991004e-09,9.183842435337019221e-09,1.470447125884057983e-08,1.781810448161528524e-08,1.391897653686512997e-08,1.708183615554152967e-09,7.285497317796549431e-09,1.042529883426670796e-08,1.116900819782349748e-08,1.130071508231982000e-08,1.117359745682635058e-08,5.626354005489112381e-09,1.963949874253614654e-09,5.523632752367596187e-10,8.298655877636316523e-10,1.585079454420050874e-09,2.525310926801395189e-09,3.220123020499607632e-09,3.328079670958173273e-09,2.659632619230092478e-09,1.485865923896966960e-09,2.518178195578897396e-09,5.256065997148300208e-09,7.075395630058976698e-09,5.481870222863688073e-09,1.446028532038778201e-09,6.404903151217038125e-09,9.426629319810025995e-09,1.169538478022840647e-08,1.385688893172407942e-08,1.551143143526549969e-08,7.046165711062566846e-09,1.296955089432792413e-09,5.026183738223650129e-09,7.493084718406486051e-09,8.504956564828116692e-09,8.663614195490500941e-09,8.484794794425577222e-09,8.406395779731161404e-09,8.888690397538816695e-09,1.037409327435603360e-08,1.291947772042059602e-08,1.564229826170512049e-08,1.618713877459690871e-08,1.108433544492512328e-08,1.699483793968606339e-09,1.089685180971527167e-08,1.592874516660287533e-08,1.904931204178283917e-08,2.140914956657293798e-08,2.274388152608905681e-08,1.438506104000301428e-08,6.710673220825355254e-09,8.139335517697526053e-10,3.432168557928501461e-09,6.318606975339969813e-09,8.234939362046787435e-09,9.505466318490076918e-09,1.036728593721588438e-08,1.099416896161421713e-08,1.150759563413585263e-08,1.194022144778001101e-08,1.215152914120102325e-08,1.183860047350453251e-08,1.105653448418588315e-08,9.675041944285839555e-09,8.371451230619396540e-09,7.207677461461877464e-09,5.473609594106302938e-09,2.724112501190242163e-09,2.828759189018861193e-09,8.131291555488351252e-09,1.299432764078625003e-08,1.678958404015371254e-08,1.943549034986327859e-08,2.058362844733691095e-08,1.991470735840525534e-08,1.712817805069823731e-08,1.185617382521500078e-08,3.667616340931863244e-09,7.905672747967139647e-09,2.233241162377969551e-08,3.723555617959809065e-08,4.618908716123273026e-08,3.955041661850088428e-08,1.425913742190830001e-08,5.163275416340580523e-09,9.094688382373945465e-09,8.144166741971381055e-09,5.976634102910640470e-09,4.370858846470506752e-09,5.662630717448885882e-09,1.066512966728353260e-08,1.609878771347583188e-08,2.079647104697142891e-08,2.413834830526732832e-08,2.585741992222323058e-08,4.008371919787522277e-10,4.005283196362141075e-10,4.031319735738845737e-10,4.085301324083542874e-10,4.165409608102292280e-10,4.269370383952355148e-10,4.394640504064777410e-10,4.538574880302148603e-10,4.698558902156479106e-10,4.872101821437591100e-10,5.056894197559015234e-10,5.250836448552796999e-10,5.452046539153740983e-10,5.658854042855384628e-10,5.869786265736265876e-10,6.083550492104227391e-10,6.299015020749792876e-10,6.515190609018216587e-10,6.731213207454840520e-10,6.946328389807026005e-10,7.159877587296398744e-10,7.371286070844197741e-10,7.580065390461858367e-10,7.785848303841087856e-10,7.988374879363573457e-10,8.187468820159566628e-10,8.383018668209216156e-10,8.574963658374398499e-10,8.763284165544286912e-10,8.947996816213403539e-10,9.129154418671653710e-10,9.306850909990378952e-10,9.481231523456681169e-10,9.652508353459350476e-10,9.820981441079050014e-10,9.987065420805818047e-10,1.015132166508636627e-09,1.031449573121027660e-09,1.047755975661476140e-09,1.064175925507580651e-09,1.080866352997302273e-09,1.098021862298184136e-09,1.115880133143832099e-09,1.134727229987201381e-09,1.154902543152899568e-09,1.176802969935389859e-09,1.200885758941761692e-09,1.227669140012909038e-09,1.257729374112339835e-09,1.291692076646512266e-09,1.330214456096511854e-09,1.373953305857540556e-09,1.423511053006074334e-09,1.479348910822486330e-09,1.541652703906006594e-09,1.610135239760460568e-09,1.683765441427573966e-09,1.760444760109251203e-09,1.836732754995337073e-09,1.907860793500302102e-09
1.971182911564625930e-09,2.020193346173701193e-09,2.051696837808472486e-09,2.077149356832814822e-09,2.107019681952486062e-09,2.148953651324362931e-09,2.206954001833059273e-09,2.281627580952259919e-09,2.371172019524008113e-09,2.472555348767370355e-09,2.582469080368106242e-09,2.697908360212628407e-09,2.816428949022607565e-09,2.936196432421440831e-09,3.055929725266300177e-09,3.174805030128022855e-09,3.292355501877337070e-09,3.408382161976318817e-09,3.522880951987878826e-09,3.635985766026295423e-09,3.747925283869571964e-09,3.858990907087216080e-09,3.969513249986821025e-09,4.079845036851927150e-09,4.190348702054049220e-09,4.301387394203498119e-09,4.413318415092219769e-09,4.526488378595135442e-09,4.641229558546576882e-09,4.757857021496252175e-09,4.876666219144921469e-09,4.997930756887761484e-09,5.121900063262429828e-09,5.248796665479310470e-09,5.378812728629824037e-09,5.512105438958358605e-09,5.648790700484435955e-09,5.788934460256342652e-09,5.932540768432241882e-09,6.079535397024638429e-09,6.229743457604137678e-09,6.382858940001735274e-09,6.538403787941953348e-09,6.695672084386076457e-09,6.853650499773003400e-09,7.010910424529673240e-09,7.165462507550009313e-09,7.314559542583208164e-09,7.454427493957404992e-09,7.579894905937936172e-09,7.683875646048861376e-09,7.756634647457913254e-09,7.784723279699974673e-09,7.749395920103839871e-09,7.624186264983258405e-09,7.371085768650065234e-09,6.934360132930793129e-09,6.230428981463814346e-09,5.131945502550637949e-09,3.451408748244523173e-09,3.455379318463280385e-09,2.937748967818845365e-09,1.414848833397812996e-09,2.077000072174393406e-09,6.492718709300755416e-09,1.235348901923498189e-08,1.772712392289856823e-08,1.623604539212659567e-08,1.792395553297191306e-09,5.909455655664468977e-09,6.259104836967576221e-09,5.858426981634578572e-09,5.876309943881127804e-09,8.111562525394623092e-09,2.549072045811158619e-09,1.165504630025663387e-09,1.606766179140863092e-09,2.613527269578122801e-09,3.722206814812528706e-09,4.486617668339811415e-09,4.478070949592946818e-09,3.304176826119022630e-09,1.195505629820542249e-09,5.312383331641774802e-09,1.348451039695091871e-08,2.438436708796000707e-08,3.415256855302731770e-08,3.014089377474496583e-08,6.243137702386936470e-10,1.629838329418975055e-08,1.744698551944592201e-08,1.708323429717865741e-08,1.762532934532857253e-08,2.356315885786415743e-08,7.542534066894683892e-09,1.670328847805578556e-09,4.390438670153121015e-10,7.448280647919038622e-10,1.575965559268717495e-09,2.912953316113198512e-09,3.897478212999081611e-09,4.045839900095402596e-09,3.019629553997572931e-09,1.151271555667308619e-09,4.642998087657629816e-09,1.091204093142651236e-08,1.701821141164582470e-08,1.664125971362835148e-08,3.020261024037003762e-09,6.951275609292804101e-09,9.602869774186598025e-09,1.284829720980706236e-08,1.786290533123785095e-08,3.252158504287096628e-08,9.332894106414573149e-09,1.453998618188883705e-09,5.512689125917470733e-09,7.175496212342964846e-09,7.113883602675248672e-09,6.332765699877160490e-09,5.421379047775256647e-09,4.746938903138687006e-09,5.065740369905623777e-09,7.720555028349319781e-09,1.336254737159455814e-08,2.139895679522329140e-08,2.818910136785898183e-08,2.497209056449497220e-08,1.061029079995747714e-09,1.355755803308979978e-08,1.516653119377009140e-08,1.657978311879076311e-08,2.021384350737280601e-08,3.325974234648660110e-08,1.274060350732232428e-08,4.024353652878286187e-09,7.311063105530040233e-10,3.149421798522104340e-09,4.315561790318460242e-09,4.904064304937701065e-09,5.310721840512997943e-09,5.704164776283249279e-09,6.201516392282372206e-09,6.969247886676866418e-09,8.176976521624241751e-09,9.674531708471041068e-09,1.053433732570394292e-08,1.132618640025486245e-08,1.083085707503856798e-08,1.186697273404173887e-08,1.421325889855562959e-08,1.533237497688017119e-08,1.401485494270361453e-08,8.032390157781076116e-09,3.889189334002252598e-09,1.189840499074886179e-08,1.849222330898929709e-08,2.375913942879868607e-08,2.685754661299612486e-08,2.746731708116595165e-08,2.542062779722669528e-08,2.032226291394272581e-08,1.131284457700759196e-08,3.175301698526216965e-09,2.419064753207713423e-08,5.108460632130313248e-08,7.390227347491151452e-08,6.760213093966516572e-08,2.483436682876087917e-09,2.785775655729454983e-08,2.445132058970722752e-08,1.589089459479912437e-08,8.277881535208901435e-09,7.880095498508790974e-09,3.470054171775564476e-09,9.695235390474025002e-09,1.614302104353317009e-08,2.158044082285903720e-08,2.525718450666895181e-08,2.707616383953070967e-08,3.834258495418003179e-10,3.838718880587618178e-10,3.873367611110138563e-10,3.936670759871314362e-10,4.026464180924068670e-10,4.140167341058175166e-10,4.274988382380821597e-10,4.428096949617170784e-10,4.596753071312418925e-10,4.778391467316099604e-10,4.970667813526827153e-10,5.171476400389103178e-10,5.378948500795092062e-10,5.591439126473837337e-10,5.807507796875515962e-10,6.025897076502903155e-10,6.245511180700140310e-10,6.465395924029437111e-10,6.684720609198498050e-10,6.902762044132982333e-10,7.118890640384823414e-10,7.332558425657433301e-10,7.543300834306235033e-10,7.750768791671011225e-10,7.954714471602250485e-10,8.154968065630369301e-10,8.351419420682822288e-10,8.544004323717465558e-10,8.732695388430911773e-10,8.917497620524394266e-10,9.098448818208065678e-10,9.275624999399054535e-10,9.449151047771208276e-10,9.619216733534751116e-10,9.786098206623032704e-10,9.950184969722522755e-10,1.011201222875506704e-09,1.027229838263792861e-09,1.043198725281728497e-09,1.059229445825171991e-09,1.075475710897577208e-09,1.092128570840541927e-09,1.109421679042569376e-09,1.127636435223512253e-09,1.147106748877189358e-09,1.168223068604472430e-09,1.191435177778789899e-09,1.217253028229822698e-09,1.246244521008885830e-09,1.279028571899893160e-09,1.316260913265477120e-09,1.358608728689191548e-09,1.406708152536470585e-09,1.461095493211475809e-09,1.522098188644924248e-09,1.589664898461902918e-09,1.663109584804232582e-09,1.740759176759645435e-09,1.819569827343320681e-09,1.894946873342478317e-09
1.964342564456413724e-09,2.019574817607339393e-09,2.056000174795401412e-09,2.084741314460978657e-09,2.116361354366009340e-09,2.158793544152127175e-09,2.216380877991419712e-09,2.290049217492843901e-09,2.378257282525761566e-09,2.478163843145185736e-09,2.586585568865158009e-09,2.700591151640077917e-09,2.817774042192065935e-09,2.936314929537459220e-09,3.054934810457415203e-09,3.172805222833947799e-09,3.289451771570699635e-09,3.404667288015028038e-09,3.518440097174842509e-09,3.630897628743489006e-09,3.742263456152682847e-09,3.852825238286940916e-09,3.962911127446027525e-09,4.072872565351320945e-09,4.183071806485019763e-09,4.293872894519453097e-09,4.405635136372078022e-09,4.518708367362436161e-09,4.633429482782201263e-09,4.750119838926229239e-09,4.869083208673852805e-09,4.990604022793277913e-09,5.114945643564331204e-09,5.242348405895859790e-09,5.373027125256942479e-09,5.507167708707102281e-09,5.644922413190808026e-09,5.786403166866814842e-09,5.931672193690800159e-09,6.080728945854662557e-09,6.233492030275464683e-09,6.389774388296136011e-09,6.549249782002758278e-09,6.711406744704011166e-09,6.875482185441407186e-09,7.040371219066737004e-09,7.204505691692014903e-09,7.365689984746976476e-09,7.520877901666380923e-09,7.665867119730490609e-09,7.794876023968597020e-09,7.899948320241458325e-09,7.970096910256285885e-09,7.990036309078053182e-09,7.938233260765172096e-09,7.783765359390565486e-09,7.480982039296753727e-09,6.959935043448506966e-09,6.108573217069045561e-09,4.740874796171885743e-09,4.745011154275877625e-09,4.222278592323117878e-09,2.553170845984042310e-09,1.416057154808789769e-09,7.136188942339919601e-09,1.718042694476696619e-08,3.190725381864233550e-08,2.892243210658438905e-07,8.630666430949615292e-09,2.409742646538481999e-08,1.462384838252965142e-08,1.172980500099239723e-08,9.215081288629071949e-09,2.812328386470374924e-08,1.979902368065105607e-09,5.855360699573154071e-10,1.395482492111199585e-09,2.707143185024671326e-09,4.345758452814365832e-09,5.680788943800982201e-09,6.192774848301152799e-09,5.431858912567773556e-09,2.825056248370884955e-09,3.524281034182101918e-09,1.462050204864528159e-08,3.430214491764390796e-08,6.300000736110406247e-08,5.840389291887429885e-07,2.366364939111882654e-08,5.214432232726298172e-08,3.366565557383190432e-08,2.852685934952759246e-08,2.381225629150560856e-08,7.570607937017458547e-08,7.794702690281821434e-09,2.707034083066272386e-09,2.831455134575024382e-09,1.757245091663521167e-09,1.406385895233422877e-09,3.655173536388714687e-09,5.338487978357592295e-09,5.888509580154582021e-09,4.894558109552728304e-09,1.815597501991674979e-09,5.050861247055128302e-09,1.646944079996169657e-08,3.289815350376360112e-08,3.069990514890654762e-07,3.080482594970849096e-09,1.923740103110659107e-08,1.205874306600933196e-08,1.609285467952158776e-08,1.601692044887918256e-08,1.173224005572153487e-07,1.445070062961140695e-08,6.904346766240740736e-09,8.596917154135061040e-09,8.350409158729553869e-09,6.419283901054080171e-09,4.782957505259251789e-09,4.028379561135823831e-09,3.472077831608954716e-09,1.957248958037492446e-09,2.423468775834297808e-09,1.126556949031066258e-08,2.773221970385024649e-08,4.920682864437082845e-08,4.949208534995052399e-07,1.713734516991323492e-08,3.656036231657968311e-08,2.055183743965608622e-08,1.734007660621256615e-08,1.457640494997191573e-08,1.008852453233000833e-07,8.879355230903931271e-09,2.943599296538923943e-09,4.280689269943191185e-09,4.237385022611822091e-09,2.911518469951307910e-09,1.637371456588033821e-09,1.009938049801679651e-09,1.036094558603251079e-09,1.190530624843264593e-09,1.822869290063750680e-09,4.005594017682350496e-09,7.880427245872782129e-09,9.964319401606465806e-09,1.029560871300597619e-07,1.436092953527620021e-08,1.889836499165084795e-08,2.985732753240777582e-08,3.692385057382456003e-08,4.136698998521975738e-08,3.076213028413365804e-08,1.112827491658015087e-08,1.197867672432072179e-08,2.084024898324544342e-08,2.937181076155534088e-08,3.462769081593984798e-08,3.666186661314021550e-08,3.582596184249436949e-08,3.195498544430165212e-08,2.387310681792166775e-08,8.683450991894593396e-09,1.937068115334596409e-08,6.712826172547164691e-08,1.280192851114294387e-07,1.280879468958917683e-06,6.385272517271747360e-08,1.096765038720989753e-07,5.901705565067325921e-08,3.100652077921907938e-08,1.265008205543594276e-08,3.880030071552410710e-08,7.196986973392635298e-09,8.935111551628967038e-09,1.662569718721709380e-08,2.332350363157497111e-08,2.729539689002965428e-08,2.909675140117834120e-08,3.658098697549815971e-10,3.671326678123360015e-10,3.715953509867382265e-10,3.789974705280695018e-10,3.890797122066010281e-10,4.015481889938870128e-10,4.160962267902311482e-10,4.324215449613354049e-10,4.502381124655942562e-10,4.692831096029874846e-10,4.893200354902177049e-10,5.101391345946032605e-10,5.315561684493219066e-10,5.534103062294903143e-10,5.755616581248075843e-10,5.978887743002062487e-10,6.202862884432088140e-10,6.426627907096841062e-10,6.649389576270902419e-10,6.870459343380709527e-10,7.089239484073281329e-10,7.305211277932048014e-10,7.517936225791428864e-10,7.727085270868408806e-10,7.932424287344824345e-10,8.133791375928656768e-10,8.331078990752414227e-10,8.524220694051032398e-10,8.713182507504700606e-10,8.897958947655252977e-10,9.078573904599725580e-10,9.255086551815960753e-10,9.427602465475849414e-10,9.596290090864963271e-10,9.761402626396220726e-10,9.923305297885996307e-10,1.008250788434139771e-09,1.023970221028766884e-09,1.039580415923099577e-09,1.055199956477075267e-09,1.070979310465999627e-09,1.087105905067649767e-09,1.103809238608732112e-09,1.121365838745420028e-09,1.140103822079222157e-09,1.160406736283670740e-09,1.182716260262114421e-09,1.207533182482758379e-09,1.235415843871319973e-09,1.266974877547786103e-09,1.302862531899061192e-09,1.343753982609806101e-09,1.390316480362703445e-09,1.443159127240254844e-09,1.502749854357164529e-09,1.569274566503664704e-09,1.642397718004905308e-09,1.720882293034425453e-09,1.802095703181217197e-09,1.881629976781567373e-09
1.957044819611479534e-09,2.018424699815713252e-09,2.059679600284516983e-09,2.091592853273301222e-09,2.124833388620958808e-09,2.167635543600504370e-09,2.224690470396022564e-09,2.297244827079603308e-09,2.384016918201604435e-09,2.482353950948018292e-09,2.589195819835923870e-09,2.701683454753964129e-09,2.817447205413468590e-09,2.934682397297279561e-09,3.052111782508660735e-09,3.168901907389554177e-09,3.284570415657651445e-09,3.398901423276572045e-09,3.511875009874907106e-09,3.623611441378837563e-09,3.734328455521959353e-09,3.844309248343802954e-09,3.953878833319728045e-09,4.063386765537425374e-09,4.173194615202554325e-09,4.283666943803715984e-09,4.395164845451082601e-09,4.508041358267309254e-09,4.622638232248416127e-09,4.739283668699026263e-09,4.858290732896089943e-09,4.979956194575344440e-09,5.104559575642052493e-09,5.232362185672745193e-09,5.363605906431223576e-09,5.498511444918737771e-09,5.637275710659406375e-09,5.780067881157477081e-09,5.927023595001775191e-09,6.078236541884376357e-09,6.233746496897357219e-09,6.393522547607005416e-09,6.557440224613760132e-09,6.725249624264814691e-09,6.896528150490606400e-09,7.070616257896107490e-09,7.246531419550760189e-09,7.422853112954113289e-09,7.597569213129698494e-09,7.767870915227293950e-09,7.929878757198147957e-09,8.078275668542446849e-09,8.205812426843995033e-09,8.302631980435367108e-09,8.355319794641777512e-09,8.345494184233614914e-09,8.247507230804600292e-09,8.024152258400498203e-09,7.617343494747902687e-09,6.925192368498888624e-09,6.929512317282637640e-09,6.552541396628271440e-09,5.289327106936576433e-09,2.652752610531419093e-09,3.532316301520275370e-09,1.671456956597772018e-08,1.210370822814389855e-07,1.420343361535290241e-07,5.968074587342390478e-08,2.183349479779944142e-08,1.644025021976942539e-08,1.221921520321383577e-08,1.293573955975516730e-08,7.557987662996020668e-10,2.859338145332183823e-08,3.754856494345903826e-09,1.778996334022900831e-09,2.781753449425106681e-09,5.226112437982113132e-09,7.532167100612391132e-09,8.989179633877795392e-09,9.349442283581671114e-09,8.157714922031410771e-09,4.144629716181469575e-09,6.789873130073281098e-09,3.394479836845209821e-08,2.602721031162045486e-07,2.787258746682561320e-07,1.226602612095722648e-07,4.798781723539905594e-08,3.698876312150425091e-08,2.918778403657982954e-08,3.299085212807539830e-08,1.523168946711791319e-09,7.087881089418390439e-08,1.463337010928475489e-08,6.633266651622355492e-09,4.447590340836259548e-09,1.286044893925695691e-09,5.051363141458641344e-09,7.784538144704840442e-09,9.129222565232109969e-09,8.894140974571833074e-09,6.399185006670773404e-09,6.949568064873983154e-10,1.647191125155952582e-08,1.149409263619696762e-07,1.647824339373829161e-07,5.716180767621882788e-08,1.517728883909436257e-08,1.386105964828013020e-08,1.509761437146782762e-08,3.294020048914514891e-08,1.896094990525240739e-08,1.119677726581963821e-07,2.627404486201823562e-08,1.346567582389573134e-08,1.117483917127458738e-08,6.163357363754300585e-09,5.545274769186647957e-09,7.550633225579916688e-09,9.282170163261717395e-09,9.849092280249027042e-09,7.878882932398210850e-09,2.363648498453762178e-09,2.806780432721481697e-08,2.475046393648085729e-07,2.336173124540486103e-07,9.851272852958572057e-08,3.291410219288169619e-08,2.259362579478743553e-08,1.704821047161603922e-08,2.583033466347522744e-08,2.365489813810858272e-08,9.412450148740218057e-08,1.980733658566065009e-08,9.090417764010023209e-09,6.544703780080680134e-09,2.005089928271520547e-09,2.165432150249572281e-09,3.962038571139847997e-09,5.041071544363505200e-09,5.441018950969535057e-09,4.789978734484170466e-09,1.688814937580519627e-09,8.290335239782488336e-09,6.254211869193590381e-08,5.667885708075221516e-08,1.195101992749982163e-08,2.025022209833367675e-08,3.037235708731494238e-08,3.839949669822074421e-08,4.083771087321753318e-08,4.627963838032884965e-08,2.846245994337357910e-08,2.759873904909427846e-08,2.276585981587102357e-08,3.718336965267789371e-08,4.434553260538392546e-08,4.737528940910772373e-08,4.794460331793584767e-08,4.662111390153717218e-08,4.269512007992313512e-08,3.275013779615683254e-08,6.126765012012746563e-09,6.755670502648179950e-08,6.394188688396123173e-07,5.863053341686488940e-07,2.698677564615682971e-07,1.027671540013934345e-07,6.548329944854888214e-08,3.333555591194183171e-08,1.236234200043358817e-08,8.467278644613293278e-09,4.448368637280045762e-08,2.132392068053648561e-08,1.752894235959709007e-08,2.693125841029721847e-08,3.049150295702999516e-08,3.182742173166315182e-08,3.480124373013218381e-10,3.503701621020086150e-10,3.559957267331760724e-10,3.646289597813331306e-10,3.759600180074304186e-10,3.896554410251067153e-10,4.053801397881631327e-10,4.228134563257208127e-10,4.416591383850796231e-10,4.616502212394774162e-10,4.825502392664122758e-10,5.041521207172085991e-10,5.262758247312205632e-10,5.487654480712536139e-10,5.714862505812437921e-10,5.943218468774070858e-10,6.171716801624765610e-10,6.399488150730244789e-10,6.625780428651395643e-10,6.849942710815641133e-10,7.071411618115646236e-10,7.289699815098584902e-10,7.504396734927675763e-10,7.715194922594631186e-10,7.921875326950993885e-10,8.124285195792333636e-10,8.322320741237852263e-10,8.515914395883334644e-10,8.705026649243870318e-10,8.889642564989617305e-10,9.069773142873656393e-10,9.245461710013883407e-10,9.416795507565286972e-10,9.583922590614514841e-10,9.747074083983492870e-10,9.906591733409487798e-10,1.006296057277577537e-09,1.021684637862355527e-09,1.036913741659050515e-09,1.052098978486861172e-09,1.067387543060671844e-09,1.082963164578835498e-09,1.099051053238459835e-09,1.115922655687945382e-09,1.133899987264221657e-09,1.153359255637298538e-09,1.174733425317994068e-09,1.198513291460660966e-09,1.225246530541175609e-09,1.255534065136002471e-09,1.290022887936797425e-09,1.329394102210199053e-09,1.374343906271216290e-09,1.425552330053559058e-09,1.483626919295105948e-09,1.548991868400351913e-09,1.621666128125786133e-09,1.700856559240190598e-09,1.784353276229497021e-09,1.867946118103516010e-09
1.949312475662561461e-09,2.016754302524494241e-09,2.062740722564013973e-09,2.097709320819890729e-09,2.132444162198591942e-09,2.175491973251796903e-09,2.231898332977707435e-09,2.303231846089650776e-09,2.388468981170002443e-09,2.485143459774869633e-09,2.590316846569500882e-09,2.701201249684763665e-09,2.815463232303503857e-09,2.931312292425039559e-09,3.047472562876598596e-09,3.163105212417453758e-09,3.277719463450745849e-09,3.391090158055275644e-09,3.503188479816442034e-09,3.614126812352843975e-09,3.724116302839537974e-09,3.833434924411635100e-09,3.942403813954005393e-09,4.051369947782524639e-09,4.160693585869137050e-09,4.270739268105837392e-09,4.381869445100843859e-09,4.494440063509551874e-09,4.608797605952778093e-09,4.725277217004257532e-09,4.844201637963821455e-09,4.965880735003008338e-09,5.090611440965185219e-09,5.218677948622201011e-09,5.350351993242774452e-09,5.485893047966429513e-09,5.625548225913995420e-09,5.769551636884083488e-09,5.918122882965402211e-09,6.071464288648861188e-09,6.229756350549282127e-09,6.393150745786962991e-09,6.561760408342207485e-09,6.735644917038705518e-09,6.914786467143958401e-09,7.099056958831610064e-09,7.288174642857828015e-09,7.481647952560638374e-09,7.678704383925545279e-09,7.878203518571116127e-09,8.078536715219092898e-09,8.277524059636198587e-09,8.472336796583167877e-09,8.659510663719417268e-09,8.835192541198934308e-09,8.995920399006916130e-09,9.140555070741059407e-09,9.274609431797932723e-09,9.419364479740442853e-09,9.629753403167378803e-09,9.634201529203391648e-09,9.550928713396482243e-09,9.335717860646458272e-09,9.025958880834565369e-09,7.948780299176978472e-09,2.232952421134456304e-07,2.130045241501085726e-08,5.409100753700277840e-08,3.131387088560974094e-09,3.500043500871651623e-09,4.975454596001103727e-09,4.834168890627136787e-09,4.972583198609306311e-09,3.755270906459889200e-09,4.174616927938043850e-09,2.953810675519248698e-08,1.446216996143167029e-08,3.698433262620249751e-09,6.585595994342372110e-09,1.007381336128310318e-08,1.260521304081951145e-08,1.453312309121200475e-08,1.622018775499067688e-08,1.786105989817682560e-08,1.794324446801247981e-08,4.745513083521411408e-07,4.318822926005942329e-08,1.063564893611526438e-07,3.279120158256132491e-09,1.107957639557180067e-08,1.450709125852154413e-08,1.438813966121028770e-08,1.427998878826990647e-08,8.674075362316110993e-09,4.759028686844211676e-09,6.290939277175486963e-08,3.594872409735233339e-08,9.905930811536334572e-09,1.804879480372348566e-09,7.673878005475931269e-09,1.138106031069426295e-08,1.364905761471663216e-08,1.487694359181691895e-08,1.515547921404476871e-08,1.362956780074452690e-08,2.493946986110713599e-07,2.160887113989365576e-08,6.442210775746539092e-08,9.960010071381009383e-09,3.368024340469618574e-09,3.198668107596023028e-09,5.264746107574277430e-09,8.614773647612395631e-09,3.964783683857693568e-09,2.503960664124840172e-08,9.939165746736318120e-08,5.760644555414223469e-08,1.744407568315160466e-08,6.092308872659532657e-09,9.502099703497840756e-09,1.361900974005326234e-08,1.713703574707482185e-08,2.068836210913587004e-08,2.463862592756394897e-08,2.750836428266258474e-08,4.728938798689990894e-07,3.998908898230970385e-08,9.582169081961517546e-08,1.140558845066834542e-08,6.941565472568829587e-09,8.260236557388927452e-09,8.285471021732273702e-09,8.190413818913865644e-09,9.843166980130798582e-09,2.960155642123308461e-08,8.166876273093622775e-08,4.509036402729205568e-08,1.104436090714727764e-08,3.330704873858221910e-09,7.137205293276021430e-09,9.486859742454565962e-09,1.103452410656722152e-08,1.234715050796202664e-08,1.356565384400770861e-08,1.394722851097714909e-08,1.657707214326852377e-07,8.946620115918239200e-09,3.129524743410920889e-08,1.978653301771770294e-08,2.439326716283999088e-08,3.060369021873982752e-08,3.699035144927745051e-08,4.236156147280078930e-08,4.789399171543876126e-08,6.801159787789837230e-08,1.742448089512977941e-08,3.574199473622303311e-08,5.092317148068011040e-08,5.658312259998306650e-08,5.881099636092202432e-08,6.019045061096412651e-08,6.217066637139219759e-08,6.596519600052850060e-08,7.239573813482191434e-08,7.805579825120648295e-08,1.180749952808667562e-06,1.027854446025127196e-07,2.350100337785160538e-07,1.029779798654693876e-08,2.004350243212470809e-08,2.151903115335588646e-08,1.257522872707659786e-08,6.356423033041135634e-09,1.142938770447372575e-08,1.121843036163039000e-08,3.056933481032586250e-08,3.951588804879005594e-08,3.541167398937819529e-08,3.478552461049669890e-08,3.470335128403720513e-08,3.300620636832542917e-10,3.336609950978968259e-10,3.406473060453276786e-10,3.506905592288437807e-10,3.634255009794824696e-10,3.784781775250937834e-10,3.954866938230641158e-10,4.141149294367721728e-10,4.340597285400684413e-10,4.550531439436545252e-10,4.768614783463961846e-10,4.992825634680090905e-10,5.221422854596540948e-10,5.452909791907300273e-10,5.686000300367199022e-10,5.919588377128411533e-10,6.152721874856476518e-10,6.384580163262581055e-10,6.614455339879257946e-10,6.841736502412560675e-10,7.065896591244298100e-10,7.286481359073128312e-10,7.503109680858909788e-10,7.715497001623825808e-10,7.923440493547709199e-10,8.126797611387771669e-10,8.325469334346619992e-10,8.519387946733934894e-10,8.708509372219203196e-10,8.892810178760809615e-10,9.072289424782194794e-10,9.246975527717977221e-10,9.416938309577669776e-10,9.582306316018340392e-10,9.743289423775988577e-10,9.900206642119769023e-10,1.005351888719702866e-09,1.020386635594323926e-09,1.035210995336952614e-09,1.049937602570738642e-09,1.064710342030714757e-09,1.079709163016677203e-09,1.095154848239650037e-09,1.111313550413432579e-09,1.128500876105116453e-09,1.147085264027313475e-09,1.167490380459090518e-09,1.190196249844395466e-09,1.215738873683459373e-09,1.244708191373139398e-09,1.277744407926379153e-09,1.315532832522216271e-09,1.358796881890425399e-09,1.408286110350999353e-09,1.464747077630336980e-09,1.528843007616765305e-09,1.600949947124072635e-09,1.680723714398820504e-09,1.766385271282101163e-09,1.853931595804261298e-09
1.941168797951088365e-09,2.014575641080842890e-09,2.065190255574651035e-09,2.103097730509801261e-09,2.139204249931779029e-09,2.182377698439542961e-09,2.238022690529626666e-09,2.308030360646479587e-09,2.391634089651085046e-09,2.486552635784523025e-09,2.589968098677135247e-09,2.699162976366582330e-09,2.811839473565632338e-09,2.926220795518818204e-09,3.041032019970290666e-09,3.155428475631158309e-09,3.268910437638445189e-09,3.381242868822502984e-09,3.492387374590853891e-09,3.602447712682131934e-09,3.711627655761596698e-09,3.820199151330426791e-09,3.928478657268997747e-09,4.036809784703435913e-09,4.145550725696994630e-09,4.255065280438580606e-09,4.365716588143809191e-09,4.477862898458958152e-09,4.591854899146271780e-09,4.708034249868508098e-09,4.826733069202991385e-09,4.948274192523479653e-09,5.072972067526615018e-09,5.201134188338566857e-09,5.333062992192401753e-09,5.469058157580162740e-09,5.609419251339215773e-09,5.754448676684025688e-09,5.904454875234275043e-09,6.059755736863931047e-09,6.220682174679653565e-09,6.387581836032000445e-09,6.560823307787576158e-09,6.740800297721668128e-09,6.927932703747381410e-09,7.122667243079140417e-09,7.325479168256965471e-09,7.536877126096116103e-09,7.757415513858246173e-09,7.987723244365839997e-09,8.228566851577514986e-09,8.480983800196551122e-09,8.746557886577423114e-09,9.027982176426003493e-09,9.330208602674316435e-09,9.662814376460005421e-09,1.004495752782350994e-08,1.051604614532010689e-08,1.115966486768226297e-08,1.216039522154201615e-08,1.216492093168018830e-08,1.233754415372101786e-08,1.315507832792643588e-08,1.595549067491027746e-08,2.518641400676275502e-08,2.753671856867903174e-07,9.645495558581704694e-08,5.140836621736273324e-08,2.169011167973637641e-08,9.572465563628536740e-09,4.780229191503696123e-09,3.058058061129533042e-09,2.473438938720954529e-09,2.464159012638354016e-09,4.290625021134559526e-09,8.683642268203381071e-09,4.960976157869149884e-09,5.843341885602526452e-09,9.856628884815861744e-09,1.341235311703880854e-08,1.642149971177865892e-08,1.945829201037314436e-08,2.376992881680397651e-08,3.258351737892285979e-08,5.595816872948751617e-08,5.795803235515267757e-07,2.006682511491942835e-07,1.032137830397533943e-07,4.058838822592291450e-08,1.459179494750460873e-08,4.029454301893623324e-09,2.157105053093079032e-10,1.482090938496540762e-09,1.788749308646137442e-09,6.190305256889602247e-09,1.781657898636369082e-08,9.566745576457892709e-09,8.925812280015595907e-10,7.313261911781862496e-09,1.243837974633493614e-08,1.602310932016372920e-08,1.871958247322489394e-08,2.127317382707753612e-08,2.517774481968230301e-08,3.480705815475924629e-08,3.296355379657158049e-07,1.157617546764630728e-07,6.321696945484600841e-08,2.994503307746675649e-08,1.644474451226455629e-08,1.088963887604141263e-08,8.718927329058463008e-09,7.991680697596843937e-09,8.733932079585475818e-09,4.579591087957656324e-09,1.271421971954737417e-08,8.500936619406862334e-09,7.305997597296218161e-09,1.226981737319593658e-08,1.674736939624357065e-08,2.050824818006866668e-08,2.455875654179861944e-08,3.043572357785419780e-08,4.159952543405384745e-08,6.864007278731530566e-08,5.923125679794092504e-07,2.038815983211889608e-07,1.026266927716480382e-07,4.427057558476568583e-08,2.120852376309874357e-08,1.309988680872687142e-08,1.128419798052427790e-08,1.211082954069070208e-08,1.525615305340442501e-08,1.470687219149022351e-08,1.236779569352037467e-08,9.846598832718804797e-09,1.023863042916548962e-08,1.265920897260304674e-08,1.435399147527713449e-08,1.556888574749630407e-08,1.688641229783046130e-08,1.890253922985342404e-08,2.268197446999987081e-08,3.132221939473958918e-08,2.301987636198205375e-07,7.966533684817184284e-08,4.319272934178845957e-08,2.959935842167186171e-08,2.812682553973430228e-08,3.169492394171634699e-08,3.772449728007402195e-08,4.512799640655632388e-08,5.323830441253596297e-08,5.828835194621105065e-08,8.920929933591590368e-08,8.003667066593898195e-08,7.326711467706683314e-08,7.026641779878326978e-08,6.894907183140623195e-08,6.962167756231415699e-08,7.361259335950400154e-08,8.416227556377438410e-08,1.101370821832706611e-07,1.796402319197039570e-07,1.475705970604063627e-06,5.048688761001489334e-07,2.474683272368660382e-07,9.556357959394951093e-08,3.391464158352609047e-08,1.198976358298282114e-08,8.398635806123131039e-09,1.196675733837022287e-08,1.815129162215580625e-08,2.475801629609199775e-08,4.176941526127545694e-08,4.085300357260472748e-08,3.917362751321674738e-08,3.725740894732226865e-08,3.620150548813801995e-08,3.120110673222918673e-10,3.171136059923024947e-10,3.256907607145779774e-10,3.373382471849911612e-10,3.516356866753562553e-10,3.681718850721755436e-10,3.865629741910267951e-10,4.064625837291572376e-10,4.275654695712355683e-10,4.496067483586490432e-10,4.723586811687099667e-10,4.956264073353855224e-10,5.192434937254787839e-10,5.430677626988053923e-10,5.669776011794482982e-10,5.908688031468184692e-10,6.146519202290385714e-10,6.382500615977742149e-10,6.615970745203320958e-10,6.846360394681333761e-10,7.073180212554995555e-10,7.296010268430998106e-10,7.514500013142762822e-10,7.728388802866323156e-10,7.937490966616283946e-10,8.141675065494136596e-10,8.340847734950644553e-10,8.534942001281787821e-10,8.723910118200165244e-10,8.907721058577390270e-10,9.086362840693070107e-10,9.259849866777029367e-10,9.428235415402916833e-10,9.591629363803328002e-10,9.750221124930341683e-10,9.904307670381381399e-10,1.005432637608890598e-09,1.020089227112498621e-09,1.034483909323332525e-09,1.048726334689131326e-09,1.062957033056093656e-09,1.077352083519989309e-09,1.092127693999948567e-09,1.107544504257602910e-09,1.123911403166016559e-09,1.141588639035171079e-09,1.160990019583820231e-09,1.182584071259512142e-09,1.206894202394587631e-09,1.234498251820734841e-09,1.266028347404265581e-09,1.302172632091779289e-09,1.343680462980662245e-09,1.391369995032608910e-09,1.446126503514231720e-09,1.508852712082333608e-09,1.580283009544745655e-09,1.660524560985481078e-09,1.748233991375426266e-09,1.839622791291564691e-09
1.932637424631530394e-09,2.011901402474141138e-09,2.067035980990632545e-09,2.107766672778502061e-09,2.145126271489854176e-09,2.188309933235124637e-09,2.243084245790461095e-09,2.311662947361099838e-09,2.393535314172880499e-09,2.486604156720884823e-09,2.588171425241132875e-09,2.695589510645732634e-09,2.806595811675374048e-09,2.919426776260485036e-09,3.032807924619594272e-09,3.145888196605026627e-09,3.258158317288774310e-09,3.369372708306872328e-09,3.479482676317808408e-09,3.588582580320740466e-09,3.696868003479567566e-09,3.804604021642300924e-09,3.912101546424662186e-09,4.019699942280361821e-09,4.127754441297074899e-09,4.236627201838457318e-09,4.346681137029128137e-09,4.458275867384483070e-09,4.571765329533118068e-09,4.687496709844492754e-09,4.805810474946931937e-09,4.927041350859767386e-09,5.051520164770046433e-09,5.179576515110267623e-09,5.311542281892395542e-09,5.447756033841535653e-09,5.588568436492542802e-09,5.734348819776176786e-09,5.885493130263191289e-09,6.042433578326125597e-09,6.205650405730824426e-09,6.375686357423013360e-09,6.553165032472364282e-09,6.738813788016920865e-09,6.933489565431799278e-09,7.138212158540975418e-09,7.354208960717858253e-09,7.582976532529507827e-09,7.826367595495687022e-09,8.086717754086808316e-09,8.367036440390750971e-09,8.671305260970250486e-09,9.004962018913679621e-09,9.375716254276942741e-09,9.794975708447128603e-09,1.028043461679024075e-08,1.086094304538659335e-08,1.158600092523881303e-08,1.254492185201373140e-08,1.390671888376424265e-08,1.391128319445380254e-08,1.402532861518069195e-08,1.451081459160916639e-08,1.588307783373712939e-08,1.906606606191881452e-08,6.023936283013125898e-09,4.043304144478613134e-08,3.483374574286633844e-08,2.325528466606792487e-08,1.560244317109094618e-08,1.160555691958414210e-08,9.666775337147151998e-09,8.449385504690602658e-09,7.166148328426249921e-09,5.689045698708095453e-09,5.939410449665804563e-09,7.666259661868288009e-09,1.059733499402891216e-08,1.392059256003201772e-08,1.694279338843447505e-08,1.965176932274632249e-08,2.241237179313632843e-08,2.595244072641201220e-08,3.155010224179639487e-08,4.098245411263729164e-08,1.326759960991842974e-08,8.231516981603471496e-08,6.813554058784852284e-08,4.240916597386845066e-08,2.524343995117134092e-08,1.611290441962397269e-08,1.190425089607039495e-08,1.011023400220490553e-08,9.129950975736942025e-09,7.424260122845652557e-09,5.648881191464583002e-09,8.363441626363369757e-09,1.143243892793444880e-08,1.508867021515957802e-08,1.831640343374444224e-08,2.097087008350654427e-08,2.324513591645127839e-08,2.553358636288426303e-08,2.854445972749908014e-08,3.360461887899766729e-08,1.204593749645613233e-08,5.175267830314722565e-08,4.450015502066293320e-08,3.112510730729764403e-08,2.281834582542549448e-08,1.924489133149408593e-08,1.878208940982489504e-08,2.027849944967586354e-08,2.322178692542198097e-08,2.647301696395593602e-08,3.225256648002874995e-08,2.788136230153281332e-08,2.440658009736996428e-08,2.399776791578424194e-08,2.485378396604021514e-08,2.655469678939913569e-08,2.931329334912527557e-08,3.378645487799355133e-08,4.115955306421645865e-08,5.288654349900835017e-08,2.197335317432178365e-08,8.639843469088397507e-08,6.963938251328418009e-08,4.436643662818782570e-08,2.839932344032647653e-08,2.093943232837496209e-08,1.921283777547218501e-08,2.135899368845676323e-08,2.661980040847119838e-08,3.397864406141114771e-08,4.554001403826016123e-08,3.628162608288927454e-08,2.800134794409126159e-08,2.382403982723796063e-08,2.176540943666735962e-08,2.104915231675021152e-08,2.143831167711699951e-08,2.299827695822586449e-08,2.609670735655071843e-08,3.154234344074428895e-08,1.422911061039205540e-08,3.874510217067388303e-08,3.379394494794898868e-08,2.852697500987270493e-08,2.789721435992393687e-08,3.136419542983778267e-08,3.824001209054389873e-08,4.854287083778550300e-08,6.318956983092977589e-08,8.446538312672560042e-08,1.209569399839046632e-07,1.046669807795305892e-07,8.927991341156068775e-08,7.971957116760817379e-08,7.456966006448168957e-08,7.317010317081279896e-08,7.577696685469794686e-08,8.381922562864094685e-08,1.002660251870143173e-07,1.286585366363068715e-07,5.266356999511044560e-08,2.077992898376720516e-07,1.614489111502964410e-07,9.349310978892443614e-08,4.910771770883772646e-08,2.647704092484883077e-08,1.836867566901908316e-08,1.910662046039062190e-08,2.548913789948483531e-08,3.644097795181065597e-08,5.294645972685666097e-08,4.738924149117833475e-08,4.179360496831087621e-08,3.750091473000623848e-08,3.529195290332307818e-08,2.939725636693006623e-10,3.008877100644522756e-10,3.113080038114457758e-10,3.247589696205039443e-10,3.407717130573074896e-10,3.589059457956410266e-10,3.787640783170982219e-10,3.999968520468820448e-10,4.223029434358346704e-10,4.454251305698371759e-10,4.691449840759693301e-10,4.932773027261221299e-10,5.176649344728224003e-10,5.421742500261293023e-10,5.666913254242475388e-10,5.911187867249194079e-10,6.153732284530134685e-10,6.393831088221239839e-10,6.630870315223704309e-10,6.864323363785424369e-10,7.093739350787977990e-10,7.318733406787152030e-10,7.538986325323422559e-10,7.754262120216775495e-10,7.964393024868557248e-10,8.169259478426189141e-10,8.368774575275412940e-10,8.562872916424533106e-10,8.751503942325038022e-10,8.934629903866374696e-10,9.112228659039448614e-10,9.284301470130192868e-10,9.450885928385238484e-10,9.612074060911212827e-10,9.768035573593242413e-10,9.919046064615656871e-10,1.006551990409122059e-09,1.020804731204892383e-09,1.034743498717636543e-09,1.048474942646609743e-09,1.062136184248896924e-09,1.075899332726481691e-09,1.089975864478215378e-09,1.104620679671099326e-09,1.120135637152885522e-09,1.136872378851517082e-09,1.155234315073115778e-09,1.175677795404616242e-09,1.198712808093604489e-09,1.224904129484279329e-09,1.254874765285049188e-09,1.289314673741747661e-09,1.328998331597607398e-09,1.374812058503854031e-09,1.427779861222654839e-09,1.489044189950715246e-09,1.559697724338310724e-09,1.640298754493606179e-09,1.729941075586667361e-09,1.825055972175454757e-09
1.923742274152015090e-09,2.008744911224495300e-09,2.068286707268021503e-09,2.111726218818191157e-09,2.150224728327641210e-09,2.193308037136605643e-09,2.247105978970323080e-09,2.314154510135021463e-09,2.394198065752795390e-09,2.485323047296824212e-09,2.584951042500832033e-09,2.690504145921771944e-09,2.799754640438500814e-09,2.910951760990350411e-09,3.022820903729007117e-09,3.134503982456021898e-09,3.245481487941735647e-09,3.355496577151823083e-09,3.464489494945860844e-09,3.572544397311757625e-09,3.679847831792350995e-09,3.786657115194470888e-09,3.893276684365906958e-09,4.000040685396501814e-09,4.107300369993341472e-09,4.215415175010058950e-09,4.324746632842364289e-09,4.435654482883153930e-09,4.548494531858618167e-09,4.663617949465527420e-09,4.781371794380336913e-09,4.902100654577005043e-09,5.026149359956406032e-09,5.153866794049236950e-09,5.285610899279533325e-09,5.421755043277710137e-09,5.562695997332176880e-09,5.708863878862694474e-09,5.860734536249119160e-09,6.018845014369951392e-09,6.183812952809997971e-09,6.356361047708562551e-09,6.537348472556397527e-09,6.727810982935178828e-09,6.929009246939936325e-09,7.142491337275389470e-09,7.370175182671577395e-09,7.614458270904947723e-09,7.878365045392962191e-09,8.165747223303269961e-09,8.481559656240252727e-09,8.832245921227232867e-09,9.226285992257703163e-09,9.674986500846159058e-09,1.019363566994796239e-08,1.080319795732219642e-08,1.153275762416652357e-08,1.242279276782262282e-08,1.352850743811497721e-08,1.491876945329520590e-08,1.492335377792805282e-08,1.482201683123479062e-08,1.444189157386741204e-08,1.341160879071068624e-08,1.022613676738572162e-08,1.966439504990330023e-08,2.558060880815501180e-08,2.521015321804345742e-08,2.154416853996754740e-08,1.842006972243475573e-08,1.674233305583973275e-08,1.601410700759157053e-08,1.533590769119718148e-08,1.398807545711735744e-08,1.210927272799172444e-08,1.164471798370623648e-08,1.339939886005576868e-08,1.554394000719559202e-08,1.801797993822175772e-08,2.024245066980662049e-08,2.213657325132908610e-08,2.377223558053460885e-08,2.512254441653913197e-08,2.551392948975312982e-08,2.176758415693240125e-08,3.910652208918961851e-08,4.950255130721880607e-08,4.651525717529153199e-08,3.686204818286369128e-08,2.857479316915578131e-08,2.373590317403508562e-08,2.171008503994945313e-08,2.116222341391724060e-08,2.102888217696582382e-08,2.131555657099341763e-08,2.465764004046171426e-08,2.305576718488821756e-08,2.199627150485156592e-08,2.276076829051520801e-08,2.409773427760072140e-08,2.552549391133663822e-08,2.689662062177619871e-08,2.812530661314421808e-08,2.880234618525245157e-08,2.705075889600674529e-08,3.439141102887319129e-08,3.612593947221495783e-08,3.314883197902946331e-08,2.813705603535422257e-08,2.515326246891943917e-08,2.513802616290024303e-08,2.766000995620916167e-08,3.211312285942646560e-08,3.844768692314435706e-08,4.792036570520366161e-08,6.494482545763398534e-08,5.206512337731844255e-08,4.035890276241863017e-08,3.421124369229182913e-08,3.139545681425283571e-08,3.063240752604604654e-08,3.129727314649935426e-08,3.300399613703479113e-08,3.487591532956844637e-08,3.350074115447415646e-08,4.653264325225398125e-08,5.280295566966672496e-08,4.716907379296152422e-08,3.651300728047739418e-08,2.824270401296030401e-08,2.438048278890051234e-08,2.477369856780039710e-08,2.902626166333456457e-08,3.737856936543556835e-08,5.118792288454783445e-08,7.416843884079487399e-08,5.734235833550261666e-08,4.158593472596206605e-08,3.228060258855682846e-08,2.716581952400960242e-08,2.471208568372709655e-08,2.405313064254340668e-08,2.471261015817261887e-08,2.620211232768488116e-08,2.708242380648310747e-08,2.984738459295121287e-08,2.836906056420675694e-08,2.568671565022372904e-08,2.370105581896006112e-08,2.446969942546279660e-08,2.861069669538999489e-08,3.649479031006040343e-08,4.905653319784722332e-08,6.834529685993373146e-08,9.787765903284532234e-08,1.425039608688148004e-07,1.188157490321300369e-07,9.622531598203534228e-08,8.184195583556681589e-08,7.369541669660684355e-08,7.001135326488823358e-08,6.970300562198738778e-08,7.196557431332647421e-08,7.472844061913729069e-08,6.965486843473965519e-08,1.018233820399791418e-07,1.180997634912296168e-07,1.016169580149194621e-07,7.054327700554745442e-08,4.407182004590794302e-08,2.758063398767692767e-08,2.059549388171792251e-08,2.142394186619163296e-08,2.912315507316836223e-08,4.371044772870897514e-08,6.498479760794351227e-08,5.314332783929331256e-08,4.167071624163065878e-08,3.430235816284286498e-08,3.086350473551741189e-08,2.761446186948420083e-10,2.852084388199505690e-10,2.977276059295762628e-10,3.131703353622432335e-10,3.310328824891135402e-10,3.508588397567366442e-10,3.722480588322660001e-10,3.948572416584478885e-10,4.183955560032855268e-10,4.426180712158731471e-10,4.673187893716042085e-10,4.923241914963249192e-10,5.174876655127797864e-10,5.426848788264974311e-10,5.678100164307899095e-10,5.927727538166012745e-10,6.174958281060672332e-10,6.419130842825920453e-10,6.659678936886332048e-10,6.896118620386207132e-10,7.128037623491770770e-10,7.355086427209085895e-10,7.576977609574323274e-10,7.793500371498388479e-10,8.004505462948801215e-10,8.209885894422452448e-10,8.409561982544114941e-10,8.603470721392789106e-10,8.791559595118106028e-10,8.973785013938489573e-10,9.150115565648391137e-10,9.320540255927844515e-10,9.485081848975412172e-10,9.643815337017024399e-10,9.796891463420283429e-10,9.944565095102621977e-10,1.008722809580126133e-09,1.022544618657240577e-09,1.035999909220554690e-09,1.049192305717201784e-09,1.062255457902070668e-09,1.075357395061217749e-09,1.088704694964369093e-09,1.102546282492708007e-09,1.117176669343910237e-09,1.132938479091447428e-09,1.150224205844234803e-09,1.169477390863337229e-09,1.191193866203625598e-09,1.215924539649626594e-09,1.244282495441754377e-09,1.276958843841187198e-09,1.314752818480239035e-09,1.358618954459318569e-09,1.409720320953553282e-09,1.469439095419868240e-09,1.539224961641895153e-09,1.620084610155173825e-09,1.711547270400770648e-09,1.810267102307816436e-09
1.914507454641903767e-09,2.005120095006314189e-09,2.068952225909985384e-09,2.114987818112008809e-09,2.154515832488891704e-09,2.197393304050015468e-09,2.250112941499573465e-09,2.315532113310063988e-09,2.393649982393773233e-09,2.482736614943898922e-09,2.580333503908014184e-09,2.683932578766033645e-09,2.791340849128137429e-09,2.900819904044099960e-09,3.011094395278420335e-09,3.121298490923607187e-09,3.230901684028951213e-09,3.339635081754116169e-09,3.447427061053083316e-09,3.554350739288341594e-09,3.660582753110220027e-09,3.766371736033491107e-09,3.872014667816892593e-09,3.977839425185409029e-09,4.084192144989204133e-09,4.191428304180394778e-09,4.299906683141891690e-09,4.409985597498565949e-09,4.522020959058300160e-09,4.636365867412698771e-09,4.753371546728167917e-09,4.873389538470655833e-09,4.996775145869114915e-09,5.123892208774185640e-09,5.255119374472344126e-09,5.390858127159958785e-09,5.531542953459954452e-09,5.677654161683420137e-09,5.829734048213194273e-09,5.988407327822744719e-09,6.154407034189569148e-09,6.328607471195154624e-09,6.512066693298351851e-09,6.706081097397621971e-09,6.912252529272158702e-09,7.132574826060576030e-09,7.369546693625665379e-09,7.626319133085201951e-09,7.906888075922572307e-09,8.216345800239392655e-09,8.561207749246817887e-09,8.949833424219526301e-09,9.392957890148186209e-09,9.904335771263949057e-09,1.050145117874086675e-08,1.120611121982430512e-08,1.204438275783525884e-08,1.304441376567644365e-08,1.422836491386349969e-08,1.558897079237992496e-08,1.559357250773867325e-08,1.534742925584310829e-08,1.448676056482987755e-08,1.259802821642544828e-08,8.792924882796177452e-09,1.279454918103291398e-08,1.773177668066430198e-08,1.958591741089257334e-08,1.989290170431608115e-08,2.030899454078566871e-08,2.141106004306051953e-08,2.280333210342564353e-08,2.344899665664340199e-08,2.209266871636958004e-08,1.837431069629457933e-08,1.534123277561328249e-08,1.741791258743754464e-08,1.988192354954972613e-08,2.182376245698549589e-08,2.317742740847610346e-08,2.408588168299745315e-08,2.455082323740087792e-08,2.432995919438691818e-08,2.267857606569698840e-08,1.787925235649823265e-08,2.357856037664515865e-08,3.146347068651303656e-08,3.286813465818545937e-08,3.098872027226153273e-08,2.926794414577250057e-08,2.921910301811874764e-08,3.065060120076224320e-08,3.239416605945324132e-08,3.309739930259872197e-08,3.274928697169723428e-08,3.578101724957385404e-08,3.251295143726364859e-08,2.992813890496885540e-08,2.902095564756068956e-08,2.889713552007917985e-08,2.919145947069394285e-08,2.969369905112351171e-08,3.022580947460179578e-08,3.042068136367814121e-08,2.925573746261907425e-08,2.655896132582702291e-08,2.621204748447462423e-08,2.476559426977237487e-08,2.392535340874369710e-08,2.523236263294847687e-08,2.919789573727397863e-08,3.539401147733011064e-08,4.299829343216584110e-08,5.165882652285589914e-08,6.324332507899665538e-08,8.468177828893834924e-08,6.632460691538672613e-08,4.955446922776137803e-08,4.000675218090443556e-08,3.480775193646032979e-08,3.218172233529973319e-08,3.109444372819075652e-08,3.085063754385096651e-08,3.061114088316254890e-08,2.872062125835749750e-08,2.935445648882826832e-08,3.267097557281410767e-08,3.106009586633898743e-08,2.733849160524112313e-08,2.460431740168389000e-08,2.452334490509380771e-08,2.756915540661646566e-08,3.386638427776615480e-08,4.416265722074895188e-08,6.103537380673197333e-08,8.988698185136117978e-08,6.794882190145328650e-08,4.740996507380197849e-08,3.552745112186940565e-08,2.902217264216093476e-08,2.573863198155151806e-08,2.449676873162024117e-08,2.470203355781127998e-08,2.596356875610752521e-08,2.758889582148193638e-08,2.284765289821213253e-08,1.997671349206308669e-08,1.760162850478038272e-08,1.682036934295954372e-08,1.843795179607173640e-08,2.304105659017631950e-08,3.124726719479880176e-08,4.436690704859937195e-08,6.527915883982027890e-08,9.898457555615756108e-08,1.509489149494536728e-07,1.203697943775913058e-07,9.143898967642734516e-08,7.472123704638688318e-08,6.564336129651936818e-08,6.089071583668396247e-08,5.847901497304395588e-08,5.694669609033216221e-08,5.426218998063410784e-08,4.634737671385796592e-08,5.271640663903630839e-08,6.450726824427155936e-08,5.927421725509737067e-08,4.504268367691466808e-08,3.041155536115552746e-08,2.010353839053412655e-08,1.568549769450791380e-08,1.753573191039401200e-08,2.677969867874084994e-08,4.564451374472496247e-08,7.509235900859820528e-08,5.507202129329876526e-08,3.608209518186294242e-08,2.602836120675074922e-08,2.195277250205516667e-08,2.588286385476090510e-10,2.703716042442794511e-10,2.852218460119257902e-10,3.028135788135340420e-10,3.226283066902052864e-10,3.442100357443305583e-10,3.671687790319218659e-10,3.911763707538994914e-10,4.159587144627273145e-10,4.412872067186365620e-10,4.669707564405790264e-10,4.928489539343184085e-10,5.187864798116656147e-10,5.446686360638912293e-10,5.703978130435295657e-10,5.958907032341075667e-10,6.210760959819001613e-10,6.458931181154093590e-10,6.702898142584010150e-10,6.942219857114788892e-10,7.176522264949087040e-10,7.405491108268402870e-10,7.628870943102099756e-10,7.846476545786096613e-10,8.058177730597681835e-10,8.263880759996102200e-10,8.463513956403094367e-10,8.657017563864694571e-10,8.844338015584527213e-10,9.025426811349445476e-10,9.200244205027605170e-10,9.368767869020406319e-10,9.531006630063000384e-10,9.687019279630949246e-10,9.836938348904607770e-10,9.980998605857177962e-10,1.011956988201107492e-09,1.025319366657127623e-09,1.038262271384149723e-09,1.050886269121335880e-09,1.063321465570411773e-09,1.075731689124780095e-09,1.088318440616775747e-09,1.101324424023387185e-09,1.115036480983822298e-09,1.129787807811900742e-09,1.145959483081368551e-09,1.163981655311670050e-09,1.184335355278725698e-09,1.207556972552069801e-09,1.234249116756334438e-09,1.265103740991872291e-09,1.300944926120260604e-09,1.342795950088109942e-09,1.391959579862613996e-09,1.450057504440499796e-09,1.518893955285391429e-09,1.599918928804178885e-09,1.693092217285584855e-09,1.795291660528107116e-09
1.904957175652558582e-09,2.001041449885330843e-09,2.069043265146435875e-09,2.117564191073592059e-09,2.158017329623505286e-09,2.200588746246922083e-09,2.252132045758798902e-09,2.315824811433922653e-09,2.391920812814073239e-09,2.478874383882747138e-09,2.574347670297710232e-09,2.675902896755254518e-09,2.781381810677678639e-09,2.889057964012955445e-09,2.997654607640618206e-09,3.106297375403941561e-09,3.214443928801524323e-09,3.321812483319597821e-09,3.428318701467902313e-09,3.534023797500397640e-09,3.639093596730384171e-09,3.743767095206817251e-09,3.848332790597436478e-09,3.953111176116630313e-09,4.058442047883782614e-09,4.164675555522555103e-09,4.272166178649879615e-09,4.381269026004737214e-09,4.492338027553540062e-09,4.605725731829733214e-09,4.721784536756228768e-09,4.840869284515382252e-09,4.963341243769041107e-09,5.089573597225381602e-09,5.219958653357018857e-09,5.354917117911613327e-09,5.494909898589564381e-09,5.640453087094183381e-09,5.792136975161825567e-09,5.950650231157517994e-09,6.116810707902726729e-09,6.291604792293129227e-09,6.476238201089644409e-09,6.672201447069365909e-09,6.881350954075427801e-09,7.106013382117088244e-09,7.349120728695795182e-09,7.614384848491214931e-09,7.906521813542699284e-09,8.231537918907301162e-09,8.597088989136618224e-09,9.012920378237857939e-09,9.491380980139598078e-09,1.004796831997290441e-08,1.070177685426106341e-08,1.147553166301653571e-08,1.239447722195146259e-08,1.348251813086051478e-08,1.475222370644880479e-08,1.618186115995678642e-08,1.618648254254168394e-08,1.591772283358274041e-08,1.502212720144653504e-08,1.323479653592187688e-08,1.005001619847303868e-08,1.179807787231570503e-08,1.346347218875009170e-08,1.605574385938586642e-08,1.868866818054495972e-08,2.208169751060002837e-08,2.639540282530681508e-08,3.099868576930281224e-08,3.428516504336404557e-08,3.338040133676574532e-08,2.497708330814258497e-08,1.189276582603833623e-08,1.883459351898470565e-08,2.420021717026547225e-08,2.549829821519257172e-08,2.574107204757890784e-08,2.560896806865173676e-08,2.512026641612555334e-08,2.407917154697604044e-08,2.216713792737341009e-08,1.876579227701019146e-08,2.209159977553952983e-08,2.079061407822669889e-08,2.343040362375768762e-08,2.583269398535188420e-08,2.911891495331057474e-08,3.404827951726497626e-08,4.014176887686062541e-08,4.557559191946735613e-08,4.714511643815391124e-08,4.172098862897953145e-08,3.393392811721842940e-08,3.522321428124616542e-08,3.507196873222512986e-08,3.342140230818469357e-08,3.220655392294651318e-08,3.156666982223608856e-08,3.135949970748117224e-08,3.154266914128300150e-08,3.227124680932741846e-08,3.330672391403000035e-08,3.243023209360421577e-08,1.813411617416867423e-08,1.649005633680846573e-08,1.825705102207127549e-08,2.335789854996240269e-08,3.182716512083699303e-08,4.269302699960576824e-08,5.401753401023458467e-08,6.338532556640998802e-08,7.048858359928261242e-08,8.553906744764803271e-08,6.690366689651664593e-08,4.984029283020525675e-08,4.007553370304210518e-08,3.441096171199844562e-08,3.101817396348277126e-08,2.889942712592065912e-08,2.756108126586626517e-08,2.693008521117935686e-08,2.696979944969541793e-08,2.835327520365600353e-08,1.852411469084619383e-08,1.802290505102621912e-08,1.807043769869746970e-08,1.920041665361535285e-08,2.252082880230699877e-08,2.831023346829968611e-08,3.623510385268115117e-08,4.625229500270646308e-08,6.102440512332262815e-08,9.011140830518064027e-08,6.499280807352437562e-08,4.306868801455928524e-08,3.231387272840401060e-08,2.674682281646210946e-08,2.387213638404634695e-08,2.264716072998703512e-08,2.276196594387397367e-08,2.443626866114008966e-08,2.780639990041214876e-08,2.683553107454518157e-08,1.165297092177180650e-08,8.442359234277829342e-09,8.109909528850953426e-09,1.015598105547595700e-08,1.486697923318208727e-08,2.243089887003724514e-08,3.364153841194807091e-08,5.164365779562270167e-08,8.473649721451801721e-08,1.461599864820120747e-07,1.051016470280361292e-07,7.110569687076717833e-08,5.723415068260492929e-08,5.085739292466811196e-08,4.718414568242970703e-08,4.421468509555268634e-08,4.097754390601698119e-08,3.703950698676979980e-08,3.195999427739803702e-08,3.942996155078369062e-08,2.979417398187164653e-08,2.768161580839156461e-08,2.137240152751039763e-08,1.361899032636740569e-08,7.966190547432524376e-09,5.922745742528948893e-09,7.388781451349126455e-09,1.582234637525596954e-08,3.843126217404462353e-08,8.292104457113751395e-08,4.844747549944892038e-08,2.073254892574367507e-08,1.180359637844887925e-08,9.597223866055928958e-09,2.424339332975921570e-10,2.567339668862042695e-10,2.740918604752109658e-10,2.939383420096909970e-10,3.157634486931462084e-10,3.391289651205986809e-10,3.636672692665640607e-10,3.890733667696070566e-10,4.150948601475302979e-10,4.415223221237186386e-10,4.681810456959907316e-10,4.949243626406694334e-10,5.216283864469209011e-10,5.481879292117681461e-10,5.745133390702443427e-10,6.005280400063738910e-10,6.261665992796643132e-10,6.513731886417978055e-10,6.761003387352338504e-10,7.003079123475857585e-10,7.239622422331380529e-10,7.470353939573793670e-10,7.695050265435123324e-10,7.913552099824422729e-10,8.125748895399629696e-10,8.331560915113805747e-10,8.530925361423011874e-10,8.723786686215221315e-10,8.910091278317438848e-10,9.089786753307479505e-10,9.262826053244333197e-10,9.429176513144397921e-10,9.588833970352514566e-10,9.741841890896847293e-10,9.888315367361022824e-10,1.002846970577960453e-09,1.016265316363727763e-09,1.029138322801383616e-09,1.041538562735470465e-09,1.053563504745603529e-09,1.065339627933138662e-09,1.077026427603595904e-09,1.088820137500784386e-09,1.100956984553138837e-09,1.113715811222939701e-09,1.127419980462169522e-09,1.142438675404941955e-09,1.159188114959052682e-09,1.178133975342488932e-09,1.199797635515147658e-09,1.224770923123393114e-09,1.253746675262007921e-09,1.287574353129627996e-09,1.327346962761237529e-09,1.374507888068357237e-09,1.430917900148235532e-09,1.498732221557487847e-09,1.579836843539606531e-09,1.674614258813235728e-09,1.780164469966376184e-09
1.895115662713860547e-09,1.996524005008275945e-09,2.068571441276549610e-09,2.119469218115999542e-09,2.160748318662446024e-09,2.202918875888163812e-09,2.253191852560843563e-09,2.315063475950927595e-09,2.389042296309490851e-09,2.473768025547949688e-09,2.567024677908709005e-09,2.666445566666470759e-09,2.769907373096112705e-09,2.875695285718491037e-09,2.982530485827526403e-09,3.089529236042487232e-09,3.196136476894807534e-09,3.302056643017253775e-09,3.407191801323011131e-09,3.511590374212595592e-09,3.615406455843429806e-09,3.718868429793747309e-09,3.822255258216570859e-09,3.925878894473605659e-09,4.030071505887898881e-09,4.135176458012761581e-09,4.241542255740100447e-09,4.349518845707386469e-09,4.459455855900415944e-09,4.571702489757732002e-09,4.686608910174678330e-09,4.804529054189078637e-09,4.925824917278497876e-09,5.050872447764600547e-09,5.180069302753234754e-09,5.313844844929423191e-09,5.452672913598337292e-09,5.597088092077918774e-09,5.747706429534326904e-09,5.905251872856068032e-09,6.070590041222733000e-09,6.244771452905327747e-09,6.429087369323579924e-09,6.625141899294390454e-09,6.834941669063508886e-09,7.061011002848722875e-09,7.306540617567656540e-09,7.575578840412450674e-09,7.873275943972182552e-09,8.206193186691113472e-09,8.582687390997595968e-09,9.013377020882694474e-09,9.511682065327664825e-09,1.009439870907214039e-08,1.078220458512894785e-08,1.159986377710808185e-08,1.257567147776778967e-08,1.373930310129795770e-08,1.511673017569022290e-08,1.672052790027526059e-08,1.672516955505468846e-08,1.652395256903808808e-08,1.589197445283610479e-08,1.477931947709748192e-08,1.310510075757871024e-08,1.063532246261785772e-08,8.645148433465959050e-09,1.293298447794155881e-08,1.724750919431907150e-08,2.355285502349596204e-08,3.183216511703325829e-08,4.138866647135084645e-08,5.030639071516427642e-08,5.324134661995566749e-08,3.786436161490485188e-08,7.324990909122576100e-09,3.598997437580335089e-08,3.193578059863234133e-08,2.935842852664691853e-08,2.776033854734707922e-08,2.655878403631286204e-08,2.532410396433133908e-08,2.381896314636166302e-08,2.234051932193827440e-08,2.355045822859023023e-08,7.126058667373047016e-09,6.769302707295514435e-09,1.488958101094870992e-08,2.052294388635733814e-08,2.815066981587276783e-08,3.867329225904582181e-08,5.142036568643968971e-08,6.389951873509539425e-08,6.950785372289718401e-08,5.422467672441150146e-08,1.217480606740004202e-08,4.831614425012295327e-08,4.041217778485208489e-08,3.614487298298171143e-08,3.374507456429546623e-08,3.233725139668428726e-08,3.147123665503369300e-08,3.114449741531076297e-08,3.261927102549499637e-08,4.258855185245500785e-08,3.543085027680785246e-08,2.435828197409052048e-09,5.425518554790514411e-09,9.855381272592818321e-09,1.878580547206970346e-08,3.293748480456355023e-08,5.070642759975424286e-08,6.848001926953753502e-08,7.913675417631897073e-08,7.178751153378041058e-08,5.981966168676439088e-08,5.432920294568886764e-08,4.116576696216846588e-08,3.465793683409556239e-08,3.051435202101351514e-08,2.744801163837881045e-08,2.485800367378778740e-08,2.256095547231421199e-08,2.165479134631338159e-08,2.928459149542867667e-08,4.421348033259998815e-08,5.943325423628214197e-09,6.122214446404868608e-09,9.063453147889802221e-09,1.284984769880945583e-08,1.927734591518232500e-08,2.836238113964219759e-08,3.849823110042481770e-08,4.648804324407721856e-08,4.989686781625763368e-08,7.192283114017741204e-08,3.667843336478374011e-08,2.710727909891432257e-08,2.329665865982977233e-08,2.109342630633167476e-08,1.964464480393422731e-08,1.873059476488349696e-08,1.850573895967965999e-08,2.038261123472727525e-08,3.161690759441342213e-08,4.703053760629650965e-08,8.343492508040075274e-09,3.599547695619445175e-09,3.632783503648431694e-09,3.793566187636889691e-09,6.907376662513932778e-09,1.312576428393875036e-08,2.015978837069504751e-08,2.759547069482093559e-08,4.572842458993575034e-08,1.287594374736111325e-07,3.385467531050929507e-08,2.848220843432594414e-08,3.030501624735873796e-08,3.155024782091557697e-08,3.105183446660824158e-08,2.859127905419842948e-08,2.420522682473152591e-08,1.964030352032575165e-08,2.625090539031720331e-08,8.256422946645716050e-08,1.201624142919449009e-08,3.376697418446629894e-09,3.884405613983229010e-09,6.999377442142974382e-09,1.055806320583109850e-08,1.257215755072925048e-08,1.310346707328596218e-08,1.008772056883926195e-08,1.100867312172558400e-08,8.874294726975591507e-08,1.254877635543720979e-08,1.566589199508239284e-08,1.472367604233308309e-08,1.406725530126544223e-08,2.274513115107172474e-10,2.446814130391155456e-10,2.646392431015425070e-10,2.867799854846881359e-10,3.106230042037033699e-10,3.357625323310741032e-10,3.618627962450012458e-10,3.886475553634742901e-10,4.158890397217701620e-10,4.433982577699312974e-10,4.710171677996793051e-10,4.986125961175178827e-10,5.260715925415623465e-10,5.532978983279284189e-10,5.802092475022189257e-10,6.067352819196331677e-10,6.328159142131544648e-10,6.584000168394152652e-10,6.834443488271194239e-10,7.079126569955752205e-10,7.317749066800722518e-10,7.550066101114818777e-10,7.775886357223583406e-10,7.995076888819413361e-10,8.207547494592675340e-10,8.413233346804529064e-10,8.612081572596156051e-10,8.804041958861223525e-10,8.989062016134150396e-10,9.167086647634175352e-10,9.338062633213315688e-10,9.501948074468445112e-10,9.658726853813742715e-10,9.808428051466654102e-10,9.951150136634177803e-10,1.008708960786642397e-09,1.021657359991136338e-09,1.034009579574413114e-09,1.045835478612665814e-09,1.057229379038602516e-09,1.068314040742442794e-09,1.079244482040373939e-09,1.090211467384457421e-09,1.101444479866655564e-09,1.113214027355509462e-09,1.125833236499654738e-09,1.139658935345428229e-09,1.155092925053653097e-09,1.172585067339354060e-09,1.192641396367393079e-09,1.215842894945828545e-09,1.242883669154733460e-09,1.274639520559797982e-09,1.312274599357439148e-09,1.357374079428114017e-09,1.412037167862212736e-09,1.478765494638165913e-09,1.559871688484935982e-09,1.656150265279472643e-09,1.764919539518454904e-09
1.885007075078353635e-09,1.991583286627232095e-09,2.067549207895699212e-09,2.120717826471581010e-09,2.162729070484472891e-09,2.204409486674131175e-09,2.253322358066890901e-09,2.313280619169128476e-09,2.385048037823102687e-09,2.467451283503648088e-09,2.558397901993277314e-09,2.655593421030104418e-09,2.756949853110642091e-09,2.860763788295693281e-09,2.965753686676184934e-09,3.071025580390705165e-09,3.176010763883413367e-09,3.280398967787392081e-09,3.384077756088545067e-09,3.487081852796281671e-09,3.589552688988484324e-09,3.691707050792185242e-09,3.793813299509126178e-09,3.896173674589328950e-09,3.999111398768661306e-09,4.102961554310970611e-09,4.208064934749589066e-09,4.314764279446078231e-09,4.423402468090872821e-09,4.534322391126713268e-09,4.647868331033043743e-09,4.764388794855295126e-09,4.884240839052994106e-09,5.007796031268102529e-09,5.135448308697819816e-09,5.267624125021791375e-09,5.404795437657667431e-09,5.547496282480076586e-09,5.696343926993377278e-09,5.852065899809752980e-09,6.015534580325370605e-09,6.187811521289498170e-09,6.370204758654481435e-09,6.564342940113958569e-09,6.772267675007804352e-09,6.996552212719923626e-09,7.240454733508193262e-09,7.508115694342397900e-09,7.804810601176406591e-09,8.137271342603134221e-09,8.514090232666409573e-09,8.946220105353643804e-09,9.447579453716618850e-09,1.003576138637987536e-08,1.073282730745504511e-08,1.156614414658025628e-08,1.256922136665254053e-08,1.378260885817466232e-08,1.525540660307005490e-08,1.704964340752625099e-08,1.705430165361642975e-08,1.694729941578086798e-08,1.665288601799861006e-08,1.633866328967212906e-08,1.660932975237708722e-08,1.652097350322319710e-09,1.314581451095776529e-08,1.014661924475366986e-08,1.430070008151704510e-08,2.370989653132740468e-08,3.688241017257832813e-08,5.357712890740653582e-08,7.372868272471741509e-08,9.296229915034461084e-08,8.024774316304435206e-08,1.310442283978092340e-07,5.254267872304967021e-08,3.716703973764915764e-08,3.121232821254157073e-08,2.838202789982705929e-08,2.657153414087639061e-08,2.486837111668971443e-08,2.265681519114517346e-08,1.900912157811685821e-08,1.091405726818998974e-08,2.906515632739469100e-08,8.114646060719356502e-09,9.257098576548286245e-09,1.379942557199934403e-08,2.508243649823470827e-08,4.216163411973841682e-08,6.440970294157311023e-08,9.088554897419094830e-08,1.147100105260726381e-07,9.501636390166063173e-08,1.211228608376596943e-07,5.139333264545896705e-08,4.061410662828720110e-08,3.565782358888088345e-08,3.303787801141767517e-08,3.136491625796497230e-08,2.987559084701893546e-08,2.779121756474564539e-08,2.327846234550455399e-08,9.423452270905997838e-09,6.790490366834829350e-08,1.973030053155055138e-08,3.458668454742048951e-09,4.067214686049200174e-09,9.784233092294478400e-09,3.137827608946561846e-08,6.011651756524811753e-08,9.193866825957335287e-08,1.150841746211935910e-07,8.005790753695870430e-08,1.914847098259078797e-08,1.498415417452466344e-08,2.461298663343620452e-08,2.570433490087370684e-08,2.446543391582378186e-08,2.241762809301851774e-08,1.963418224677972468e-08,1.542028113979645043e-08,7.685162699760332269e-09,1.509294857148048840e-08,7.068612121676623043e-08,1.607032256275351077e-08,5.459206525284432195e-09,7.188551085746283312e-09,8.584623269180500549e-09,1.557210409683055211e-08,2.910058471296041667e-08,4.512177183696344781e-08,5.573051269669247504e-08,3.652678116854500453e-08,1.159323740598166748e-07,3.455411240916008793e-08,1.310531001619739922e-08,1.361924494630518990e-08,1.455855524371395298e-08,1.448977102436082887e-08,1.366556048734520065e-08,1.171126723830935030e-08,6.860025766778354350e-09,1.163516057804043712e-08,6.985512517345145233e-08,2.899569458959314373e-08,1.096968435558240812e-08,1.575417558299038037e-08,1.524635287967748724e-08,1.250629038037789072e-08,1.434830591528757198e-08,2.167790671050387922e-08,3.351802313065483889e-08,6.282999550195940990e-08,3.130410199245684307e-07,9.736427008428982112e-08,2.489015716153715073e-08,5.776526543022102714e-09,1.312711277342429520e-08,1.581689152456404359e-08,1.386356714633264786e-08,6.736672484088931143e-09,9.565646274540185600e-09,5.137012979226178602e-08,1.118533614220794575e-07,3.060340930999365131e-08,1.225851766445695491e-08,1.921254114490596357e-08,2.564856973337347571e-08,2.838360443937653103e-08,2.970974639070823509e-08,3.491496875536278175e-08,5.065401767034720178e-08,7.528357017459695879e-08,2.984086165533326295e-07,1.060120096207507187e-07,5.295512013225508770e-08,3.539787953461975529e-08,2.968979335062995359e-08,2.143789059393995228e-10,2.345741987990274727e-10,2.571278423684380869e-10,2.815335538325252189e-10,3.073534434378137549e-10,3.342235510853561972e-10,3.618452769281658038e-10,3.899735282299347225e-10,4.184057343998223362e-10,4.469729064781163065e-10,4.755327563393319499e-10,5.039645267713900970e-10,5.321651331018146478e-10,5.600462709654712261e-10,5.875322210198347008e-10,6.145581509621936785e-10,6.410687706218090794e-10,6.670172376669298935e-10,6.923642422482797410e-10,7.170772204202066056e-10,7.411296622318226685e-10,7.645004910471687876e-10,7.871738072091082228e-10,8.091390166808934734e-10,8.303892298399803040e-10,8.509195718284460809e-10,8.707258779270355481e-10,8.898037971664420846e-10,9.081483314864986894e-10,9.257538367734794266e-10,9.426145067785531129e-10,9.587253529335797299e-10,9.740836829182889259e-10,9.886910687945530381e-10,1.002555782454782047e-09,1.015695661415634439e-09,1.028141352089385585e-09,1.039939859447411324e-09,1.051158312124652732e-09,1.061887828808670485e-09,1.072247347326222088e-09,1.082387253335456487e-09,1.092492627614576497e-09,1.102785932062809300e-09,1.113528998816565593e-09,1.125024319417387661e-09,1.137615928938275542e-09,1.151690773451164087e-09,1.167682535655529123e-09,1.186081729960141223e-09,1.207458673786256460e-09,1.232509461566626717e-09,1.262137600959002810e-09,1.297580198472723125e-09,1.340565606971510977e-09,1.393430599531494827e-09,1.459017678902493246e-09,1.540054890540319897e-09,1.637735483392236982e-09,1.749589918929135711e-09
1.874655427048082660e-09,1.986235281293346956e-09,2.065989803252203428e-09,2.121325876072141137e-09,2.163980847879178050e-09,2.205087438047314074e-09,2.252554781804610969e-09,2.310510215949304258e-09,2.379973377422377996e-09,2.459959891142849256e-09,2.548502913900255825e-09,2.643381641082768970e-09,2.742544030683227492e-09,2.844297959259651640e-09,2.947358564230347899e-09,3.050820796173646393e-09,3.154101366360024593e-09,3.256874360503227866e-09,3.359011916785944893e-09,3.460534144231952461e-09,3.561568875229518828e-09,3.662320315283038956e-09,3.763045165639532640e-09,3.864034786558438527e-09,3.965602150084944313e-09,4.068072564944956244e-09,4.171777382451795341e-09,4.277050090184911695e-09,4.384224365466038406e-09,4.493633798239197476e-09,4.605613108979496298e-09,4.720500791381939618e-09,4.838643208218130312e-09,4.960400270741898412e-09,5.086152944069710545e-09,5.216312950790016071e-09,5.351335200102923157e-09,5.491733659924469090e-09,5.638101625602422717e-09,5.791137635004294548e-09,5.951678654339281392e-09,6.120742628516712992e-09,6.299583566805300526e-09,6.489762937807134684e-09,6.693238632078031798e-09,6.912479507360134746e-09,7.150613843889601066e-09,7.411621471212122579e-09,7.700581889498637392e-09,8.023993832992271706e-09,8.390185575258416384e-09,8.809840268308089751e-09,9.296667886236826819e-09,9.868268003327362621e-09,1.054725365828403917e-08,1.136276539970908743e-08,1.235264094162634018e-08,1.356681415845570439e-08,1.507316985423060937e-08,1.696827862757884974e-08,1.697294564445047097e-08,1.692843254409665270e-08,1.681589300938837634e-08,1.671144912614327730e-08,1.658952912103549292e-08,1.857643364440480522e-08,1.069981164854335748e-09,3.139364132206119848e-09,6.530750337688265809e-09,2.076859427119225753e-08,3.943905136968423404e-08,6.380298001620732616e-08,1.001303707081818698e-07,1.672622060950546051e-07,1.512328550200569710e-08,3.386147240450945085e-08,3.561353153671727521e-08,3.175670737958981514e-08,2.883994667034338803e-08,2.695297034589338197e-08,2.550064547023155878e-08,2.400305570218230047e-08,2.209388217610466257e-08,1.943300064859321765e-08,1.582812009389667242e-08,2.177109958189109950e-08,2.382670921001437672e-08,3.180089749543179838e-09,8.740380164769484175e-10,1.692754395340929155e-08,4.166551721852252834e-08,7.497727547041098562e-08,1.230700868427219967e-07,2.066449727515113605e-07,2.680611622795454181e-10,3.520793086289336543e-08,3.597295255020925470e-08,3.348400467753551869e-08,3.150918151554602356e-08,3.015582332349905681e-08,2.904361276430151274e-08,2.776629141519621662e-08,2.584158480495992456e-08,2.256859245138373924e-08,1.738803067422652263e-08,2.498036679767081869e-08,6.961907646231620146e-08,2.948675202864502138e-08,2.881992225200428693e-08,1.026661292799925069e-08,2.389964409002706350e-08,6.813182303255298234e-08,1.265950061273613016e-07,2.123787405916231672e-07,3.935187892923489554e-08,1.724595765165985199e-08,1.382271049600262930e-08,1.663010257814029347e-08,1.826224118080506458e-08,1.839480665848206453e-08,1.735856583498969097e-08,1.520771359785862224e-08,1.165117542876569804e-08,6.364980928916325862e-09,5.466465562366565506e-09,7.571021831910580694e-09,6.597073579944005241e-08,5.117754823380893130e-09,2.033977384180434779e-08,1.819959750727149654e-08,1.378869792500397245e-08,2.965333221770290017e-08,5.902657635798113771e-08,1.001976859091971093e-07,5.610620515401225080e-08,1.509089412059797542e-08,1.804690490228625495e-08,1.162597743990443725e-08,9.630565736674805296e-09,9.968961963925127432e-09,1.019799227953926296e-08,9.684164969523108247e-09,8.096067331518595698e-09,5.190000797749296885e-09,5.060463166427214589e-09,6.615210936109184348e-09,7.187686572277607493e-08,2.221511976254359679e-08,3.445872955337946959e-08,3.308346959017188663e-08,2.507301395202032171e-08,2.082304744858279144e-08,3.141180144295639235e-08,6.208285849703234431e-08,9.159878869419658255e-08,4.933884200016299946e-08,5.256699303190283213e-08,2.801000614062237101e-08,1.043697363106156765e-08,3.332358143575683666e-09,5.069294181447428331e-09,3.954812434617750436e-09,1.901573347119627150e-09,1.291775072979698809e-08,2.920465759802251804e-08,1.492389786123447577e-08,1.058101183432807322e-07,3.260356089784074690e-09,3.824406261800277040e-08,4.961652676337071688e-08,4.887464335588784235e-08,4.412009847377208203e-08,4.752617013839804944e-08,8.445505012569497140e-08,9.619651612487165078e-08,5.740705567506658467e-08,6.745954403637583997e-08,5.361515505469592216e-08,4.370283991021681006e-08,3.924611828444885476e-08,2.036098787207033158e-10,2.266850065081013464e-10,2.517471633615989872e-10,2.783316315910656562e-10,3.060496224297678335e-10,3.345827521095766499e-10,3.636706176196037579e-10,3.930985359069576388e-10,4.226875175108856658e-10,4.522866487499740816e-10,4.817674782072962555e-10,5.110199173270732958e-10,5.399492337232514662e-10,5.684738143672135921e-10,5.965234639764492453e-10,6.240380726200237969e-10,6.509665372016479569e-10,6.772658575975426701e-10,7.029003538607902671e-10,7.278409687743440700e-10,7.520646323355915403e-10,7.755536734142400765e-10,7.982954809558568807e-10,8.202822636695855978e-10,8.415093960169530257e-10,8.619737646451648423e-10,8.816724919126018881e-10,9.006020655161285134e-10,9.187579052074525691e-10,9.361343939512112778e-10,9.527253943330942518e-10,9.685252612779979166e-10,9.835303508793466774e-10,9.977410124702684631e-10,1.011164037480161413e-09,1.023815523420767151e-09,1.035724095516450380e-09,1.046934409988321887e-09,1.057510842854672073e-09,1.067541244798233981e-09,1.077140618269304000e-09,1.086454548694033093e-09,1.095662206809089617e-09,1.104978745880183386e-09,1.114656976426378484e-09,1.124988361825776203e-09,1.136303730330483641e-09,1.148974789207480582e-09,1.163418775675545712e-09,1.180110669780407803e-09,1.199610541869448950e-09,1.222617516051477518e-09,1.250064550948171417e-09,1.283263875807723429e-09,1.324088582972147423e-09,1.375111907493689944e-09,1.439510818126866313e-09,1.520415884649389343e-09,1.619403408149188242e-09,1.734207568644133394e-09
1.864084513174588568e-09,1.980496398089522177e-09,2.063907195990479068e-09,2.121310045732973925e-09,2.164525728921633146e-09,2.204980444182410326e-09,2.250921357405246685e-09,2.306787523636718762e-09,2.373855253616537083e-09,2.451331480712195092e-09,2.537377429676086937e-09,2.629847734095529196e-09,2.726727142947399030e-09,2.826334853860168604e-09,2.927382165705282629e-09,3.028952137620061573e-09,3.130445974713435311e-09,3.231521177264530989e-09,3.332033531028939403e-09,3.431987612111952740e-09,3.531496723705005578e-09,3.630751521604324912e-09,3.729996012209099514e-09,3.829509547065058346e-09,3.929593589371537887e-09,4.030562245262358694e-09,4.132735769297034118e-09,4.236436446045705277e-09,4.341986410448303508e-09,4.449707103564198256e-09,4.559920172768857067e-09,4.672949724863278619e-09,4.789125934471289904e-09,4.908790105156600505e-09,5.032301384818198471e-09,5.160045455966654741e-09,5.292445662853967461e-09,5.429977210048241669e-09,5.573185280307592414e-09,5.722708186901384716e-09,5.879307013244354725e-09,6.043903618799799582e-09,6.217629917138900361e-09,6.401891885488171937e-09,6.598449145116266764e-09,6.809517703517547882e-09,7.037903824614239611e-09,7.287178638342758736e-09,7.561906210197712575e-09,7.867942118136850901e-09,8.212825865255664307e-09,8.606300106862383810e-09,9.061005478073140302e-09,9.593427363161767047e-09,1.022522139176856691e-08,1.098513957805583829e-08,1.191195993387939868e-08,1.305916196825244085e-08,1.450270575321266584e-08,1.635432459311929955e-08,1.635899192190668094e-08,1.634845165750127854e-08,1.634640077095213167e-08,1.648226232245558543e-08,1.704136866493587696e-08,1.881091470563610406e-08,1.573050592729310559e-08,1.533361568445252011e-08,4.535572981677305480e-09,1.048619879016787075e-08,2.799971260854602672e-08,4.779384392637078185e-08,7.375819123286810685e-08,1.445099948049613697e-07,1.617464268735936122e-08,1.911080222758970077e-08,2.299712877065347359e-08,2.425722240425242453e-08,2.438946873931246641e-08,2.410019125701283690e-08,2.353316642620324196e-08,2.265985888661994871e-08,2.146300056302089920e-08,2.008070856711451099e-08,1.913466238648705231e-08,2.060186122296587913e-08,2.286620230768977641e-08,2.935766566115841570e-08,1.865158537693896955e-08,5.861859742460987786e-10,2.544512508869988471e-08,5.490877662002601993e-08,9.285512448952330918e-08,1.870355453848471947e-07,1.712487039833183267e-08,1.854828550698832133e-08,2.246922618464772987e-08,2.459503290929393842e-08,2.556772184035702213e-08,2.591163830038315621e-08,2.580812351765926702e-08,2.527359300760987750e-08,2.428423288328670726e-08,2.294303842471588675e-08,2.197878215949685765e-08,2.396272471869634400e-08,3.014993680759316898e-08,6.315351235707851883e-08,5.397456764718862873e-08,3.108548521232381908e-08,5.282379780527618358e-09,4.701260028053073146e-08,1.009906013063071276e-07,2.091671641575416651e-07,5.877737967765381776e-09,4.589108699734648406e-09,6.509151661538965350e-09,9.507649152106138820e-09,1.182848175930536894e-08,1.293589875762581031e-08,1.288037569264129127e-08,1.177153788415996382e-08,9.693562062164740606e-09,6.963563365517197045e-09,4.913520231482362042e-09,5.265275312404275138e-09,1.579807870817132736e-08,3.830573743253105939e-08,4.142854695205021705e-08,3.338280434138350595e-08,1.825830065871053725e-08,1.865036302186236852e-08,4.813416701309312069e-08,1.091110913879684887e-07,7.330199213236861729e-09,1.112549271501851810e-08,1.228490578082540108e-08,9.731140961097727091e-09,7.793610515681046598e-09,7.294806665907213120e-09,7.316670785201541530e-09,7.127596991746664766e-09,6.451193435482801367e-09,5.365713004567387972e-09,4.525693890303687442e-09,4.722185292243316007e-09,1.408530616056091023e-08,4.625720729960379716e-08,5.008312018410554037e-08,4.415107001688153066e-08,3.028589152979758097e-08,1.548836857494756906e-08,2.390824761607891303e-08,4.952037791848774055e-08,2.652806721810737995e-08,3.376028995053735787e-08,3.370441240413188729e-08,2.364073025093964469e-08,1.327777997055883795e-08,6.103294145298694590e-09,2.634636216942790529e-09,2.096223524766823898e-09,4.858949796706966266e-09,1.061517237240342649e-08,1.720722444120374423e-08,1.925733491801506154e-08,4.722752936507719884e-09,4.483397775591196738e-08,6.335001686017728390e-08,6.635302467369632975e-08,5.694257531786665227e-08,3.930446604323224606e-08,2.132687098675186694e-08,3.059860430932726823e-08,3.171866534419702959e-08,4.344187154573524279e-08,5.033648378601686272e-08,4.840537059417205401e-08,4.500541412223326455e-08,4.298027999596602046e-08,1.953603020934548570e-10,2.211618527507880514e-10,2.485917177603125665e-10,2.772330554668256807e-10,3.067490080937872854e-10,3.368662024041834667e-10,3.673599391029775325e-10,3.980427062427040467e-10,4.287557987473938132e-10,4.593633559446081630e-10,4.897481441686878245e-10,5.198085524996029540e-10,5.494564143750609503e-10,5.786153837880981299e-10,6.072196799977456427e-10,6.352130748564353286e-10,6.625480386352950998e-10,6.891849892266163097e-10,7.150916091729913326e-10,7.402422086597080256e-10,7.646171216306502836e-10,7.882021282977276510e-10,8.109880150458353769e-10,8.329699475957724115e-10,8.541457483091347589e-10,8.745142660365481808e-10,8.940741178225637167e-10,9.128228371495463552e-10,9.307564625371350420e-10,9.478695950151925270e-10,9.641559440505884984e-10,9.796093707979920734e-10,9.942254250674280185e-10,1.008003358972672398e-09,1.020948586350830897e-09,1.033075541572291776e-09,1.044410875492375935e-09,1.054996907634941802e-09,1.064895233509988897e-09,1.074190362597284816e-09,1.082993237924170565e-09,1.091444465235577361e-09,1.099717067117628957e-09,1.108018591497968452e-09,1.116592478114311153e-09,1.125718777102097484e-09,1.135714723154869271e-09,1.146936458088118756e-09,1.159784608439325625e-09,1.174718766543238021e-09,1.192289408109680628e-09,1.213200034666650927e-09,1.238415148153895884e-09,1.269324573092555967e-09,1.307947823665214986e-09,1.357093247410316205e-09,1.420265081464739686e-09,1.500982052710345116e-09,1.601185678630017180e-09,1.718803245361654303e-09
1.853317837627141899e-09,1.974383429798979123e-09,2.061316029506743068e-09,2.120687720829173106e-09,2.164386435765783700e-09,2.204116869890098664e-09,2.248455127564294233e-09,2.302148900844652339e-09,2.366732060156157462e-09,2.441605482484753713e-09,2.525061248433157741e-09,2.615031503202330767e-09,2.709538875771971462e-09,2.806914098528383903e-09,2.905864237450588407e-09,3.005459725453425252e-09,3.105085379553589827e-09,3.204381193237550361e-09,3.303185681877432639e-09,3.401486978271639813e-09,3.499382939872942818e-09,3.597049729559044014e-09,3.694717666067885287e-09,3.792653024192900294e-09,3.891144584621890696e-09,3.990493933166037384e-09,4.091008716514236089e-09,4.192998247484934349e-09,4.296771009304938321e-09,4.402633737200935618e-09,4.510891862921862418e-09,4.621851200437439256e-09,4.735820836850385232e-09,4.853117276816577390e-09,4.974069979898298849e-09,5.099028531345535190e-09,5.228371806490178163e-09,5.362519632457301323e-09,5.501947627594330062e-09,5.647206119461419463e-09,5.798944320643769490e-09,5.957941294358518005e-09,6.125146177982773697e-09,6.301730544065075143e-09,6.489153017176544590e-09,6.689242907646156536e-09,6.904309899533792408e-09,7.137288450020194573e-09,7.391928811984196604e-09,7.673051385575394647e-09,7.986888409474938485e-09,8.341548520953563088e-09,8.747658463659221342e-09,9.219267516464279613e-09,9.775153260876948496e-09,1.044075758619800292e-08,1.125113438362014548e-08,1.225554404725116809e-08,1.352474562795647659e-08,1.516273226223165177e-08,1.516739080693471657e-08,1.515243555949362269e-08,1.513188503303732153e-08,1.521812458466699407e-08,1.565057107548640287e-08,1.693792543955497808e-08,2.014139023331569192e-08,1.393656972121075665e-08,3.475734471343203392e-09,1.096223008591823910e-08,2.783958222684783321e-08,4.678974342167776848e-08,6.798547285631795157e-08,6.598919710808292220e-08,1.665455463257751205e-08,2.764735127933245530e-09,1.216571929896974596e-08,1.700080701219947063e-08,1.946629789467638576e-08,2.063611432022864431e-08,2.100018971126329028e-08,2.079889973844421749e-08,2.021992354184302278e-08,1.954570580097778106e-08,1.931765037449708111e-08,2.048155902012299754e-08,2.403448173191597154e-08,2.647911190192258877e-08,1.647507699281369143e-08,1.844510230055193279e-09,2.574019610823539911e-08,5.387228877923022968e-08,8.548212905459907095e-08,8.654561936683136833e-08,2.454347649937715434e-08,1.306936921039706646e-09,9.925439914800750117e-09,1.594485101385888540e-08,1.930448781365708808e-08,2.115159364399260089e-08,2.204445788601417656e-08,2.229699972418607883e-08,2.217790461039832320e-08,2.209149402522728258e-08,2.281559624343720043e-08,2.568773337200132843e-08,3.192756199224733153e-08,5.634244036110129300e-08,4.961517451829578158e-08,2.812932436062689185e-08,6.139915657821021942e-09,4.591333531228099663e-08,9.187600850513784975e-08,1.049821574726467342e-07,3.763755655545726721e-08,1.481459361057555886e-08,5.511476238027891692e-09,4.174964120304722558e-09,6.638573109837084461e-09,8.402574323652583582e-09,9.146570082081682449e-09,9.025679268726793732e-09,8.270802102948554637e-09,7.266867190455161762e-09,6.693368129739638450e-09,7.486827138967063135e-09,9.717293453263699337e-09,3.428947029627970512e-08,3.842423330436473803e-08,3.108302215091923663e-08,1.704222454007729617e-08,1.843148712898724705e-08,4.379732814091879723e-08,5.387368446802250468e-08,2.181491750046462632e-08,1.345639795643943248e-08,1.088990108282893004e-08,8.801368597825207075e-09,7.120597229028874105e-09,6.185505028761313227e-09,5.832783892698172120e-09,5.694816381602256695e-09,5.543973154686871118e-09,5.385639033644219923e-09,5.534678652329681138e-09,6.865145886946294138e-09,9.838987183227929246e-09,4.095982523307554607e-08,4.667455181027816790e-08,4.147142315546833847e-08,2.866779837308085050e-08,1.517014349976581915e-08,2.169261378511145082e-08,3.290004099672958590e-08,2.393930744957739646e-08,2.469155674037495005e-08,2.374130703467922878e-08,1.886251645152487812e-08,1.289931279164294366e-08,7.979054212517283076e-09,4.979794900511869017e-09,4.044029330281133313e-09,4.978895669296970705e-09,7.142166131411772193e-09,9.136017868343563665e-09,9.167202864224970010e-09,8.443122053057504317e-09,4.013622196179774288e-08,5.953741322067593367e-08,6.304498752800477607e-08,5.456752607331609193e-08,3.827569294961710668e-08,2.030927622375741014e-08,3.856575365009034741e-09,2.059765237890625439e-08,3.269380806855216294e-08,4.018192673057019021e-08,4.288154272651932896e-08,4.327693461353098076e-08,4.311328324611279255e-08,1.896892440234344366e-10,2.180295535659982721e-10,2.476612859364945850e-10,2.782245435049349715e-10,3.094343278839114585e-10,3.410583779728948846e-10,3.729026844282447394e-10,4.048019931502078251e-10,4.366135365132483843e-10,4.682128483815396108e-10,4.994909212383069158e-10,5.303522240205578943e-10,5.607132673730578106e-10,5.905015124354611395e-10,6.196544907819044369e-10,6.481190503889268188e-10,6.758506740046384790e-10,7.028128372616568510e-10,7.289763881142626537e-10,7.543189382604328335e-10,7.788242635268798165e-10,8.024817138121169340e-10,8.252856518116595547e-10,8.472344213010402517e-10,8.683285389220816590e-10,8.885690736654137491e-10,9.079563963880907563e-10,9.264893388967579178e-10,9.441647990849025524e-10,9.609778207912347888e-10,9.769221666737215949e-10,9.919913899152830491e-10,1.006180397444555837e-09,1.019487483047736322e-09,1.031916794796459370e-09,1.043481185540096005e-09,1.054205379340182135e-09,1.064129368169880484e-09,1.073311932985973122e-09,1.081834159833774642e-09,1.089802797345411734e-09,1.097353280158936625e-09,1.104652233283866617e-09,1.111899294520467392e-09,1.119328182242587825e-09,1.127207159122739849e-09,1.135839510362071603e-09,1.145565546956726460e-09,1.156769224350686886e-09,1.169895055695600432e-09,1.185484802360942425e-09,1.204247978708113611e-09,1.227183033252877574e-09,1.255760110893727384e-09,1.292146898674683130e-09,1.339385250232527294e-09,1.401298765893225700e-09,1.481778685883240979e-09,1.583111997964804968e-09,1.703406403922446939e-09
1.842378547956396482e-09,1.967913512893177726e-09,2.058231565181067848e-09,2.119476883590489908e-09,2.163586170620053006e-09,2.202525535248548239e-09,2.245189744680510773e-09,2.296631625852641500e-09,2.358643496238370433e-09,2.430823013200222881e-09,2.511596179029564769e-09,2.598975007904444992e-09,2.691021351123479701e-09,2.786077896568134460e-09,2.882847239344137525e-09,2.980386559462286551e-09,3.078063471115410009e-09,3.175499577245762186e-09,3.272515225566982177e-09,3.369081211406467112e-09,3.465279052131047584e-09,3.561269511091439730e-09,3.657268284245989135e-09,3.753527586066035899e-09,3.850322457926701361e-09,3.947940803543370598e-09,4.046676353818820750e-09,4.146823942633218774e-09,4.248676626582525153e-09,4.352524304835841692e-09,4.458653595594867860e-09,4.567348810299081031e-09,4.678893941353663221e-09,4.793575649810564228e-09,4.911687312726569934e-09,5.033534268345381402e-09,5.159440487333279753e-09,5.289757004061614816e-09,5.424872570073840113e-09,5.565227149620412756e-09,5.711329075765029652e-09,5.863776937452196660e-09,6.023288070126039242e-09,6.190735706439375187e-09,6.367193876255078876e-09,6.553995557905254002e-09,6.752809544589780362e-09,6.965742756815127032e-09,7.195477574466103413e-09,7.445458061774062629e-09,7.720145589400288330e-09,8.025374736128474190e-09,8.368856732488558500e-09,8.760903524651504773e-09,9.215485646451804056e-09,9.751797379968228493e-09,1.039658780753032277e-08,1.118762272946515561e-08,1.217874077214452693e-08,1.344696110315375057e-08,1.345160042853222405e-08,1.339925720881059916e-08,1.324887696633203735e-08,1.304323579869130311e-08,1.282437671487278238e-08,1.252002689366962077e-08,1.147406590367168951e-08,6.604994261882103808e-09,1.474876738981216785e-09,1.181147147972105064e-08,2.346707144959716113e-08,3.481735706379024118e-08,4.272508903518694540e-08,3.841586335524560884e-08,1.874088770098996426e-08,4.056790008828282379e-09,5.530226298169476497e-09,1.149657970405571817e-08,1.512350064292538307e-08,1.721496412520875510e-08,1.825372755099117831e-08,1.854296398252971496e-08,1.832045556835053542e-08,1.783788164379038506e-08,1.739055406492996582e-08,1.721098119362310421e-08,1.697924873679481765e-08,1.458294108977185717e-08,6.497741119293476466e-09,6.628042361373421700e-09,2.295605184724850748e-08,3.998038200014037653e-08,5.301360167992989299e-08,5.005084507993939899e-08,2.653827662699394208e-08,9.080137632474791657e-09,2.217276039094872667e-09,9.361898663962601621e-09,1.383616663166250428e-08,1.655951179897904466e-08,1.810179875069554981e-08,1.886364111663767835e-08,1.921527887376336778e-08,1.960951267979353943e-08,2.065950361880070190e-08,2.309758374305435788e-08,2.747568794780109878e-08,3.406799008815831021e-08,2.973194857968160988e-08,1.580048304060783249e-08,6.662376771825691203e-09,3.086813341718705458e-08,5.261592798443769163e-08,5.663352997876119660e-08,3.486297510176755550e-08,1.912838660695501245e-08,9.691329094838064995e-09,4.650923715333456366e-09,3.900333012996674645e-09,5.186346727110625132e-09,6.232563931320760695e-09,6.742499128597955211e-09,6.866241193878759274e-09,6.916204042570642804e-09,7.394728187017432967e-09,9.047010280499650358e-09,1.287108425119996226e-08,2.180812771787067975e-08,2.427690952500731985e-08,1.998885190705957488e-08,1.196553010187951004e-08,1.305474510088421463e-08,2.443882423751442240e-08,2.864867973021011773e-08,1.959564604636452408e-08,1.372567245825660645e-08,1.070623027410671136e-08,8.801191051111351281e-09,7.369149083334615240e-09,6.316982999976736333e-09,5.613001800694189935e-09,5.178040977340154688e-09,4.945117632201664005e-09,4.992041645684728786e-09,5.775392599716673114e-09,8.278974900744541456e-09,1.380487970758285391e-08,2.584714943084519223e-08,3.048903281071265707e-08,2.810392836338741617e-08,2.054169818077933945e-08,1.197628406261876554e-08,1.224679422012134805e-08,1.735987662359485877e-08,1.727040812974755013e-08,1.780120357021876868e-08,1.718360137486953057e-08,1.464287043989037066e-08,1.115982780736366608e-08,7.871421387957724450e-09,5.464797069129083831e-09,4.151412804766274558e-09,3.739580056755211046e-09,3.636076398905403280e-09,2.808172443069919900e-09,1.217585398509957079e-09,8.457037129383474809e-09,2.848804722860006933e-08,4.134261354037423826e-08,4.502637013016794150e-08,4.050339404877094146e-08,2.998258349112616765e-08,1.621722634012156172e-08,1.527298143601599059e-09,1.411779210537404123e-08,2.535896746870727786e-08,3.333202895589987441e-08,3.807552158014920318e-08,4.050364923045241993e-08,4.148787476971640207e-08,1.865324777160367508e-10,2.172095459974734043e-10,2.488752756917252544e-10,2.812320407172068040e-10,3.140427418701534025e-10,3.471096306333280543e-10,3.802627410249240242e-10,4.133532464375747692e-10,4.462494859727744463e-10,4.788344975982990590e-10,5.110044208605829267e-10,5.426674022368348743e-10,5.737427845197111477e-10,6.041604478616926723e-10,6.338602222000194660e-10,6.627913237860075562e-10,6.909117895791891901e-10,7.181878971734929631e-10,7.445935667011703103e-10,7.701097469449220042e-10,7.947237911482469936e-10,8.184288298461694230e-10,8.412230677281405305e-10,8.631083286324663774e-10,8.840881439541130428e-10,9.041661275732544506e-10,9.233447224387458634e-10,9.416243629190296869e-10,9.590030912124856947e-10,9.754766562261696454e-10,9.910391110893748304e-10,1.005683911728175960e-09,1.019405504789096895e-09,1.032201378578252466e-09,1.044074536227882134e-09,1.055036335072246181e-09,1.065109620092899226e-09,1.074332061180750307e-09,1.082759583656189264e-09,1.090469758206785161e-09,1.097564992610168403e-09,1.104175346960979967e-09,1.110460788621237481e-09,1.116612733626589654e-09,1.122854829440294353e-09,1.129443191308615366e-09,1.136666834170952264e-09,1.144850038854105667e-09,1.154360137842851242e-09,1.165627035648836090e-09,1.179184879439221052e-09,1.195751097508521315e-09,1.216360757899737139e-09,1.242567245651189884e-09,1.276688185217933495e-09,1.321997063035640888e-09,1.382628314615020064e-09,1.462828969718606562e-09,1.565210077312683709e-09,1.688045115902422648e-09
1.831289373441681473e-09,1.961104086274757785e-09,2.054669624738903938e-09,2.117696006980253146e-09,2.162148460462741574e-09,2.200235530630361243e-09,2.241159278515030311e-09,2.290273715448404164e-09,2.349630410288439791e-09,2.419026753253264403e-09,2.497025953920877009e-09,2.581722513615529393e-09,2.671219108161601605e-09,2.763871033770055272e-09,2.858376365148689072e-09,2.953778541123799535e-09,3.049427249662131706e-09,3.144924873877271721e-09,3.240072728406431506e-09,3.334823400945152405e-09,3.429241203838989900e-09,3.523470639982293776e-09,3.617711918015537651e-09,3.712202311713506101e-09,3.807202209583365221e-09,3.902984863500135598e-09,3.999829032271427882e-09,4.098013889105400193e-09,4.197815707182341182e-09,4.299505954981092354e-09,4.403350525337327005e-09,4.509609897352318183e-09,4.618540092071702635e-09,4.730394338270656648e-09,4.845425416224126631e-09,4.963888699981547160e-09,5.086045974016190451e-09,5.212170161525799256e-09,5.342551172301368627e-09,5.477503161506600061e-09,5.617373592837454574e-09,5.762554627872217530e-09,5.913497996212367772e-09,6.070734383611387272e-09,6.234895130640732516e-09,6.406740101883876316e-09,6.587195024190230946e-09,6.777402183961087929e-09,6.978790276808788126e-09,7.193172144747563325e-09,7.422883689523953433e-09,7.670984253837225127e-09,7.941549352646726851e-09,8.240102124802609441e-09,8.574251121632965231e-09,8.954627569226932564e-09,9.396236158093788817e-09,9.920321020728375459e-09,1.055672450655762455e-08,1.134628129125249206e-08,1.135088772429416965e-08,1.124727122232327389e-08,1.093016122042973923e-08,1.039864257039888806e-08,9.609225765746355938e-09,8.380775521320095868e-09,6.209180808592026046e-09,2.144777022844286667e-09,3.764900593469714171e-09,1.096531556090997933e-08,1.853049616232950058e-08,2.499367191092895011e-08,2.809368308189656983e-08,2.478199793310816622e-08,1.515770829374263059e-08,5.459937797815117172e-09,2.291594932894357265e-09,7.917725054473655165e-09,1.176076731407229155e-08,1.421024336448713389e-08,1.557998039942699371e-08,1.611014250242517520e-08,1.600021865248092515e-08,1.543175276935697122e-08,1.454919998182757913e-08,1.335286410308209834e-08,1.145892546051510552e-08,7.838679392995125497e-09,1.334907534665037734e-09,7.954833322362765552e-09,1.862652496695258879e-08,2.859394008081142504e-08,3.457039492898383263e-08,3.224517523651613115e-08,2.149215807633464450e-08,1.036064925294608560e-08,1.422366035464940788e-09,5.102406396296841078e-09,9.604947680044309596e-09,1.253331490977927158e-08,1.426708543377906387e-08,1.513973321045990355e-08,1.549621773822845327e-08,1.574324345850319478e-08,1.634890024313040248e-08,1.771617854927685997e-08,1.982188789026621443e-08,2.149075551897430248e-08,1.846717879047564716e-08,1.009428410690343482e-08,4.163288091922696934e-09,1.776577943549069792e-08,2.919753846382753203e-08,3.200148641354281872e-08,2.483868366693635845e-08,1.673916756750999563e-08,1.047266100778673915e-08,6.281365932584665264e-09,4.100519207288969534e-09,3.764781247470536163e-09,4.287913213929024739e-09,4.872454828111200353e-09,5.361672331316560094e-09,5.909437373213085777e-09,6.851335515256490114e-09,8.618389055602390644e-09,1.152765115759549617e-08,1.535987731524137734e-08,1.648909551198874745e-08,1.399622857541646034e-08,9.383810057051878192e-09,8.657910924834036780e-09,1.361256017821455708e-08,1.627781081702970443e-08,1.422133425496555390e-08,1.179001584411724463e-08,1.013867163443821247e-08,9.003548017134153632e-09,8.059243658600170670e-09,7.180663254412330381e-09,6.345230871307105392e-09,5.554500728541859194e-09,4.841804145552801626e-09,4.414194131657310153e-09,4.942783762416826913e-09,7.275177250747669581e-09,1.161854767085103642e-08,1.747023482093975858e-08,2.044609462159825518e-08,1.944975362423284135e-08,1.511810453456811471e-08,9.569494864189538224e-09,7.362489433461232244e-09,9.604615713816960816e-09,1.126556335981898166e-08,1.229788332907337809e-08,1.226662613715713164e-08,1.099481601727026504e-08,8.928546232974005990e-09,6.687616085026332823e-09,4.727370230201617802e-09,3.222937586910483571e-09,2.062458306111621687e-09,1.005151414507770030e-09,1.902103633513706198e-09,5.796864468742036996e-09,1.266335157273847972e-08,2.299503241608300054e-08,3.079252970424788395e-08,3.354877167158136951e-08,3.094217372579264047e-08,2.384941222316842540e-08,1.368453022532310105e-08,2.001359934134523018e-09,1.010646389244578988e-08,2.037452841612580731e-08,2.848139054443969852e-08,3.417427209182004520e-08,3.767066788641098291e-08,3.930923757779327215e-08,1.857308191821158858e-10,2.185452437327318486e-10,2.520933988826740554e-10,2.861369583856434101e-10,3.204784737533538691e-10,3.549460671663394916e-10,3.893862736441613697e-10,4.236605303651297196e-10,4.576433880902770963e-10,4.912215596265336469e-10,5.242933701292991606e-10,5.567683827232710533e-10,5.885670774668284282e-10,6.196205173955417258e-10,6.498699675989894903e-10,6.792664525518626101e-10,7.077702490904192782e-10,7.353503199716802597e-10,7.619836976016326514e-10,7.876548301101922175e-10,8.123549029756739991e-10,8.360811495251857410e-10,8.588359847466388237e-10,8.806251085598773338e-10,9.014554725122737592e-10,9.213336355531542072e-10,9.402644970986710378e-10,9.582504553264165694e-10,9.752910300763093629e-10,9.913829779071937403e-10,1.006520912577952504e-09,1.020698429428654602e-09,1.033909717070513591e-09,1.046151624898459911e-09,1.057426140297655678e-09,1.067743214490781646e-09,1.077123860052227076e-09,1.085603425271347822e-09,1.093234930468051255e-09,1.100092328346443530e-09,1.106273527201292460e-09,1.111902997079304027e-09,1.117133777562190926e-09,1.122148746182903421e-09,1.127161133701438163e-09,1.132414566180461375e-09,1.138183507594085026e-09,1.144776080465477859e-09,1.152543154821816327e-09,1.161900658440536174e-09,1.173376434424652122e-09,1.187697966325772077e-09,1.205939839172935798e-09,1.229741731277599676e-09,1.261572927182203082e-09,1.304936398502605740e-09,1.364268350811979076e-09,1.444153991165810170e-09,1.547505603324855169e-09,1.672746005005008710e-09
1.820072568161226896e-09,1.953972848724789110e-09,2.050646531977448249e-09,2.115363953093150953e-09,2.160097011836466003e-09,2.197276043488758543e-09,2.236398032119682128e-09,2.283113745166586340e-09,2.339734637794631161e-09,2.406260812468940580e-09,2.481396129351781215e-09,2.563320428810436367e-09,2.650179075934664625e-09,2.740340881167600446e-09,2.832499565415781834e-09,2.925684502702408533e-09,3.019226843472882348e-09,3.112708990787093316e-09,3.205912402229333731e-09,3.298770618413124352e-09,3.391329916948179756e-09,3.483717731822606930e-09,3.576117999857245621e-09,3.668752290249893991e-09,3.761865587041402793e-09,3.855715737808847822e-09,3.950565758429448373e-09,4.046678349566197350e-09,4.144312120266303835e-09,4.243719124567750188e-09,4.345143401469469399e-09,4.448820273356647756e-09,4.554976206492094726e-09,4.663829075386871677e-09,4.775588702637656097e-09,4.890457569899452284e-09,5.008631613993946708e-09,5.130301036593898991e-09,5.255651063545086321e-09,5.384862592774550833e-09,5.518112665477257845e-09,5.655574685248234242e-09,5.797418751177573533e-09,5.943812005442318816e-09,6.094915306564650544e-09,6.250878183384832565e-09,6.411832788008842671e-09,6.577887245065452268e-09,6.749119392562470632e-09,6.925572937390988769e-09,7.107259711401405539e-09,7.294174243567981655e-09,7.486330416597821801e-09,7.683834352895038329e-09,7.887011631805256820e-09,8.096606593929834310e-09,8.314056720585935455e-09,8.541791489062360531e-09,8.783356025682809190e-09,9.042786635274356328e-09,9.047338599608828226e-09,8.893487121900937207e-09,8.422797116378770267e-09,7.629393543284703512e-09,6.480879538643226179e-09,4.879303935258305083e-09,2.617795471767845939e-09,5.750921093090613250e-10,4.661146142758964926e-09,9.352318779560637398e-09,1.400793191044473538e-08,1.760414341383082982e-08,1.882960518983507565e-08,1.653974871002302905e-08,1.108663336668393686e-08,4.729714521344822454e-09,1.135029933685161239e-09,5.839949607354139562e-09,9.361841190845539610e-09,1.176167413792097026e-08,1.316945383600554689e-08,1.372013941078597482e-08,1.354461290778963316e-08,1.276652290924240783e-08,1.148110340137344597e-08,9.696772851816877694e-09,7.242548696133358264e-09,3.729604665987940292e-09,1.323901810826328148e-09,7.549483174793380260e-09,1.431284951869788390e-08,2.013655352588087849e-08,2.314404979325145489e-08,2.166858140692281938e-08,1.602551754691259297e-08,9.063754137406105209e-09,2.596060317345165071e-09,2.679842778762520535e-09,6.593438114781555156e-09,9.237610111413743676e-09,1.076450668613165432e-08,1.137017948801200511e-08,1.131108705195452518e-08,1.093329092838957427e-08,1.067009051896191744e-08,1.094325900585636160e-08,1.188396512061073478e-08,1.284116109418351314e-08,1.200527759200315346e-08,8.276536779667801131e-09,2.802015233524901820e-09,7.111671581885674960e-09,1.345319838569178559e-08,1.620132691797351034e-08,1.488889275508573461e-08,1.204353739670475393e-08,9.189589881107242657e-09,6.853155628706689580e-09,5.152274603442077460e-09,4.100882036721316197e-09,3.645917569397961707e-09,3.631424614545241991e-09,3.904477078630438677e-09,4.458961607307209895e-09,5.437802995761641213e-09,7.001665675362769305e-09,9.119676667458578496e-09,1.128471346228965425e-08,1.210148495823140352e-08,1.092181880626589837e-08,8.258340667296337139e-09,6.247723019473427390e-09,7.204368882453167873e-09,8.816204177639013351e-09,9.217229368249386293e-09,9.202338968858007320e-09,9.214516238249145615e-09,9.170394060475495781e-09,8.919164971239393304e-09,8.411345528093552645e-09,7.667377027263541623e-09,6.722631895442708140e-09,5.612368075757792085e-09,4.455500510604724208e-09,3.834269943208511977e-09,5.001068013626638157e-09,7.977154838730815381e-09,1.155976343962585031e-08,1.382007200564722536e-08,1.379256421811019791e-08,1.155066185188937076e-08,8.062587183494704313e-09,5.226649744982666782e-09,5.205002460786624686e-09,6.693643302774957560e-09,7.977648311124400431e-09,8.416925852402010623e-09,7.897096976639022218e-09,6.659572614527777225e-09,5.072927441739259266e-09,3.438065976284108832e-09,1.888945162101767630e-09,4.523366934545553236e-10,1.575893441868811981e-09,4.085851967733222163e-09,7.793912776675724073e-09,1.298166817124875716e-08,1.920009308625633930e-08,2.414911455231173754e-08,2.619349480514378683e-08,2.472325092280027869e-08,1.991620893186420146e-08,1.240307769904389195e-08,3.068600038125369371e-09,7.201671081839876601e-09,1.681707129120234411e-08,2.499372496073080846e-08,3.120313184791686943e-08,3.529698621972202456e-08,3.731242671618557430e-08,1.870551939391061196e-10,2.218275872771929870e-10,2.571371619430457262e-10,2.927931662296860937e-10,3.286260549769699323e-10,3.644799364799123357e-10,4.002099955528667746e-10,4.356818317644611599e-10,4.707715105550231201e-10,5.053658279630242294e-10,5.393625732725563137e-10,5.726706953016338326e-10,6.052103336398468235e-10,6.369127032382798095e-10,6.677198357417338222e-10,6.975841890930751811e-10,7.264681421673494429e-10,7.543433939431343159e-10,7.811902880179927591e-10,8.069970834055774671e-10,8.317591917635335981e-10,8.554783997077856621e-10,8.781618181356178616e-10,8.998195252224408137e-10,9.204623927538448777e-10,9.401004081405640092e-10,9.587413837047704120e-10,9.763901040625325632e-10,9.930479515135448581e-10,1.008713035098788423e-09,1.023380833172120616e-09,1.037045343281773500e-09,1.049700717344431052e-09,1.061343345133993631e-09,1.071974334373543808e-09,1.081602321299721044e-09,1.090246529845936871e-09,1.097939980357704484e-09,1.104732728847061943e-09,1.110694995273817915e-09,1.115920016840734503e-09,1.120526445774617256e-09,1.124660114470906037e-09,1.128495041939104928e-09,1.132233703339200404e-09,1.136106916396222690e-09,1.140374358885167998e-09,1.145327943571719913e-09,1.151302354508993230e-09,1.158700334442917932e-09,1.168044930440777738e-09,1.180076034310575297e-09,1.195910821065662772e-09,1.217278385556330144e-09,1.246801299094868861e-09,1.288209592773761457e-09,1.346231725906045403e-09,1.425772766249904173e-09,1.530022228120228195e-09,1.657534199083280248e-09
1.808749858863383922e-09,1.946537715062782633e-09,2.046179054135535554e-09,2.112499876795874308e-09,2.157455576788258552e-09,2.193676198043527854e-09,2.230940367153087880e-09,2.275190671977190550e-09,2.328998833908059555e-09,2.392570584670019208e-09,2.464753971438635724e-09,2.543817228494390950e-09,2.627950535517727189e-09,2.715537391726737945e-09,2.805267568881852716e-09,2.896156238198867421e-09,2.987515529969149658e-09,3.078907187709173507e-09,3.170092037199258003e-09,3.260983768461863116e-09,3.351609834145155943e-09,3.442079847649259945e-09,3.532560774926549142e-09,3.623257840492043064e-09,3.714400043917954710e-09,3.806229306453959044e-09,3.898992432679947171e-09,3.992935230951032004e-09,4.088298269982728864e-09,4.185313852843269452e-09,4.284203866027184513e-09,4.385178215593402371e-09,4.488433598222532264e-09,4.594152375636460716e-09,4.702501329769814841e-09,4.813630071619992857e-09,4.927668859089002512e-09,5.044725546192117931e-09,5.164881332028552076e-09,5.288184898948910843e-09,5.414644417911580371e-09,5.544216746612411160e-09,5.676793392904954710e-09,5.812181992661796545e-09,5.950078061736106764e-09,6.090026985993085767e-09,6.231374234931263054e-09,6.373200446085676717e-09,6.514237179100473640e-09,6.652758069796907694e-09,6.786438702127404710e-09,6.912176499405744483e-09,7.025858805829121101e-09,7.122062124171829632e-09,7.193656555406871336e-09,7.231274374809663817e-09,7.222577461868678293e-09,7.151223687124492034e-09,6.995393928706761951e-09,6.725728911134849201e-09,6.730185930123757557e-09,6.532235656402651774e-09,5.932704386971714431e-09,4.942188903994000572e-09,3.581173365988774841e-09,1.889269493254655065e-09,3.542653819762278550e-10,2.378664889117968009e-09,4.789328157767899560e-09,7.429468068891612590e-09,1.002463395199155516e-08,1.193100444859990916e-08,1.238078936591332048e-08,1.084631089070801365e-08,7.511236715812030131e-09,3.300751318103322716e-09,1.076943215495788853e-09,4.763569466344872754e-09,7.748071355916663814e-09,9.875486512065056554e-09,1.113185174779104883e-08,1.155010113171054780e-08,1.119061998770056418e-08,1.013570417133373550e-08,8.486490315587310210e-09,6.353211046057615168e-09,3.830584964575878352e-09,1.004349019068610066e-09,2.512161208239295971e-09,6.373893995933430216e-09,1.041195908959924544e-08,1.374877330389193451e-08,1.534108025171079294e-08,1.445428029281660634e-08,1.128224906423802879e-08,6.939689082696921561e-09,2.474123022693502262e-09,1.529643239869214951e-09,4.616708422833397450e-09,6.721910025105175613e-09,7.787460523792574874e-09,7.845693227114058391e-09,7.025612157631114170e-09,5.603973704443430591e-09,4.068361028198767106e-09,3.120494321475004539e-09,3.509902912971071031e-09,5.542032285979659658e-09,8.092053762107572023e-09,8.926884865432609412e-09,7.245687446084146462e-09,4.101489867525884702e-09,2.448751645863879343e-09,4.187862346987131906e-09,6.020345164205003401e-09,7.026460766985941275e-09,7.253265936206592130e-09,6.906372302486017210e-09,6.181937419515024772e-09,5.265100836686099776e-09,4.325349767134170076e-09,3.512346224260265831e-09,2.983850191510010358e-09,2.946882881967198110e-09,3.566493001560107180e-09,4.815109433859390725e-09,6.516243622535264556e-09,8.305289203304522154e-09,9.496511868395498920e-09,9.522218233525859427e-09,8.358041815173029783e-09,6.521860069823018254e-09,4.833344772769581565e-09,4.134494337403608019e-09,4.975028262042325101e-09,6.683342403374910280e-09,8.311485125084041866e-09,9.443763171592634863e-09,9.960523721986744602e-09,9.897833700415633725e-09,9.357549812862505240e-09,8.443848241493113916e-09,7.230300546135789282e-09,5.765139163243200842e-09,4.171208644762541442e-09,3.143378129156019866e-09,4.255523568741019718e-09,6.843417583601949607e-09,9.154488536142180173e-09,1.008043397373932435e-08,9.347319979622192547e-09,7.392654290173729009e-09,5.006730097463390028e-09,3.243238709076937887e-09,3.453452233443569133e-09,4.712421673663892653e-09,5.472940157124309302e-09,5.410549342941589142e-09,4.664313508551657327e-09,3.496815251698507506e-09,2.139614091364251653e-09,7.625026098911324312e-10,1.018338620274162888e-09,2.781534005165402998e-09,5.062141236856214673e-09,8.047770978022593763e-09,1.180558599744909445e-08,1.597866590523540615e-08,1.952364769408718909e-08,2.138445968294860215e-08,2.092517732464720859e-08,1.795460071862036605e-08,1.254305317241983197e-08,4.903924395115521142e-09,4.547040379109345769e-09,1.409402728329092593e-08,2.255130425699356370e-08,2.919180489780053663e-08,3.369225918276111079e-08,3.594931386393917929e-08,1.902307704883146399e-10,2.268179788299773434e-10,2.638088045956281497e-10,3.010420331928330220e-10,3.383622353365020745e-10,3.756191709760761892e-10,4.126689414687333819e-10,4.493755053720188840e-10,4.856120803628591150e-10,5.212622764069340488e-10,5.562209230280229817e-10,5.903945970033425856e-10,6.237018726340536596e-10,6.560733227174418508e-10,6.874513008135727055e-10,7.177895364811952615e-10,7.470525754385501854e-10,7.752150962849122798e-10,8.022611342297883177e-10,8.281832406548606795e-10,8.529816048692270879e-10,8.766631618236879548e-10,8.992403349618961650e-10,9.207282002606144490e-10,9.411421534069104243e-10,9.604961836973996113e-10,9.788015497540718098e-10,9.960659100237268833e-10,1.012292947474402870e-09,1.027482511539930989e-09,1.041631282813985896e-09,1.054733949029836001e-09,1.066784864308493935e-09,1.077780148782669126e-09,1.087720171224246927e-09,1.096612343166884428e-09,1.104474138217829701e-09,1.111336233150340698e-09,1.117245648216836727e-09,1.122268742043960672e-09,1.126493895006219143e-09,1.130033701219401551e-09,1.133026498028191346e-09,1.135637124700136412e-09,1.138056972208549326e-09,1.140503758190089260e-09,1.143222190152991338e-09,1.146488001878218448e-09,1.150620087193850043e-09,1.156008952394759733e-09,1.163174540092437005e-09,1.172871683188473283e-09,1.186263343425655789e-09,1.205171161525737001e-09,1.232372475032055853e-09,1.271821671344751299e-09,1.328529581422549393e-09,1.407702286948253278e-09,1.512781580507387448e-09,1.642433298326135408e-09
1.797342397704873921e-09,1.938816771016557425e-09,2.041284343103953998e-09,2.109123135321641590e-09,2.154247830751972246e-09,2.189464908730598871e-09,2.224820539607978120e-09,2.266543660512680837e-09,2.317466301837318605e-09,2.378002591625047202e-09,2.447148328056337295e-09,2.523263362978994927e-09,2.604585069398458706e-09,2.689513087524317562e-09,2.776733897737087155e-09,2.865248530799877523e-09,2.954349754671382321e-09,3.043578063066403603e-09,3.132672930147380137e-09,3.221527431665756121e-09,3.310149447066078069e-09,3.398630076052009442e-09,3.487118701258257361e-09,3.575803686936889492e-09,3.664897640270194269e-09,3.754626264468636647e-09,3.845219986386028714e-09,3.936907692918780878e-09,4.029912038148858073e-09,4.124445880398957078e-09,4.220709477512502210e-09,4.318888113383814961e-09,4.419149852549047572e-09,4.521643125163636047e-09,4.626493833887409855e-09,4.733801644464143422e-09,4.843635071948535804e-09,4.956024897904015653e-09,5.070955344736467988e-09,5.188352278639162161e-09,5.308067502078009513e-09,5.429857911360294070e-09,5.553358365174123997e-09,5.678045961110981365e-09,5.803188988997316419e-09,5.927778649903960154e-09,6.050438936921227017e-09,6.169307755653145221e-09,6.281880148488094445e-09,6.384801485752001076e-09,6.473594333878581062e-09,6.542296822327198145e-09,6.582981815212982328e-09,6.585113800815592424e-09,6.534682829197276236e-09,6.413032156520358292e-09,6.195275302578101406e-09,5.848209708047307983e-09,5.327790556197201615e-09,4.576956409836940590e-09,4.581229035147187951e-09,4.344922041538025214e-09,3.634880969820047420e-09,2.484597629420971370e-09,1.038280147225774057e-09,1.123147042582786513e-09,2.729214419474256587e-09,3.897413696633615231e-09,4.524490771260846048e-09,5.280571200437703516e-09,6.359485460644105658e-09,7.271707325135306361e-09,7.456343038554864409e-09,6.552069755688615807e-09,4.545544965719720020e-09,1.805268122013764390e-09,1.448151217282766762e-09,4.287657540225933072e-09,6.720618349745955662e-09,8.505643370085854238e-09,9.528489323413323900e-09,9.736389323429523897e-09,9.122233077722441638e-09,7.726996872356180764e-09,5.664755922868924799e-09,3.176284016699063217e-09,7.690088186844602575e-10,1.582348948989321463e-09,3.114606022225311801e-09,4.811615756895612781e-09,6.834057677559946935e-09,8.598782599525841831e-09,9.448981930528698580e-09,8.988758154009311463e-09,7.291897636290251134e-09,4.692291539767046470e-09,1.759788894264927726e-09,1.213779179443733226e-09,3.485941370147445525e-09,5.013385032798662806e-09,5.542061709024533775e-09,4.918828853123023822e-09,3.087776600398289547e-09,3.100753360164146491e-10,3.362418409052340744e-09,6.287075200781961427e-09,6.660170893536995970e-09,2.437892461216866581e-09,5.630643115226824740e-09,1.185742879132901067e-08,1.410735227485215924e-08,1.352463393818476418e-08,1.140254284631365665e-08,8.050410927749353143e-09,2.367887141316437531e-09,2.682668714491936947e-09,5.745517216270606836e-09,7.216437575320911339e-09,7.432969162578482657e-09,6.816754415314633014e-09,5.746749712241665646e-09,4.505988150714377473e-09,3.282984459222434285e-09,2.238910328204281567e-09,1.737731319001218125e-09,2.315588505853885025e-09,3.746572028369428452e-09,5.716850617217902948e-09,7.803149255926189143e-09,9.181259911912419663e-09,9.550567634530130336e-09,9.049505839970099682e-09,7.757852443458606913e-09,5.426345452800464817e-09,2.222716335940002943e-09,4.554519127916272642e-09,7.810090940473552952e-09,1.010462800170587541e-08,1.133816101200120324e-08,1.166291006391124583e-08,1.130432058586874698e-08,1.047494329993524296e-08,9.334509736473417137e-09,7.975143358388321608e-09,6.415993272206696373e-09,4.618222102537006003e-09,2.736656004705527245e-09,2.953381028727276984e-09,5.763904263234819935e-09,7.817353945084559565e-09,8.270529978442348897e-09,7.517704396896742554e-09,6.096498990118115640e-09,4.283778710535071819e-09,2.244050677958618389e-09,2.570767848908470602e-09,3.488941226035320893e-09,3.700726964849773582e-09,3.272982070744323917e-09,2.483805701891988090e-09,1.677228938300525420e-09,1.459354583894752062e-09,2.214972778934665642e-09,3.503128635333029427e-09,5.160989433037648875e-09,7.237644068992798804e-09,9.805580568496697900e-09,1.282503039874891625e-08,1.587287546696199699e-08,1.810538578642516831e-08,1.886153433860473346e-08,1.776804443239074003e-08,1.445786381983822706e-08,8.344935533645467754e-09,1.571029688063850566e-09,1.195644889880275084e-08,2.109403996924816743e-08,2.824014753923869453e-08,3.308234821879846014e-08,3.551331415061449112e-08,1.949588531569310466e-10,2.332666277038363097e-10,2.719060188154458244e-10,3.107242579134048946e-10,3.495656358679272274e-10,3.882754053581798351e-10,4.267032443067223669e-10,4.647060871981423917e-10,5.021503318594138082e-10,5.389134831972090387e-10,5.748853024190616993e-10,6.099685252627722841e-10,6.440792054727198522e-10,6.771467351430958528e-10,7.091135897416405907e-10,7.399348435539235992e-10,7.695774992503792259e-10,7.980196732112329895e-10,8.252496756699261528e-10,8.512650216808869869e-10,8.760714052019484003e-10,8.996816646812856686e-10,9.221142970060828030e-10,9.433901233831686054e-10,9.635297787011913320e-10,9.825519233594933026e-10,1.000471876514666899e-09,1.017300724718414708e-09,1.033044943964648412e-09,1.047706554590107555e-09,1.061283809370139904e-09,1.073772397246352183e-09,1.085167128309172230e-09,1.095464050681667660e-09,1.104662936097247776e-09,1.112770057485306555e-09,1.119801167624266392e-09,1.125784571711572865e-09,1.130764167922501664e-09,1.134802308952918801e-09,1.137982317188347160e-09,1.140410475491618813e-09,1.142217330630485653e-09,1.143558221922620096e-09,1.144613141609371459e-09,1.145586447939585404e-09,1.146707751163947729e-09,1.148236724500402915e-09,1.150476989096285508e-09,1.153807915895174535e-09,1.158748201294788501e-09,1.166070297184018679e-09,1.176986218559070192e-09,1.193413223924877284e-09,1.218284702373715023e-09,1.255776422591419709e-09,1.311171423326762897e-09,1.389957585545723022e-09,1.495803296896395761e-09,1.627465358961651318e-09
1.785870719847018797e-09,1.930828226880640921e-09,2.035979876788284450e-09,2.105253204219590301e-09,2.150497263009790712e-09,2.184670748067262199e-09,2.218072546821464569e-09,2.257211914018104203e-09,2.305180818220841238e-09,2.362604317278663364e-09,2.428629486762110391e-09,2.501711151197065169e-09,2.580136496017797296e-09,2.662323033792680617e-09,2.746954871793870914e-09,2.833019171035078840e-09,2.919789142230300823e-09,3.006783533482421322e-09,3.093719806378488430e-09,3.180469700974911954e-09,3.267020818358685985e-09,3.353445109192692989e-09,3.439873844033506971e-09,3.526478130260199329e-09,3.613453937962242982e-09,3.701010678111264543e-09,3.789362517292147636e-09,3.878721757856267976e-09,3.969293733572156646e-09,4.061272762319166147e-09,4.154838760036963758e-09,4.250154156533670043e-09,4.347360767633954585e-09,4.446576271270787125e-09,4.547889908187814276e-09,4.651356977904585806e-09,4.756991624414708744e-09,4.864757295131112787e-09,4.974554101129072601e-09,5.086202091650026879e-09,5.199419162329894198e-09,5.313791920911034374e-09,5.428737766360142886e-09,5.543455037094390823e-09,5.656853194971619668e-09,5.767459569306247139e-09,5.873295890621855429e-09,5.971714704903455221e-09,6.059182438409259169e-09,6.130991373442751190e-09,6.180876605978835425e-09,6.200505466700564729e-09,6.178794889169977597e-09,6.100995597693323904e-09,5.947460145734398017e-09,5.691988310776984838e-09,5.299640767432463256e-09,4.724039933096152391e-09,3.905020290655228864e-09,2.773482231971248357e-09,2.777332219018040999e-09,2.512644394927959967e-09,1.734030694202373674e-09,7.704598035139843033e-10,1.837044689267625765e-09,3.890412864826193072e-09,5.681078918475926895e-09,5.827327635551321139e-09,3.976755575540190363e-09,2.625275623890833214e-09,2.633354532707612291e-09,3.075198416755342567e-09,3.346510676728883234e-09,3.122540665063475998e-09,2.189091983607520008e-09,6.584196820050841591e-10,1.908510814066908495e-09,4.126065713029777418e-09,6.113981565823904830e-09,7.600132562698661989e-09,8.402172923330434215e-09,8.397399290192345048e-09,7.508776039416052194e-09,5.709543985564142949e-09,3.073134256334614298e-09,3.100403535209916307e-10,3.079948327072484256e-09,4.399670283229176599e-09,3.475574930131300926e-09,2.776642399426645940e-09,3.284582157774740171e-09,4.059796497361789433e-09,4.524375203837567309e-09,4.428578547708520255e-09,3.938920780028299960e-09,2.639785879052408247e-09,9.286605553275844788e-10,1.371525367459015486e-09,3.046743900838491241e-09,4.153652457594181813e-09,4.276793213767175831e-09,3.057062255299287598e-09,2.885222642597448623e-10,4.661832418379244482e-09,1.115104016155740602e-08,1.793163955084421204e-08,2.114212301210186527e-08,1.416531298513441822e-08,4.798727522175953348e-09,1.835600060055323419e-08,2.340757440758430676e-08,2.449230923745864360e-08,2.385865116442051348e-08,2.154953797829587198e-08,9.232686149269595285e-09,5.947205280169481393e-11,5.681571473730570903e-09,8.560665543439608847e-09,9.343998649156879180e-09,8.779406142183743739e-09,7.506409921140507518e-09,5.974804091508564342e-09,4.454522465015544129e-09,3.072198440426638541e-09,1.847727099501615299e-09,7.197095186991171644e-10,5.768237130889168455e-10,2.860820007503282184e-09,6.552843325654934428e-09,9.637315877740366546e-09,1.160570167883997286e-08,1.285541439354852861e-08,1.333041150301376612e-08,1.231450098493551855e-08,4.289275565371023893e-09,3.190243415604347203e-09,8.157130170968134328e-09,1.151317383344381155e-08,1.326751238267408185e-08,1.376774714539835544e-08,1.342466574311319492e-08,1.259277108093172878e-08,1.154154067570361518e-08,1.045545636876576749e-08,9.414067045662544280e-09,8.300406191333483459e-09,6.573494487861517422e-09,3.143878395578613344e-09,3.503332993157805437e-09,7.001731440574054431e-09,8.231383751371938726e-09,8.318665048537483313e-09,8.040789242566010863e-09,7.570543513111678433e-09,3.478309043652030963e-09,1.816362637924424237e-09,2.608286641675642328e-09,2.981603296940783698e-09,2.870535823143141867e-09,2.638864302667320658e-09,2.594955286961818353e-09,2.853565524563086428e-09,3.336756868724690443e-09,3.953794614791648750e-09,4.713415233167402048e-09,5.718200784222368379e-09,7.129065762441579713e-09,9.297499658308177351e-09,1.248546941923551741e-08,1.563949754679014969e-08,1.794823360196654382e-08,1.913837192553409620e-08,1.864083603568269753e-08,1.526509182740753526e-08,1.991488333391794463e-09,1.064511627693805170e-08,2.085000118443426923e-08,2.854779268541040047e-08,3.365881927125241726e-08,3.619551112340614414e-08,2.009338154826241471e-10,2.409253795361655129e-10,2.812321756453209641e-10,3.216883848521604335e-10,3.621240570010451379e-10,4.023703736810076697e-10,4.422638088953960852e-10,4.816493709679886443e-10,5.203830737685620195e-10,5.583337510741004675e-10,5.953843030871341967e-10,6.314324479017398632e-10,6.663910417855416189e-10,7.001880270446654972e-10,7.327660637924400628e-10,7.640819001735305996e-10,7.941055337798796703e-10,8.228192145936382968e-10,8.502163364128806276e-10,8.763002596772787757e-10,9.010831037999102702e-10,9.245845418968694729e-10,9.468300623721010711e-10,9.678471170652445758e-10,9.876624142373485577e-10,1.006300055234213984e-09,1.023780117419373373e-09,1.040117737416502967e-09,1.055322730099309850e-09,1.069399757944485351e-09,1.082349045306742431e-09,1.094167612947996698e-09,1.104850991550159040e-09,1.114395358157238472e-09,1.122800026258769023e-09,1.130070207650249656e-09,1.136219950806772636e-09,1.141275145112152658e-09,1.145276462255956809e-09,1.148282085899474101e-09,1.150370062198622377e-09,1.151640096278853151e-09,1.152214642048210541e-09,1.152239222039716945e-09,1.151882133127938336e-09,1.151334152563982869e-09,1.150809729277511622e-09,1.150552687123174719e-09,1.150852015414634407e-09,1.152077197161916386e-09,1.154747688054594673e-09,1.159656344428996249e-09,1.168067515526833683e-09,1.181997030694909942e-09,1.204535380321140005e-09,1.240076478430648909e-09,1.294165207644231442e-09,1.372551814593238380e-09,1.479105070043180930e-09,1.612650891547104689e-09
1.774354705857812506e-09,1.922590370058475331e-09,2.030283400809995099e-09,2.100909600144478895e-09,2.146227079984820989e-09,2.179321829293692356e-09,2.210729986490667673e-09,2.247234511227706774e-09,2.292186456941541117e-09,2.346424033568415609e-09,2.409249019378281029e-09,2.479214658045208265e-09,2.554660787411772491e-09,2.634024796257719774e-09,2.715989596521216788e-09,2.799528959730100136e-09,2.883896493592441488e-09,2.968588801555035458e-09,3.053300732713947265e-09,3.137882013818003475e-09,3.222299305204706144e-09,3.306604828043310409e-09,3.390911289090930560e-09,3.475372249795334483e-09,3.560166944502181262e-09,3.645488610499333577e-09,3.731535521610473936e-09,3.818504052841687225e-09,3.906583219498208086e-09,3.995950220439623528e-09,4.086766572022011745e-09,4.179174450201715360e-09,4.273292864028611282e-09,4.369213268792534618e-09,4.466994188685498699e-09,4.566654355291935412e-09,4.668163774430049088e-09,4.771431999425288714e-09,4.876292703298725097e-09,4.982483385076639139e-09,5.089618695402089730e-09,5.197155393656710106e-09,5.304346799719893073e-09,5.410183059898031387e-09,5.513308190367386750e-09,5.611909327608538569e-09,5.703569897941745870e-09,5.785074697189305635e-09,5.852150813198307890e-09,5.899122874512929876e-09,5.918453779003826237e-09,5.900132202868179138e-09,5.830855030686061793e-09,5.692935767811786297e-09,5.462850133598733183e-09,5.109317834665296528e-09,4.590873149720888230e-09,3.853336112257834246e-09,2.831079449634978368e-09,1.500980859292711593e-09,1.503670103705780383e-09,1.256028603729127094e-09,8.026101237978121154e-10,1.753525216728622530e-09,3.943649707289168944e-09,6.914255020105529852e-09,1.008537025443419635e-08,9.539513902652399587e-09,2.793300114290854397e-09,1.526713002204008803e-09,1.668768511547390847e-09,1.130932459433936671e-09,4.751348490902147403e-10,3.515170096269296636e-10,5.674216877034501497e-10,6.792099349747497892e-10,2.242450486349412650e-09,4.082633017012486056e-09,5.807130008469510961e-09,7.119739420956832452e-09,7.792965131875710459e-09,7.652231261107088172e-09,6.549221644093367077e-09,4.342233063184873443e-09,9.235336476618655758e-10,3.598023803455547341e-09,8.216677209060788922e-09,9.337070360791242353e-09,3.485801628677191087e-09,8.484170552323779517e-10,9.365067403450756188e-10,7.089163968958018424e-10,4.921147958286809401e-10,1.129770341970521037e-10,1.267727849158659981e-09,1.049694606634725675e-09,6.286019820782780656e-10,1.712644961178415316e-09,3.144096417314635592e-09,4.167312549480144842e-09,4.242828605453247215e-09,2.833288520376318652e-09,1.140399327696480897e-09,7.633333986147663070e-09,1.825443913359537335e-08,3.248755663305763170e-08,4.502829818236207779e-08,3.735058494539690595e-08,9.197985688009490388e-09,3.269584983977260957e-08,3.583678065095551498e-08,3.631965020464791593e-08,3.717381761115557013e-08,4.433985351853210476e-08,1.283875431896070459e-08,9.831059711606532727e-10,8.197107482796267910e-09,1.170619863390985679e-08,1.230942086473906536e-08,1.121691484504508782e-08,9.387316059831505408e-09,7.420163441474234134e-09,5.659566693853258000e-09,4.311598252425558399e-09,3.571973547553396530e-09,3.659732776410245535e-09,4.160373202144553794e-09,1.998271757327270201e-09,5.743299860293063479e-09,1.100721122768256374e-08,1.417031795901955599e-08,1.725702071504357175e-08,2.028609669923402730e-08,2.635950907032467696e-08,6.623559057559896785e-09,3.488358601932615380e-09,9.957140638944192213e-09,1.412224310695248819e-08,1.598927232524528848e-08,1.625348272912008286e-08,1.560433390486670475e-08,1.455297726067172828e-08,1.347108899227515273e-08,1.265479204835662097e-08,1.235148654984846842e-08,1.267501816646016065e-08,1.306881086303936368e-08,9.079099155258963643e-09,2.904863469446833911e-09,8.357017317225833311e-09,9.106222762248140735e-09,9.352768699027897504e-09,1.018048433190517814e-08,1.475961195537839686e-08,4.276133670426649636e-09,1.564051210101088300e-09,2.619194557514146872e-09,3.119619358804919715e-09,3.388674634091771934e-09,3.694360065590105510e-09,4.062031745896633696e-09,4.407393865045852037e-09,4.600627929776662213e-09,4.499288667589950711e-09,4.091887126100885097e-09,3.909018874738048717e-09,4.593859451367873347e-09,5.576982568001703673e-09,8.825552247313078608e-09,1.349247668560897051e-08,1.749385568126104015e-08,2.148600331929017351e-08,2.500981762115578114e-08,3.152032049433498899e-08,4.818020297006203787e-09,1.137245210535436099e-08,2.234211579424805039e-08,3.038593018453589071e-08,3.556386029342990308e-08,3.807671509526047109e-08,2.078536455822665103e-10,2.495554720369071307e-10,2.916028427925814883e-10,3.337966640344177577e-10,3.759398956245433283e-10,4.178409672864035557e-10,4.593170464901493723e-10,5.001968357288317884e-10,5.403228173169455923e-10,5.795529386231930213e-10,6.177617598069965610e-10,6.548411002196794467e-10,6.907002296580719630e-10,7.252656568681084169e-10,7.584805729049201789e-10,7.903040090316982668e-10,8.207097693985585908e-10,8.496851969250050930e-10,8.772298273070011711e-10,9.033539810193349119e-10,9.280773373482189167e-10,9.514275277180635132e-10,9.734381205563761571e-10,9.941442313879601256e-10,1.013579601409415887e-09,1.031774646980892382e-09,1.048754986081867351e-09,1.064540494429130150e-09,1.079144922716255841e-09,1.092576084085039599e-09,1.104836598896154598e-09,1.115925164822668567e-09,1.125838303200368395e-09,1.134572518634065900e-09,1.142126796356642954e-09,1.148505350475927427e-09,1.153720523637881256e-09,1.157795724462427268e-09,1.160768271745088939e-09,1.162691995585215745e-09,1.163639428762012410e-09,1.163703418250233994e-09,1.162998016926073682e-09,1.161658619487589479e-09,1.159841552775240044e-09,1.157723834310483574e-09,1.155504756318321559e-09,1.153412601650501034e-09,1.151722492230625654e-09,1.150795408597140167e-09,1.151153696435218457e-09,1.153613469783868108e-09,1.159494651996703703e-09,1.170914419351048773e-09,1.191121142942908886e-09,1.224723401519471780e-09,1.277517436053101214e-09,1.355496340451593832e-09,1.462702713610028159e-09,1.598008872782783726e-09
1.762813548832290357e-09,1.914121516630959697e-09,2.024212870819580216e-09,2.096111810650184342e-09,2.141460121521076251e-09,2.173445703959436539e-09,2.202825928323870480e-09,2.236650250339630642e-09,2.278527412969040557e-09,2.329510619321764862e-09,2.389059614147178505e-09,2.455829555482161066e-09,2.528215968223657986e-09,2.604678378223402951e-09,2.683899930062120959e-09,2.764841690011272424e-09,2.846737763653623662e-09,2.929062307310009442e-09,3.011487019812325407e-09,3.093838981598445620e-09,3.176063291589309948e-09,3.258191911218916729e-09,3.340318599086623309e-09,3.422579173079872395e-09,3.505136154600942523e-09,3.588166884201119828e-09,3.671854313174654527e-09,3.756379803231486267e-09,3.841917376492293688e-09,3.928628940094811588e-09,4.016660062543223374e-09,4.106135905669253538e-09,4.197156918577813836e-09,4.289793879323263530e-09,4.384081827469701352e-09,4.480012360787473346e-09,4.577523668003475245e-09,4.676487526177301646e-09,4.776692292566439561e-09,4.877820646156441400e-09,4.979420458786399625e-09,5.080866667322875758e-09,5.181311858464685970e-09,5.279621723267030711e-09,5.374285718588353852e-09,5.463297850362243567e-09,5.543998569820841699e-09,5.612864743252278555e-09,5.665230263235720668e-09,5.694914061892688943e-09,5.693724692336032151e-09,5.650800897216236812e-09,5.551735514479274582e-09,5.377416413428694410e-09,5.102507350721593049e-09,4.693504808806241579e-09,4.106453054757579917e-09,3.285378917791507410e-09,2.171138897003355085e-09,9.160206616915092345e-10,9.161921804520602114e-10,8.120139184885539329e-10,1.157390356865974189e-09,2.657821648415298899e-09,5.253876326814427420e-09,9.510981776961161187e-09,1.784185662825718042e-08,1.417175914435391389e-07,1.492081683806613544e-09,1.327172432675191548e-08,8.975170178906183623e-09,7.311964743111683964e-09,5.736230026817789945e-09,2.962407670107293257e-09,1.145819466796081200e-10,7.882918413880700740e-10,2.297755263649785263e-09,4.029990781356442427e-09,5.723161198999491428e-09,7.040206912088733739e-09,7.733062458983746961e-09,7.609982427587165943e-09,6.477979021538409298e-09,4.064003966877777962e-09,4.326308658725183931e-10,6.842529213060981798e-09,1.656335632815340010e-08,1.542098933027647915e-07,2.243953081544771333e-09,1.100710432232052325e-08,7.034640239337713140e-09,6.590628359989543354e-09,6.124983486126454757e-09,7.205060796584743492e-09,4.148579578339428974e-10,4.016040204415313901e-10,8.715285409230259249e-10,1.970073795045892034e-09,3.589666649076622252e-09,5.000426745150664895e-09,5.568030719671833623e-09,4.667528155663535400e-09,1.616603368508706783e-09,6.427047003408660267e-09,2.108507845140228876e-08,4.753118647221117716e-08,8.745974485496071385e-08,8.131108136107409744e-07,4.784433835869203303e-08,8.720822871798315224e-08,6.536167635736088684e-08,6.119585542873889922e-08,5.641870140714053863e-08,1.372468930317093339e-07,1.418060267466999138e-08,8.505544446091632556e-09,1.412074693169889274e-08,1.734037506753769446e-08,1.654502415566496347e-08,1.402033418335338371e-08,1.111354589331550082e-08,8.447063230252099114e-09,6.323707367677491847e-09,4.964741953528450326e-09,4.743927798423309687e-09,6.414566877440392440e-09,1.140615488188333120e-08,9.279522212320266543e-08,9.355917907649162300e-09,1.893968291627159492e-08,2.184739264224800140e-08,2.819101692140209848e-08,3.142708629282508846e-08,8.669335487773187748e-08,7.676210144591435262e-09,7.127664840897435777e-09,1.374546957265223680e-08,1.851072884829820481e-08,1.973323377283387047e-08,1.907601477145951896e-08,1.764858556476044989e-08,1.606023255112827111e-08,1.470694985660322434e-08,1.395613406694035611e-08,1.429250238729717878e-08,1.659906812958159880e-08,2.365175853220188953e-08,1.828082093375711328e-07,1.011193614366593244e-08,1.898199502505047918e-08,1.350475029602375832e-08,1.278147997476983450e-08,1.152511873663392392e-08,4.857451230619960445e-08,9.579172602052421753e-09,3.600190488861794994e-09,3.414649312934110154e-09,3.699878922043325531e-09,4.379695380356950126e-09,5.133883401673546755e-09,5.764241497378997582e-09,6.191194798388357566e-09,6.274016413850255000e-09,5.693259235295665213e-09,3.996865071561278418e-09,3.033042761980899864e-09,7.780442509015052347e-09,8.183982351577443216e-08,6.677954641621789409e-09,1.597221736042794965e-08,2.199294775626365266e-08,3.148532920938655384e-08,3.678743059192165363e-08,1.069070590235826228e-07,2.405720763399322711e-08,1.689879007716567149e-08,2.593197447138509988e-08,3.396488190374151705e-08,3.881750754369959186e-08,4.106310628536816193e-08,2.154251003538536115e-10,2.589318837222096731e-10,3.028500188573852068e-10,3.469292885961047749e-10,3.909343724287811983e-10,4.346434156033668110e-10,4.778489709323040204e-10,5.203596202078075322e-10,5.620015929191831164e-10,6.026200853994058127e-10,6.420801538483491971e-10,6.802671411301526214e-10,7.170866449884757174e-10,7.524640645959407977e-10,7.863437794086639669e-10,8.186880239207893289e-10,8.494755259038117281e-10,8.786999751742411165e-10,9.063683863882012695e-10,9.324994134394452081e-10,9.571216653878556553e-10,9.802720659812011916e-10,1.001993536117029766e-09,1.022330045104438396e-09,1.041323457598065182e-09,1.059011485684014409e-09,1.075426154750747539e-09,1.090592833017177315e-09,1.104529851013475194e-09,1.117248712783381993e-09,1.128754877898752877e-09,1.139049073723822469e-09,1.148129080657365893e-09,1.155991920080958367e-09,1.162636363302621111e-09,1.168065669579239304e-09,1.172290450162738098e-09,1.175331541904399466e-09,1.177222758008558421e-09,1.178013365692465302e-09,1.177770126181270366e-09,1.176578733299783743e-09,1.174544525684991734e-09,1.171792467480362964e-09,1.168466666715949713e-09,1.164730250563592941e-09,1.160767433019803195e-09,1.156791365018289247e-09,1.153064187788640992e-09,1.149939892323410741e-09,1.147945945563832135e-09,1.147924598778978143e-09,1.151254493292430791e-09,1.160156697977957857e-09,1.178037946462267805e-09,1.209717778333241066e-09,1.261233260029574438e-09,1.338800848280155467e-09,1.446610240375637260e-09,1.583556769569154648e-09
1.751265726110330920e-09,1.905439962115965453e-09,2.017786395622863369e-09,2.090879231157685386e-09,2.136218790009917563e-09,2.167069274396768426e-09,2.194392798758815875e-09,2.225497501278268925e-09,2.264247827951402390e-09,2.311913374052498494e-09,2.368114896679850789e-09,2.431612967445343500e-09,2.500861994491399192e-09,2.574346134319701596e-09,2.650750424691554589e-09,2.729024103121430371e-09,2.808382014262441259e-09,2.888275659405927962e-09,2.968353111982753159e-09,3.048418218422960347e-09,3.128393935807284894e-09,3.208291480145177920e-09,3.288185333033658091e-09,3.368193442676912953e-09,3.448461732221801288e-09,3.529152038741879741e-09,3.610432706785973793e-09,3.692471179260123806e-09,3.775428032793290673e-09,3.859451983364140734e-09,3.944675438369653507e-09,4.031210196535970090e-09,4.119142898819048714e-09,4.208529813010501014e-09,4.299390493037737967e-09,4.391699786557132985e-09,4.485377566533156397e-09,4.580275424952790338e-09,4.676159374433523471e-09,4.772687338091399569e-09,4.869379842495541975e-09,4.965581830560624777e-09,5.060413419266368796e-09,5.152706007334104723e-09,5.240913861109785297e-09,5.322996216485502349e-09,5.396261028389701004e-09,5.457157432210967471e-09,5.500999621794787842e-09,5.521599162196411874e-09,5.510775528534932039e-09,5.457705889506134150e-09,5.348065478288174379e-09,5.162901808306693070e-09,4.877187798190688728e-09,4.458040635641232147e-09,3.862809813455927516e-09,3.038459769353015182e-09,1.934330109221795255e-09,7.991673119980102597e-10,7.982353958706763400e-10,7.655321821071434878e-10,1.207893640768757606e-09,2.568817584730777652e-09,4.761865417315668720e-09,7.702125930085892802e-09,3.675375421614046807e-08,7.658092274573366743e-08,3.018159710896048443e-08,1.173262349289678733e-08,1.031246725885790083e-08,8.065753026788465731e-09,6.120430714260008472e-09,4.993960448540188892e-09,3.329858503415748304e-09,2.011590768893063592e-09,2.057278194592819596e-09,3.900081130485544170e-09,5.834774475189448642e-09,7.349007528346049468e-09,8.222538412199857237e-09,8.312719724775716727e-09,7.470470672380511691e-09,5.413229716534046567e-09,1.476424159776947106e-09,6.790359934885025131e-09,4.879841441290420055e-08,8.549515916339749286e-08,2.984322330837534068e-08,9.159619449730081955e-09,8.451744797467588100e-09,7.359722513383068730e-09,7.152952993242789205e-09,5.034884949719080173e-09,1.238012549938950363e-08,1.042634088529251744e-09,8.033571767844909361e-10,1.824679902945083636e-09,4.171967723211915223e-09,6.507151010355676046e-09,8.162423948830168962e-09,8.717711932591629023e-09,7.478050064654911850e-09,2.815931917730068423e-09,1.143972447572465949e-08,4.733471476563028333e-08,3.715009580312602197e-07,3.750389579764894696e-07,1.797433929891363721e-07,8.241370286527037754e-08,7.006428725757761730e-08,6.243308456317099202e-08,7.065405099875094896e-08,1.874205779414109154e-08,1.333473596826237610e-07,3.671625951071260868e-08,2.192015221981482962e-08,2.635781017252987372e-08,2.191514166193554558e-08,1.671031049412560826e-08,1.221247673759859661e-08,8.636011002173993345e-09,6.009284621951774489e-09,4.409689649345278885e-09,4.137905411503587560e-09,5.821130412306552300e-09,3.037363840154059585e-08,4.356901292890039065e-08,2.473520132985796014e-08,1.830662393939267074e-08,2.268518497125393223e-08,2.821047175360297688e-08,4.022719281756872270e-08,1.191645080282387259e-08,9.288549946286357387e-08,2.760827683717729218e-08,1.888174757095874968e-08,2.575409676999799171e-08,2.463022467444445351e-08,2.197715273656141242e-08,1.922737566212424980e-08,1.677938172201297196e-08,1.485578836799641307e-08,1.373440863542377513e-08,1.381531490089787089e-08,1.518863223061038413e-08,7.252927625281292697e-08,8.579289532945093263e-08,4.027955825048422459e-08,1.750780269884281268e-08,1.433821603569514310e-08,1.267606907029433220e-08,1.720894979774909530e-08,6.651544940425994345e-09,3.493543875646950353e-08,1.118364574467053966e-08,4.689922456504903078e-09,4.614970867945591676e-09,5.771330508332787864e-09,6.869906769410006183e-09,7.658020024644414905e-09,8.231709813604724568e-09,8.551443354893074236e-09,8.226404358551776350e-09,6.122146825375799133e-09,3.145791484414548082e-09,3.420655399932557644e-08,4.111742324375281796e-08,1.882208825251172788e-08,1.504722318003422312e-08,2.224117388451917714e-08,3.096214773838014017e-08,4.802637300656459054e-08,1.611954110052510654e-08,8.694214039288686579e-08,4.440048752308391306e-08,2.956513401063218924e-08,3.946744086815086161e-08,4.324122688350618840e-08,4.477624063826506808e-08,2.233665929665282571e-10,2.688466929071373746e-10,3.148257261717171261e-10,3.609880849500172610e-10,4.070512750936847687e-10,4.527570622219855166e-10,4.978689810115271838e-10,5.421722722828478641e-10,5.854746188744878590e-10,6.276069490193520789e-10,6.684239700259861453e-10,7.078042877293141092e-10,7.456500698133852686e-10,7.818862697528285127e-10,8.164594616254091434e-10,8.493363543792551116e-10,8.805020622429611160e-10,9.099582087730945071e-10,9.377209381678855133e-10,9.638188998097235899e-10,9.882912627908630652e-10,1.011185806784386497e-09,1.032556275610955653e-09,1.052456848393072756e-09,1.070938739150816793e-09,1.088048043669617357e-09,1.103824143489372550e-09,1.118298712530161443e-09,1.131495345602378685e-09,1.143429802017889308e-09,1.154110834088680598e-09,1.163541550490274678e-09,1.171721248536195905e-09,1.178647637491567855e-09,1.184319365047047412e-09,1.188738750162825113e-09,1.191914616105449811e-09,1.193865104941396678e-09,1.194620340262504135e-09,1.194224788606273950e-09,1.192739158176414103e-09,1.190241679277775636e-09,1.186828658914015411e-09,1.182614338762762188e-09,1.177730389157115473e-09,1.172325969188881437e-09,1.166570371630262382e-09,1.160662127567366021e-09,1.154851403258956193e-09,1.149486827518073803e-09,1.145103293273186440e-09,1.142572052077284142e-09,1.143333458087761008e-09,1.149714740438972731e-09,1.165281160390692427e-09,1.195059317352665398e-09,1.245316592072767900e-09,1.322473456299080813e-09,1.430839951794331949e-09,1.569310573939198570e-09
1.739728975420662734e-09,1.896563931646782437e-09,2.011022181368144058e-09,2.085231109043646064e-09,2.130524992067866641e-09,2.160218720833070445e-09,2.185462279059272141e-09,2.213814067358874719e-09,2.249391619338272471e-09,2.293681828631152124e-09,2.346469241170388178e-09,2.406623298894422163e-09,2.472660611046090289e-09,2.543092658127168809e-09,2.616608238844804371e-09,2.692145813594227770e-09,2.768901338322427255e-09,2.846303542887818663e-09,2.923976463323518248e-09,3.001700170671747396e-09,3.079374938805686822e-09,3.156990791063419546e-09,3.234602645678347321e-09,3.312310504656370755e-09,3.390243866429061857e-09,3.468549527753446274e-09,3.547382024696467347e-09,3.626896072336769954e-09,3.707240461403536998e-09,3.788552945876202541e-09,3.870955705078329285e-09,3.954550990063311394e-09,4.039416567741486650e-09,4.125600561027861158e-09,4.213115248007412647e-09,4.301929326286172840e-09,4.391958065290060150e-09,4.483050651096330236e-09,4.574973862899157413e-09,4.667390989452567336e-09,4.759834573344937225e-09,4.851671131256330937e-09,4.942056052946769902e-09,5.029875744612726831e-09,5.113667356876922531e-09,5.191511898105197410e-09,5.260892865145849582e-09,5.318508669074757685e-09,5.360023110952498748e-09,5.379732922840364280e-09,5.370124800235065230e-09,5.321286631147431875e-09,5.220129937101541749e-09,5.049376577378281505e-09,4.786273154906832940e-09,4.401053380070712340e-09,3.855386917381234887e-09,3.101997835038239539e-09,2.092903259779129671e-09,9.106380356344621139e-10,9.118854620423646449e-10,7.781597440271926178e-10,7.837998568687630253e-10,1.697884589930196615e-09,3.393167390420745350e-09,5.117186144868623823e-08,1.053388129595577380e-08,2.567362491705176255e-08,6.530519013325639990e-10,3.492682043490054883e-09,4.259337565054198638e-09,3.999543423767973084e-09,3.636181686188592479e-09,3.665999580359457691e-09,3.818042491992948902e-09,6.872963207373626534e-09,1.367714580199904901e-09,3.654078546730777299e-09,6.200396440459911671e-09,8.051318694438789743e-09,9.203459882656322892e-09,9.647303448034774616e-09,9.410017317989514146e-09,8.535680122206515610e-09,6.853833891469718649e-09,1.081273403111472583e-07,1.101043685439779517e-08,3.264973359558952491e-08,4.688756130925815465e-09,1.529333768621086997e-09,1.983605473702272467e-09,2.813561580328792670e-09,3.937925304994736174e-09,5.721497238695681190e-09,4.347470455484345828e-09,1.856366945549171298e-08,8.782222502031001649e-09,1.917133661880673027e-09,4.809890128906985648e-09,8.493591403132227194e-09,1.156788328821981710e-08,1.427030097871760044e-08,1.698376727078658673e-08,1.995290073636298530e-08,2.108358066322667249e-08,6.469570409747839655e-07,5.924400174307071864e-08,1.389891602891164318e-07,6.598313421852007006e-09,2.995323722764251635e-08,3.771911953438367312e-08,4.055765313534368574e-08,4.319902954440465311e-08,3.734448652876779784e-08,2.238825404119048755e-08,1.075940178520926052e-07,8.024627468720981168e-08,4.328526896558723828e-08,2.724721193270899661e-08,1.809093073391771954e-08,1.195644361396381504e-08,7.572140405082535169e-09,4.476981979503688026e-09,2.576394821768402960e-09,2.020661395845066366e-09,4.097034686982623333e-08,6.127155492199834866e-09,1.307748633903464623e-08,6.007681315314943068e-09,1.194644800827389767e-08,1.710429683491948330e-08,2.252948160548247445e-08,2.863826237840319004e-08,3.022153185709380967e-08,2.164196958316536881e-08,7.562105838372549747e-08,6.282972649621181848e-08,4.004454531098852655e-08,3.015308010234607560e-08,2.417652550974441723e-08,1.981780643657629252e-08,1.639482982413223758e-08,1.372652339459746476e-08,1.195268192040286549e-08,1.189724397512974016e-08,1.001782831838265905e-07,1.155269944251470228e-08,2.780781561163391882e-08,4.908876898443418093e-09,8.292072371580180803e-09,8.572353430276142928e-09,7.847681777885469932e-09,6.941143528576396201e-09,6.444790230698451068e-09,1.228889884652637752e-08,2.366103608663580781e-08,1.279044557808744177e-08,6.358542417695427118e-09,7.914210534249305590e-09,8.954611850028474170e-09,9.614243603906450598e-09,1.031159566436613467e-08,1.125273019475192773e-08,1.244418726322761864e-08,1.343726575612942256e-08,8.196321405963557917e-08,5.430272635137149810e-09,1.577267646004306314e-08,7.497243026005177665e-09,1.365657462152513992e-08,2.021923130797430884e-08,2.664711805062999637e-08,3.216513705475890441e-08,2.755844669161550156e-08,2.907597036586313848e-08,4.494785976061984830e-08,5.819812091931131547e-08,4.964264272513488230e-08,4.830381637596923323e-08,4.836748914065032973e-08,2.314132272087909466e-10,2.791140292107879012e-10,3.274063827702522355e-10,3.759004729660788972e-10,4.242607342979079224e-10,4.721880966323173712e-10,5.194135984514608987e-10,5.656964831338607654e-10,6.108239874118722761e-10,6.546115843225161296e-10,6.969031079386493092e-10,7.375705037194044120e-10,7.765131132240620018e-10,8.136564926997210003e-10,8.489508164480430046e-10,8.823689427273767696e-10,9.139042320560407943e-10,9.435682089321637695e-10,9.713881528681748680e-10,9.974046946714138923e-10,1.021669481943051610e-09,1.044242964440446001e-09,1.065191391442252996e-09,1.084580681820514225e-09,1.102472762980135198e-09,1.118923307991450748e-09,1.133980080293083937e-09,1.147681924930079151e-09,1.160058416664795173e-09,1.171130148189436174e-09,1.180909617454912051e-09,1.189402653797251251e-09,1.196610307820576991e-09,1.202531119197969616e-09,1.207163668445711714e-09,1.210509311544914081e-09,1.212574988268903897e-09,1.213375984029558947e-09,1.212938512077460522e-09,1.211301967970110390e-09,1.208520699632621892e-09,1.204665147266387322e-09,1.199822265516402815e-09,1.194095294925510805e-09,1.187603282897133761e-09,1.180481400044868627e-09,1.172884257092878638e-09,1.164996381151507184e-09,1.157057082857006514e-09,1.149411355048619817e-09,1.142603865552509206e-09,1.137537669595239789e-09,1.135717630003223184e-09,1.139579085285659448e-09,1.152845662015897786e-09,1.180746951535469254e-09,1.229770222470828331e-09,1.306520837117107411e-09,1.415402536622984728e-09,1.555284847378778299e-09
1.728220275245027171e-09,1.887511529797032440e-09,2.003938476990593538e-09,2.079186494770195094e-09,2.124400092279328038e-09,2.152919442719498573e-09,2.176065216947108093e-09,2.201637057378878871e-09,2.234002314868259506e-09,2.274865554935421361e-09,2.324177573577707381e-09,2.380920049633134748e-09,2.443675186748023236e-09,2.510984641582204956e-09,2.581543016590660098e-09,2.654279200262762000e-09,2.728370751760632830e-09,2.803223601222984958e-09,2.878437399456864770e-09,2.953767949033320334e-09,3.029092337721136864e-09,3.104378981665748185e-09,3.179662978761920104e-09,3.255026335365552193e-09,3.330582323670980291e-09,3.406463185368522883e-09,3.482810464066376747e-09,3.559767348810245017e-09,3.637472503694946544e-09,3.716054932352866494e-09,3.795629475683923984e-09,3.876292570255166745e-09,3.958117904324905695e-09,4.041151600680671149e-09,4.125406533395201469e-09,4.210855345334810369e-09,4.297421674001811738e-09,4.384969007317887482e-09,4.473286469251290454e-09,4.562070662953458912e-09,4.650902455950881352e-09,4.739217253773365569e-09,4.826267584714909739e-09,4.911076100895187639e-09,4.992369936183128029e-09,5.068493582047674815e-09,5.137294219213524047e-09,5.195970033402464892e-09,5.240868625239012487e-09,5.267218056819579029e-09,5.268767158343464075e-09,5.237304507812201712e-09,5.162017876841825654e-09,5.028651071934923529e-09,4.818422310196123020e-09,4.506714008400688387e-09,4.061707302388680469e-09,3.443693913441686741e-09,2.608123470672717284e-09,1.532460262556803920e-09,1.535904769247222620e-09,1.362722164406465498e-09,9.112265995460148636e-10,5.768414020330627872e-10,5.840357602480012735e-10,5.768444052630999349e-08,2.361595348374082992e-08,1.658272231194813374e-08,6.664365615464589943e-09,2.642382391590731004e-09,1.475978839143385930e-09,1.577582415767517677e-09,1.997347830322131826e-09,2.814968056838215734e-09,4.514374381887465338e-09,5.722218096018435532e-09,3.688373024270994854e-09,4.764304036473593374e-09,7.167861049106292169e-09,9.191438376027970180e-09,1.056246029051069654e-08,1.130744394690235089e-08,1.163878306350474294e-08,1.215931566176163523e-08,1.466389648155592035e-08,1.469735700882363800e-07,5.284595495985103972e-08,3.046736759967589955e-08,1.493524408524931277e-08,8.415190997794530602e-09,5.340493968917306744e-09,3.474389436447041742e-09,2.141958606235315460e-09,3.859725243851346067e-09,9.134080522633751134e-09,1.332088363590629069e-08,7.163010136643777803e-09,2.864573680678380352e-09,6.456349369001582483e-09,1.088670358437385178e-08,1.494877058432690937e-08,1.930650673798015865e-08,2.565105567193215585e-08,3.850739759517401952e-08,7.212590944312701440e-08,7.708967249108829019e-07,2.648714267155809513e-07,1.321361470663457250e-07,4.438833103941142043e-08,6.112080476993547460e-09,1.137873672906670416e-08,2.002722186347244616e-08,2.546641604903154916e-08,2.938040464509359456e-08,3.859954229658638399e-08,7.233907863048951873e-08,5.545183708169615917e-08,3.768871588824673093e-08,2.469781849213215307e-08,1.579867311288572834e-08,9.542640684539479284e-09,5.025435181282638254e-09,2.015048953133073606e-09,2.265272968450376147e-09,4.697787029306282882e-09,4.641323331070002792e-08,1.745347162429725156e-08,8.980985164743727340e-09,7.403687662708386007e-10,6.723659099314734676e-09,1.175618758212752186e-08,1.682273315618037057e-08,2.245460751928639479e-08,2.842243489856300794e-08,3.744249100006177357e-08,6.436647966224173737e-08,5.255913372800992930e-08,4.012665599318312065e-08,3.069852210584001159e-08,2.389548593312415739e-08,1.877596884467128232e-08,1.471013686837202268e-08,1.132612790281332833e-08,8.400579544354509917e-09,6.335095812418442764e-09,9.715929955514694479e-08,3.459232446636086954e-08,1.897441381926770454e-08,5.523965093822553965e-09,4.124680035763240088e-09,4.990478425386716275e-09,4.856967931378468482e-09,5.432534795121153436e-09,9.040100462988871374e-09,1.267365056987949945e-08,1.404634580473950161e-08,1.282178381061709428e-08,1.216140296839652072e-08,1.170135862649047915e-08,1.129625221323091936e-08,1.124860524473555233e-08,1.182341709543627747e-08,1.334282456388682253e-08,1.646261903649830978e-08,2.311604289358121620e-08,1.186018421337677987e-07,3.909404382817069780e-08,1.777142855183855209e-08,9.703064060711279874e-09,1.354588457461564244e-08,1.912166227453074563e-08,2.405280301789079544e-08,2.742948256265490825e-08,2.750779699768122285e-08,2.698813344150209916e-08,5.588111672982429978e-08,5.331678105473787624e-08,5.079610581132603258e-08,5.017991447972558238e-08,5.023185596000853368e-08,2.393296768286620246e-10,2.895786265935225284e-10,3.404985991573369251e-10,3.916239618553794511e-10,4.425632203408566176e-10,4.929734215176057695e-10,5.425503393697050387e-10,5.910249741789987636e-10,6.381625195974966577e-10,6.837620947414596851e-10,7.276564545467313647e-10,7.697113252696801435e-10,8.098242361668894699e-10,8.479228401703316252e-10,8.839627838350435079e-10,9.179252212225552227e-10,9.498140806150816070e-10,9.796531931769024997e-10,1.007483384682644096e-09,1.033359617807199824e-09,1.057348256551961286e-09,1.079524507466767688e-09,1.099969033650390538e-09,1.118761203897500658e-09,1.135975161232947225e-09,1.151677450524671679e-09,1.165925311480847187e-09,1.178765666923106083e-09,1.190234805905580104e-09,1.200358732800097888e-09,1.209154129568477762e-09,1.216629859629431112e-09,1.222788928566120937e-09,1.227630807936071377e-09,1.231154022379787820e-09,1.233358894712125956e-09,1.234250337853539534e-09,1.233840572481933308e-09,1.232151638079075682e-09,1.229217552133466165e-09,1.225085966649183769e-09,1.219819188048636001e-09,1.213494495428994870e-09,1.206203865103302433e-09,1.198053573463974526e-09,1.189164843270092194e-09,1.179677927167518811e-09,1.169764066953990770e-09,1.159652942847514136e-09,1.149687718564525824e-09,1.140425198721631738e-09,1.132802943137345023e-09,1.128392874231944350e-09,1.129740037728686778e-09,1.140725933684069627e-09,1.166778944134138491e-09,1.214595940063400118e-09,1.290948343944022619e-09,1.400307176268255468e-09,1.541492773017485963e-09
1.716755829180184820e-09,1.878300690337995500e-09,1.996553521128962221e-09,2.072764199829871158e-09,2.117864878387778033e-09,2.145196013688051975e-09,2.166231551797750453e-09,2.189002769056691422e-09,2.218122894185315151e-09,2.255513976668851181e-09,2.301295168656386228e-09,2.354563613853186313e-09,2.413970527266509879e-09,2.478090704756910031e-09,2.545626732438384660e-09,2.615499260784000882e-09,2.686868051371297999e-09,2.759116291366244806e-09,2.831818964880979142e-09,2.904707164325436773e-09,2.977634327564452547e-09,3.050546877125219534e-09,3.123459850746672613e-09,3.196437215189044145e-09,3.269576207146211238e-09,3.342994974558172008e-09,3.416822840283839200e-09,3.491192598056435152e-09,3.566234338010553179e-09,3.642070370211556623e-09,3.718810865988942740e-09,3.796549870053822291e-09,3.875361353178944596e-09,3.955294979132025893e-09,4.036371253305793172e-09,4.118575702734769878e-09,4.201851708529750039e-09,4.286091568226711085e-09,4.371125300305349723e-09,4.456706608200912363e-09,4.542495281395326767e-09,4.628035110571513569e-09,4.712726955178676286e-09,4.795796420650235615e-09,4.876248007194207928e-09,4.952804761671198700e-09,5.023829883727088787e-09,5.087224004907458022e-09,5.140289333955394834e-09,5.179548252318515113e-09,5.200498830692216935e-09,5.197282638312862819e-09,5.162230777766568949e-09,5.085242706125554650e-09,4.952942125629254403e-09,4.747556044056707789e-09,4.445511385265013524e-09,4.015942912196871794e-09,3.419996896633006007e-09,2.614388132001992820e-09,2.618624742813485097e-09,2.444117898008682395e-09,1.941412926868602163e-09,1.232337106605102965e-09,6.506748010462863512e-10,5.728302994333948962e-10,1.030688799062058078e-08,1.084329696715532166e-08,7.981416508783775556e-09,5.961725691330163789e-09,4.966138494439721612e-09,4.443545470417906026e-09,3.868393548321519855e-09,3.335354808677151039e-09,4.331586485726755393e-09,7.287468827851195929e-09,5.120133135087716078e-09,6.086076942087843317e-09,8.563951703837271948e-09,1.071343963592132814e-08,1.217413578552047698e-08,1.296604175361921397e-08,1.324802320461180127e-08,1.335043018619339134e-08,1.397122054838729707e-08,4.977633285937001203e-09,2.442775552076080922e-08,2.231493195639499514e-08,1.665888209179365459e-08,1.283814959934760290e-08,1.055082281233767122e-08,8.675375868891544362e-09,6.163940204908778211e-09,3.144614372770042777e-09,6.418147490326285524e-09,1.401668250809883811e-08,6.993342422774993871e-09,4.203142830881744772e-09,8.740395781016227725e-09,1.340339368166065051e-08,1.752309062987169213e-08,2.166262536598366955e-08,2.687741483737830956e-08,3.490607679483743975e-08,4.787268419584761604e-08,1.383259661701816508e-08,1.046866731137176089e-07,8.403369142044857394e-08,4.711679331838396960e-08,2.129943611645044133e-08,5.960867444286332975e-09,3.307575273948552537e-09,9.988516417739074193e-09,1.694710722936632845e-08,2.773019934469750494e-08,4.571376068027910404e-08,3.591512335958313863e-08,2.593183191121584901e-08,1.715453410905863932e-08,1.031171847205817430e-08,5.150490843030262938e-09,1.635411819796052915e-09,2.862684107820806935e-09,5.522867386009254036e-09,7.942945164201171031e-09,4.804360411393868928e-09,8.968394688263579036e-09,6.208713826122962756e-09,1.473710883973826806e-09,2.779274682946014321e-09,6.713165549851607230e-09,1.104684167903669267e-08,1.661410088465610716e-08,2.441676999645841529e-08,3.647992963900716141e-08,5.597736668713134111e-08,4.589133248255522301e-08,3.585896586507023174e-08,2.755079297407087544e-08,2.109668206291223210e-08,1.604483407822267453e-08,1.191104256971237185e-08,8.384123692542206326e-09,5.540098012358092528e-09,4.572408969598150380e-09,4.018192871751151202e-09,1.203359115350438206e-08,9.839187280187573231e-09,4.996170545442780241e-09,3.748564013161388353e-09,4.032022793618803635e-09,4.538887141410451208e-09,7.430607518808186554e-09,1.368073146901512516e-08,2.241597162748281899e-08,3.383651173875411847e-08,2.648398358220446529e-08,1.966261827263036158e-08,1.537055763408565174e-08,1.291644071521588927e-08,1.186086844198334242e-08,1.199409622298263326e-08,1.338498164963446593e-08,1.635916464053131794e-08,2.140196452620688400e-08,9.239245709408840109e-09,1.685185110606451252e-08,1.194656064761938655e-08,1.050655682487285157e-08,1.455199606301399761e-08,1.949269815385560809e-08,2.373754776247574758e-08,2.680737231530277945e-08,2.886517083508973173e-08,3.254003730250801081e-08,4.419541234481167962e-08,4.629686323544449435e-08,4.820246070153011544e-08,4.953538006151880708e-08,5.028635458173782571e-08,2.469381811630053287e-10,3.001272870691053239e-10,3.540453826856830627e-10,4.081506470596285028e-10,4.619935783309726535e-10,5.151846647874604618e-10,5.673818194323701557e-10,6.182856728320163887e-10,6.676379304299498337e-10,7.152206864905241342e-10,7.608557293909859998e-10,8.044034128547937764e-10,8.457609450755784118e-10,8.848600974772984963e-10,9.216644157089116945e-10,9.561660548443435526e-10,9.883823747341280058e-10,1.018352428363453322e-09,1.046133462903514267e-09,1.071797534194054810e-09,1.095428313924380293e-09,1.117118147177300128e-09,1.136964257281376540e-09,1.155061356821959885e-09,1.171497441331293541e-09,1.186351313995878742e-09,1.199690840989536975e-09,1.211571955582267020e-09,1.222038397298769701e-09,1.231122143384558993e-09,1.238844466485593603e-09,1.245217534902937435e-09,1.250246460519315205e-09,1.253931692855515065e-09,1.256271653629187061e-09,1.257265503429832812e-09,1.256915927312616235e-09,1.255231818741071079e-09,1.252230731081525697e-09,1.247940955392996558e-09,1.242403081060075217e-09,1.235670919129934930e-09,1.227811748259302069e-09,1.218906035301402178e-09,1.209047177710745527e-09,1.198342555035673537e-09,1.186918471731098233e-09,1.174933702738341647e-09,1.162609618656317621e-09,1.150289420820473074e-09,1.138544392909224192e-09,1.128349156241706042e-09,1.121344958118314391e-09,1.120187773962536169e-09,1.128916162201457161e-09,1.153152996902042569e-09,1.199794655417582699e-09,1.275760139549114964e-09,1.385561654612932155e-09,1.527946214104775588e-09
1.705351054054578628e-09,1.868949126212620281e-09,1.988885490702562663e-09,2.065982761182886707e-09,2.110939537174223818e-09,2.137072149465864049e-09,2.155990253241235466e-09,2.175946584624431159e-09,2.201795639298325023e-09,2.235676183534601301e-09,2.277877442857051817e-09,2.327615066662963605e-09,2.383612665718266552e-09,2.444481195418889916e-09,2.508933500375573725e-09,2.575883428558370788e-09,2.644473637741955903e-09,2.714064711730424748e-09,2.784206756293529702e-09,2.854605768094504989e-09,2.925091112534565418e-09,2.995586857037938258e-09,3.066087746223493899e-09,3.136639649723188070e-09,3.207323922166139662e-09,3.278245013739745824e-09,3.349520698218305120e-09,3.421274361041392783e-09,3.493628870654104436e-09,3.566701625654082522e-09,3.640600423323515160e-09,3.715419833646625157e-09,3.791237788120187089e-09,3.868112110051589895e-09,3.946076724415821348e-09,4.025137293591585694e-09,4.105266030691312192e-09,4.186395446368505611e-09,4.268410784525105921e-09,4.351140895258057072e-09,4.434347274104724696e-09,4.517710957983525408e-09,4.600817860710241077e-09,4.683143571189091571e-09,4.764030616174597388e-09,4.842659465661701787e-09,4.918012798568523957e-09,4.988830734766109816e-09,5.053553461012154632e-09,5.110245516913410396e-09,5.156492327624913912e-09,5.189253266368251456e-09,5.204644664301555913e-09,5.197607340385108352e-09,5.161380331639283209e-09,5.086644816031987397e-09,4.960100790377953161e-09,4.762060575118480978e-09,4.462326284895947845e-09,4.013028191681708797e-09,4.017566490173401139e-09,3.832562565009227612e-09,3.249537737040340109e-09,2.192512858785626309e-09,5.687150531227184306e-10,4.354946315640903638e-09,7.493119309830526717e-09,8.803540540111383909e-09,8.696293431611006353e-09,8.525104881869811254e-09,8.590779663151738995e-09,8.554826425406088622e-09,7.833685723140111221e-09,6.098916537685934692e-09,4.951263008424689210e-09,7.967436488960601053e-09,6.013243222923511141e-09,7.574807554228782903e-09,1.039597440258124128e-08,1.262790391757375465e-08,1.403244886897569977e-08,1.466377137486855039e-08,1.455138236466000059e-08,1.353502055665796603e-08,1.081090762295814014e-08,1.583011157799569469e-08,1.826512138431470750e-08,1.831372283317562237e-08,1.700630440872062900e-08,1.611407707537473489e-08,1.575367384213635067e-08,1.511182249380846172e-08,1.298007302508196033e-08,8.364630135677544234e-09,4.457286994666137057e-09,1.245780098263273014e-08,5.916925818082865982e-09,6.527643799016797803e-09,1.176680231920702159e-08,1.611821932423065584e-08,1.946745443626933287e-08,2.215466702065230960e-08,2.429986849926696113e-08,2.507873856131558360e-08,2.028381039113148626e-08,4.379031993771574813e-08,5.901493080013708086e-08,5.456756937357964713e-08,4.007808773418869137e-08,2.666464018416534308e-08,1.724549559934117287e-08,1.089512134272649905e-08,5.509562442511485631e-09,1.434897802891827970e-09,1.051309934220422538e-08,2.099240004207093743e-08,1.670603896703845073e-08,1.203105128455991135e-08,7.070641628380945656e-09,2.908745393196061949e-09,1.394530024624382401e-09,4.049924610852371231e-09,6.776894542774719166e-09,9.431427690035204205e-09,1.180140519889487616e-08,1.022219679170986555e-08,8.041302386898558703e-09,5.645928451527418868e-09,3.074992022428948298e-09,8.621232384387599513e-10,1.619834334201565936e-09,4.490031242454770339e-09,9.150186309579617424e-09,1.697683046826633512e-08,2.929792465091899965e-08,4.607213717596576565e-08,3.738630673708123455e-08,2.869764533283482296e-08,2.162171844230632073e-08,1.618933266344378060e-08,1.189685589002639647e-08,8.262394524295682424e-09,5.094794129350840582e-09,3.191827912351560046e-09,3.935854824481118802e-09,5.609777215143288506e-09,6.127852298669390234e-09,4.735817826395822222e-09,3.455394277746472604e-09,3.776695588569323712e-09,3.897744173030833181e-09,4.341629732141283435e-09,8.369520738795529336e-09,1.697680609259209450e-08,3.045780784608472218e-08,4.973948422643084096e-08,3.679204894723334991e-08,2.452112201366417753e-08,1.687174749801390730e-08,1.272520717723905971e-08,1.088306015635797892e-08,1.054868646864266991e-08,1.146282001358791097e-08,1.367197736498064472e-08,1.691337316315625104e-08,1.349963620634354054e-08,1.007890143074416970e-08,8.870991465538548347e-09,1.164285677510019541e-08,1.648108180936686760e-08,2.131375417826809509e-08,2.528393241290655361e-08,2.796569975295424892e-08,2.945637738645662847e-08,3.110005636494655924e-08,3.539711222961798463e-08,3.982571299109942402e-08,4.446858006060664119e-08,4.765169959757655172e-08,4.922707749268264572e-08,2.541221937770023015e-10,3.106924133271289997e-10,3.680293482396729778e-10,4.255105608371440284e-10,4.826247484839105948e-10,5.389322967348389779e-10,5.940501831676239526e-10,6.476463168828128517e-10,6.994374542501150228e-10,7.491881654311028253e-10,7.967097213559476775e-10,8.418584222203611301e-10,8.845332206027941377e-10,9.246726682028977752e-10,9.622513071694844191e-10,9.972756684223960056e-10,1.029780049495499805e-09,1.059822234928356538e-09,1.087479301259925151e-09,1.112843621511950348e-09,1.136019155571935042e-09,1.157118085272911370e-09,1.176256587823261540e-09,1.193546796123882410e-09,1.209092320912674489e-09,1.222985687602454387e-09,1.235306576453453211e-09,1.246120869116653185e-09,1.255480471944965404e-09,1.263423857384503496e-09,1.269977242635817124e-09,1.275156309172983036e-09,1.278968357797506419e-09,1.281414789920968331e-09,1.282493804451881875e-09,1.282203198951222834e-09,1.280543161310733048e-09,1.277518932362963987e-09,1.273143211463836135e-09,1.267438169033251513e-09,1.260436931506342027e-09,1.252184434245782838e-09,1.242737629710923104e-09,1.232165249900755109e-09,1.220547748194391276e-09,1.207978831458159938e-09,1.194571351392494825e-09,1.180472529092009692e-09,1.165896828999418983e-09,1.151189393708793321e-09,1.136938275164803198e-09,1.124157529671544086e-09,1.114559674565881579e-09,1.110912447010322764e-09,1.117410339657373556e-09,1.139866359676698559e-09,1.185366524868891191e-09,1.260959325919299735e-09,1.371172470156649989e-09,1.514655777232766355e-09
1.694020571502652128e-09,1.859474280061528000e-09,1.980952451317752301e-09,2.058860411836051476e-09,2.103643640186003212e-09,2.128570687877871649e-09,2.145369272962036022e-09,2.162502879207828913e-09,2.185061995442553824e-09,2.215400750906014908e-09,2.253979745222662657e-09,2.300135939244803941e-09,2.352668632015113510e-09,2.410227958716080311e-09,2.471539347247772537e-09,2.535511352239121340e-09,2.601270303750530520e-09,2.668154403728034252e-09,2.735688742824011839e-09,2.803553898677896862e-09,2.871554786722888786e-09,2.939592781623622528e-09,3.007642101011607163e-09,3.075730430644350680e-09,3.143923334861548271e-09,3.212311862080616140e-09,3.281002762613925098e-09,3.350110797304880925e-09,3.419752689240297156e-09,3.490042337932431203e-09,3.561086969849099612e-09,3.632983943375250700e-09,3.705817960141691428e-09,3.779658465678210184e-09,3.854557052060314861e-09,3.930544708725804416e-09,4.007628808357376486e-09,4.085789766510310926e-09,4.164977378869233490e-09,4.245106923663161863e-09,4.326055221973759706e-09,4.407656981502968816e-09,4.489702995591031010e-09,4.571942874669669475e-09,4.654086532046055702e-09,4.735808134394091516e-09,4.816755423882078234e-09,4.896566650528819817e-09,4.974897716006251267e-09,5.051462103360368397e-09,5.126085125984705708e-09,5.198770660793905072e-09,5.269770085516464233e-09,5.339623834677755699e-09,5.409103485311027334e-09,5.478889892951452819e-09,5.548622348965942488e-09,5.614518422045368837e-09,5.663828619784962744e-09,5.662453715481063562e-09,5.667136874185063906e-09,5.500146046301431316e-09,4.948210666155899481e-09,3.873989133188285605e-09,2.036199920820787452e-09,4.326213737347294442e-09,6.719364708788494668e-09,8.425088600264348186e-09,9.720456678302826233e-09,1.110909566818928176e-08,1.262124266511443084e-08,1.377059154379570802e-08,1.362702908966618435e-08,1.106738178802114265e-08,6.433191399625153410e-09,8.499963609877310745e-09,6.320570404486891870e-09,9.511700810225277504e-09,1.287565282059824229e-08,1.501445039821322961e-08,1.618139428390656531e-08,1.657854183999107104e-08,1.623203679174659485e-08,1.494512938132383081e-08,1.216809619360684949e-08,1.316102330269612110e-08,1.499435945245079527e-08,1.617051929169271144e-08,1.740824502699167907e-08,1.931386872720636700e-08,2.170579044319785177e-08,2.355013902346353105e-08,2.304090620165611571e-08,1.792397593446009896e-08,7.565490108576193010e-09,1.161825442973711513e-08,5.369866658175504057e-09,1.041337113681214570e-08,1.592177099955023380e-08,1.935153868514065357e-08,2.138205637604139244e-08,2.237522566675638972e-08,2.218754605984250128e-08,1.989879562709805908e-08,1.329360448744190552e-08,2.261972531086881262e-08,3.468782863490327731e-08,3.668492208062957138e-08,3.309697116812412452e-08,2.879550997832510306e-08,2.597255888389438026e-08,2.440761550684675999e-08,2.232920762300064463e-08,1.726785445899755812e-08,7.969206007818653006e-09,3.724570232259553944e-09,1.777216275280093325e-09,2.023653253367902610e-09,3.994704269957075184e-09,5.626666490167713606e-09,7.131659152449281275e-09,8.763769763262291136e-09,1.076835595656445010e-08,1.339755349273296541e-08,1.673487277489372816e-08,1.185732804182949148e-08,7.705063863840116195e-09,5.464939936627609967e-09,4.497477000914580039e-09,4.343292490848056510e-09,4.598120855813377060e-09,4.484335750357450525e-09,3.230266729158320115e-09,6.453480447445984805e-09,1.888169447292226928e-08,3.669235622346376521e-08,2.787393948358767874e-08,1.908535723978356908e-08,1.341255417131010989e-08,9.690246838412446532e-09,6.850717121077799059e-09,4.331514903664595792e-09,2.600324037643252189e-09,4.416077608709856551e-09,8.402683261541522029e-09,4.733892094941355379e-09,2.936990312265527905e-09,3.171521383262189166e-09,4.747573726787817639e-09,5.728167300851352120e-09,5.320547380836472444e-09,3.903529778856668387e-09,6.501764483787816977e-09,1.638112449329060692e-08,3.380963600999089864e-08,6.030358204647766493e-08,4.172915901284057979e-08,2.423873359192575833e-08,1.460765857550530556e-08,1.008688373469406974e-08,8.334358147649681663e-09,7.874365589264192211e-09,8.267229986494877943e-09,9.863150909950513429e-09,1.318037914816634621e-08,7.589577854226106182e-09,6.194766786191345792e-09,9.185531210857919921e-09,1.412763305261693526e-08,1.957992953066927928e-08,2.473631832693916605e-08,2.886170490811768338e-08,3.114979680337558420e-08,3.084856329533004456e-08,2.814919197985398090e-08,2.611609568604657757e-08,3.289736605714245487e-08,4.072014510462771978e-08,4.565856419175595618e-08,4.793184234802824680e-08,2.608130732955963124e-10,3.212474960852836696e-10,3.824723749017702404e-10,4.437736310232795946e-10,5.045711634102610867e-10,5.643699700050567173e-10,6.227420316886614149e-10,6.793196783997729986e-10,7.337931138217066808e-10,7.859090382840850522e-10,8.354690490615807775e-10,8.823272934835110042e-10,9.263872474768558323e-10,9.675976967415388423e-10,1.005948099061964198e-09,1.041463545802047777e-09,1.074199543019253170e-09,1.104236812303788335e-09,1.131676278729161622e-09,1.156634375424245959e-09,1.179238756246972385e-09,1.199624472883442942e-09,1.217929300994613482e-09,1.234285045365571269e-09,1.248812804076615736e-09,1.261620343993885351e-09,1.272800358829052989e-09,1.282429594488641124e-09,1.290568793022915633e-09,1.297263378602319627e-09,1.302544788625998169e-09,1.306432340020377478e-09,1.308935515127634390e-09,1.310056550336300472e-09,1.309793212511180869e-09,1.308141649926296038e-09,1.305099204317947033e-09,1.300667066485809395e-09,1.294852651706359398e-09,1.287671565221138261e-09,1.279149034067938485e-09,1.269320718229065885e-09,1.258232918195910282e-09,1.245942427409411573e-09,1.232516734651846952e-09,1.218036111442969744e-09,1.202600535400817364e-09,1.186346673843595628e-09,1.169483555683199068e-09,1.152360180241559398e-09,1.135583570281709284e-09,1.120209370910300567e-09,1.108022966968554138e-09,1.101904293265574613e-09,1.106202364849660187e-09,1.126915940270773418e-09,1.171311073878605194e-09,1.246548072676208131e-09,1.357144948405579028e-09,1.501630878808306436e-09
1.682778202735483700e-09,1.849893275620266261e-09,1.972772309682772259e-09,2.051415057094172671e-09,2.095996138396228696e-09,2.119713580094584523e-09,2.134395509257155463e-09,2.148704942464853796e-09,2.167962443744097530e-09,2.194735567031392842e-09,2.229657148445316368e-09,2.272187984499799135e-09,2.321206202492507894e-09,2.375404078230031045e-09,2.433521951723639969e-09,2.494464639222966465e-09,2.557342990205981272e-09,2.621473128524333497e-09,2.686355074239509892e-09,2.751643732651055229e-09,2.817119242272445688e-09,2.882659972268348568e-09,2.948219373827298381e-09,3.013806821761225782e-09,3.079472101780020469e-09,3.145293030681945953e-09,3.211365680603367081e-09,3.277796724702780133e-09,3.344697487387918748e-09,3.412179346269310693e-09,3.480350189028016562e-09,3.549311676868309976e-09,3.619157109264899779e-09,3.689969726774394378e-09,3.761821335997079782e-09,3.834771196759320552e-09,3.908865184002211651e-09,3.984135331350110895e-09,4.060599988436003268e-09,4.138264990561892040e-09,4.217126460188786856e-09,4.297176155018239516e-09,4.378411871636678416e-09,4.460857179848107813e-09,4.544585838152530976e-09,4.629756974434214885e-09,4.716667321371513910e-09,4.805827404349121002e-09,4.898070891416515218e-09,4.994709079574835419e-09,5.097745463632145251e-09,5.210167752362031317e-09,5.336334634788163166e-09,5.482467469349788570e-09,5.657232144184782339e-09,5.872328468674027550e-09,6.142833575518113133e-09,6.486626094498720733e-09,6.921191257186940706e-09,7.453612271951280446e-09,7.458376847785687000e-09,7.358100868217491958e-09,6.999262814270286400e-09,6.210156255469905541e-09,4.690604392663908929e-09,4.807457071616252434e-09,6.821973497050732655e-09,8.688840501412845690e-09,1.092094492109122920e-08,1.388465859624655907e-08,1.738916052825041585e-08,2.073542976980804139e-08,2.248108783340621459e-08,2.002963497793448151e-08,1.035947885380516144e-08,1.100089349180809241e-08,6.148862406355548085e-09,1.321622087763477824e-08,1.648538117333465253e-08,1.791817628581224147e-08,1.853959673148790196e-08,1.864376401860329753e-08,1.826892918395312652e-08,1.731413190241816599e-08,1.538085946743635148e-08,1.534006577307756220e-08,1.279903113630394890e-08,1.441529200043713267e-08,1.762710503363315378e-08,2.256735171347318478e-08,2.881853290918596627e-08,3.503042492064992355e-08,3.849321034218785751e-08,3.446701880899857982e-08,1.709646752420737924e-08,1.571027282239083024e-08,5.914417084289172344e-09,1.758748190734847438e-08,2.192416959911566396e-08,2.334376831506432319e-08,2.356519892476611357e-08,2.295527024824925605e-08,2.135658228621785557e-08,1.830846123041771646e-08,1.299153916513204935e-08,1.907601619479893324e-08,2.142301588471578290e-08,2.542949272577348096e-08,2.777193597332384040e-08,3.027010230872018128e-08,3.418312815744922075e-08,3.913230214591984111e-08,4.279633195773855650e-08,4.051868875274712929e-08,2.654606977220909784e-08,4.963305074716849850e-09,1.147705253712755114e-08,1.619643619351421412e-08,1.528677839381715117e-08,1.381750631251046968e-08,1.293878494940312734e-08,1.286172957081276611e-08,1.377476304587071174e-08,1.619372431465348379e-08,2.071357975497378104e-08,1.798327707557906434e-08,5.769797145398610551e-09,4.215332545184238998e-09,5.260618857073691280e-09,7.650689061473384990e-09,1.111790595289127880e-08,1.484925418033336846e-08,1.687701892750890763e-08,1.348910121194851977e-08,6.787555219298427886e-09,3.237045879098924235e-08,1.747573483996877026e-08,6.590371576180319263e-09,3.854372164815127021e-09,2.923030634158529452e-09,2.352177218633049359e-09,2.165234619855799963e-09,3.558757854468322094e-09,7.282018668006768640e-09,1.350066224129830013e-08,1.131364627247915939e-08,2.856896412604504988e-09,6.910954279591259912e-09,9.329614128137413010e-09,1.041862188276377033e-08,9.890522632486448895e-09,7.589522399391501549e-09,3.992150788942002615e-09,9.573188790993657216e-09,2.928877535274307528e-08,6.603723425851371382e-08,3.837050631652005388e-08,1.585625722873505583e-08,8.076633713922252897e-09,6.417836014563837971e-09,6.375782995559011846e-09,6.278900222724381849e-09,5.875426520168361502e-09,5.741688841495486768e-09,8.012474888113369984e-09,6.810593508809136892e-09,7.135099881925400791e-09,1.225933817473415968e-08,1.774849172955126966e-08,2.389185484725233499e-08,3.001416258238578659e-08,3.517128674086390164e-08,3.794890959765898838e-08,3.593798179813362056e-08,2.644677096015671991e-08,1.651817082013910591e-08,2.607244444346314601e-08,3.883911031344435343e-08,4.477891768230808443e-08,4.719481185837453583e-08,2.669704660042435472e-10,3.317986748837998114e-10,3.974333834358015912e-10,4.630510465829479525e-10,5.279923054545487584e-10,5.916994463747504408e-10,6.536941586420400942e-10,7.135696793054350193e-10,7.709878681732753926e-10,8.256774120434771471e-10,8.774315946292530072e-10,9.261050637133584612e-10,9.716095087665839648e-10,1.013908399844808689e-09,1.053011046922395525e-09,1.088966271703530437e-09,1.121855972797535718e-09,1.151788827973780733e-09,1.178894328578324169e-09,1.203317288404777496e-09,1.225212919548384337e-09,1.244742523684177292e-09,1.262068365819624961e-09,1.277344331587646121e-09,1.290710961811142266e-09,1.302292807402335616e-09,1.312196751963080824e-09,1.320511263993052333e-09,1.327306507956151689e-09,1.332635217671051549e-09,1.336534217811846425e-09,1.339026469720376214e-09,1.340123515707159564e-09,1.339828198309175991e-09,1.338137535957639168e-09,1.335045641109256100e-09,1.330546568729038171e-09,1.324636981120142009e-09,1.317318510555352041e-09,1.308599697992504739e-09,1.298497396329645985e-09,1.287037570688014572e-09,1.274255544696145758e-09,1.260195992681293315e-09,1.244913464279965978e-09,1.228475099153504483e-09,1.210968658765019380e-09,1.192521333748665762e-09,1.173338237384700390e-09,1.153774126392755337e-09,1.134457077241302250e-09,1.116486225826580673e-09,1.101721054455956737e-09,1.093153738798759016e-09,1.095286144550611116e-09,1.114298413611833602e-09,1.157627318262110611e-09,1.232527742442669670e-09,1.343483352656830953e-09,1.488879813318607168e-09
1.671636966194086761e-09,1.840222870332630877e-09,1.964362768175777817e-09,2.043664255998383409e-09,2.088015364824976775e-09,2.110521892113209281e-09,2.123094783908506718e-09,2.134584913793225336e-09,2.150536386866296298e-09,2.173727669622474211e-09,2.204964242307058914e-09,2.243832935473696600e-09,2.289293631980431584e-09,2.340083590646183274e-09,2.394960351219041998e-09,2.452826565705960187e-09,2.512778511223336291e-09,2.574110621152946865e-09,2.636297878263869233e-09,2.698969340989404993e-09,2.761880101457537745e-09,2.824885238769621411e-09,2.887917191314979964e-09,2.950966849155524720e-09,3.014068139649412423e-09,3.077285675892878705e-09,3.140704995571476483e-09,3.204424948521657340e-09,3.268551847327418752e-09,3.333195055883370602e-09,3.398463747119793735e-09,3.464464613032062287e-09,3.531300360310943755e-09,3.599068875902572453e-09,3.667863007931135836e-09,3.737770981256035948e-09,3.808877563351127938e-09,3.881266224537935477e-09,3.955022707712703468e-09,4.030240655444554214e-09,4.107030256149099900e-09,4.185531299749045521e-09,4.265933940016291887e-09,4.348512829313466047e-09,4.433670826090744249e-09,4.522000387661063457e-09,4.614371901296554579e-09,4.712060045540085717e-09,4.816923577381659211e-09,4.931659765253192122e-09,5.060162461761273313e-09,5.208022984243539538e-09,5.383225920815658661e-09,5.597107745128436442e-09,5.865663822500452268e-09,6.211305677004958001e-09,6.665174555453702543e-09,7.270071737926761748e-09,8.083814897519704243e-09,9.181642566426256967e-09,9.186457201949471634e-09,9.205512328416330692e-09,9.226379160450191519e-09,9.056304542864714028e-09,7.618441760689221766e-09,1.569147628780568287e-08,7.261538846674744872e-09,8.824673749637033814e-09,1.169073960846741281e-08,1.650530639811307823e-08,2.280508446912058361e-08,2.990429687399236751e-08,3.626597828564062101e-08,3.749942881740667416e-08,2.288871208840290454e-08,2.101636585042169606e-08,2.310461111677963091e-08,2.250042925832950196e-08,2.156507577665327311e-08,2.104384925697067629e-08,2.076118221737389803e-08,2.051716955799551255e-08,2.022573865852208335e-08,2.003954108087972055e-08,2.092751558235936921e-08,4.806088013978203480e-09,6.820230345483825299e-09,1.147063047714530932e-08,1.660969919058923027e-08,2.513578027704016810e-08,3.676804834118341945e-08,5.023594529449088257e-08,6.254720336551755291e-08,6.569963755913086177e-08,4.087989080762313544e-08,3.288436039493036314e-08,3.676989208422827768e-08,3.363157661206831403e-08,3.020441193918962799e-08,2.771919533386178251e-08,2.572698523060655081e-08,2.368450313559523488e-08,2.119281600394385240e-08,1.832440837125187084e-08,1.732767188621477140e-08,8.050001535866157392e-09,7.175919152023818869e-09,1.657548742108139048e-08,2.309046077824935357e-08,3.119525605934455563e-08,4.232867572930755065e-08,5.625147137988547548e-08,7.042326543321763772e-08,7.666604245632821380e-08,5.507764168998949847e-08,1.547635077967338813e-08,4.848584171035295188e-08,3.560313700784613757e-08,2.660489194220286995e-08,2.093459367777323644e-08,1.748238992603033579e-08,1.550075558304747513e-08,1.477392437406286469e-08,1.630643662490372233e-08,2.592718513764530295e-08,3.412316439268496393e-08,6.831922013482100519e-09,1.724133559679164411e-09,4.940107322824524698e-09,1.017551759842796443e-08,1.778648680944874608e-08,2.759212178775529068e-08,3.783288953615938806e-08,4.258518822423323966e-08,2.602295734764097317e-08,3.982221246953239106e-08,2.538350090533579032e-08,1.758687471144737766e-08,1.091525180820843383e-08,6.748217913708344245e-09,4.551607733512710340e-09,3.811754278889003208e-09,4.493845216895751999e-09,7.990027101351017003e-09,2.123754102483784217e-08,5.059684661107798040e-08,1.505075947310371748e-08,1.382963807433596797e-08,1.603089343105620048e-08,1.743217281221024366e-08,1.716330394103626359e-08,1.565788345596161348e-08,1.338460743547415938e-08,8.755621522401431621e-09,9.255599405649689889e-09,6.779977749027076633e-08,5.891022412438118965e-09,9.408755166012806099e-09,9.698605580842144340e-09,9.679140504091492036e-09,9.657302746384178253e-09,9.578343429149829981e-09,9.280383882709715966e-09,8.018192665151021032e-09,5.413193124139566067e-09,4.720855425649309030e-08,1.602944660734713489e-08,1.670166775864745737e-08,2.169627552569611889e-08,2.910915261652200146e-08,3.721647560611074708e-08,4.495263265517533999e-08,5.080413832451820139e-08,5.035307093830604470e-08,3.251810092866570042e-08,2.071405507106306365e-08,4.003563830673185140e-08,4.364713141405061483e-08,4.602241235961596306e-08,4.725497084502739723e-08,2.725628937812239276e-10,3.423767896634234977e-10,4.130066623180625804e-10,4.834973559999286392e-10,5.530972250121308387e-10,6.211766689649502155e-10,6.872005309096783835e-10,7.507187577033061733e-10,8.113629331180058286e-10,8.688439228290387160e-10,9.229487799619399171e-10,9.735363128547849961e-10,1.020531300932070414e-09,1.063917617698289222e-09,1.103730630274693020e-09,1.140049263422662877e-09,1.172988082553274555e-09,1.202689689280335884e-09,1.229317651630279439e-09,1.253050119749913364e-09,1.274074213251483893e-09,1.292581212431385855e-09,1.308760991283967327e-09,1.322792051719847223e-09,1.334836376159008661e-09,1.345036821287660106e-09,1.353515568257380682e-09,1.360373563822570009e-09,1.365690856643499361e-09,1.369527710065983225e-09,1.371926359052180012e-09,1.372913273590524745e-09,1.372501793069272769e-09,1.370695002342518720e-09,1.367488728759857044e-09,1.362874546573940193e-09,1.356842679679750395e-09,1.349384693254326384e-09,1.340495862576893053e-09,1.330177106811570498e-09,1.318436389942063749e-09,1.305289542877233781e-09,1.290760589305716850e-09,1.274881928391748264e-09,1.257695242351949521e-09,1.239254906837926943e-09,1.219637198197452755e-09,1.198960972175225838e-09,1.177428975525302103e-09,1.155403580532608553e-09,1.133535849074836656e-09,1.112970030726487775e-09,1.095640556069772879e-09,1.084651504515275632e-09,1.084655693697243277e-09,1.102010329045406094e-09,1.144313881863211371e-09,1.218899011494301915e-09,1.330190991457615489e-09,1.476409822067767790e-09
1.660609077800543247e-09,1.830479409520768703e-09,1.955741281689161980e-09,2.035625207426298552e-09,2.079719044111286369e-09,2.101015815522341725e-09,2.111491830713868242e-09,2.120173731195841777e-09,2.132822048586838350e-09,2.152423093508229532e-09,2.179954931649691319e-09,2.215132259040725796e-09,2.256999371146053618e-09,2.304341177163824130e-09,2.355934620248786620e-09,2.410681756895378757e-09,2.467665252693035951e-09,2.526158324537268315e-09,2.585611048029286911e-09,2.645626548385403239e-09,2.705934667429747903e-09,2.766366943039144132e-09,2.826834549474057526e-09,2.887309670149582387e-09,2.947810198742195819e-09,3.008387423738889326e-09,3.069116282674258190e-09,3.130087785693818264e-09,3.191403253904431213e-09,3.253170073737088630e-09,3.315498723774033530e-09,3.378500884791504556e-09,3.442288497425318916e-09,3.506973690111632611e-09,3.572669568719075849e-09,3.639491943972108242e-09,3.707562184553941282e-09,3.777011530613802302e-09,3.847987402524620643e-09,3.920662511427432287e-09,3.995247951419568490e-09,4.072011968161916347e-09,4.151308252555013745e-09,4.233620471570618630e-09,4.319619628762288642e-09,4.410243762195955314e-09,4.506811336741726307e-09,4.611182471587023590e-09,4.725988082949889289e-09,4.854955491393209059e-09,5.003371180315449199e-09,5.178738962140170774e-09,5.391717716165175218e-09,5.657462324720994813e-09,5.997554876465042886e-09,6.442823966590805703e-09,7.037566409876255084e-09,7.846170555732159995e-09,8.964398035661070974e-09,1.054135964222938713e-08,1.054620475140542009e-08,1.071084062093027634e-08,1.130433550571793322e-08,1.283851464196534820e-08,1.727317698684139815e-08,8.416541041705398738e-09,1.135055002218041536e-08,7.899567605097433428e-09,1.083558186131428074e-08,1.809591327702171258e-08,2.805041117336534520e-08,4.064023838927261410e-08,5.620812363399637125e-08,7.202475510322817931e-08,6.501742725500684533e-08,1.289539115028735339e-07,4.961077511276268824e-08,3.170083217107137960e-08,2.555736673027460983e-08,2.320032146786326313e-08,2.219844469287629323e-08,2.169247139960706407e-08,2.134103068663405221e-08,2.096800492566109752e-08,2.020582263018035180e-08,1.282381462816127298e-08,7.571960660625164519e-09,8.364055693687578817e-09,1.267245971253746426e-08,2.529187812206576905e-08,4.388860597574225713e-08,6.797176761955606522e-08,9.747998211054818662e-08,1.267878073576171497e-07,1.144665497873346809e-07,2.171591415864975782e-07,8.164278071145936298e-08,4.897112780683510585e-08,3.650022371289450443e-08,3.060560010935076345e-08,2.700159960868115525e-08,2.399664901971881818e-08,2.063427912096904438e-08,1.582962302260782460e-08,6.771784487107037863e-09,2.605853953264821235e-08,1.118958923139464689e-08,1.111815176011602872e-08,1.749579937768240788e-08,2.998641018087470052e-08,4.888568222165189565e-08,7.471241274381733708e-08,1.079705856595198882e-07,1.428270777600594988e-07,1.337085261093583038e-07,2.333605851191346259e-07,8.657974571807024856e-08,4.983385020083073747e-08,3.361717636831567300e-08,2.506341130839313822e-08,1.991027402987732261e-08,1.631035770863105564e-08,1.297472023601098589e-08,7.813706437085043397e-09,6.638776223734962226e-09,5.510485655205936461e-08,8.636401453473963486e-09,2.534695880884463071e-09,4.156788732140976279e-09,1.084679669598724676e-08,2.285975873101727291e-08,4.074323512849390722e-08,6.546036420924445685e-08,9.480285974317521674e-08,1.021043131447165149e-07,2.288898259369992355e-07,7.995358299355076911e-08,3.796546939880107472e-08,2.070588497071774344e-08,1.225972697212076511e-08,7.666762386742290398e-09,4.934281620996675528e-09,2.730588139968276552e-09,1.212519350280898610e-09,1.479519075017141488e-08,6.706542137577787261e-08,3.748985155908949900e-08,1.787842551679351145e-08,2.409818891449579839e-08,2.672960757431326178e-08,2.632927155552032556e-08,2.530828890961622789e-08,2.748371460521571934e-08,3.729448786343890609e-08,5.325353443614839372e-08,2.117838197205246236e-07,7.367494901818500651e-08,3.473698023918316737e-08,2.179160073828035467e-08,1.701828989389700389e-08,1.527263229586362124e-08,1.504752084182034223e-08,1.633898843580127477e-08,2.092574570665101014e-08,3.641585971084327565e-08,4.725167537814818211e-08,3.037623825216269101e-08,1.767098950504552199e-08,2.407377431595873292e-08,3.459657205665919645e-08,4.592307156583326179e-08,5.794901218273055219e-08,7.150066864146824135e-08,8.408671348212343266e-08,6.965584951552923257e-08,1.390066338122901579e-07,5.957913777891790044e-08,4.883210437335467644e-08,4.696840925483467516e-08,4.695309251152750465e-08,2.775577443537388895e-10,3.530346258535629652e-10,4.293230986672139006e-10,5.053146032509194863e-10,5.801508683914295866e-10,6.531196197827531898e-10,7.236210381017912138e-10,7.911569209325544437e-10,8.553266275251756583e-10,9.158239634300177422e-10,9.724328723687291736e-10,1.025021352821625627e-09,1.073533711568090731e-09,1.117981570681507349e-09,1.158434145956495886e-09,1.195008306374112836e-09,1.227858856306318680e-09,1.257169387132179586e-09,1.283143943280353414e-09,1.305999652799592091e-09,1.325960390511297418e-09,1.343251477143807451e-09,1.358093708163618296e-09,1.370692814232164403e-09,1.381234204745862211e-09,1.389880483127929544e-09,1.396770107565088195e-09,1.402017099730499996e-09,1.405711677373647102e-09,1.407921668517924189e-09,1.408694556343992664e-09,1.408060003643384212e-09,1.406032712702749609e-09,1.402615487128557721e-09,1.397802374071643622e-09,1.391581775633681161e-09,1.383939424610470002e-09,1.374861121698178607e-09,1.364335130516839698e-09,1.352354129376221634e-09,1.338916637486368402e-09,1.324027892686075000e-09,1.307700298606694945e-09,1.289953848580654708e-09,1.270817475081276475e-09,1.250333218579939582e-09,1.228566666402654879e-09,1.205629531368932295e-09,1.181723750071482969e-09,1.157221098054497876e-09,1.132797373820164631e-09,1.109643262925434614e-09,1.089768612626157682e-09,1.076388709265705447e-09,1.074305233716046485e-09,1.090048214765925448e-09,1.131369109351698186e-09,1.205661984240635793e-09,1.317270321250693281e-09,1.464227161152635014e-09
1.649705953499871518e-09,1.820678782456588598e-09,1.946925016877239085e-09,2.027314740307248922e-09,2.071124308061362180e-09,2.091214686439129598e-09,2.099610295036585911e-09,2.105501093752301687e-09,2.114856387966544921e-09,2.130866730764295257e-09,2.154682240999813515e-09,2.186146907665919269e-09,2.224391772528007709e-09,2.268251835662251454e-09,2.316525524590531000e-09,2.368115841815321023e-09,2.422092847797810224e-09,2.477709106187295928e-09,2.534390020277669290e-09,2.591712793289803338e-09,2.649381886941161935e-09,2.707205086970000243e-09,2.765072052103281737e-09,2.822935992478235077e-09,2.880798499654880558e-09,2.938697270702016020e-09,2.996696372362123388e-09,3.054878686248307709e-09,3.113340210536820602e-09,3.172185943423749867e-09,3.231527126573593470e-09,3.291479681102926763e-09,3.352163723491308673e-09,3.413704109623746782e-09,3.476232026383810634e-09,3.539887737636779864e-09,3.604824706313629129e-09,3.671215464755110312e-09,3.739259811038269196e-09,3.809196189216835553e-09,3.881317500344373924e-09,3.955993132696961786e-09,4.033701311044526126e-09,4.115079078497898590e-09,4.200986300337953372e-09,4.292593724788551862e-09,4.391507325475317255e-09,4.499944358102708296e-09,4.620983379254508915e-09,4.758920457173879456e-09,4.919778554656213829e-09,5.112039135956170364e-09,5.347698690805437556e-09,5.643805542573773468e-09,6.024717980120856828e-09,6.525471278897612802e-09,7.196907104584854537e-09,8.113730349389036096e-09,9.387679171923061144e-09,1.118997557946063401e-08,1.119483283815086352e-08,1.138996443351330687e-08,1.202336698467296766e-08,1.324791592205306881e-08,1.504537172933070064e-08,1.461677818891876085e-08,8.540161116019731415e-09,4.508251055766682550e-09,5.987370692777332678e-09,1.749236568539928728e-08,3.142707822073416471e-08,4.950732029033746742e-08,7.744253032612015502e-08,1.313946855845165938e-07,2.400166338975333725e-08,3.124513682222078784e-08,3.298720023164704066e-08,2.819235478494887224e-08,2.490257892792096325e-08,2.317517004448738005e-08,2.233173880207489043e-08,2.191732493887467934e-08,2.169459391255561368e-08,2.153165198667377498e-08,2.124176890230052826e-08,2.354636555240533313e-08,1.155035888335125089e-08,1.071970298608263060e-08,1.343851268416593644e-09,2.018169108418419167e-08,4.672049527955988881e-08,8.212833670674235488e-08,1.352612577219172492e-07,2.329736954951218705e-07,3.374858957075256926e-08,5.145405514743389937e-08,5.247470636154413254e-08,4.239410727940210931e-08,3.490646544846024498e-08,3.008411856116649208e-08,2.668534075277443887e-08,2.378427957319238615e-08,2.076998790658239674e-08,1.722029722226258362e-08,1.307670365211068126e-08,1.909171135153026723e-08,1.969877839266689042e-08,2.723565062236692087e-09,6.473643308269080781e-09,2.326396193614913131e-08,4.991012688175022251e-08,8.785471363674578768e-08,1.469675651368733574e-07,2.570002402662865209e-07,1.799489328225298958e-08,5.379227207044314785e-08,5.406511139190799697e-08,4.169192181508934793e-08,3.172309082176594234e-08,2.486601141716408980e-08,2.004997251957336676e-08,1.625483467004627220e-08,1.254648834618481601e-08,7.893619702579124945e-09,1.894900822670066302e-09,9.924638148222799968e-09,4.530210753306551643e-08,9.389234395552402883e-09,4.045683571418508885e-09,7.696932076754199084e-09,2.296899365752397285e-08,4.827691003519656207e-08,9.032326392909229018e-08,1.717956909792696124e-07,3.109010673986566032e-08,4.614477365663252482e-08,4.695265898568747663e-08,3.247022290510355102e-08,2.110194630636387803e-08,1.364161270040847299e-08,8.823855405628959467e-09,5.510891445804075708e-09,2.716945756614556904e-09,8.787486786146506313e-10,5.286824124893791892e-09,1.346889240401971122e-09,7.299158004497293096e-08,2.083367463672085553e-08,3.646020424049658481e-08,3.985155518795993845e-08,3.690790878611304643e-08,3.254380990965256320e-08,3.486838140289737291e-08,6.121776003825689380e-08,6.733744978660227192e-08,3.923650740564517122e-08,4.510042128938265755e-08,3.403093056767950229e-08,2.590834573826744852e-08,2.142614456071450853e-08,1.934567003391104413e-08,1.893472674714911067e-08,2.013054821455527352e-08,2.343879843001272410e-08,2.908425523672986275e-08,2.472508528827815302e-08,4.779450965653601611e-08,2.937704422297329689e-09,2.333907760236922692e-08,4.042426494545894002e-08,5.530325114882506483e-08,7.107021954677481631e-08,9.519762604872921956e-08,1.475270753906797084e-07,3.802301981443922384e-08,3.777304355244227389e-08,4.403794692735266416e-08,4.417456802932075827e-08,4.456409690585826581e-08,4.501326929570416218e-08,2.819346115346158596e-10,3.638525100570500819e-10,4.465553843974937639e-10,5.287592057395575946e-10,6.094828674025955047e-10,6.879185928701026552e-10,7.633925952978773209e-10,8.353529956841099219e-10,9.033651598028295087e-10,9.671075172373880823e-10,1.026365519818654239e-09,1.081023260640152492e-09,1.131053075816869481e-09,1.176503770629231601e-09,1.217488185678906194e-09,1.254170763123673975e-09,1.286755653751218241e-09,1.315475762782914158e-09,1.340582991772503315e-09,1.362339809412632544e-09,1.381012183328653122e-09,1.396863829368567103e-09,1.410149908472442820e-09,1.421105995800316591e-09,1.429942820679496485e-09,1.436844014534344435e-09,1.441965088766361427e-09,1.445433508325872843e-09,1.447349706046071214e-09,1.447788870836885461e-09,1.446803340416482127e-09,1.444425435313593660e-09,1.440670583023356356e-09,1.435540596470546650e-09,1.429026986646732021e-09,1.421114202285705754e-09,1.411782698065587774e-09,1.401011736422108223e-09,1.388781829357987407e-09,1.375076731673061590e-09,1.359884920599375133e-09,1.343200563471899012e-09,1.325024128091778321e-09,1.305363097377307529e-09,1.284233816365946875e-09,1.261666475407773738e-09,1.237716823943539360e-09,1.212490657517536539e-09,1.186190642946521538e-09,1.159199648602146222e-09,1.132219754309217840e-09,1.106489088064269206e-09,1.084093005017502080e-09,1.068356969989272052e-09,1.064229288073027441e-09,1.078408678343742375e-09,1.118791172929301384e-09,1.192816300191642943e-09,1.304723042930571990e-09,1.452337167597086001e-09
1.638938213811684676e-09,1.810836380655250841e-09,1.937930813900711044e-09,2.018749307388799576e-09,2.062247716140459804e-09,2.081137011651051499e-09,2.087472743556721780e-09,2.090595437410464100e-09,2.096675028529101468e-09,2.109102204494698820e-09,2.129198127878690969e-09,2.156937072178532525e-09,2.191538789200303549e-09,2.231890538375055964e-09,2.276814156465270756e-09,2.325215087810166100e-09,2.376151833899795517e-09,2.428856960235648380e-09,2.482731544523013252e-09,2.537326985338563448e-09,2.592322317129598068e-09,2.647501410729189988e-09,2.702732165188777774e-09,2.757948513558328496e-09,2.813135392369206994e-09,2.868316505611745888e-09,2.923544589175986241e-09,2.978893857157460897e-09,3.034454334093959273e-09,3.090327819783797555e-09,3.146625282685117175e-09,3.203465529764882228e-09,3.260975054645754152e-09,3.319289024236630293e-09,3.378553432357833109e-09,3.438928530558775497e-09,3.500593752816716417e-09,3.563754487425905096e-09,3.628651237963746876e-09,3.695571970440175246e-09,3.764868801342179620e-09,3.836980683953345800e-09,3.912466117132525382e-09,3.992053301146139699e-09,4.076703269802993788e-09,4.167695566593432739e-09,4.266748103341331760e-09,4.376185796733545928e-09,4.499179237893497399e-09,4.640084555695437305e-09,4.804930462353509017e-09,5.002120821435051680e-09,5.243455015186033157e-09,5.545620295542154332e-09,5.932390231446589601e-09,6.437886784687166946e-09,7.111452170771348231e-09,8.024951003158185496e-09,9.283655893324053690e-09,1.104198476165182309e-08,1.104684031252833856e-08,1.120771899411587381e-08,1.170524657896533514e-08,1.259368936779201925e-08,1.388382673994125443e-08,1.553590384671068742e-08,1.054844724997470715e-08,9.099450387415630436e-09,7.686489773226768502e-10,1.093690660345330760e-08,2.301825045197213024e-08,3.641770900108136211e-08,5.460808357972044491e-08,1.072500209970511814e-07,1.433250305575307717e-08,1.827127726920644411e-08,2.170640732141553905e-08,2.216816850289810949e-08,2.179050109616846085e-08,2.142239607304025193e-08,2.121515065064345149e-08,2.114076231085368085e-08,2.118515906485226549e-08,2.142471591232579055e-08,2.214334589372036365e-08,2.427305054448173960e-08,2.133696569184936432e-08,2.759381951742684841e-08,1.401405850094710302e-08,6.311446281426747310e-09,3.058387463636329730e-08,5.885986350589551489e-08,9.626689185176259331e-08,1.944590192607925478e-07,2.288237274025235632e-08,2.811071842735693639e-08,3.246471948345765313e-08,3.165996109924230863e-08,2.936200103583304604e-08,2.702916427307349871e-08,2.488484811689708344e-08,2.280557851128125017e-08,2.067638198940743808e-08,1.858549691624308288e-08,1.716178089276013450e-08,1.837214881434578190e-08,2.134950872671366205e-08,2.443604410436665376e-08,1.412959773920125119e-08,6.163741155819794647e-09,3.120965589096510392e-08,6.247689582489938126e-08,1.056367826308373148e-07,2.241306236017579535e-07,2.850194195350103854e-08,2.969830371477531005e-08,3.219316182846165478e-08,2.960308988054000797e-08,2.554597432603758369e-08,2.171078234409153583e-08,1.843042990229104544e-08,1.551664855357557973e-08,1.262039470004118360e-08,9.456259136904980975e-09,6.289458530046507588e-09,5.012040961404543714e-09,1.707299206870589714e-08,2.052397271276937431e-08,1.752193805016454999e-08,7.768256192269776569e-09,1.148674786369267513e-08,3.064537858479045045e-08,5.904181607989573536e-08,1.409297429302599123e-07,2.501649834123839345e-08,2.665121034618469388e-08,2.750509214726173361e-08,2.266820488919140864e-08,1.683279274155047100e-08,1.190943106340786507e-08,8.191445334445168893e-09,5.421686281904776190e-09,3.198628149462121232e-09,1.249886221697523538e-09,1.231264194986069368e-09,2.003662878950690885e-09,8.880502955139334151e-09,4.029037835670660451e-08,4.687519165770493618e-08,4.561018766026353185e-08,3.770044877394928752e-08,2.566957207668137337e-08,1.451004390896976755e-08,2.294783581862282206e-08,2.113316840182879587e-08,2.822981743327787973e-08,3.185582380934104386e-08,2.922024455269496499e-08,2.556780907051259744e-08,2.278431961283306866e-08,2.115384070975280274e-08,2.060898155175958458e-08,2.114370152885923944e-08,2.281235908840058495e-08,2.536173888156592291e-08,2.766479774236190103e-08,1.370829786780045947e-08,8.276592007776603773e-09,2.280852359662757766e-08,3.733593340169640141e-08,4.893379886207344174e-08,5.814421493125747955e-08,6.975342386752765238e-08,1.170940427996737963e-07,1.774279198038597471e-08,2.534777746962345624e-08,3.310724164115425795e-08,3.774066816727083589e-08,4.052855106386270844e-08,4.190660275293156869e-08,2.857014626075740184e-10,3.749457140181565911e-10,4.649252990440556631e-10,5.541513532120003354e-10,6.414992085448567509e-10,7.260495249745427347e-10,8.070432730685320768e-10,8.838686818961809447e-10,9.560558425414768452e-10,1.023270946106223473e-09,1.085307722049416301e-09,1.142075834217555802e-09,1.193586884341188372e-09,1.239938979713443094e-09,1.281300837432668086e-09,1.317896265385089568e-09,1.349989666117544649e-09,1.377873001568770411e-09,1.401854466824045550e-09,1.422248962314013408e-09,1.439370333529825745e-09,1.453525263190887908e-09,1.465006757143259098e-09,1.474082749161259734e-09,1.480990982887771573e-09,1.485937137769274645e-09,1.489094257736203147e-09,1.490603307682779103e-09,1.490574670030947797e-09,1.489090389931575986e-09,1.486206982715567951e-09,1.481958630123389722e-09,1.476360609700390928e-09,1.469412821925725626e-09,1.461103298600338302e-09,1.451411592013973970e-09,1.440311954582841532e-09,1.427776224132850477e-09,1.413776332634468343e-09,1.398286364351013092e-09,1.381284116893584794e-09,1.362752192892549178e-09,1.342678814442941166e-09,1.321058876015730683e-09,1.297896340079534519e-09,1.273210081934497040e-09,1.247046907672808863e-09,1.219507936687733686e-09,1.190798066512421816e-09,1.161312823386313174e-09,1.131781884451288309e-09,1.103491502460398837e-09,1.078602267778960661e-09,1.060548498067723626e-09,1.054422774250269363e-09,1.067088502338840382e-09,1.106578171827203131e-09,1.180361232335180236e-09,1.292550191232084557e-09,1.440744322710026434e-09
1.628315690107455775e-09,1.800967058706174306e-09,1.928775150745516108e-09,2.009944981991119733e-09,2.053105279980541632e-09,2.070800500885158610e-09,2.075100683401304774e-09,2.075483923683820776e-09,2.078312202554939962e-09,2.087171757136708026e-09,2.103553306703458508e-09,2.127561938707968699e-09,2.158507670447913324e-09,2.195331880397627175e-09,2.236881556557853890e-09,2.282066020336360394e-09,2.329933295246884393e-09,2.379696697387593790e-09,2.430733442812953778e-09,2.482569356032561453e-09,2.534858087494300811e-09,2.587359486772646117e-09,2.639919465630320430e-09,2.692452349891102156e-09,2.744925997303358859e-09,2.797349600278590645e-09,2.849763938548308846e-09,2.902233802746495013e-09,2.954842319803580689e-09,3.007686945483557296e-09,3.060876933766543401e-09,3.114532140695333004e-09,3.168783070087228799e-09,3.223772121356531390e-09,3.279656059184239495e-09,3.336609794268226540e-09,3.394831649714584287e-09,3.454550399192902041e-09,3.516034509126797888e-09,3.579604219854859691e-09,3.645647382304513225e-09,3.714640366977239781e-09,3.787177685531035966e-09,3.864017393060193364e-09,3.946136319255088629e-09,4.034803254890671836e-09,4.131679700821959296e-09,4.238959784218295900e-09,4.359566367171358528e-09,4.497428535886364596e-09,4.657877992349204921e-09,4.848220489182793475e-09,5.078566359376768303e-09,5.363045341295318028e-09,5.721589571266596568e-09,6.182546887418887452e-09,6.786476534846783290e-09,7.591542462157452294e-09,8.680838778686814717e-09,1.017147523157626810e-08,1.017631700765119541e-08,1.027254323681371158e-08,1.056191419861569306e-08,1.107092909643226338e-08,1.184560433287285263e-08,1.307152538913363313e-08,1.563361270688726148e-08,8.289147264642601084e-09,9.077941733379344274e-10,1.106335890122841263e-08,2.271472891223405074e-08,3.554142994594244847e-08,5.004874339935145198e-08,4.784981138075912822e-08,1.021682669098989459e-08,5.138333813765022359e-09,1.260566983882799144e-08,1.617696891849515784e-08,1.787295013941926854e-08,1.872120329790256078e-08,1.918180626967642110e-08,1.946186945486217897e-08,1.969399027490514619e-08,2.004233195955678241e-08,2.081128837059691502e-08,2.264058920289312916e-08,2.682149683067148849e-08,2.474205526778862764e-08,1.211683705548308787e-08,7.230068605343983393e-09,3.055138342161285946e-08,5.750779302814415665e-08,8.795624699112492733e-08,8.788995492048780997e-08,2.136065857451392561e-08,4.677895845217314146e-09,1.641263272784461318e-08,2.124787688363368718e-08,2.276611424173053416e-08,2.278452786987236017e-08,2.209643103419797243e-08,2.103045670652963675e-08,1.977740462244527687e-08,1.859574069962319768e-08,1.798874405463401976e-08,1.882095894106756069e-08,2.191269516132255114e-08,2.212578276346787859e-08,1.219817229090428371e-08,7.153767811800056025e-09,3.144068856520553436e-08,6.143644871502566050e-08,9.701996408561015566e-08,9.548742838374632207e-08,2.307534791716353438e-08,3.428587698059375281e-09,1.423865348432542176e-08,1.789805199052369240e-08,1.821065376264790396e-08,1.720441283229991959e-08,1.576775500443803637e-08,1.419141599635895252e-08,1.250248480080785510e-08,1.069861708038709844e-08,8.969400557811285142e-09,7.742508552523190307e-09,6.482192317084142353e-09,1.808545616929488293e-08,1.578390075525731667e-08,6.842061272911721581e-09,1.188813115737090545e-08,3.039601602729283901e-08,5.367685166401074685e-08,5.250331264703497931e-08,8.949028644104226804e-09,7.043128469052325502e-09,1.274581764578424197e-08,1.303792778050471533e-08,1.104456398735407168e-08,8.551491884573855396e-09,6.332625839786739972e-09,4.618813709582611985e-09,3.407615392110858014e-09,2.662167813393401431e-09,2.460228105035838870e-09,2.972798797807121802e-09,3.548470505138689574e-09,3.618508050421888279e-08,4.447441974139751258e-08,4.368917408765681014e-08,3.643120389215837504e-08,2.526559777222554835e-08,1.395930786883973410e-08,1.119718289553192156e-09,1.220963415265824895e-08,1.965372143301005421e-08,2.372225934184614790e-08,2.438566212399199046e-08,2.345941960003800721e-08,2.219145127703438569e-08,2.112818958727779663e-08,2.046102687303508400e-08,2.024779452860779273e-08,2.046447297809167385e-08,2.097348337350177912e-08,2.175706598996525567e-08,2.454406813560282118e-08,7.272964016613074031e-09,2.214690807137876850e-08,3.638405835873419148e-08,4.775065680764470894e-08,5.673539967093279536e-08,6.512526511051523837e-08,5.536457386128531486e-08,1.065520541812878751e-08,1.204786387459716366e-08,2.412837780736555107e-08,3.180056768143328679e-08,3.642944923188497944e-08,3.864212682641326356e-08,2.888873635517920047e-10,3.864659939762624613e-10,4.847109496839238107e-10,5.818867622402763983e-10,6.766973660183115474e-10,7.680912263861784752e-10,8.552103176340694385e-10,9.373761664002725385e-10,1.014083319529992441e-09,1.084991121218210414e-09,1.149911437224378101e-09,1.208792505215185879e-09,1.261700046902263729e-09,1.308797028642818582e-09,1.350323366091125202e-09,1.386576619177542197e-09,1.417894422084030676e-09,1.444639099891311786e-09,1.467184672767095146e-09,1.485906253348108794e-09,1.501171704843823072e-09,1.513335340399711034e-09,1.522731384724385116e-09,1.529662398126076305e-09,1.534394495528195331e-09,1.537156035280168464e-09,1.538137662591381025e-09,1.537493488777943493e-09,1.535343185593794515e-09,1.531774780071055816e-09,1.526847949089648779e-09,1.520597633147385722e-09,1.513037812864849831e-09,1.504165316161410077e-09,1.493963546830930011e-09,1.482406042842636565e-09,1.469459785184270802e-09,1.455088183880215069e-09,1.439253672933405770e-09,1.421919855669183803e-09,1.403053174250656885e-09,1.382624158285612398e-09,1.360608482339449342e-09,1.336988401202657185e-09,1.311755739274810833e-09,1.284918634518861054e-09,1.256515874355068833e-09,1.226645139407990930e-09,1.195514994544298301e-09,1.163535039928075536e-09,1.131463619932447608e-09,1.100635468926360841e-09,1.073285796880313991e-09,1.052956191065239509e-09,1.044881091334740819e-09,1.056084734101313797e-09,1.094728223610511370e-09,1.168295775995137243e-09,1.280752216134763784e-09,1.429452311875765022e-09
1.617847432359430209e-09,1.791085097928353613e-09,1.919474110183881937e-09,2.000917457238385157e-09,2.043712490936558183e-09,2.060222104196597019e-09,2.062514589771369470e-09,2.060192440604636984e-09,2.059800710351369698e-09,2.065116153902560801e-09,2.077797085009023033e-09,2.098079452998600535e-09,2.125364659120317682e-09,2.158649724875860147e-09,2.196808329125930439e-09,2.238755033844651341e-09,2.283528496049697872e-09,2.330323624964294533e-09,2.378494359236832525e-09,2.427541297930947156e-09,2.477092847579337676e-09,2.526884794691784876e-09,2.576740862968886505e-09,2.626555427889286733e-09,2.676278791340157055e-09,2.725905021745643805e-09,2.775462182619867158e-09,2.825004708990774054e-09,2.874607687329816429e-09,2.924362821267029117e-09,2.974375902695084465e-09,3.024765650871492624e-09,3.075663825512819394e-09,3.127216564245904706e-09,3.179586941730555100e-09,3.232958798309424395e-09,3.287541944589207924e-09,3.343578920088678615e-09,3.401353575143700657e-09,3.461201869372321555e-09,3.523525452592411263e-09,3.588808841210864555e-09,3.657643200496056060e-09,3.730763070446641005e-09,3.809088121597653885e-09,3.893775830621597283e-09,3.986291456592191429e-09,4.088502130871960730e-09,4.202805118248541070e-09,4.332305318548486355e-09,4.481064840076546347e-09,4.654459423018504865e-09,4.859694544418333705e-09,5.106560295890487603e-09,5.408539606388410475e-09,5.784425345602649772e-09,6.260630808003262319e-09,6.874344419711429261e-09,7.677463601116760401e-09,8.740605866915417934e-09,8.745420146913774891e-09,8.763216043607345403e-09,8.807660596589743970e-09,8.872889474218618922e-09,8.917944643596438107e-09,8.786739346252385439e-09,7.868517560037818620e-09,3.422085289480319257e-09,2.949005741156648698e-09,1.043517535407025068e-08,1.845638341231225561e-08,2.604469881000073857e-08,3.108362624623297623e-08,2.721144325364223286e-08,1.194045538443839933e-08,5.700682918948314282e-10,6.962864811028022347e-09,1.147168732255554076e-08,1.414630080280117900e-08,1.571617218095563402e-08,1.661834432249359441e-08,1.710864758775042264e-08,1.735500379097849042e-08,1.749439604623150314e-08,1.764554183871279134e-08,1.781585538277553117e-08,1.742369841356578606e-08,1.341603784939014834e-08,4.120648215376908406e-09,9.630878157898726544e-09,2.566398369565478102e-08,4.193050925360339062e-08,5.397133432708810674e-08,4.971417802398757751e-08,2.408034849681742737e-08,5.142333268276494595e-09,6.737470227653038680e-09,1.337128891984556393e-08,1.682741563875821848e-08,1.840137209273892417e-08,1.886541357012717290e-08,1.866093071428514470e-08,1.807188080625448435e-08,1.734061078431750386e-08,1.671113469236968714e-08,1.631742789619805842e-08,1.567922965012925745e-08,1.246440087805583014e-08,4.256343804361872861e-09,9.932245684105054284e-09,2.687862223589604268e-08,4.498251837509608508e-08,5.906293616832734738e-08,5.469226118862203293e-08,2.750683779182345595e-08,8.355270689493513805e-09,3.287455403604362096e-09,8.926991858820626579e-09,1.154452399832748112e-08,1.250677284998996165e-08,1.266996621989161365e-08,1.245710254369890941e-08,1.203665986308540051e-08,1.147228477237322953e-08,1.084270012896791657e-08,1.029799064694004728e-08,1.008773129371137042e-08,1.184615906401629514e-08,8.898833810506628876e-09,3.853835349499390053e-09,1.143811109211668613e-08,2.310312851059609571e-08,3.267607006007599382e-08,3.049963727095279873e-08,1.443387732421144352e-08,3.417444516011836370e-09,3.155346767790813739e-09,5.284434666857950762e-09,5.401270974006291182e-09,4.653523106184131331e-09,3.782568085994156685e-09,3.179115477835837236e-09,3.036699464846891416e-09,3.503852278712954401e-09,4.826741022569537121e-09,7.514983693295960432e-09,1.286119242028867606e-08,2.578783859091204177e-08,3.233757190192771693e-08,3.288718115728839024e-08,2.864589229439615009e-08,2.118861898304684698e-08,1.220181373477644065e-08,2.133320676740320634e-09,6.955737901818915122e-09,1.373613359252661767e-08,1.813177091858505555e-08,2.025803238276597869e-08,2.084471678148285203e-08,2.059048099713782162e-08,1.993741550738467168e-08,1.910746461757525818e-08,1.817109064787765737e-08,1.706489043907709318e-08,1.554961279660484306e-08,1.309468965172804842e-08,8.381226994933012816e-09,7.308193435106471244e-09,1.987739039810997696e-08,3.096937692735958137e-08,3.934463649090414748e-08,4.432540146110483151e-08,4.449810255028254960e-08,3.432072212370836534e-08,1.253128313191578365e-08,6.697738488924266676e-09,1.892943270120045836e-08,2.777328447865179814e-08,3.340997272484200293e-08,3.616095313301092399e-08,2.915260335489100796e-10,3.985999457738546171e-10,5.062549879364348861e-10,6.124518440207728772e-10,7.156861357563458127e-10,8.147477949936080695e-10,9.086632417556986072e-10,9.966802674583685352e-10,1.078259509869783414e-09,1.153062322970875152e-09,1.220932993389999070e-09,1.281876165546339043e-09,1.336031309526291066e-09,1.383646188471186035e-09,1.425051013526931152e-09,1.460634549644785643e-09,1.490822985925558017e-09,1.516061983056509669e-09,1.536801989964533061e-09,1.553486691272373270e-09,1.566544298769614309e-09,1.576381320022672789e-09,1.583376268246957261e-09,1.587868159615854315e-09,1.590152322509871460e-09,1.590479878724562102e-09,1.589058597618213931e-09,1.586054859735730121e-09,1.581596478096409910e-09,1.575776142848635579e-09,1.568655278579462782e-09,1.560268131343696355e-09,1.550625932521950557e-09,1.539721015202694826e-09,1.527530784296072690e-09,1.514021460947337488e-09,1.499151535286194412e-09,1.482874868344703285e-09,1.465143390030998980e-09,1.445909352053090222e-09,1.425127131210874186e-09,1.402754665440218427e-09,1.378754790611837848e-09,1.353097097602591650e-09,1.325761553396648501e-09,1.296746170410166392e-09,1.266082657934113210e-09,1.233866471549671998e-09,1.200311192956821507e-09,1.165841741747186477e-09,1.131245941243473427e-09,1.097907044641208088e-09,1.068133950795618636e-09,1.045573719145374120e-09,1.035600202443506918e-09,1.045394768874075867e-09,1.083239546428993400e-09,1.156618727444663324e-09,1.269329055673212551e-09,1.418464080164000611e-09
1.607541718115819280e-09,1.781204173105739749e-09,1.910043349413085976e-09,1.991682047209373570e-09,2.034084349861398249e-09,2.049418053490946969e-09,2.049733941115235392e-09,2.044745615201506992e-09,2.041171894087407776e-09,2.042974601685130944e-09,2.051977213582226784e-09,2.068546095286353315e-09,2.092174695515161624e-09,2.121916850892605510e-09,2.156674256669682874e-09,2.195367999702629627e-09,2.237028508241144211e-09,2.280833219044325300e-09,2.326113497890755430e-09,2.372345187168015919e-09,2.419131690823484750e-09,2.466184762334725101e-09,2.513305774145681842e-09,2.560368810178117001e-09,2.607306106016564115e-09,2.654095926087292633e-09,2.700752757302581079e-09,2.747319615163163880e-09,2.793862242103266103e-09,2.840464994730424683e-09,2.887228247804977011e-09,2.934267178755189433e-09,2.981711832878003011e-09,3.029708403198284927e-09,3.078421691127623453e-09,3.128038742832765679e-09,3.178773682927916237e-09,3.230873793841433133e-09,3.284626915664957743e-09,3.340370274427975862e-09,3.398500890777661687e-09,3.459487785653739005e-09,3.523888218497061888e-09,3.592373343933268280e-09,3.665753161348588635e-09,3.745003933059997227e-09,3.831300495366226386e-09,3.926054354817364069e-09,4.030958897470051518e-09,4.148043936617655428e-09,4.279743619214271832e-09,4.428985149304052967e-09,4.599312036746497544e-09,4.795066223591278436e-09,5.021669964337005474e-09,5.286070199101730853e-09,5.597427375105789541e-09,5.968118831719922137e-09,6.415007500303965494e-09,6.960521785364105322e-09,6.965288535494598826e-09,6.903559026774398978e-09,6.708077333514401486e-09,6.369278112092583119e-09,5.840357175735326974e-09,4.968426165655652463e-09,3.355284044878932755e-09,2.959980906598984634e-10,3.977064384618725063e-09,8.910216531363320124e-09,1.394980930678462432e-08,1.813197927822750598e-08,1.987641799866269016e-08,1.696452174017865194e-08,9.434312683621086747e-09,1.941073705570391139e-09,3.973566323058786629e-09,8.182064789239042856e-09,1.100257836625626766e-08,1.279676189432566400e-08,1.385008293815624179e-08,1.436395865310062333e-08,1.447820391441718020e-08,1.428474553223452550e-08,1.380541611207089828e-08,1.289352622506652132e-08,1.100632604328189876e-08,6.960755242943916106e-09,6.031754826042319607e-10,9.264571920519698824e-09,1.962226276434557051e-08,2.902788610856711492e-08,3.428166777733551477e-08,3.107238150530240913e-08,1.925785019614764918e-08,7.345528140977744393e-09,1.953621434198511621e-09,8.192824499054844853e-09,1.214888019393361785e-08,1.444547027951597791e-08,1.560217143101333519e-08,1.598238788211411847e-08,1.583673914744735060e-08,1.533944105092625870e-08,1.457883339092836569e-08,1.346056351399928614e-08,1.149410375287038062e-08,7.619631835885584617e-09,1.534902123336385725e-09,9.103012071075170910e-09,2.027623476550155023e-08,3.090696900429426526e-08,3.737290504135813665e-08,3.468923161764807854e-08,2.294570602067675059e-08,1.145141708433972405e-08,3.172367467024144516e-09,3.012974321856118435e-09,6.185910995988553397e-09,8.182992111838533173e-09,9.497767401495086325e-09,1.047558150138038535e-08,1.126896791137039282e-08,1.188716977592424523e-08,1.224312981125519930e-08,1.218795619093115468e-08,1.154576530779536755e-08,1.011971429028735332e-08,6.256064530435978902e-09,3.148667349198998442e-09,9.745685794727099945e-09,1.732875490452195370e-08,2.228577745910661123e-08,2.129323890094625082e-08,1.456433728569306319e-08,7.972765046747601971e-09,3.515662141238898860e-09,1.502534301963357548e-09,1.274551737836436734e-09,1.285661761664913637e-09,1.240044229850886234e-09,1.354636377598377243e-09,1.983112319347548662e-09,3.388839817757781034e-09,5.712463808388521218e-09,9.179539560752935806e-09,1.416381017352798472e-08,2.081732923942118082e-08,2.500253769366498648e-08,2.565690649783116985e-08,2.301581550965380475e-08,1.786047827449245087e-08,1.112797514132383488e-08,3.584218076086739613e-09,3.674217138147104089e-09,9.706657788137727692e-09,1.414927957158748379e-08,1.693008658938781326e-08,1.830852498796410468e-08,1.863415059489973834e-08,1.819178439898849953e-08,1.715666444524624839e-08,1.559280608748976554e-08,1.344729078428550359e-08,1.052442977303337949e-08,6.463849309681394631e-09,2.235041054520561167e-09,9.802008008558703722e-09,1.925439722534416127e-08,2.738379934869016641e-08,3.302266306727587547e-08,3.519125050160951087e-08,3.267897048209647952e-08,2.389839916571749440e-08,9.841985901011479951e-09,5.438713063726142719e-09,1.693254822282188835e-08,2.597519819425687141e-08,3.204727835260137144e-08,3.508954013345524628e-08,2.936390808091236400e-10,4.115686021260317853e-10,5.299764836877064135e-10,6.464444733070492201e-10,7.592122102692652069e-10,8.668780914094524638e-10,9.683335949493036443e-10,1.062746355760923727e-09,1.149548107949537634e-09,1.228416351691780661e-09,1.299248400277784147e-09,1.362129732041930876e-09,1.417299461958390146e-09,1.465115623999602446e-09,1.506022403607095468e-09,1.540520778939922272e-09,1.569143383716785932e-09,1.592433872060279973e-09,1.610930673520176104e-09,1.625154769603496007e-09,1.635600980667369980e-09,1.642732196046364997e-09,1.646973712380274183e-09,1.648702143087480302e-09,1.648242136948499605e-09,1.645866928828912635e-09,1.641800232359860310e-09,1.636219169207478861e-09,1.629257956890076583e-09,1.621012107447213158e-09,1.611542922617289187e-09,1.600882106866378914e-09,1.589036354447234406e-09,1.575991799067703972e-09,1.561718241882414793e-09,1.546173094190553810e-09,1.529304984637216222e-09,1.511056988262312098e-09,1.491369441091619271e-09,1.470182318184341636e-09,1.447437192777843942e-09,1.423078887487563203e-09,1.397057122227424844e-09,1.369328826988260851e-09,1.339862424112264918e-09,1.308646437069680923e-09,1.275706438409078766e-09,1.241136828879978694e-09,1.205157447624474817e-09,1.168209590602242778e-09,1.131111107246602377e-09,1.095293499858705069e-09,1.063138144060957705e-09,1.038395605474474332e-09,1.026576711263245014e-09,1.035016425415987586e-09,1.072110531493687611e-09,1.145328751784405421e-09,1.258280199741549882e-09,1.407781883292027435e-09
1.597406062482639293e-09,1.771337322536779367e-09,1.900498072403887867e-09,1.982253689559775256e-09,2.024235398240130040e-09,2.038403907254209275e-09,2.036777260877786558e-09,2.029166836582358460e-09,2.022455625552816296e-09,2.020784683488976570e-09,2.026139751904868446e-09,2.039016668866930178e-09,2.059001132671179499e-09,2.085204610196428778e-09,2.116557920642239797e-09,2.151989876966634408e-09,2.190523838132939355e-09,2.231320790295799485e-09,2.273690347796629429e-09,2.317084184145297388e-09,2.361081045344392802e-09,2.405368759693172029e-09,2.449726233244829712e-09,2.494006934645037618e-09,2.538124510623602313e-09,2.582040702005170306e-09,2.625755494121226612e-09,2.669299332957351003e-09,2.712727209945431080e-09,2.756114425574017098e-09,2.799553866583901636e-09,2.843154660340697213e-09,2.887042098703194458e-09,2.931358746619568965e-09,2.976266667812156036e-09,3.021950706427816338e-09,3.068622758938989065e-09,3.116526951363972078e-09,3.165945599687185992e-09,3.217205772804363417e-09,3.270686191677128326e-09,3.326824078467177532e-09,3.386123394219174810e-09,3.449168868558979949e-09,3.516633524316878651e-09,3.589280095277872659e-09,3.667954687425840756e-09,3.753567427438186718e-09,3.847052237806948069e-09,3.949294244056908125e-09,4.061008441155407843e-09,4.182547088248043725e-09,4.313606350041968695e-09,4.452796669772965828e-09,4.597040474953677705e-09,4.740773964400323566e-09,4.874973093689992000e-09,4.986121834291750743e-09,5.055416167319962527e-09,5.058725904650567705e-09,5.063409225202083277e-09,4.925912081652432408e-09,4.509863296397725826e-09,3.831785338252499461e-09,2.911011258716548722e-09,1.745471707676433052e-09,3.377867303308720286e-10,1.765097214040398252e-09,4.168827810471391548e-09,6.950717892711309525e-09,9.784688114083338326e-09,1.198635419375696948e-08,1.259050894790474640e-08,1.070983462945698340e-08,6.548199089988864567e-09,1.774660828972275369e-09,2.553112998098242093e-09,5.980879715782125947e-09,8.478388071707305754e-09,1.014350494852140628e-08,1.110677427032877895e-08,1.148507798004971221e-08,1.137112875164278423e-08,1.083058174486300592e-08,9.886168081325361016e-09,8.470622325583211314e-09,6.348393695105098936e-09,3.100657399151535121e-09,1.602634618070212220e-09,7.476446212143497975e-09,1.381516974640945080e-08,1.920271248794588336e-08,2.178371722975425662e-08,1.988411634134013808e-08,1.382879886914137845e-08,6.596509783961915397e-09,3.263758352036003437e-10,5.039090582717849054e-09,8.681776955697870321e-09,1.109359886127841934e-08,1.253587837768557362e-08,1.323577302077618689e-08,1.336470805674042976e-08,1.303195133095071610e-08,1.226446883938949577e-08,1.095948146617274534e-08,8.826657590870904156e-09,5.424614288013825435e-09,1.122793057714530977e-09,6.406256058180758505e-09,1.352498176329714207e-08,1.986863997741770970e-08,2.345498595071029858e-08,2.246642509647116709e-08,1.730880551560597876e-08,1.112763873810136947e-08,5.787070563766920090e-09,2.093471556077440187e-09,2.298955395021352789e-09,4.380699407802272555e-09,6.366389154711998494e-09,8.311197566199448917e-09,1.026666587790154362e-08,1.213082616786564828e-08,1.361481477597900788e-08,1.424288865099871368e-08,1.343396299947420877e-08,1.070121440889489963e-08,5.872101992877885420e-09,2.507032804190151469e-09,8.116862291705681264e-09,1.369378662288920742e-08,1.706452485474452852e-08,1.705814733881692122e-08,1.406037454205004087e-08,1.034357325286127098e-08,7.315282396198518131e-09,5.366414076501652038e-09,4.272057041632558686e-09,3.589547122115146599e-09,2.902783315015323274e-09,1.920283111892094080e-09,8.344645337367896039e-10,2.327176782237518955e-09,5.281657496824665974e-09,9.003836567480970775e-09,1.327896769579716706e-08,1.754570411611673450e-08,2.027190086461124237e-08,2.077139360721239381e-08,1.904814029403873064e-08,1.545052741773668669e-08,1.046506361752362457e-08,4.615645616927491184e-09,1.458541484412606545e-09,6.919472253904533806e-09,1.131061371479089473e-08,1.438247162713171844e-08,1.615120668248557703e-08,1.675942700716333300e-08,1.636892005089095064e-08,1.510315188258618060e-08,1.302413688167374436e-08,1.012466695117135248e-08,6.337608563795731026e-09,1.853229262966482088e-09,5.107487933082338203e-09,1.231886468714451566e-08,1.948699448519798770e-08,2.537448390860344914e-08,2.900813176536738017e-08,2.948732074704915239e-08,2.598513170319122777e-08,1.806502795918650057e-08,6.776525754700648484e-09,6.087881996319203530e-09,1.716926354333465163e-08,2.622943132456355477e-08,3.253696744161286422e-08,3.576174083260431279e-08,2.952240044434294515e-10,4.256320266835752610e-10,5.563896404984216359e-10,6.846033681478150289e-10,8.081963631849528406e-10,9.255348610927261097e-10,1.035353545917783277e-09,1.136735616671157286e-09,1.229094603555939604e-09,1.312146256297271726e-09,1.385870508607167321e-09,1.450467059176192206e-09,1.506308732821146702e-09,1.553896223774025912e-09,1.593816831957976138e-09,1.626708763031787673e-09,1.653231666790361465e-09,1.674043409699625938e-09,1.689782623968906690e-09,1.701056316712643483e-09,1.708431714320741152e-09,1.712431513119774500e-09,1.713529357369366735e-09,1.712139597206481535e-09,1.708615306799882470e-09,1.703250228892700130e-09,1.696281962417877988e-09,1.687896053239872604e-09,1.678230692855373994e-09,1.667381773487260401e-09,1.655408090952606159e-09,1.642336528744832817e-09,1.628167095955594775e-09,1.612877726070259439e-09,1.596428771634881264e-09,1.578767150426482371e-09,1.559830111802440052e-09,1.539548598805717554e-09,1.517850188534683774e-09,1.494661608665969453e-09,1.469910870885291593e-09,1.443529160439072700e-09,1.415452822169403225e-09,1.385626155890511665e-09,1.354006379907808616e-09,1.320573180361428112e-09,1.285346920127825298e-09,1.248422052599071121e-09,1.210025786588807108e-09,1.170616649034951337e-09,1.131042797687117723e-09,1.092783426423077266e-09,1.058290932647359993e-09,1.031417300043020949e-09,1.017807932064876390e-09,1.024948013422704101e-09,1.061339805189103660e-09,1.134424439749976622e-09,1.247604744714627089e-09,1.397407333639555335e-09
1.587447228926308397e-09,1.761496921581297290e-09,1.890853004968299943e-09,1.972646949145536972e-09,2.014179749973012498e-09,2.027194597569881629e-09,2.023662164877329991e-09,2.013478288599543510e-09,2.003680306982085910e-09,1.998582308238830414e-09,2.000328950022332568e-09,2.009544105328406064e-09,2.025905467792833527e-09,2.048582598718261693e-09,2.076536334521114390e-09,2.108704331603051235e-09,2.144104055883565833e-09,2.181881144981960794e-09,2.221324393210878410e-09,2.261862007468028211e-09,2.303048523246280082e-09,2.344548033628918531e-09,2.386116920945098887e-09,2.427587747783700239e-09,2.468855058920313003e-09,2.509863340588474326e-09,2.550597122573613506e-09,2.591073089277126594e-09,2.631334024610900745e-09,2.671444414914160522e-09,2.711487551056256450e-09,2.751563993935066659e-09,2.791791288237862198e-09,2.832304823012278493e-09,2.873259740722383593e-09,2.914833783927451315e-09,2.957230936324882635e-09,3.000685656401901655e-09,3.045467409428852540e-09,3.091885066151635176e-09,3.140290539252826825e-09,3.191080748516159512e-09,3.244698662726251642e-09,3.301637003365501844e-09,3.362430491970749796e-09,3.427634644504614759e-09,3.497785948079992334e-09,3.573332798612178876e-09,3.654521183628832036e-09,3.741211158189025718e-09,3.832588677626605627e-09,3.926721184736109602e-09,4.019883679180734093e-09,4.105555592119122203e-09,4.172963243541159779e-09,4.205035992883767832e-09,4.175703998089972548e-09,4.046708099629591202e-09,3.764806385685582052e-09,3.262319910214080725e-09,3.266844196137297691e-09,3.055913587213260480e-09,2.432252018487306333e-09,1.477267327776738178e-09,6.605784923004383997e-10,1.465703399417143377e-09,2.548059344187220050e-09,3.301510586985079746e-09,3.838863666574778806e-09,4.682063471767213694e-09,5.894525380380296709e-09,7.002548567819618511e-09,7.332526263508076697e-09,6.350082455429945666e-09,4.048316343684261794e-09,1.112816457308069156e-09,1.934471704658006194e-09,4.493709583921735224e-09,6.473470507468158528e-09,7.815834761242843413e-09,8.535729381250337656e-09,8.671458206818409260e-09,8.268227488064797599e-09,7.379355267411286848e-09,6.075756136490885071e-09,4.451634204775969585e-09,2.603883005431596326e-09,5.551207475644214594e-10,1.882515717047606474e-09,4.969738961067281535e-09,8.452091062839732638e-09,1.147532211226067316e-08,1.296097604772354687e-08,1.211645297630962294e-08,9.068606224573969530e-09,4.890875479482735111e-09,6.330631601895698385e-10,3.150752903451514706e-09,6.125973553436948252e-09,8.299787405972078520e-09,9.746363703563173317e-09,1.056832965471148918e-08,1.085782161186682709e-08,1.067537508649200338e-08,1.003364281210877704e-08,8.885483325187085542e-09,7.130257255364985192e-09,4.660250811427224461e-09,1.562884171758430731e-09,2.927217993877438579e-09,7.115261246124366918e-09,1.088082499143302813e-08,1.326131088463293829e-08,1.359358014057700347e-08,1.207344981665898022e-08,9.620237548444844104e-09,7.041027303174750212e-09,4.711530783931667955e-09,2.749870248659338972e-09,1.848794553457876127e-09,3.314943972284475399e-09,5.905272720269020991e-09,9.003788276546833385e-09,1.232193545302473433e-08,1.535329579926105332e-08,1.722745886454323892e-08,1.679429886231550321e-08,1.316542294923490831e-08,6.765618276104422932e-09,1.895166246878432360e-09,7.220698941776125445e-09,1.185378528146268976e-08,1.461639074930905898e-08,1.519851130939560779e-08,1.377471270833349924e-08,1.168371522289533280e-08,9.884219926822239590e-09,8.673867564415088348e-09,7.899759968236991595e-09,7.225393658226980310e-09,6.305005815772378238e-09,4.863702674736432640e-09,2.740666409938187834e-09,7.283886453329653910e-10,3.951898662545906621e-09,7.955480682298083563e-09,1.191402500789515576e-08,1.516490567439427195e-08,1.701653156405735367e-08,1.733928965860181592e-08,1.625070313410901165e-08,1.385939055377614714e-08,1.028550114435474301e-08,5.671987867550947539e-09,3.939142845723014547e-10,4.966845002970288250e-09,9.376148855787027712e-09,1.260740911762798453e-08,1.455750186023110873e-08,1.526397917464896585e-08,1.481711866735095562e-08,1.330723691542426720e-08,1.080148871067059567e-08,7.342852809373739116e-09,2.993208141748006170e-09,2.501905354262164598e-09,8.419589602448421685e-09,1.466929803661449260e-08,2.035951435750518990e-08,2.471420279222163749e-08,2.709353208517616145e-08,2.669445984416205952e-08,2.278718454055500288e-08,1.508638913556654306e-08,4.358180942806508001e-09,7.769366492852869316e-09,1.897219042343179392e-08,2.829768426122064457e-08,3.491645998773773647e-08,3.834029406359726419e-08,2.962473123743184435e-10,4.411012071659025355e-10,5.861326628400184248e-10,7.278498871024073559e-10,8.637830891351317998e-10,9.920169694330493729e-10,1.111106051085045777e-09,1.220049571419878980e-09,1.318262868246754834e-09,1.405533956986379471e-09,1.481967693226050555e-09,1.547923470311388746e-09,1.603952420224935280e-09,1.650738782468064349e-09,1.689048454089468861e-09,1.719686208803230287e-09,1.743461877628991200e-09,1.761164965157779984e-09,1.773546696161101435e-09,1.781308274588992971e-09,1.785094109416164335e-09,1.785488850356225382e-09,1.783014668474366636e-09,1.778122404862877772e-09,1.771191349116458793e-09,1.762532944005319760e-09,1.752395544796673602e-09,1.740969872799862316e-09,1.728394865340681288e-09,1.714763680158267605e-09,1.700129663252116140e-09,1.684512135954960274e-09,1.667901898436408597e-09,1.650266381543146516e-09,1.631554406349839329e-09,1.611700529994117516e-09,1.590628967809985023e-09,1.568257088021145523e-09,1.544498481205360809e-09,1.519265623604035231e-09,1.492472198319645239e-09,1.464035241378292730e-09,1.433877486669692480e-09,1.401930663051609260e-09,1.368141148898338885e-09,1.332480449825300150e-09,1.294964616868289390e-09,1.255689183073969523e-09,1.214889694145843700e-09,1.173042551245378212e-09,1.131026243278316090e-09,1.090366835340264357e-09,1.053586090593513704e-09,1.024635246395080742e-09,1.009291952557703601e-09,1.015188392126833298e-09,1.050926280402919865e-09,1.123904353320354427e-09,1.237301438902750771e-09,1.387341441145021550e-09
1.577671240727420908e-09,1.751694659851474193e-09,1.881122372535540833e-09,1.962876022258880328e-09,2.003931123109807176e-09,2.015804478605800011e-09,2.010405413281842713e-09,1.997700990990204576e-09,1.984872883947022574e-09,1.976401675566538934e-09,1.974587147812287423e-09,1.980179289123729136e-09,1.992947094245544500e-09,2.012118348534604223e-09,2.036684595193426197e-09,2.065593369439375876e-09,2.097857431442815532e-09,2.132608242582174726e-09,2.169114808047153434e-09,2.206782677018900681e-09,2.245142721430208186e-09,2.283835573723162435e-09,2.322595101463677805e-09,2.361232718147853109e-09,2.399623384085570977e-09,2.437693615878541663e-09,2.475411538929953029e-09,2.512778882761482149e-09,2.549824765999124805e-09,2.586601109646105585e-09,2.623179527593842656e-09,2.659649560681506783e-09,2.696118135295429269e-09,2.732710133233052926e-09,2.769569952674718667e-09,2.806863912833226577e-09,2.844783302775040812e-09,2.883547788310778399e-09,2.923408758778081145e-09,2.964652003479537636e-09,3.007598832056917143e-09,3.052604361922876014e-09,3.100053245849176319e-09,3.150355936575653391e-09,3.203930176916530095e-09,3.261164112180332541e-09,3.322353533268287812e-09,3.387599030029994590e-09,3.456641433055426645e-09,3.528602706194730407e-09,3.601582525444929558e-09,3.672035498287568091e-09,3.733817026163605430e-09,3.776734122497897469e-09,3.784371721421162511e-09,3.730900451543366975e-09,3.576572431483521189e-09,3.261911177638648997e-09,2.702231875617577039e-09,1.795355104587266759e-09,1.799543845892302926e-09,1.522003764935625948e-09,7.958544832831073531e-10,1.142820270310830644e-09,2.832334314302825886e-09,4.566317357891121466e-09,5.545965721658470647e-09,4.977132849137819551e-09,3.091138455682444666e-09,1.900316832104949306e-09,1.964899236658139902e-09,2.608883120657757927e-09,3.171552940202646573e-09,3.122027104212818584e-09,2.099115943537144441e-09,5.456885959677982679e-10,1.650200124099363254e-09,3.432510254961762923e-09,4.868873185222638952e-09,5.821833160894657416e-09,6.232395593255625422e-09,6.074869618307591874e-09,5.344957991836458479e-09,4.076320527489407089e-09,2.400352358249503902e-09,8.063792831843888898e-10,1.270669941114656749e-09,1.716671203280702325e-09,1.459681015426839612e-09,1.895010768696725217e-09,3.256967764756869330e-09,4.879331757636118737e-09,6.003022968774157637e-09,6.114565720332716724e-09,5.109262631378388260e-09,3.108940037248546224e-09,6.052009906577142634e-10,1.922971362411813291e-09,4.146027115436860213e-09,5.925340601058110743e-09,7.219469468489343628e-09,8.040688037998834854e-09,8.419436672190633879e-09,8.381661928633741957e-09,7.937656660673316828e-09,7.093231075410354221e-09,5.903823943585893885e-09,4.536973761464844322e-09,3.062052478354749004e-09,1.514005484505462290e-09,1.392166010488620728e-09,3.070342659354327865e-09,4.741052788600259548e-09,6.137573851893823312e-09,7.356084153890841889e-09,7.927952230314547748e-09,7.888621654590551005e-09,7.301635306881366157e-09,6.121687534653078861e-09,4.321074522490417199e-09,2.256817674981362124e-09,3.197539548692791138e-09,7.279879398866760189e-09,1.237766284432299258e-08,1.769827082468714684e-08,2.189529108903086080e-08,2.275402648978892515e-08,1.801878313471706091e-08,8.201792961974325044e-09,1.792452827933076593e-09,7.641069391599232464e-09,1.150256088475816108e-08,1.382266826518346103e-08,1.479235927032071637e-08,1.365967147320208354e-08,1.231855472196598101e-08,1.152254578912717819e-08,1.125872464776445424e-08,1.118635747861493091e-08,1.090658047719604493e-08,1.008044968373749285e-08,8.459589291261760715e-09,5.895865712935338444e-09,2.389238195793404591e-09,2.075043932487644604e-09,6.674885072248977170e-09,1.081763548499463029e-08,1.362079995659952479e-08,1.465875493579015335e-08,1.467662708929771547e-08,1.415654376854462828e-08,1.294241274518050932e-08,1.077243207869857643e-08,7.288777095028001010e-09,1.880412188683306058e-09,3.664063628793099749e-09,8.275961886967600926e-09,1.164724748713926333e-08,1.366798411717266186e-08,1.435633526403026181e-08,1.378039345387992424e-08,1.201733792196188136e-08,9.139958858539955320e-09,5.223696833587548291e-09,4.664801866761087579e-10,5.282317606899327451e-09,1.131309429571217900e-08,1.711354409926399671e-08,2.184699779330349282e-08,2.512332019897772937e-08,2.695573717290589317e-08,2.642657653858944266e-08,2.255974647475853574e-08,1.468671704785033235e-08,2.914801506822585659e-09,9.982543595784936634e-09,2.201598552779933719e-08,3.204706305843326858e-08,3.921015109695998410e-08,4.293152720204132795e-08,2.966408009569258230e-10,4.583589507861371859e-10,6.200107046002838387e-10,7.773473037131444690e-10,9.274089389927527548e-10,1.067939408839407071e-09,1.197290187928694382e-09,1.314386142806816569e-09,1.418679335691486949e-09,1.510081736833721481e-09,1.588883271488406962e-09,1.655664655980112870e-09,1.711213305294806205e-09,1.756448081714650488e-09,1.792356049124374711e-09,1.819942252385678757e-09,1.840192028993087699e-09,1.854044452404446239e-09,1.862375081713377395e-09,1.865986108199853078e-09,1.865602115329021285e-09,1.861869904762072864e-09,1.855358408114620507e-09,1.846551873805264553e-09,1.835851928364891133e-09,1.823583436146896179e-09,1.810001113053827920e-09,1.795296535830959345e-09,1.779605267302381465e-09,1.763013882640532787e-09,1.745566738551017129e-09,1.727272375083767862e-09,1.708109481094110729e-09,1.688032387087315609e-09,1.666976074193242225e-09,1.644860704178417314e-09,1.621595684692166983e-09,1.597083287736091868e-09,1.571221844905546445e-09,1.543908559729205772e-09,1.515042024386719191e-09,1.484524634399403417e-09,1.452265306282273531e-09,1.418183287075849256e-09,1.382214498711979609e-09,1.344322918728842339e-09,1.304521140993250635e-09,1.262906708935970034e-09,1.219724314372540588e-09,1.175468660541055222e-09,1.131048342346476671e-09,1.088035242752699077e-09,1.049018677566632619e-09,1.018046940797875704e-09,1.001027689039684103e-09,1.005737019542924028e-09,1.040869196773733910e-09,1.113767060196980143e-09,1.227368719011954634e-09,1.377584649059781586e-09
1.568083392947946625e-09,1.741941522159859810e-09,1.871319880608777623e-09,1.952954741118250151e-09,1.993502870954406323e-09,2.004247375779515542e-09,1.997022966237395268e-09,1.981854847797712715e-09,1.966058869139803159e-09,1.954275255023374526e-09,1.948954692338417239e-09,1.950970903874134120e-09,1.960183078142092598e-09,1.975877045394723530e-09,1.997075558037808024e-09,2.022736987628706054e-09,2.051870580422266570e-09,2.083594851507127350e-09,2.117160133679163828e-09,2.151950223033767972e-09,2.187472968623902634e-09,2.223345901934187033e-09,2.259280458284629718e-09,2.295066720451521381e-09,2.330559632364497508e-09,2.365667067990593559e-09,2.400339836382459714e-09,2.434563554830536473e-09,2.468352259698367967e-09,2.501743608569737554e-09,2.534795532427890196e-09,2.567584209588824934e-09,2.600203242778810423e-09,2.632763922421323093e-09,2.665396445528749256e-09,2.698251925406119683e-09,2.731504964723368074e-09,2.765356464359697192e-09,2.800036190619202556e-09,2.835804406137456626e-09,2.872951561599035261e-09,2.911794607306201129e-09,2.952670008829551161e-09,2.995926509434471067e-09,3.041901956560377929e-09,3.090880053377416488e-09,3.143018868283591441e-09,3.198235816588902681e-09,3.256025728539387820e-09,3.315176041400699116e-09,3.373323475449330673e-09,3.426265573010716068e-09,3.466891593591611663e-09,3.483520566553237895e-09,3.457316625794102868e-09,3.358281769274362770e-09,3.139122720080480052e-09,2.726250903188728371e-09,2.008885333206892544e-09,8.627065241279191350e-10,8.663092091620743901e-10,5.714075946300522941e-10,9.284024967851349319e-10,2.833769426352159939e-09,5.492995267607513023e-09,8.322980983333677206e-09,9.899869850145641702e-09,7.811889006410747446e-09,1.618250203820922541e-09,2.348821299112031293e-09,3.056378466613404859e-09,2.266562394758656508e-09,1.197533289510081679e-09,1.147523277808197109e-09,9.059250181272519656e-10,4.989671503138540440e-10,1.427336145377032694e-09,2.609530935673252136e-09,3.572849603508810409e-09,4.158198487190740440e-09,4.269123982265981243e-09,3.828058899538124860e-09,2.768695174053569179e-09,1.100875650178590038e-09,1.480246903464970225e-09,4.028355556706835582e-09,5.795611310152050945e-09,4.669121910561275268e-09,4.081405761017866118e-10,2.286299253512478566e-09,2.511220987147233570e-09,1.649081075341592286e-09,8.016948578735223258e-10,1.225269180598757288e-09,1.988529978508295024e-09,1.726621416216179641e-09,5.876703975857023850e-10,9.234514047519514927e-10,2.456923375864694567e-09,3.816304286322460490e-09,4.897393152443046043e-09,5.656746874334924215e-09,6.084619158912075107e-09,6.182749980599767042e-09,5.948175524248201855e-09,5.387209889870167982e-09,4.651517486219029661e-09,4.403763186208754193e-09,4.852348941489402316e-09,5.342083540447237815e-09,5.558178578554071139e-09,5.306635882140587128e-09,4.318819236533826313e-09,2.386527203703017078e-09,3.154628715306212809e-09,6.606170381126934101e-09,9.035011181697502098e-09,1.029604008635636012e-08,1.021903371258025199e-08,8.791512635700218960e-09,6.080046086449402146e-09,2.506649203100383754e-09,4.686008261183862274e-09,1.182831391833827910e-08,2.053537350322462451e-08,2.910038287659020680e-08,3.347623248517438675e-08,2.733965529602416923e-08,8.841525645161174599e-09,4.849816347935064972e-09,1.019682789746720273e-08,1.229104077721019188e-08,1.387115221692178713e-08,1.594808015532072002e-08,1.326010359803660664e-08,1.196736737987498707e-08,1.221402805111544071e-08,1.324303909115910098e-08,1.427447626998628808e-08,1.474240025984026129e-08,1.429463701692053700e-08,1.271228507606091645e-08,9.851635262032304688e-09,5.658425884235323266e-09,4.650535302632584709e-10,5.640160042941305638e-09,1.066214730539093665e-08,1.333600488493165876e-08,1.277690956768988207e-08,1.200938720359329860e-08,1.223607437881104076e-08,1.250871183596345109e-08,1.218313900101557293e-08,1.058200709802504740e-08,3.454279837155543317e-09,3.113768775639895873e-09,8.115137344805651662e-09,1.160624818638104978e-08,1.360344755547941214e-08,1.418014321852013178e-08,1.342037960712682997e-08,1.139879097086354023e-08,8.185250332406650621e-09,3.860494639089869886e-09,1.460068128048251885e-09,7.577214854361315190e-09,1.408204487134049238e-08,2.004444231222160122e-08,2.400738272028948881e-08,2.604763313118780264e-08,2.817758277593409853e-08,2.851674618202233617e-08,2.551190866011748620e-08,1.769514674637327980e-08,2.545254393556452691e-09,1.271230528600290759e-08,2.626919355371087434e-08,3.749047031394381293e-08,4.550281107093475086e-08,4.966186121329348102e-08,2.962988544860928143e-10,4.778922253584927124e-10,6.590585258590147020e-10,8.345848166848055777e-10,1.000896945123756834e-09,1.155327427482331574e-09,1.296006249052565730e-09,1.421809883847218226e-09,1.532285578851861984e-09,1.627546986183830845e-09,1.708154103285723732e-09,1.774991903558917573e-09,1.829158696520577165e-09,1.871870854137217382e-09,1.904386627489644936e-09,1.927948912877760162e-09,1.943745058366688816e-09,1.952880938182726413e-09,1.956366302708752632e-09,1.955108588665461550e-09,1.949912756468141683e-09,1.941485175950258672e-09,1.930437161495702162e-09,1.917280934744751863e-09,1.902434530849019558e-09,1.886230212995253169e-09,1.868923206563549514e-09,1.850700429041987830e-09,1.831688981319831100e-09,1.811964235115930771e-09,1.791557408349570577e-09,1.770462565425691189e-09,1.748643016895253757e-09,1.726037120940489012e-09,1.702563509417156840e-09,1.678125772952739535e-09,1.652616645162183930e-09,1.625921727122645786e-09,1.597922797210255280e-09,1.568500767910162334e-09,1.537538399397543012e-09,1.504922988280328204e-09,1.470549464315940709e-09,1.434324713758920832e-09,1.396174601457564376e-09,1.356056216177040336e-09,1.313979493592402230e-09,1.270044808793474165e-09,1.224506641914729628e-09,1.177878211915480595e-09,1.131097763238628511e-09,1.085781743998865751e-09,1.044585097016829677e-09,1.011650983522772327e-09,9.930149333564585331e-10,9.965939919288738900e-10,1.031168149711064671e-09,1.104011157375211360e-09,1.217804737960322840e-09,1.368136864674926070e-09
1.558688264806548249e-09,1.732247773273931319e-09,1.861458697877737548e-09,1.942896578307968605e-09,1.982908012022743378e-09,1.992536634885565590e-09,1.983530042153947965e-09,1.965958701848592850e-09,1.947262375827772136e-09,1.932233779002280740e-09,1.923469873729648832e-09,1.921965302370041493e-09,1.927667962950725127e-09,1.939921276255281373e-09,1.957779540501165421e-09,1.980212848994306168e-09,2.006228123147422550e-09,2.034932204679522440e-09,2.065557940222070671e-09,2.097468359610409026e-09,2.130149015471478047e-09,2.163194781839698534e-09,2.196294823588885668e-09,2.229217785056559961e-09,2.261798231134173353e-09,2.293924786572032756e-09,2.325530098207126516e-09,2.356582583295830901e-09,2.387079856250339607e-09,2.417043703906161610e-09,2.446516479968658519e-09,2.475558798927452503e-09,2.504248417411860952e-09,2.532680190168779797e-09,2.560966973695496847e-09,2.589241315593645409e-09,2.617657705590413240e-09,2.646395066472075144e-09,2.675659017011108195e-09,2.705683230584895093e-09,2.736728918158159598e-09,2.769081049712985326e-09,2.803041512078863466e-09,2.838922642578499533e-09,2.877025975737333391e-09,2.917602690922709349e-09,2.960788738240513466e-09,3.006501168929134409e-09,3.054275060041240579e-09,3.103009164682161146e-09,3.150570286281189586e-09,3.193176490975890117e-09,3.224428814317477968e-09,3.233773929099971682e-09,3.204026625295350119e-09,3.107307175460433570e-09,2.898263192155352078e-09,2.502627311146650877e-09,1.798174874063327877e-09,5.962121839770755383e-10,6.004820087420064965e-10,2.457963755721242802e-10,1.286691368074254394e-09,3.839276333363248118e-09,7.813097065869407657e-09,1.303278984032923457e-08,1.755262089280652472e-08,1.447245459859654894e-08,2.171030911532671603e-09,9.585747945239700147e-09,9.184245851452927363e-09,7.079849600496657010e-09,4.431639962010685444e-09,1.555696851672637515e-09,6.198391620994147759e-10,4.610548089584858252e-10,1.123790323339658056e-09,1.926661746883793687e-09,2.531129512944639539e-09,2.825658584602036112e-09,2.713402841432948129e-09,2.075475084109126353e-09,7.577269992760545300e-10,1.445733773193268688e-09,4.725711496746095918e-09,9.037722605337370178e-09,1.309053067531197291e-08,1.059144691068594154e-08,2.271187130818564003e-09,8.758643680149807491e-09,9.128896435707235001e-09,8.069256759503313559e-09,6.396312464044396217e-09,4.214329326489875591e-09,4.475758456067164220e-10,1.179748933200784867e-09,9.268121893675168823e-10,1.525737011056643942e-10,8.519147547885360262e-10,1.844388107056916335e-09,2.715681504364451760e-09,3.394442198744142127e-09,3.853455130380672309e-09,4.087009970134262171e-09,4.066845068325969281e-09,3.669071998319550578e-09,2.788882093676560150e-09,3.473862761255129665e-09,6.483448958974028759e-09,9.481101392604814966e-09,1.202599272625572572e-08,1.371638909947509450e-08,1.382530954126989276e-08,1.180198945933237030e-08,1.043915135467588646e-09,6.206849540975296342e-09,1.103748976818620066e-08,1.426747219841091287e-08,1.535156672769591929e-08,1.442603878929975577e-08,1.172599219906075403e-08,7.295434072542087363e-09,1.964153604780902517e-09,9.503649206947533917e-09,2.279227751713801497e-08,3.942513323578896192e-08,5.347293928531090745e-08,4.803130013528290576e-08,4.239528647001896819e-09,1.638053662709713398e-08,1.571254197128192966e-08,1.315116722652383598e-08,1.290798858454137096e-08,2.129102742606009756e-08,1.099366106051709958e-08,9.654102606002778143e-09,1.168212251326310757e-08,1.473629144146689231e-08,1.739739180781614478e-08,1.894984849329394152e-08,1.911857165559389222e-08,1.778033393439538744e-08,1.479085081082615010e-08,9.933341767322684956e-09,3.069172573460512712e-09,5.263834489468640219e-09,1.246305656104890736e-08,1.579029588097522423e-08,1.063038417567876243e-08,7.907598167308781305e-09,9.822628415554992794e-09,1.221720792715390387e-08,1.442609732793281976e-08,1.902208312629562323e-08,4.298026435834054727e-09,3.960717822179820012e-09,9.172264089785643740e-09,1.262899410762606583e-08,1.445381708662484967e-08,1.481354151468839397e-08,1.382468803945851156e-08,1.155155431087061572e-08,8.042618191156231910e-09,3.358095472948169412e-09,2.427468935156856611e-09,9.224799544800248053e-09,1.691520439086685259e-08,2.431538055349688724e-08,2.724874387124326860e-08,2.592946602513835607e-08,3.014557089859449568e-08,3.289361228128365272e-08,3.233772929175800168e-08,2.743034436253885490e-08,2.238953986340107738e-09,1.666614759791726432e-08,3.188994811840415455e-08,4.475948832876887099e-08,5.396850667936279495e-08,5.871634596496140243e-08,2.950752819205441653e-10,5.003404527878939571e-10,7.046317294698505663e-10,9.014972486218213444e-10,1.086587865289074984e-09,1.256743528349362073e-09,1.409866432812634352e-09,1.544839157464107220e-09,1.661399466205685088e-09,1.759978511373209087e-09,1.841525598679400767e-09,1.907340472994045137e-09,1.958926999686919843e-09,1.997874906352115717e-09,2.025770680508123666e-09,2.044135166849724126e-09,2.054383605075640212e-09,2.057803307615625133e-09,2.055544413293965255e-09,2.048619787731793418e-09,2.037910912525521136e-09,2.024177360876113061e-09,2.008065084739011695e-09,1.990105943646483016e-09,1.970726017869326599e-09,1.950256945170623975e-09,1.928946992791867407e-09,1.906971618394487783e-09,1.884443364644409278e-09,1.861420997978516040e-09,1.837917851879119572e-09,1.813909373049773643e-09,1.789339897338550427e-09,1.764128703039892253e-09,1.738175402049224029e-09,1.711364735218142285e-09,1.683570839036999047e-09,1.654661048177485029e-09,1.624499300425484656e-09,1.592949226175794564e-09,1.559877053304551480e-09,1.525154568376582713e-09,1.488662590662130437e-09,1.450295801525355534e-09,1.409970421181963187e-09,1.367637268101497330e-09,1.323304352499215080e-09,1.277075582864120787e-09,1.229215698140026175e-09,1.180256438666633117e-09,1.131165031976794699e-09,1.083601075568442231e-09,1.040283144810782744e-09,1.005447121882309526e-09,9.852543912529207523e-10,9.877600730954984604e-10,1.021823108204942893e-09,1.094635284224122621e-09,1.208607384538139011e-09,1.358997485213558002e-09
1.549489732380198594e-09,1.722622946492910232e-09,1.851551441919851341e-09,1.932714650929711585e-09,1.972159258396526464e-09,1.980685170532620255e-09,1.969941177710846938e-09,1.950030394029422601e-09,1.928506159655653240e-09,1.910306248558602045e-09,1.898168879774913657e-09,1.893206401794880197e-09,1.895453604908695738e-09,1.904310810487029989e-09,1.918864058145007794e-09,1.938095982983338588e-09,1.961012360006659426e-09,1.986709657140376024e-09,2.014404472335876418e-09,2.043440122726883860e-09,2.073280666949168049e-09,2.103498846148688913e-09,2.133761800114699383e-09,2.163816712096415752e-09,2.193477491808393778e-09,2.222612997228306535e-09,2.251136960397438205e-09,2.278999610695229804e-09,2.306180910633300760e-09,2.332685291811114892e-09,2.358537775936166744e-09,2.383781372993981794e-09,2.408475655984974125e-09,2.432696412147953564e-09,2.456536259416504485e-09,2.480106088747247561e-09,2.503537140488476104e-09,2.526983442404693776e-09,2.550624214864161937e-09,2.574665678336110844e-09,2.599341458696239413e-09,2.624910455602152999e-09,2.651652748262068394e-09,2.679867744324540810e-09,2.709860747090231121e-09,2.741916075300305821e-09,2.776252469840006152e-09,2.812951731126585608e-09,2.851847002151127133e-09,2.892350018340006845e-09,2.933185112703990364e-09,2.971978140726890231e-09,3.004613352096720316e-09,3.024205005035087991e-09,3.019399593333973968e-09,2.971454899899629927e-09,2.848968129429612728e-09,2.597876048209390248e-09,2.121623081809594106e-09,1.240986398828198535e-09,1.246158292173951210e-09,8.488715612917412783e-10,5.021937589571152913e-10,3.307208072343886662e-09,8.604171729772513884e-09,1.795985202818825641e-08,3.215376782982111842e-08,2.873660531189920231e-07,1.980202816827332544e-08,3.189207535045524249e-08,2.194417175977276388e-08,1.615003760572980840e-08,1.152703665712930478e-08,4.326448034949738976e-09,1.665476374590611982e-09,1.713801117137659303e-10,7.430719682314943506e-10,1.378898981857274079e-09,1.719815031746798607e-09,1.828578978011732134e-09,1.642217105284986850e-09,1.042047996391364109e-09,5.673339260314562297e-10,2.754681474820308556e-09,6.853224547328856621e-09,1.399028460719725179e-08,2.646347317997610680e-08,2.148652093509388815e-07,1.476344688705548841e-08,2.792318675401226977e-08,2.239263851580031071e-08,1.980566565722670206e-08,1.704784788122974428e-08,1.441760794612755105e-08,4.736964578130143625e-09,2.100189986474787550e-09,1.775755338021918334e-09,1.396562626125978095e-09,7.899423817363343249e-10,1.017226765192060894e-10,6.362996685564715446e-10,1.231639377438375734e-09,1.707316324627207814e-09,2.095468443711180644e-09,2.423190974544034973e-09,2.353701985821131752e-09,1.485983691338441685e-09,1.043667968502614152e-08,1.107410449235659868e-08,1.913692255266173704e-08,2.638824585308590736e-08,3.243738815083648312e-08,3.526707792983548232e-08,4.242317044750803007e-08,5.484965497253238152e-09,7.350215741543278236e-09,1.423983135041885826e-08,1.985873041559609284e-08,2.194280527931101429e-08,2.135257928117522140e-08,1.883224068927333535e-08,1.456207062469491732e-08,8.022751391976808242e-09,3.334751001705699565e-09,2.094040004922821092e-08,5.088443132977813916e-08,9.097470813891936426e-08,8.628281678103507286e-07,3.137010252751527989e-08,6.437070460238484406e-08,2.989413986659068408e-08,1.488047858318149604e-08,3.822014590156072535e-09,5.893833868946905297e-08,4.888217589624591232e-09,3.668884537380655053e-09,9.710341984306185556e-09,1.607755302027341915e-08,2.098261754582711836e-08,2.383854109654751377e-08,2.474224859085447671e-08,2.384346115342231528e-08,2.105490112592925894e-08,1.586027196729688352e-08,7.193185526424003288e-09,5.813970000449568872e-09,1.767812699277064526e-08,1.986256730049050086e-07,7.684487538019471951e-09,1.689146750018519025e-09,8.922715496600896683e-09,1.583170447389121445e-08,1.866886026559738966e-08,6.255762276070918786e-08,1.168267007597282206e-08,7.664459924741476071e-09,1.165194560301512784e-08,1.481604104222748089e-08,1.623222233915549998e-08,1.624527388040106431e-08,1.500109991560358125e-08,1.251407013281309314e-08,8.780856593818811772e-09,3.827599374324227875e-09,2.299199647695559158e-09,9.670764632081323689e-09,1.945879385618366845e-08,1.995326211187076630e-07,5.016443585301347774e-08,2.882821284282082103e-08,4.806455760357730322e-08,5.826206074163753937e-08,6.272796881509376408e-08,8.374389601312354990e-08,2.858734734806448392e-08,2.361897518166358955e-08,3.868323484960614551e-08,5.403251585571817734e-08,6.489794748083624815e-08,7.034477973470276433e-08,2.927789681258505361e-10,5.265678802157466316e-10,7.585409889642555297e-10,9.806373898430834162e-10,1.187524064087879791e-09,1.375459417242759511e-09,1.542138340508674986e-09,1.686552783076042447e-09,1.808783722098110392e-09,1.909750861623759319e-09,1.990958463699633205e-09,2.054266292128059021e-09,2.101701454403514538e-09,2.135315827322319018e-09,2.157086373434885075e-09,2.168851765937765061e-09,2.172277424289780943e-09,2.168841339893984709e-09,2.159834152278023617e-09,2.146368290787096200e-09,2.129392314786302334e-09,2.109707719852946647e-09,2.087983174941844901e-09,2.064758391928381632e-09,2.040456344984365828e-09,2.015397811800692220e-09,1.989814909972906455e-09,1.963863512650958768e-09,1.937634506138183324e-09,1.911163903539678564e-09,1.884441862904547705e-09,1.857420681706396999e-09,1.830021855777011846e-09,1.802142299557951426e-09,1.773659828652272273e-09,1.744438003773910018e-09,1.714330430155921753e-09,1.683184599898454471e-09,1.650845363984252682e-09,1.617158135269690547e-09,1.581971972162556545e-09,1.545142803401079818e-09,1.506537269762756420e-09,1.466038042309683269e-09,1.423552120326985162e-09,1.379024643548284762e-09,1.332462354977244483e-09,1.283973272053150531e-09,1.233832691032885601e-09,1.182590682223359616e-09,1.131242604965940256e-09,1.081489664939660495e-09,1.036112048233911784e-09,9.994362847923504818e-10,9.777477117178783497e-10,9.792367133785015944e-10,1.012834421566626674e-09,1.085638125603181765e-09,1.199774295532172942e-09,1.350165419211454895e-09
1.540490981571058496e-09,1.713075836037776866e-09,1.841610167434765005e-09,1.922421724254631476e-09,1.961269042125446431e-09,1.968705513291494732e-09,1.956270288669607533e-09,1.934086826121859269e-09,1.909811667482828432e-09,1.888519951196445198e-09,1.873085769194432963e-09,1.864735605181153877e-09,1.863589041265350629e-09,1.869102417540323145e-09,1.880393596319759580e-09,1.896458516480941555e-09,1.916302966072988461e-09,1.939014348324138746e-09,1.963794281838390236e-09,1.989967474710445764e-09,2.016977358970862852e-09,2.044375144408298796e-09,2.071806277733918939e-09,2.098996553329152598e-09,2.125739051991845796e-09,2.151882457440639508e-09,2.177320953030359607e-09,2.201985720898953961e-09,2.225837981445834716e-09,2.248863478940005082e-09,2.271068313754482033e-09,2.292476027818083477e-09,2.313125858124743105e-09,2.333072076786757199e-09,2.352384332548982858e-09,2.371148890987965337e-09,2.389470637398838310e-09,2.407475651832789773e-09,2.425314084766120133e-09,2.443162949557467655e-09,2.461228294400019167e-09,2.479746012268179339e-09,2.498982410838240194e-09,2.519239718746391313e-09,2.540854655555293505e-09,2.564190504936063994e-09,2.589622210485327254e-09,2.617511531612228349e-09,2.648168468886506095e-09,2.681794255485517106e-09,2.718400177613962799e-09,2.757694971736674618e-09,2.798930094775273722e-09,2.840682017073073576e-09,2.880519711697588905e-09,2.914413332741282564e-09,2.935472465291436530e-09,2.930833933509974079e-09,2.873316146425783771e-09,2.698193510496769405e-09,2.703463629874706051e-09,2.507743522498260638e-09,1.769357658237313784e-09,3.514503400606379493e-10,5.024979456346634635e-09,1.738177201406759252e-08,1.313951356431659933e-07,1.291926795055382848e-07,6.532611989628195114e-08,3.061062674402918327e-08,2.367128501580512743e-08,1.707936660059666986e-08,1.087748868930644462e-08,1.154173372061473007e-08,7.978489060906217483e-09,5.007745162728728373e-10,6.292806361658826992e-10,1.079927987668123624e-09,1.118094409582120568e-09,1.182163215504722377e-09,1.165074115186473413e-09,1.015209227585966993e-09,1.073372623594447874e-09,2.374269769859799008e-09,5.756840429747007428e-09,1.309524513576145427e-08,7.977845827298954232e-08,1.009328066663656559e-07,5.092558909084448895e-08,2.674935070430039070e-08,2.403475638332275334e-08,2.080860320333939810e-08,1.799483712557956388e-08,1.451364178731078977e-08,7.790066821031979017e-09,5.287806492133910542e-09,2.616700921807474253e-09,2.828518554285058640e-09,2.515730187001556901e-09,1.978374298980958349e-09,1.410602400150312995e-09,9.069712337329924038e-10,4.729709954740802234e-10,1.590259400777381767e-10,1.124595070899565310e-09,3.918949384988039017e-09,2.188066995749065881e-08,6.383212712409068202e-09,1.087279250756566935e-08,1.970916522482958406e-08,2.737381557815814530e-08,3.351846817440645262e-08,3.798633377376220552e-08,3.121227839858829840e-08,5.095459147559537521e-08,2.321981435731179852e-08,1.819012062226437169e-08,2.825007877806880506e-08,3.040303143416484009e-08,2.943805378796184789e-08,2.703734547686550043e-08,2.371780695304848302e-08,1.911209324674210627e-08,1.124406380853021912e-08,6.447158349806389886e-09,5.033059906868541570e-08,4.106318788957195025e-07,4.067574159195721248e-07,1.753007629469908283e-07,5.839721417157664696e-08,3.401190916358198843e-08,1.512474522778166782e-08,1.283618219777448059e-08,2.327563436434000758e-08,4.440197709567218488e-08,2.078509523585268805e-09,7.102335138402695174e-09,1.829364821750096984e-08,2.584091264085082560e-08,2.979661431569961989e-08,3.125208561648534070e-08,3.091367076724826244e-08,2.894635523845483324e-08,2.467491008568230139e-08,1.539922443736101511e-08,7.293872492155686328e-09,9.447280284087594225e-08,1.063871736538967601e-07,3.177109946781817169e-08,7.223110976675199342e-10,7.678137260223614128e-09,1.492757414880291958e-08,2.579081414802491962e-08,4.768400396173776317e-09,5.392645501693619090e-08,2.348663449026113754e-08,1.453010098896577708e-08,1.820580877194056750e-08,1.881275806425068835e-08,1.833281303511519283e-08,1.686651345515014164e-08,1.426279007913676886e-08,1.041781588560795757e-08,5.327768537270188801e-09,1.204934837021933225e-09,8.217517206875083029e-09,2.694470613997100636e-08,1.527914474634989847e-07,1.494803495293235491e-08,3.669036956368616728e-08,4.614734592452927905e-08,5.808205784941809132e-08,6.863872434072828211e-08,5.676160607066295182e-08,5.742895527917770496e-08,6.038833777631383832e-08,4.378412536095419695e-08,6.579435697589702704e-08,7.884218973673718353e-08,8.481228319522071219e-08,2.891682803750376771e-10,5.577742650606106286e-10,8.232529928229825634e-10,1.075427638192343709e-09,1.307709543184063482e-09,1.515689436384118662e-09,1.696929688502482058e-09,1.850717389143187245e-09,1.977718039801949414e-09,2.079590021998249920e-09,2.158619653318889771e-09,2.217413879931041689e-09,2.258665106233000414e-09,2.284986769018153436e-09,2.298809541689928196e-09,2.302324825517210244e-09,2.297462372099813345e-09,2.285890778817269050e-09,2.269032062808570636e-09,2.248083905221533319e-09,2.224045171972271734e-09,2.197741879257958608e-09,2.169848526031431207e-09,2.140896955872609063e-09,2.111292830500435222e-09,2.081333503773548910e-09,2.051224006722233700e-09,2.021091217707952991e-09,1.990996339542171332e-09,1.960945827891076321e-09,1.930900924572556803e-09,1.900785951502278652e-09,1.870495519393205120e-09,1.839900800065576885e-09,1.808855003961170004e-09,1.777198193794071529e-09,1.744761554067267709e-09,1.711371224794581103e-09,1.676851804570938243e-09,1.641029640803674536e-09,1.603736073086435398e-09,1.564810905758171101e-09,1.524106599765277342e-09,1.481494053967629781e-09,1.436871481122298388e-09,1.390178902430060093e-09,1.341422371883424201e-09,1.290714462231678489e-09,1.238341157551182134e-09,1.184870484743418555e-09,1.131324926764683230e-09,1.079445668459978684e-09,1.032072495404002439e-09,9.936206086321594107e-10,9.704975070558753764e-10,9.710260580870136543e-10,1.004202815408482191e-09,1.077018405734043898e-09,1.191302861025855264e-09,1.341639103728414303e-09
1.531694521328412550e-09,1.703614493139088404e-09,1.831646356938677650e-09,1.912030214730433718e-09,1.950249539380922292e-09,1.956609855035896127e-09,1.942530730605612486e-09,1.918144025971415059e-09,1.891199091971582636e-09,1.866900489656854200e-09,1.848252463275106141e-09,1.836591749612657482e-09,1.832120392625638724e-09,1.834349722882703520e-09,1.842429419750429184e-09,1.855369437046153296e-09,1.872176707906410488e-09,1.891930872152106042e-09,1.913819850640135914e-09,1.937150879079258091e-09,1.961347683534196644e-09,1.985940615959382499e-09,2.010553850595821749e-09,2.034891968566613125e-09,2.058727164930469337e-09,2.081887671470889976e-09,2.104247631660499770e-09,2.125718477051113760e-09,2.146241765215702780e-09,2.165783403422184942e-09,2.184329174677033316e-09,2.201881488639639516e-09,2.218457289206505422e-09,2.234087059927657905e-09,2.248814872786937947e-09,2.262699423506425187e-09,2.275815985275956456e-09,2.288259191510751944e-09,2.300146525833126275e-09,2.311622353983737244e-09,2.322862279054087333e-09,2.334077539157454167e-09,2.345521166992663312e-09,2.357502043266602998e-09,2.370397255097798264e-09,2.384665665167410830e-09,2.400866193470490428e-09,2.419684221834224457e-09,2.441972485816974239e-09,2.468818281708518757e-09,2.501658838377868239e-09,2.542484947884127020e-09,2.594205911430958000e-09,2.661308026818783613e-09,2.751044558130276605e-09,2.875583729136410599e-09,3.055878513854478619e-09,3.328625247812242573e-09,3.758720214031736960e-09,4.461030713042364409e-09,4.466325506437508752e-09,4.621809109573204740e-09,5.117648744512350245e-09,5.963612348040118965e-09,6.315437881522521794e-09,2.192775839018561581e-07,2.042214469556205091e-08,4.674323041509738065e-08,4.485514561243763863e-09,1.195516390026089887e-08,1.292856812606740335e-08,1.123263087992503976e-08,8.629605629640354810e-09,6.342050343652666939e-09,9.974394053941101588e-09,1.030732991906857134e-08,5.308198866472478004e-09,1.258959127246909465e-09,7.017172839348303594e-10,1.007876472944178195e-09,1.261214853532275172e-09,1.465555111833321943e-09,1.655722893410101910e-09,1.849811737770484318e-09,2.107634677347578212e-09,1.258847963213277650e-07,1.315280514678167878e-08,3.283438698083848917e-08,6.855924997457138002e-09,1.332020336753850436e-08,1.518083531984138699e-08,1.484780603123290994e-08,1.343480541623565295e-08,1.085195277990716089e-08,1.407484943444486804e-08,2.667495427320448342e-09,4.073059620792250386e-09,4.694277508252162732e-09,4.387786263985662755e-09,3.846463394897847225e-09,3.317427862856868185e-09,2.896188560463304999e-09,2.618987302772816365e-09,2.440052633191479107e-09,1.973089333330383385e-09,7.536195854572183772e-08,1.150654889118263951e-09,7.871005069053009158e-09,1.287687367864141527e-08,1.860439682442887336e-08,2.460131332729758756e-08,3.062726829604616738e-08,3.662711447734804219e-08,4.281199453834619370e-08,4.773739369720321699e-08,3.314841397096506686e-08,4.558098389720619697e-08,4.351624619758807344e-08,4.086806625176017534e-08,3.788365204249485403e-08,3.518221685131115153e-08,3.332456893016872502e-08,3.289444561275131311e-08,3.427087918410758155e-08,3.514563311287936396e-08,7.606773506159902866e-07,6.595686490707495309e-08,1.609718019979354268e-07,1.233117405162535012e-08,4.521623038107331186e-09,3.974665861926224111e-09,2.433629924133388492e-09,9.180253664649893846e-09,2.251289363158799305e-08,4.270218091091466199e-08,4.478716708388679426e-08,6.764568846605067529e-09,2.353880947538028300e-08,3.334876783815097785e-08,3.715493910123788864e-08,3.839877940695304639e-08,3.846738143686840151e-08,3.806926576253534594e-08,3.757952824941354782e-08,3.645196874869752826e-08,2.580588089089619479e-07,1.594801869826724780e-08,5.167492202004641720e-08,1.781776247363885886e-08,1.455381886471620995e-08,1.490172024431065277e-08,1.679786349320389775e-08,1.862284254834360987e-08,1.471944312277225243e-08,1.058683471668133553e-08,3.167671051522209698e-08,3.236120978753724536e-08,2.400836545027916734e-08,2.179169627104459062e-08,2.073467179806961322e-08,1.925173067669821738e-08,1.673269644205946155e-08,1.292662351870524659e-08,7.753579932489619171e-09,1.344494659127051126e-09,1.272839972692519803e-07,1.820397842783698523e-08,6.519958118232812035e-08,3.611513034817761572e-08,4.433699527305141060e-08,5.281436172818092194e-08,6.168585681261452547e-08,6.835427346392526779e-08,6.871049591966089410e-08,9.785643632576588663e-08,2.302105104667822335e-08,5.365263728972830534e-08,8.410588756108955246e-08,9.694299709487208305e-08,1.021027569500303532e-07,2.839453239433156402e-10,5.956689507578698544e-10,9.021977594024171145e-10,1.190533352890939843e-09,1.452481158559707049e-09,1.682907629687404850e-09,1.879422881555658020e-09,2.041933354821630034e-09,2.172065928343309633e-09,2.272578792210987821e-09,2.346845821467435373e-09,2.398455418421409631e-09,2.430929254559298529e-09,2.447545891923706932e-09,2.451246113033313109e-09,2.444596379771522809e-09,2.429790272416626673e-09,2.408672433497450310e-09,2.382774039154163816e-09,2.353352534766973468e-09,2.321431165510809707e-09,2.287835794137845172e-09,2.253224229850257381e-09,2.218100459497704503e-09,2.182835457419423056e-09,2.147688283309247549e-09,2.112824300237341977e-09,2.078330837065072007e-09,2.044230613349202715e-09,2.010493223497481370e-09,1.977044950563740498e-09,1.943777154485530805e-09,1.910553455975517639e-09,1.877215915604913829e-09,1.843590387619904130e-09,1.809491208455243036e-09,1.774725361815075533e-09,1.739096246654758524e-09,1.702407168074641714e-09,1.664464682559146084e-09,1.625081975966913902e-09,1.584082561707033194e-09,1.541304798206746591e-09,1.496608099354314890e-09,1.449882337163506941e-09,1.401062940681562688e-09,1.350155770260976512e-09,1.297278271759932672e-09,1.242727087537672504e-09,1.187087664340362466e-09,1.131408473150689111e-09,1.077468997520753893e-09,1.028166655136951192e-09,9.880034542243917055e-10,9.635073633881604727e-10,9.631309454478868003e-10,9.959293772821328906e-10,1.068774873622893301e-09,1.183190223662874115e-09,1.333416517890290261e-09
1.523102197093468812e-09,1.694246225750911513e-09,1.821670913821378076e-09,1.901552192261546484e-09,1.939112692132920909e-09,1.944410091996203226e-09,1.928735358744282041e-09,1.902217213830956988e-09,1.872687430640833365e-09,1.845471820708472418e-09,1.823698755337111209e-09,1.808811081125820664e-09,1.801090799790877035e-09,1.800103103125238874e-09,1.805029421422142078e-09,1.814894390637775938e-09,1.828707185297176792e-09,1.845540958646715100e-09,1.864571208647494472e-09,1.885088851456137521e-09,1.906498869290696879e-09,1.928311496120402981e-09,1.950130143934451878e-09,1.971638466895933237e-09,1.992587847506264465e-09,2.012785936208519376e-09,2.032086511257081808e-09,2.050380733520619500e-09,2.067589777123246304e-09,2.083658778246570003e-09,2.098552034258283713e-09,2.112249391149783112e-09,2.124743768209777139e-09,2.136039783001015657e-09,2.146153453612513155e-09,2.155112967841925705e-09,2.162960520427595699e-09,2.169755232477679122e-09,2.175577182902258614e-09,2.180532607183480580e-09,2.184760360853396616e-09,2.188439817301851786e-09,2.191802438159005665e-09,2.195153862391853584e-09,2.198899252394929095e-09,2.203576929224758604e-09,2.209907138395816741e-09,2.218864575271104453e-09,2.231789002980834564e-09,2.250558177568573200e-09,2.277864663154567321e-09,2.317669068232022740e-09,2.375958186440965391e-09,2.462039538669245818e-09,2.590798752701559682e-09,2.786731953667165611e-09,3.091381864872788374e-09,3.577688844210368840e-09,4.379508573469467162e-09,5.757547854471595262e-09,5.762858233020549130e-09,6.223815831408493735e-09,7.929819713208315103e-09,1.233812085411228938e-08,2.437750492845847166e-08,2.571700839023089435e-07,8.797165318957457670e-08,4.308697296068972564e-08,1.283050838983184395e-08,1.123784276845616693e-09,5.284714051964998659e-09,6.644926396001144032e-09,6.377934856208398311e-09,5.496892356936636480e-09,4.064738619442140525e-09,4.027966202698504413e-09,2.473183846760042647e-09,1.601616279236390565e-09,1.514307958967263482e-09,1.544218246874786255e-09,1.649384302167426071e-09,1.898517515749915708e-09,2.521856803015755373e-09,4.320859427301576009e-09,9.908489408644210065e-09,1.433504424884638483e-07,4.939653523765136189e-08,2.490662167925946801e-08,4.976073767224737291e-09,5.135903489758900481e-09,9.002327398008873976e-09,1.041038653831820157e-08,1.047057177820692661e-08,9.749499621075991838e-09,8.779974114719070084e-09,1.295250775296540742e-08,9.968351836331115812e-09,7.569113530886872387e-09,6.366219063905039347e-09,5.568939213980903064e-09,4.998359308092227571e-09,4.644021928994078035e-09,4.596738064426727805e-09,5.157691632624253886e-09,7.322650774138313112e-09,9.827053856492921836e-08,3.165764275475346197e-08,1.675522017675509075e-08,1.504158158574360725e-08,1.775646262770860718e-08,2.247783040370730113e-08,2.860324867070581514e-08,3.614238308244512471e-08,4.506953290749750311e-08,5.380290892214856277e-08,8.171023320954431100e-08,6.932123319344771447e-08,5.801857264155186728e-08,5.020442949874181232e-08,4.466439387486393361e-08,4.119895922873979226e-08,4.029333650139054879e-08,4.368832864999341586e-08,5.660770591415659759e-08,9.590032624828922909e-08,9.345341068502416766e-07,3.212398636679015354e-07,1.633662877293190753e-07,6.852095547971262717e-08,3.183067849468839605e-08,2.010500418564102970e-08,1.967941663092909127e-08,2.455605259657085846e-08,3.270831705484163382e-08,3.689777473007927476e-08,4.598169097991166588e-08,4.447968869920303162e-08,4.483134047723159282e-08,4.569615378430504239e-08,4.570821020066942626e-08,4.529937034694437723e-08,4.506190840740416052e-08,4.587176247097150672e-08,4.972712709361651322e-08,6.248528378955799073e-08,3.816276876422009888e-07,1.316138110425892988e-07,6.796594446337209682e-08,3.729783594408523247e-08,2.554277921696084042e-08,2.103816990882175790e-08,1.923824950179407707e-08,1.773456751672698406e-08,1.471649897259077265e-08,1.192434141386420987e-08,2.496978898185382804e-08,2.397618897272597233e-08,2.289871811805337891e-08,2.285208228007922422e-08,2.281893006377335370e-08,2.197715321683115154e-08,1.988678848860067534e-08,1.634689059901360591e-08,1.131550762938700119e-08,5.052127218196226825e-09,1.901077358337999788e-07,7.441873291650850217e-08,5.838368156803732387e-08,4.939571531000602467e-08,5.285421527972370097e-08,6.042492589432096302e-08,6.906135966975313768e-08,7.627028215870046152e-08,7.906156888907528673e-08,7.178659236998790409e-08,1.279731295399546471e-07,1.197964866044748576e-07,1.169599234778189039e-07,1.191259651186390307e-07,1.207606352824461055e-07,2.767561275651386636e-10,6.427535404216489373e-10,1.000249794926521703e-09,1.332426256269448738e-09,1.629043097953933338e-09,1.884276799825405586e-09,2.096165593928668895e-09,2.265789805010166204e-09,2.396318666710068946e-09,2.492122311699309005e-09,2.558061716740613047e-09,2.598987219127710292e-09,2.619425753921106809e-09,2.623415495817872262e-09,2.614443798818603994e-09,2.595450723514661956e-09,2.568869742456738539e-09,2.536686096276725494e-09,2.500500417939053043e-09,2.461590425318178855e-09,2.420966966937390781e-09,2.379422898806424836e-09,2.337570798242103959e-09,2.295862473343889633e-09,2.254613790148012040e-09,2.214028558240515959e-09,2.174218508997042830e-09,2.135219990871681432e-09,2.097007922735569229e-09,2.059507465912401963e-09,2.022603804909338025e-09,1.986150368236531590e-09,1.949975772915612203e-09,1.913889737056472388e-09,1.877688172014087465e-09,1.841157637446945205e-09,1.804079318193579103e-09,1.766232662518743118e-09,1.727398812531754104e-09,1.687363967481056112e-09,1.645922866569842684e-09,1.602882685314189065e-09,1.558067847901604411e-09,1.511326626021761980e-09,1.462541009927834643e-09,1.411642328645829170e-09,1.358636661489426772e-09,1.303646520626473455e-09,1.246979028640060676e-09,1.189236373070823736e-09,1.131491779967942261e-09,1.075561333410451899e-09,1.024398187340345188e-09,9.825894147831943019e-10,9.567818414393778171e-10,9.555548941023881251e-10,9.880155325824169354e-10,1.060906280974235523e-09,1.175433272751795425e-09,1.325495193185819024e-09
1.514715204495795944e-09,1.684977601705533272e-09,1.811694157687585474e-09,1.890999381675546058e-09,1.927870227219849139e-09,1.932117865122996013e-09,1.914896586107071712e-09,1.886320868773623372e-09,1.854294548235987317e-09,1.824256302924774497e-09,1.799452337245479158e-09,1.781427255783234361e-09,1.770540394783472623e-09,1.766409620268333117e-09,1.768248011328922725e-09,1.775095515194926537e-09,1.785964600617690837e-09,1.799923171184961024e-09,1.816135552364860283e-09,1.833877494029202001e-09,1.852536226574834562e-09,1.871602666274853873e-09,1.890660062679386919e-09,1.909371545956055921e-09,1.927467900952161313e-09,1.944736232608119915e-09,1.961009816756774184e-09,1.976159233864317758e-09,1.990084786389112457e-09,2.002710158246728957e-09,2.013977263495199466e-09,2.023842234770422682e-09,2.032272515913476839e-09,2.039245039718210373e-09,2.044745494575613216e-09,2.048768709063267164e-09,2.051320216002411517e-09,2.052419098411008330e-09,2.052102278495194063e-09,2.050430493265710539e-09,2.047496320557844357e-09,2.043434795678664265e-09,2.038439190761512971e-09,2.032789082785783007e-09,2.026885600403106269e-09,2.021300299659903587e-09,2.016846618698562370e-09,2.014685645067333883e-09,2.016484645793630127e-09,2.024657757911265830e-09,2.042736364757301650e-09,2.075947241212045998e-09,2.132129308968115125e-09,2.223214145752508512e-09,2.367672416961755249e-09,2.594680098485579546e-09,2.951488547928085098e-09,3.517014231737550015e-09,4.427799295734642899e-09,5.928638060536894764e-09,5.933955989935186856e-09,6.349667344768818442e-09,7.746430751633019478e-09,1.062871232094488613e-08,1.567489455478454340e-08,4.330886173597841743e-09,3.370463122140119197e-08,2.605461505602094635e-08,1.297576136509737038e-08,4.038038062316812011e-09,1.792488913745027740e-09,3.990085053660257145e-09,5.004407457364106618e-09,5.416150129037286378e-09,5.804872993684553529e-09,7.169715473880988140e-09,5.380101299290928436e-09,3.770987933549855633e-09,2.901071207930903242e-09,2.405710604244289514e-09,2.153101224246301891e-09,2.159075388260317878e-09,2.603205620169759463e-09,3.888039461588548895e-09,6.600104733418279385e-09,1.761493486088317394e-09,1.762655264069357303e-08,1.352076547789471529e-08,5.168416965388993107e-09,2.534490132629308930e-09,5.726844942523241800e-09,7.667128090615213661e-09,8.625537279393372887e-09,9.197837310267971740e-09,1.022709152531266534e-08,1.338989048398942885e-08,1.113938706323922735e-08,9.025080376820093621e-09,7.720177778020333193e-09,6.863146542732100343e-09,6.278689135819831041e-09,5.912699074669732608e-09,5.796482877493642571e-09,6.082719903085744160e-09,7.219283378713273072e-09,4.468601150826297505e-10,1.327908382629384117e-08,1.304314164661710862e-08,1.323287134594230980e-08,1.541642321864165970e-08,1.958411625682143098e-08,2.596324965517189379e-08,3.527511168826919662e-08,4.875422892937894356e-08,6.844755476117512212e-08,1.001652140374846946e-07,8.319980681284824756e-08,6.695776388501803091e-08,5.543805292540269858e-08,4.773564479369037616e-08,4.314647371471535961e-08,4.148600580118316299e-08,4.335746431813421092e-08,5.049062151243073995e-08,6.550832690375612128e-08,2.132400507233853723e-08,1.301318547761687051e-07,1.073251192228005270e-07,6.848264314732974163e-08,4.411349867136381899e-08,3.345062140354701794e-08,3.219711126965319621e-08,3.738578382000191076e-08,4.780497895517035131e-08,6.309538805268095090e-08,8.816033725703510735e-08,7.560564785191216026e-08,6.404639233528888238e-08,5.722163054277009899e-08,5.299299640589807136e-08,5.035014005157518352e-08,4.893791081265295424e-08,4.892653118912630860e-08,5.112557246834350188e-08,5.723144526155058322e-08,2.735492104936007447e-08,6.451920771875755646e-08,5.313951385649323158e-08,3.888846354960376253e-08,2.999003398590479286e-08,2.506986897001412717e-08,2.195395782518666269e-08,1.892240320399454959e-08,1.506283926665401091e-08,1.145516274669840662e-08,1.162286941324245914e-08,1.578160172028813553e-08,1.998480408840197693e-08,2.311118354680281366e-08,2.490197641546026968e-08,2.516135283048210130e-08,2.377918764493206801e-08,2.071126429034133212e-08,1.616543929515866299e-08,1.168879781852430256e-08,2.920221493390941197e-09,3.869678432618703082e-08,4.763246067680122895e-08,5.151105095720918941e-08,5.860493909980651232e-08,6.851094868495638950e-08,7.964950409060825512e-08,9.063324111033860368e-08,1.016458055792999309e-07,1.175893338354020321e-07,1.582568732068661730e-07,1.487727363634659141e-07,1.405058453798896127e-07,1.374246750545852519e-07,1.365677132793815624e-07,2.672199738350942880e-10,7.027952496216644710e-10,1.124499886183950020e-09,1.510249249276787305e-09,1.847241171087358656e-09,2.129222627506680915e-09,2.355414470561251242e-09,2.529004113353767150e-09,2.655583752414386354e-09,2.741842430609377737e-09,2.794628323472860579e-09,2.820365819419450569e-09,2.824752173988416077e-09,2.812647103938224792e-09,2.788080963076524879e-09,2.754326706308699450e-09,2.713999366725501136e-09,2.669161195147334476e-09,2.621420631065140152e-09,2.572019663847870617e-09,2.521907914466594596e-09,2.471803805672465555e-09,2.422240200157263334e-09,2.373588407060429666e-09,2.326086165393754056e-09,2.279863469675172350e-09,2.234963531067739740e-09,2.191359825724039581e-09,2.148970000281905918e-09,2.107667254144518122e-09,2.067289697831706198e-09,2.027648093480095759e-09,1.988532311278061989e-09,1.949716779999111496e-09,1.910965165318579450e-09,1.872034474219684108e-09,1.832678754301491322e-09,1.792652534792551611e-09,1.751714145417788352e-09,1.709629058228955612e-09,1.666173442409824727e-09,1.621138227496097425e-09,1.574334174995915143e-09,1.525598819463643788e-09,1.474806744585948410e-09,1.421885638613494906e-09,1.366842132348767752e-09,1.309803880000963750e-09,1.251088172053764541e-09,1.191313138133256247e-09,1.131575458256728414e-09,1.073726131241108098e-09,1.020772244076814070e-09,9.773843146998329889e-10,9.503264674664913229e-10,9.483020803655537404e-10,9.804630113791140964e-10,1.053411353608973918e-09,1.168028634083337436e-09,1.317872221079576872e-09
1.506534103328651539e-09,1.675814455145394280e-09,1.801725821863482548e-09,1.880383163412096957e-09,1.916533672673822256e-09,1.919744597406835979e-09,1.901026439270808715e-09,1.870468794185530013e-09,1.836037241314665971e-09,1.803274752408431462e-09,1.775538842029195694e-09,1.754471365862015486e-09,1.740506304934415539e-09,1.733312994185721634e-09,1.732136044719263211e-09,1.736031310969716131e-09,1.744015558233814309e-09,1.755152623734006579e-09,1.768596870802026038e-09,1.783610022295810314e-09,1.799562567911063941e-09,1.815926960784387103e-09,1.832266976582736058e-09,1.848225745561180115e-09,1.863513821408990056e-09,1.877897980032792330e-09,1.891191066500693452e-09,1.903243008430904660e-09,1.913933014110089025e-09,1.923162928571749659e-09,1.930851706475178035e-09,1.936930963128387963e-09,1.941341577627575533e-09,1.944031341833113849e-09,1.944953675788707121e-09,1.944067465061231700e-09,1.941338124622632822e-09,1.936740050094995168e-09,1.930260710785694579e-09,1.921906757965266879e-09,1.911712693057977121e-09,1.899752879722950938e-09,1.886159549149634228e-09,1.871153640007848060e-09,1.855085230735553920e-09,1.838490566854748066e-09,1.822175327039070073e-09,1.807336688011213402e-09,1.795742822639141452e-09,1.789997326779948953e-09,1.793928730527280239e-09,1.813162926917425003e-09,1.855961121515698556e-09,1.934444021335446611e-09,2.066394886396914165e-09,2.277990299224863525e-09,2.608118090066973357e-09,3.115355848274043609e-09,3.888571237515162764e-09,5.059018312932232734e-09,5.064343620353188652e-09,5.259365730184525393e-09,5.791230244985550213e-09,6.362684030003088854e-09,5.616985023347598907e-09,1.285091283993773984e-08,1.743032249925616922e-08,1.520978081876749542e-08,9.465550740885202618e-09,4.156880092672638353e-09,1.449847526737981689e-09,3.008079832090427358e-09,4.483759088228011327e-09,5.586336651492680639e-09,6.814326303465410766e-09,8.949537827755488570e-09,6.983606471948294718e-09,5.143473002596485561e-09,3.955679828336448799e-09,3.177688926377658643e-09,2.675763689287489336e-09,2.411571134373964036e-09,2.414040605953724539e-09,2.647256817478411988e-09,2.631345297628676844e-09,5.916760667564927964e-09,8.408626782479495262e-09,7.007733192914150782e-09,3.378895476425373013e-09,2.105744554060319447e-09,4.349137935519683809e-09,6.191966850462779739e-09,7.452977189398034340e-09,8.488171036119636751e-09,9.879919528231853583e-09,1.247725358753553259e-08,1.087551889482158276e-08,9.368127562996590684e-09,8.349460059003949733e-09,7.632524309644368579e-09,7.107809017120271471e-09,6.711933525903413464e-09,6.378600899063479091e-09,5.932804607513559275e-09,4.744867456718918856e-09,7.960928488537925000e-09,8.968384122863951728e-09,9.263456976434385412e-09,9.814371078041910199e-09,1.155334161876261919e-08,1.506025702696408923e-08,2.114350198355652360e-08,3.123725057746380256e-08,4.757132684026950263e-08,7.294772427569747556e-08,1.098428921517714743e-07,8.891742942265129151e-08,6.872829561335610815e-08,5.482285241840091717e-08,4.594250437095716330e-08,4.058136637856594597e-08,3.762186510340615705e-08,3.616720234923203528e-08,3.462205602505277479e-08,2.766867510460244464e-08,5.635772740212126491e-08,7.429780300834885441e-08,7.033733524908353842e-08,5.589813466205670608e-08,4.393374934282635906e-08,3.833093189263802378e-08,3.918197372301369289e-08,4.604431879944907880e-08,5.938696417226197336e-08,8.132189984555772964e-08,1.166818406373241604e-07,9.582595659059433107e-08,7.617228729041172867e-08,6.403541162949585395e-08,5.672846505792549571e-08,5.230292220795319625e-08,4.959740716261740669e-08,4.795548270279860508e-08,4.672067374926042741e-08,4.390085381038382344e-08,4.897881645743965905e-08,4.774643229150762784e-08,4.264254731415076704e-08,3.619670734646773529e-08,3.129005005479151766e-08,2.800331290867084947e-08,2.522743936738152811e-08,2.154269598093118611e-08,1.576884800761209482e-08,7.811609153040242176e-09,2.675185241362548071e-09,8.422687594394157343e-09,1.753487348308356642e-08,2.391820089199493218e-08,2.762909642636378772e-08,2.907568803709926379e-08,2.849693982075101781e-08,2.583966413732423110e-08,2.061985170299415498e-08,1.139134191183447371e-08,2.686052075872841317e-08,3.496533970486826877e-08,4.322897511165809811e-08,5.174595375186452789e-08,6.305499564306877630e-08,7.714751430861004297e-08,9.251189504130294557e-08,1.074602466575213853e-07,1.221550462026427916e-07,1.418401209797136606e-07,1.790994919605488507e-07,1.653953592298262817e-07,1.537423664217449096e-07,1.484390816854564620e-07,1.464647857855244546e-07,2.550144910438101424e-10,7.816343762799831752e-10,1.285523878340435849e-09,1.737166399931800405e-09,2.120686598979167510e-09,2.430183103604694842e-09,2.667505725057388453e-09,2.839492765933605149e-09,2.955460866224725346e-09,3.025353078587619886e-09,3.058586562900800256e-09,3.063462600202483979e-09,3.046958956705074003e-09,3.014748638629218103e-09,2.971333027604070497e-09,2.920218522059722839e-09,2.864096618547989799e-09,2.805007656634782700e-09,2.744480572545589888e-09,2.683647596614127233e-09,2.623336002081965757e-09,2.564140234876243555e-09,2.506473795164679645e-09,2.450596051751068749e-09,2.396641857877141172e-09,2.344647997770429317e-09,2.294574025734280277e-09,2.246318764104083504e-09,2.199733434953557026e-09,2.154632176799299299e-09,2.110800528535177156e-09,2.068002337680645921e-09,2.025985456979440383e-09,1.984486524384268846e-09,1.943235069028201087e-09,1.901957145151290833e-09,1.860378664139726051e-09,1.818228571213646711e-09,1.775242002186341322e-09,1.731163564296124002e-09,1.685750929136564166e-09,1.638779029137175577e-09,1.590045349652999047e-09,1.539377162232067347e-09,1.486642139171368478e-09,1.431764757436799858e-09,1.374752456770809758e-09,1.315738001341187369e-09,1.255048419208579973e-09,1.193316886869599256e-09,1.131662196438139475e-09,1.071968613395514978e-09,1.017295461390112829e-09,9.723951990412889770e-10,9.441477142697442212e-10,9.413773055751655624e-10,9.732738070396619375e-10,1.046288757476827372e-09,1.160972656410956622e-09,1.310544258442052526e-09
1.498558831836776680e-09,1.666761895998566858e-09,1.791775052978595354e-09,1.869714573409196809e-09,1.905114371298653790e-09,1.907301527862534910e-09,1.887136611099875750e-09,1.854674181397838430e-09,1.817931304073934774e-09,1.782546505493253232e-09,1.751981901399948767e-09,1.727971989657464253e-09,1.711022688284113847e-09,1.700853611613298043e-09,1.696740788845354381e-09,1.697756547845639191e-09,1.702922896098898816e-09,1.711300722670945908e-09,1.722035585722656684e-09,1.734376293886021496e-09,1.747677616329666708e-09,1.761394445622591865e-09,1.775071858824869757e-09,1.788333634304046140e-09,1.800870620345144706e-09,1.812429673777389641e-09,1.822803508156429972e-09,1.831821588304356091e-09,1.839342104995876451e-09,1.845245015532293656e-09,1.849426118161809853e-09,1.851792128132890454e-09,1.852256733854336866e-09,1.850737631406992605e-09,1.847154563107068454e-09,1.841428421514296089e-09,1.833481553275507673e-09,1.823239430804121244e-09,1.810633999374816909e-09,1.795609126576669006e-09,1.778128775479025838e-09,1.758188781081771760e-09,1.735834669983214139e-09,1.711191450676921196e-09,1.684503709404972494e-09,1.656192731098558727e-09,1.626939735480578212e-09,1.597806869826605781e-09,1.570412218342079957e-09,1.547180541106415232e-09,1.531696178862518645e-09,1.529184100115233446e-09,1.547130303416243630e-09,1.596012097611210752e-09,1.690043124835384080e-09,1.847785010291131994e-09,2.092472139168915025e-09,2.451732406104349844e-09,2.955213076721683719e-09,3.624513246845507164e-09,3.629856593446382700e-09,3.639909348704993223e-09,3.585352995711918406e-09,3.182440708964626384e-09,1.790106277187657580e-09,4.716670010044139031e-09,8.458263152627003906e-09,8.345086751231632201e-09,5.898871576054531623e-09,2.978467744826436971e-09,1.611528939269063454e-09,3.027026925451895274e-09,4.564925437308145245e-09,5.840664782674997220e-09,7.155137426408503886e-09,9.261081070882491744e-09,7.429865865600230575e-09,5.708406252783069212e-09,4.518588911101234762e-09,3.682312603843040466e-09,3.094523042378607977e-09,2.705528786601949954e-09,2.502146049121670747e-09,2.457318782538814058e-09,2.504715432802782518e-09,2.259405424912067337e-09,3.585161265353978920e-09,3.217268979787237568e-09,1.785145414910456385e-09,2.153685512843564350e-09,3.940320189449668999e-09,5.530399792938103293e-09,6.749157433790573991e-09,7.700098056533130497e-09,8.667505387347944727e-09,1.027241508214685751e-08,9.545507466949715815e-09,8.898167386532718864e-09,8.373633292633319696e-09,7.927739398993247969e-09,7.544280892386915645e-09,7.199255791309153399e-09,6.836255239481296151e-09,6.305436606199569225e-09,5.249812918485467319e-09,5.043427638580247936e-09,5.627086461368732247e-09,5.512505972890913999e-09,5.558716222664646255e-09,6.389656235827206583e-09,8.569139505046165995e-09,1.308187838778880434e-08,2.194923005189748441e-08,3.871044888799855531e-08,6.792604037769295244e-08,1.116734219462190912e-07,8.613115908585479617e-08,6.169201761546574937e-08,4.717581641450037630e-08,3.894988770986393059e-08,3.412881110574852649e-08,3.087288688808202798e-08,2.773947359606897951e-08,2.289567057757895804e-08,1.333239259548575539e-08,2.640426901670015365e-08,4.245518287142399263e-08,4.580713534301601198e-08,4.241357730433294848e-08,3.863349486582069841e-08,3.784186291132835755e-08,4.126338965645507888e-08,4.952430146337686536e-08,6.405542088182579342e-08,8.842104303691957736e-08,1.289082827436955059e-07,1.026467185172453432e-07,7.796021624946313486e-08,6.364581874265242982e-08,5.547834797188216622e-08,5.059473277386586873e-08,4.735269182517964744e-08,4.479871169219677391e-08,4.217202782129597759e-08,3.839630529128656038e-08,3.656258647644512889e-08,3.616244014302534907e-08,3.466532570622056296e-08,3.297145780804130886e-08,3.184639806762952644e-08,3.121902410014327354e-08,3.014180430965665371e-08,2.691968599128115372e-08,1.930189194226289751e-08,5.374865886598611570e-09,1.377224888274548964e-08,2.115143362815287991e-09,1.734222111084924471e-08,2.656971763867290221e-08,3.162019322971457418e-08,3.394775121400948894e-08,3.424458891289101716e-08,3.259555034651289865e-08,2.845362281200334038e-08,2.042911101254737315e-08,2.442421341787238466e-08,3.203612772856799186e-08,3.970322993186991282e-08,5.053198556669169410e-08,6.636901009786932353e-08,8.656502220425878740e-08,1.083481076810931871e-07,1.277095910981745816e-07,1.414964658112578271e-07,1.527969833945355122e-07,1.783900125452361025e-07,1.652075130924550091e-07,1.551945721936861175e-07,1.507786755415351776e-07,1.490469465766590384e-07,2.399383875056475276e-10,8.885853114975609958e-10,1.499529787708825701e-09,2.032505672603395044e-09,2.468377464447243885e-09,2.803537737643404499e-09,3.045173524549031498e-09,3.206268745825268198e-09,3.301711048607482477e-09,3.345847703471649808e-09,3.351253970774115411e-09,3.328315301937810886e-09,3.285271090431306307e-09,3.228474475523130835e-09,3.162721255273290466e-09,3.091571243382674101e-09,3.017628716757136984e-09,2.942772413054113720e-09,2.868337128979905853e-09,2.795253644448473856e-09,2.724154809126690906e-09,2.655455108959503344e-09,2.589405556534134871e-09,2.526120556105675006e-09,2.465606902431953986e-09,2.407789048166017045e-09,2.352528404660038457e-09,2.299638189678339790e-09,2.248894939094157571e-09,2.200047511667799125e-09,2.152824207752838087e-09,2.106938474551389860e-09,2.062093564268538990e-09,2.017986435313931502e-09,1.974311131167595469e-09,1.930761829597204550e-09,1.887035723499390983e-09,1.842835871484117554e-09,1.797874146275853173e-09,1.751874417770277286e-09,1.704576151532053611e-09,1.655738704771499662e-09,1.605146798373299072e-09,1.552617990395319232e-09,1.498013561168301023e-09,1.441255180494602389e-09,1.382351286366947731e-09,1.321439624586078432e-09,1.258856429866357757e-09,1.195248956433312696e-09,1.131756750256452694e-09,1.070295752954427558e-09,1.013975941956529223e-09,9.676303136977289827e-10,9.382529723014250554e-10,9.347859539408271837e-10,9.664501275762665763e-10,1.039537060401835701e-09,1.154261395492648314e-09,1.303507531334712309e-09
1.490788721375207273e-09,1.657824322272086039e-09,1.781850412491941949e-09,1.859004302278050462e-09,1.893623491491852451e-09,1.894799741930090914e-09,1.873238509843101846e-09,1.838949670740438857e-09,1.799991594550973976e-09,1.762089487420322349e-09,1.728803216871365459e-09,1.701955263046180869e-09,1.682120797925571877e-09,1.669068569277266393e-09,1.662105926461901842e-09,1.660322209324502011e-09,1.662745551368306143e-09,1.668434937541358947e-09,1.676528213649794750e-09,1.686262349771965383e-09,1.696977414818411552e-09,1.708111684795397669e-09,1.719192396964615325e-09,1.729824750326813676e-09,1.739680577668754639e-09,1.748487429883002494e-09,1.756018431160890643e-09,1.762083058138539180e-09,1.766518890652908375e-09,1.769184329808760123e-09,1.769952257792003286e-09,1.768704609494636242e-09,1.765327833414775271e-09,1.759709236045159372e-09,1.751734233724090505e-09,1.741284531517701191e-09,1.728237437630369072e-09,1.712466361091060223e-09,1.693842867305606165e-09,1.672240671283489311e-09,1.647542166811786834e-09,1.619648325867312282e-09,1.588493923051335535e-09,1.554072458145453197e-09,1.516470453559387308e-09,1.475916836791712778e-09,1.432854956802482097e-09,1.388046874616745939e-09,1.342722918075282311e-09,1.298792671640372487e-09,1.259133595081674327e-09,1.227961567329315799e-09,1.211242839038415444e-09,1.216992092446413087e-09,1.255087084528431360e-09,1.335974805592687824e-09,1.467523171851145810e-09,1.649276045235431708e-09,1.862985979724826660e-09,2.057278526338573548e-09,2.062649786787209202e-09,1.963132140488725647e-09,1.614377073845153150e-09,9.148599242709403370e-10,4.426907893008689130e-10,1.951277557502009050e-09,3.598046736544813594e-09,4.091445417604421500e-09,3.155201577017524645e-09,1.749208010480414327e-09,1.966819992321133933e-09,3.563945030560776209e-09,5.104264061413556751e-09,6.248303599135608597e-09,6.932044020641852554e-09,7.881254133199311939e-09,6.726167604892704468e-09,5.542793758549240023e-09,4.588898728627570954e-09,3.863248140674087947e-09,3.317418961373852519e-09,2.921351081731390663e-09,2.675291094160280766e-09,2.615098400248647290e-09,2.785779152797404485e-09,2.281973518895778914e-09,1.337142107931967495e-09,1.140027897864793509e-09,1.219293733596287349e-09,2.469958055008763709e-09,4.010235178996200644e-09,5.418282671044659353e-09,6.519888121450708751e-09,7.143475762579949819e-09,7.132326637021484579e-09,6.958752157440234887e-09,7.522297277022504085e-09,8.004335992731960649e-09,8.015883729617223105e-09,7.867609807072196774e-09,7.662178912532894873e-09,7.436989538947559079e-09,7.207695048716837224e-09,6.968695675364499208e-09,6.541281686472179180e-09,6.286511960891048967e-09,3.185746797668158723e-09,2.027823087540138200e-09,1.833953462903553222e-09,2.592345494560117694e-09,3.557034468090611059e-09,4.528261013197673852e-09,7.255746303298309024e-09,1.902341817772470966e-08,5.031388027020350807e-08,1.097229924832644770e-07,7.235203834062195539e-08,4.249974824516361728e-08,3.155343452631956947e-08,2.715907763859817318e-08,2.488137683912834679e-08,2.288347348598569850e-08,2.002218972524835955e-08,1.510917965535930487e-08,6.812047419769480427e-09,1.553172627133050907e-08,2.451296069591127427e-08,2.931172607611114805e-08,3.051195615100652058e-08,3.143908858494723813e-08,3.421387073680404609e-08,3.967592597887578606e-08,4.813844409666132197e-08,6.070412795709617972e-08,8.189314559472251912e-08,1.232908898439803031e-07,9.275123159256188164e-08,6.648638918599846819e-08,5.475023156361941043e-08,4.888631749690353749e-08,4.536672196360455854e-08,4.266183613260795356e-08,4.005331488995136775e-08,3.721559909006633851e-08,3.392558103655990503e-08,3.303929711446034397e-08,2.668829523741847317e-08,2.785730826445268733e-08,3.010611922080818822e-08,3.280661734408153612e-08,3.577316348827972715e-08,3.806803453467459061e-08,3.748888770209453843e-08,2.977823396572488343e-08,8.635758316444533635e-09,2.873152470117728430e-08,6.775252890940302729e-10,2.265873375811905062e-08,3.244731750586036911e-08,3.717244118172786345e-08,3.959283336220732126e-08,4.066729334548233935e-08,4.064191119261261444e-08,3.915842248055253017e-08,3.436551749412271122e-08,3.753959111318236483e-08,2.986408544529578767e-08,3.403268956950030041e-08,4.562800664025623555e-08,6.708045632687728252e-08,9.673739776667097309e-08,1.296908000147508758e-07,1.576136074006485178e-07,1.688213782908771705e-07,1.558430464122580651e-07,1.469920313310845097e-07,1.456576003315362903e-07,1.462443862018550649e-07,1.453500344355471262e-07,1.446709345173555326e-07,2.219420139778461879e-10,1.039020402338275520e-09,1.792134857854484810e-09,2.425211305534846780e-09,2.916988738274516180e-09,3.270635092678440225e-09,3.503626323542713206e-09,3.638972642557139189e-09,3.699572619250657045e-09,3.705407805679654988e-09,3.672628753333304581e-09,3.613661118696055369e-09,3.537746076932388313e-09,3.451588023391394126e-09,3.359955885295804562e-09,3.266182525114638924e-09,3.172555084318654201e-09,3.080609177483044742e-09,2.991345608006467945e-09,2.905387682171985250e-09,2.823094316559576159e-09,2.744640846920807356e-09,2.670071957022381930e-09,2.599324741102271205e-09,2.532254152151860627e-09,2.468654876508095482e-09,2.408277440724865042e-09,2.350840178159539367e-09,2.296038209809397271e-09,2.243550265313204509e-09,2.193043942667982436e-09,2.144179848603477059e-09,2.096614954175491293e-09,2.050005425352868866e-09,2.004009136170546969e-09,1.958288033829284559e-09,1.912510497219342001e-09,1.866353810264239214e-09,1.819506863914451849e-09,1.771673210752088509e-09,1.722574640096143170e-09,1.671955541359624437e-09,1.619588515956003540e-09,1.565282038541331701e-09,1.508891545481228352e-09,1.450336283493943649e-09,1.389625818250478138e-09,1.326902665362472840e-09,1.262511652307449193e-09,1.197113089033755983e-09,1.131865921281480988e-09,1.068716247493713727e-09,1.010823228679102521e-09,9.630990760587742561e-10,9.326505109492539394e-10,9.285339414714628780e-10,9.599943407761576400e-10,1.033154690762576256e-09,1.147890596604423211e-09,1.296757837670779410e-09
1.483222511494235795e-09,1.649005434887875987e-09,1.771959880060916510e-09,1.848262693830659949e-09,1.882072035362020520e-09,1.882250198092458487e-09,1.859343304158573736e-09,1.823307409269865277e-09,1.782232100475368501e-09,1.741920286041677899e-09,1.706022642964424280e-09,1.676444970568124256e-09,1.653829072459855704e-09,1.637991748199594440e-09,1.628271593752886441e-09,1.623775472332414650e-09,1.623538461398501570e-09,1.626618604883968484e-09,1.632147056725394126e-09,1.639349978399379090e-09,1.647553750667073931e-09,1.656181011600165297e-09,1.664742096243824775e-09,1.672824519226616208e-09,1.680081953263351029e-09,1.686223465143788002e-09,1.691003385085042993e-09,1.694211977575021202e-09,1.695666973274145415e-09,1.695205966019480353e-09,1.692679653411070007e-09,1.687945889950309235e-09,1.680864523916921055e-09,1.671292998159902658e-09,1.659082774863345915e-09,1.644076354860583639e-09,1.626105551028260889e-09,1.604990415593651959e-09,1.580539605937048398e-09,1.552552283249162967e-09,1.520822085536398306e-09,1.485143862364718429e-09,1.445324429306637580e-09,1.401199577045567144e-09,1.352658233928155344e-09,1.299677892584233532e-09,1.242376454585689252e-09,1.181087138255941771e-09,1.116465314740324936e-09,1.049638564552684324e-09,9.824126270229315351e-10,9.175409986360368926e-10,8.590354386130538770e-10,8.123792557060042685e-10,7.841755469930381069e-10,7.801250009592733245e-10,7.997228288657020094e-10,8.268866648575373272e-10,8.187032194061213866e-10,7.074649004400983077e-10,7.123543645331300926e-10,5.855332497867098717e-10,4.332204222644679197e-10,1.061744886200585701e-09,1.708875059848844441e-09,4.957571129372785898e-09,3.097528391377406492e-10,1.472750697120396644e-09,1.393264833072548544e-09,1.293428938553847148e-09,2.638784576152473598e-09,4.464128844707145073e-09,6.211254754153509080e-09,7.302014040330718701e-09,6.651979174510849395e-09,4.370443429755574574e-09,6.016828495813523251e-09,4.945156234841103766e-09,4.272619314991887452e-09,3.749913137301202749e-09,3.324001116295423365e-09,2.980683083882272694e-09,2.730062725751084980e-09,2.648200761485008082e-09,3.139811607807019781e-09,4.360820598047971242e-09,7.353282286197358837e-10,7.416189754953737084e-10,1.669796861839241712e-09,2.948626567869030752e-09,4.367009748580928771e-09,5.767272406883897580e-09,6.958794864978055908e-09,7.448719390752228403e-09,6.080339236194510553e-09,2.981596312971726199e-09,7.126011791566853163e-09,7.355118486608247875e-09,7.532250666839941971e-09,7.574322452309680088e-09,7.515239534175924923e-09,7.402350851836297166e-09,7.320977432491082137e-09,7.561392818810083973e-09,9.376680934455445141e-09,7.291926280381251720e-09,1.300029876543171265e-09,2.734125229895545697e-09,5.487295977254177415e-09,8.340721383467330264e-09,1.192243957596521710e-08,1.681995630749630978e-08,2.221783996342446166e-08,2.228262356411723346e-08,9.163846461804099009e-09,1.097032842024396941e-07,6.549718686504185588e-09,5.557286909803664581e-09,8.902916917676934421e-09,1.247911436140886014e-08,1.453339704348133884e-08,1.496482752236566503e-08,1.366715286926119254e-08,1.036269415793044109e-08,5.279572162514154162e-09,6.682012254511832312e-09,1.153503229372343864e-08,1.724167141230416035e-08,1.974590633525114735e-08,2.329160441933919553e-08,2.887545277089346728e-08,3.622149374801239247e-08,4.403070003616861389e-08,5.048658597341185525e-08,5.750237678562834103e-08,9.835777863899024866e-08,4.448061688754098414e-08,3.805005034968502807e-08,3.796201709433050066e-08,3.813858422194974517e-08,3.763956956408350678e-08,3.628946637105826527e-08,3.405108642359616678e-08,3.134099019705263906e-08,3.102212537939653407e-08,5.664806011953396750e-09,1.063117109247018910e-08,2.077548833769932971e-08,2.764224117090620936e-08,3.442915430014390098e-08,4.201079969032308744e-08,4.994594742838072147e-08,5.625792551150160329e-08,5.460723476925009272e-08,2.805020279636237549e-08,4.909912504691234930e-08,3.618879671173218755e-08,4.051648109346386014e-08,4.220697516029105644e-08,4.365616018982661689e-08,4.511368888549193822e-08,4.667814810921790756e-08,4.863968802433852949e-08,5.173519953096112096e-08,5.815871451566178627e-08,8.875993946331300222e-09,1.668050034688462704e-08,2.180911729024816885e-08,3.210395968338104437e-08,6.139906947657597228e-08,1.062375550676187876e-07,1.597241783651782096e-07,2.093004808691524407e-07,2.284769314846188922e-07,1.703293830804404450e-07,8.805063720376818052e-08,1.421264706850810907e-07,1.372351775477012755e-07,1.355239460913779201e-07,1.349111597933214537e-07,2.011247031641106237e-10,1.259493567434521810e-09,2.205291067614394106e-09,2.959443340463956360e-09,3.503930921220650867e-09,3.858607313104279372e-09,4.059975159101854552e-09,4.146707455296961127e-09,4.152516041816830030e-09,4.103929667108468874e-09,4.020567707074197899e-09,3.916355533458312739e-09,3.800888446592169334e-09,3.680620881069685820e-09,3.559795600560831655e-09,3.441128282880125305e-09,3.326294841765028634e-09,3.216271143369328537e-09,3.111566762415159642e-09,3.012384491949250946e-09,2.918728565249382990e-09,2.830477740457530341e-09,2.747429677523246829e-09,2.669315436508863954e-09,2.595817947082599332e-09,2.526588030467547888e-09,2.461255554039829412e-09,2.399437262415340850e-09,2.340742333898477166e-09,2.284776382279820659e-09,2.231144406464756011e-09,2.179453046950827901e-09,2.129312414049610904e-09,2.080337690671789070e-09,2.032150670787620022e-09,1.984381365588158407e-09,1.936669788672160658e-09,1.888668016967860817e-09,1.840042620611593227e-09,1.790477567274354822e-09,1.739677751072932085e-09,1.687373394948679504e-09,1.633325764145200073e-09,1.577334964281209683e-09,1.519251168126467699e-09,1.458991569056950728e-09,1.396566939061945839e-09,1.332124281399935137e-09,1.266016336511497877e-09,1.198915413774242594e-09,1.131998524713323772e-09,1.067240483645049947e-09,1.007848269230213455e-09,9.588120361822729005e-10,9.273494301805319124e-10,9.226276566407645934e-10,9.539089142536302728e-10,1.027139894275902511e-09,1.141855676396734677e-09,1.290290549245827865e-09
1.475858365509596781e-09,1.640308254801036672e-09,1.762110858623837330e-09,1.837499743072512747e-09,1.870470844220111779e-09,1.869663750587819658e-09,1.845461963609937374e-09,1.807759104698552859e-09,1.764666004128975461e-09,1.722054229625534807e-09,1.683658280931736805e-09,1.651462653567272660e-09,1.626173249383431754e-09,1.607653915778339002e-09,1.595274449897582410e-09,1.588159721503040958e-09,1.585352500891315525e-09,1.585910768652569801e-09,1.588959929199963071e-09,1.593716312751271638e-09,1.599493608341403794e-09,1.605699821928441495e-09,1.611829396101364825e-09,1.617453173581747774e-09,1.622207685164158595e-09,1.625784544118932319e-09,1.627920339402931898e-09,1.628387209973209872e-09,1.626984170684654980e-09,1.623529201211409140e-09,1.617852079043590525e-09,1.609787923379834464e-09,1.599171413014224278e-09,1.585831635822268025e-09,1.569587587846023517e-09,1.550244264005188640e-09,1.527589404944615741e-09,1.501391027962801969e-09,1.471395809959081913e-09,1.437328622537412815e-09,1.398893576595733990e-09,1.355777129286027824e-09,1.307653774962499034e-09,1.254194072225115768e-09,1.195077400698348236e-09,1.130011959106893665e-09,1.058764686248704466e-09,9.812045061231758126e-10,8.973624699357130040e-10,8.075112238417767575e-10,7.122620639917223328e-10,6.126682905860351794e-10,5.103092433012006843e-10,4.073330149002086395e-10,3.065886758599728071e-10,2.129852232160208484e-10,1.434893141163698802e-10,1.608948895123754958e-10,3.229893240227932574e-10,7.091485702095890753e-10,7.057077847770048177e-10,8.842455010645984412e-10,1.544113707609918426e-09,2.997984654453354152e-09,6.257896855601361774e-09,4.829823689951113908e-09,6.388076521747807340e-10,5.415948132198625844e-10,6.552877286390161001e-10,1.546716538015177125e-09,3.389238643889580581e-09,5.632822622273754152e-09,8.158120640560321298e-09,1.030477995131367246e-08,8.211582689443738077e-09,6.081343860589968624e-09,3.370416521043794644e-09,3.771050868329549770e-09,3.656377285415048156e-09,3.416790023445600402e-09,3.154654388656308346e-09,2.894265928120416561e-09,2.637195871829776826e-09,2.415878875276034501e-09,2.874427071642397242e-09,6.030650440406205186e-09,2.760049963824529558e-09,1.339712527024017588e-09,2.325942251829415212e-09,3.526705312455702068e-09,4.908115451176801321e-09,6.497305472011941950e-09,8.301381066033315487e-09,9.838719620983521967e-09,7.783841129958199818e-09,1.174013929826729250e-08,6.055724716115277140e-09,6.548557110546482379e-09,6.915091713591676453e-09,7.103046675607705161e-09,7.143264469369632393e-09,7.061225667893098158e-09,6.840796224080991410e-09,6.304627648717312995e-09,4.552280109140263827e-09,1.338031324327441559e-08,1.146547489370836295e-08,5.274516397218502403e-09,1.093212375440126141e-08,1.498010444152154117e-08,2.103769952816699674e-08,3.243982806597081309e-08,5.347548922284779840e-08,8.688182339132633960e-08,1.160380776307180020e-07,3.521634534353516188e-07,1.167847732968959869e-07,4.322609896893705309e-08,1.527899297351832400e-08,4.026336247105070121e-09,5.785306988488484371e-09,8.355542389648635568e-09,8.875232535917894191e-09,7.459471629233130895e-09,4.031144552866181238e-09,6.026274260621115103e-09,7.809497020568408665e-09,8.885735290938148002e-09,8.504153838788924852e-09,1.377556114561041253e-08,2.260704944580463117e-08,3.335020494894235612e-08,4.256964454429010628e-08,4.134386606423833001e-08,7.009063999926240949e-09,1.793244218356477558e-07,4.851019265832342052e-08,3.399606512586674811e-09,1.955106956564049547e-08,2.666099427720677632e-08,2.936732143245454125e-08,2.945654745772679915e-08,2.725835115900114143e-08,2.197105039548960401e-08,1.012664448618797417e-08,2.723558235740646424e-08,2.828964323204754379e-08,1.760768339531686360e-08,2.602850292647968231e-08,3.621954546938810533e-08,4.906922158772115101e-08,6.484042142575799623e-08,8.455643948816970165e-08,1.058855609357246866e-07,9.858654921516092678e-08,2.325715894223332920e-07,9.030552330259508730e-08,5.955893841810244838e-08,5.066493874878778357e-08,4.852005712097934880e-08,4.885532025632522522e-08,5.055966842870133847e-08,5.370111503489595666e-08,5.908878438507209450e-08,6.863871957032813809e-08,3.803622261624780460e-08,3.619368717356325394e-08,5.225193398930727687e-09,4.276040424679244776e-09,4.197433786315384448e-08,1.099277560249067574e-07,1.979567238214856707e-07,2.973905504327974944e-07,3.746169653433910785e-07,2.723319572986724025e-07,3.373661353588217034e-07,1.463947128737461123e-07,1.254537612702541331e-07,1.213040878877196555e-07,1.204841427338414408e-07,1.777081774292588136e-10,1.598726981197367417e-09,2.810486726847742477e-09,3.703538871251569705e-09,4.280880396377306600e-09,4.600113728576678612e-09,4.731221172436574816e-09,4.735663554893720090e-09,4.660185947903804143e-09,4.537589956311956995e-09,4.389748277644447131e-09,4.230722124531616735e-09,4.069271850737481686e-09,3.910672891630046614e-09,3.757957415797224970e-09,3.612736733611913291e-09,3.475735935122225056e-09,3.347137483445225063e-09,3.226800299210148555e-09,3.114398510052914019e-09,3.009508639366080235e-09,2.911663794584484331e-09,2.820381840231089098e-09,2.735166131807773143e-09,2.655513449484389712e-09,2.580921735587675627e-09,2.510894636956870967e-09,2.444944067680591116e-09,2.382591568606160036e-09,2.323368964422185652e-09,2.266818647175874921e-09,2.212493709410052990e-09,2.159958085861710547e-09,2.108786824464993575e-09,2.058566583882874636e-09,2.008896440020696290e-09,1.959389073668974482e-09,1.909672404800743714e-09,1.859391740388615473e-09,1.808212518357107594e-09,1.755823775697178018e-09,1.701942566744865298e-09,1.646319743718325371e-09,1.588747843230869672e-09,1.529072390113845975e-09,1.467208885425386149e-09,1.403169344484365284e-09,1.337104918714990698e-09,1.269375531334915815e-09,1.200664416107622540e-09,1.132165347224909130e-09,1.065880492683155072e-09,1.005063371561919615e-09,9.547808284136355660e-10,9.223596028063591043e-10,9.170738935896392702e-10,9.481963516397875103e-10,1.021490690089155934e-09,1.136151704939722001e-09,1.284100613598436845e-09
1.468693886614195464e-09,1.631735142116874151e-09,1.752310181074256666e-09,1.826725093779129109e-09,1.858830601573337298e-09,1.857051168092053896e-09,1.831605294364335972e-09,1.792316075084750299e-09,1.747305745714258471e-09,1.702505467856760175e-09,1.661726581314792494e-09,1.627027732725196506e-09,1.599176497925358619e-09,1.578082851979945379e-09,1.563147775086024549e-09,1.553514596040430712e-09,1.548234455447629648e-09,1.546366060130482915e-09,1.547029925493635498e-09,1.549433469740737653e-09,1.552878663846683027e-09,1.556759906476107111e-09,1.560556820990730904e-09,1.563824699627440057e-09,1.566184104550703873e-09,1.567310428702674217e-09,1.566923825881277999e-09,1.564779706104626789e-09,1.560659877655021286e-09,1.554364354759750622e-09,1.545703814839093192e-09,1.534492669797338108e-09,1.520542706322077146e-09,1.503657246005063928e-09,1.483625798145304191e-09,1.460219155049569634e-09,1.433184948131959136e-09,1.402243709775231755e-09,1.367085530611926528e-09,1.327367527068139689e-09,1.282712490362627437e-09,1.232709367371522825e-09,1.176915737139677635e-09,1.114859961299519398e-09,1.046048644351646927e-09,9.699833434072799699e-10,8.861931170832208075e-10,7.942973541548509998e-10,6.941307469210928209e-10,5.860097539337073945e-10,4.713722319866859003e-10,3.546118014816127573e-10,2.495164589977367170e-10,1.985610541994362295e-10,2.504690396255876337e-10,3.659109004484401063e-10,5.035346397095213705e-10,6.631876512053030040e-10,8.899091248357592684e-10,1.303085639052041827e-09,1.298490984533120934e-09,1.478356733484465411e-09,2.054158092451860776e-09,3.074362871211883172e-09,4.444714255388093374e-09,3.144896103538397176e-09,3.264858961714427518e-09,3.927418915376583378e-09,5.880835634521786648e-10,1.731736240051248450e-09,3.968481306805301682e-09,6.704262680833803552e-09,1.071751092266036309e-08,1.783988621556680432e-08,1.627410823935805178e-09,2.871127911027066932e-09,2.821162050148985194e-09,2.991031614230768784e-09,3.039311048024312449e-09,2.992115000236880810e-09,2.885946613943458606e-09,2.735477995267158669e-09,2.545711891848311746e-09,2.335143671648759015e-09,2.162907066513844730e-09,2.380771759775943885e-09,5.995491679994699407e-09,1.694978619323208813e-09,3.140252698199995657e-09,4.287498147071542983e-09,5.518724336707270718e-09,7.247029721285726882e-09,1.016524148466570554e-08,1.614969383814317478e-08,4.157770443116909710e-09,4.273694670923130124e-09,5.106375274415824830e-09,5.764031390010353600e-09,6.239283896579002659e-09,6.520437351469642962e-09,6.629970475438248307e-09,6.597628594635574560e-09,6.426033852140016307e-09,6.062779765441333234e-09,5.501619797928981087e-09,4.826871598776060132e-09,1.825796511127745380e-08,1.943418323730851181e-08,1.856664384421536374e-08,2.026444001336231860e-08,2.554315021187250089e-08,3.945205980056011116e-08,7.411191666819359561e-08,1.589282324875738696e-07,7.464215975490606587e-08,6.807698682926147826e-08,6.782077287058196111e-08,4.148072557658340811e-08,2.168726571971362105e-08,9.389836707609814406e-09,3.113890603716355476e-09,4.032086476638861509e-09,5.774126670061990206e-09,6.380350324001452686e-09,6.403993678073797223e-09,8.522678932699018550e-09,8.894225427759308667e-09,1.409094243990829819e-08,8.139416142552584009e-09,1.104892330873710696e-09,1.508297642404821420e-08,3.297385975979808219e-08,5.286294211705284914e-08,7.193401847135272540e-08,6.613524438501995243e-08,1.668767267240447738e-08,1.981811766864540321e-08,3.326343314870189611e-09,1.093702692704221430e-08,1.863381727815561218e-08,2.262889556143608891e-08,2.382119705223263605e-08,2.256311927741927118e-08,1.874593505262570408e-08,1.205071373695603548e-08,2.295935388061090891e-08,8.001003731784993567e-09,2.371179647320767008e-08,2.337796994731177102e-08,3.636042813317996318e-08,5.457100931296018386e-08,7.758943093881847526e-08,1.135774691681940808e-07,1.887019442260888960e-07,5.892867941486044348e-08,5.421562601272454628e-08,6.098770217652335453e-08,5.456542638896884128e-08,5.051587323354815580e-08,4.911506079054934860e-08,4.942103468592174905e-08,5.113340757537572940e-08,5.453657348951148412e-08,6.014857366976907274e-08,6.823889225513836591e-08,6.162185536153582794e-08,7.711019661346308586e-08,1.448880814839439855e-07,7.815695681152808114e-08,8.586762472315255654e-09,9.647965531411516084e-08,2.298742842934009191e-07,4.156053907078789403e-07,7.124582053751181380e-07,6.297235840501308321e-08,1.118671263014993515e-07,1.074619553906101786e-07,1.025450157571878822e-07,1.015149475975755230e-07,1.016810212074538329e-07,1.520128497041476652e-10,2.153267026765420802e-09,3.734677948655078707e-09,4.763525079418674002e-09,5.316137219913590883e-09,5.529982874560535124e-09,5.529408881824901270e-09,5.404854228359065186e-09,5.215323827364937617e-09,4.996877344691778315e-09,4.770523457263866332e-09,4.547948789590305697e-09,4.335263037024112773e-09,4.135321204516502216e-09,3.949122652191216874e-09,3.776639849725227819e-09,3.617303604560727949e-09,3.470284000232650097e-09,3.334650639287360550e-09,3.209461862760070727e-09,3.093812349876312526e-09,2.986856493828734134e-09,2.887812737812075829e-09,2.795945671938954361e-09,2.710560276159961867e-09,2.630999333034140080e-09,2.556640043662289787e-09,2.486890478455666152e-09,2.421186201907070299e-09,2.358987246416683252e-09,2.299775520989515213e-09,2.243052696903848963e-09,2.188338593612794083e-09,2.135170083836333943e-09,2.083100538251212282e-09,2.031699833586437786e-09,1.980554951041126408e-09,1.929271194337504788e-09,1.877474064395559630e-09,1.824811846445213857e-09,1.770959012559525105e-09,1.715620639551236603e-09,1.658538226574517405e-09,1.599497625813337927e-09,1.538340366606542283e-09,1.474980615028394585e-09,1.409431633947976297e-09,1.341848338213044537e-09,1.272597066832416386e-09,1.202370895900371633e-09,1.132379095443265176e-09,1.064649897405149730e-09,1.002482150313567936e-09,9.510181134620835423e-10,9.176916077101242839e-10,9.118797788037206559e-10,9.428591262024394926e-10,1.016204827331248242e-09,1.130773388692090573e-09,1.278182556134275895e-09
1.461726134588994556e-09,1.623287816917381883e-09,1.742564118411762123e-09,1.815948035779699778e-09,1.847161833757169675e-09,1.844423148336247687e-09,1.817783969817119680e-09,1.776989294004290793e-09,1.730163084824751179e-09,1.683287055171988941e-09,1.640242453594028489e-09,1.603157642242149261e-09,1.572859567789647085e-09,1.549303495729711205e-09,1.531921593528393983e-09,1.519876066920677891e-09,1.512227031017004152e-09,1.508034619312183932e-09,1.506415234707428726e-09,1.506568240162630033e-09,1.507784832628888086e-09,1.509446837970679436e-09,1.511020186029062640e-09,1.512045836807336617e-09,1.512129699235040881e-09,1.510932368632756561e-09,1.508159110113437126e-09,1.503550298954834276e-09,1.496872411237515761e-09,1.487909592571649638e-09,1.476455793946418266e-09,1.462307440309435715e-09,1.445256584009524855e-09,1.425084489942876302e-09,1.401555605116661658e-09,1.374411872191643436e-09,1.343367397144698136e-09,1.308103498935507205e-09,1.268264332629052519e-09,1.223453406210139303e-09,1.173231719513236367e-09,1.117118956773415638e-09,1.054598841618759434e-09,9.851266434058266433e-10,9.081539700921139189e-10,8.231904689330641399e-10,7.299494275297061554e-10,6.287054543181229803e-10,5.212437751403649140e-10,4.136371049929901696e-10,3.245916727725732984e-10,2.996796006154852620e-10,3.783856684964707842e-10,5.346041601102279347e-10,7.303557836407255212e-10,9.395103601024061450e-10,1.134938493196295480e-09,1.285654801778964281e-09,1.382989820638669483e-09,1.523560363596439660e-09,1.518762559536670150e-09,1.652543506999820349e-09,2.058030741048050827e-09,2.693733662950826350e-09,3.397702245031111850e-09,3.756062319852491724e-09,1.648815700039481097e-09,1.985812637784193620e-09,5.954745738287142407e-10,1.746488761382359519e-09,3.270615846818526407e-09,5.137371111522972472e-09,7.993490615707608988e-09,1.635364034480188030e-08,1.732320011590682704e-09,1.685245642189459361e-09,1.950877793741450477e-09,2.228112817089445716e-09,2.416158973249030017e-09,2.528856906829749218e-09,2.569154167072657991e-09,2.534059996823243706e-09,2.425079056770065278e-09,2.256622947897210639e-09,2.067630973272964469e-09,1.959334345399025222e-09,2.156235165078199856e-09,3.180731928774384427e-09,3.874130122847375137e-09,4.278529169301749480e-09,4.687489027031668093e-09,5.437816965428233646e-09,7.056488431778828060e-09,1.304940149881881969e-08,2.347311942377375181e-09,3.196111761611910338e-09,4.171869535694257739e-09,4.972068769264422068e-09,5.539059718469115016e-09,5.873216739981225136e-09,6.015462786996931589e-09,6.030890603454423936e-09,5.968349138720400258e-09,5.801561443035582217e-09,5.677576023102451528e-09,5.841658244821685303e-09,4.283379044301708534e-09,1.852189941213245959e-08,1.754921159090431384e-08,1.644102750717614116e-08,1.602539684536141714e-08,1.929145891309196245e-08,3.370363673174347645e-08,1.037101175339907800e-07,3.739468989192746872e-08,4.309806786335092916e-08,4.244818058160437535e-08,3.173442682871647018e-08,2.014276820949416665e-08,1.094678407055578746e-08,4.640963809005198560e-09,2.184261078311127886e-09,3.889066410042958411e-09,5.725203169118562022e-09,7.768574106648983488e-09,1.137222225095324432e-08,8.411631269880445836e-09,2.428237707931911959e-08,2.146178523827933950e-08,1.230372564238930467e-08,3.094114225847376519e-09,2.386095719777907694e-08,4.961573600050157679e-08,9.283507591147020238e-08,8.776852134426246890e-09,1.269980588866597843e-08,1.082307562913158691e-08,2.592870994876885693e-09,7.094729926795266832e-09,1.368024355438160362e-08,1.786589523696462600e-08,1.976066842782063593e-08,1.961182569428380101e-08,1.781256066782443376e-08,1.542892233491922650e-08,1.586832982205541392e-08,2.164435701354037068e-08,6.057140816946078094e-09,6.136688864694178550e-09,2.380214417493661600e-08,4.183931357397521281e-08,5.859686007445591685e-08,7.853629854781101969e-08,1.442344469877586268e-07,2.469906981995661977e-08,3.427167236796324084e-08,4.261901366522680810e-08,4.519480979562423867e-08,4.585927887145918361e-08,4.619032290449384467e-08,4.675255998929442389e-08,4.812471534254361882e-08,5.114756457950792975e-08,5.651015218623649546e-08,6.449484604261264603e-08,7.487149644216078897e-08,5.187764172645319264e-08,1.507553320351702793e-07,1.115051627914839544e-07,5.117525189568627218e-08,3.494116129827566770e-08,1.455326659108301844e-07,2.930881277528924559e-07,6.052424716992156945e-07,3.742673875771044844e-08,5.360459382034393356e-08,6.650481103652700040e-08,7.358730372284875508e-08,7.776431088240908666e-08,7.979725325968579722e-08,1.244204465831098906e-10,3.133242167634900146e-09,5.211641028722122425e-09,6.299920323375709268e-09,6.690370851298874348e-09,6.674526025266237264e-09,6.451874310540814760e-09,6.139357009874860707e-09,5.799749634031070081e-09,5.464475771531952670e-09,5.147951449119738628e-09,4.855743930299485245e-09,4.588990341447580295e-09,4.346726492816001379e-09,4.127090410529811695e-09,3.927930675687234380e-09,3.747103013862367652e-09,3.582604991758840871e-09,3.432627753857998575e-09,3.295566314771227742e-09,3.170010178927629272e-09,3.054725610447469911e-09,2.948630051907918963e-09,2.850752024575103922e-09,2.760209555728217249e-09,2.676196019577476117e-09,2.597968115552611091e-09,2.524835817588804219e-09,2.456154067385559372e-09,2.391315981842847408e-09,2.329747370159902505e-09,2.270902392055215207e-09,2.214260227317153993e-09,2.159322663140158142e-09,2.105612536289344156e-09,2.052672991437352033e-09,2.000067534513281945e-09,1.947380872175926207e-09,1.894220542405528516e-09,1.840219363473340825e-09,1.785038776703611034e-09,1.728373255353823428e-09,1.669956134770714363e-09,1.609567547628573376e-09,1.547045716842255495e-09,1.482303831162648715e-09,1.415356380426066222e-09,1.346361623609454375e-09,1.275691522757502644e-09,1.204047915011138308e-09,1.132654335578624821e-09,1.063563850411319471e-09,1.000119464148360537e-09,9.475375109792427650e-10,9.133566545319771007e-10,9.070526922437298672e-10,9.378996132291716195e-10,1.011279743236506198e-09,1.125715055122628194e-09,1.272530482900579559e-09
1.454951643157262466e-09,1.614967381527370979e-09,1.732878389239245693e-09,1.805177502086116825e-09,1.835474908352947148e-09,1.831790328658749137e-09,1.804008556047391532e-09,1.761789431051349989e-09,1.713249159701298912e-09,1.664411035569477666e-09,1.619219381182622445e-09,1.579867972869585186e-09,1.547240950179055876e-09,1.521338107601457567e-09,1.501622817843402811e-09,1.487276541704491627e-09,1.477368898225603182e-09,1.470962058822495918e-09,1.467169005319331033e-09,1.465181836091133229e-09,1.464281881382361216e-09,1.463839428034875215e-09,1.463307877137240244e-09,1.462215155359026132e-09,1.460153957621284187e-09,1.456771673112784581e-09,1.451760442224142727e-09,1.444847572100705568e-09,1.435786418388213387e-09,1.424347772778073204e-09,1.410311754748589128e-09,1.393460180752798712e-09,1.373569369736971175e-09,1.350403340334742830e-09,1.323707365647410401e-09,1.293201878206220316e-09,1.258576786116109485e-09,1.219486363881028669e-09,1.175545139596440293e-09,1.126325621964529664e-09,1.071359644352385906e-09,1.010147007012266630e-09,9.421765436781357703e-10,8.669645436933819411e-10,7.841523210220503249e-10,6.937431119361948160e-10,5.966947801626567211e-10,4.965055355334661874e-10,4.036420395947006314e-10,3.458265534729070695e-10,3.695947409518826745e-10,4.917969955653495672e-10,6.878695160436135925e-10,9.369016446028186080e-10,1.225856279990655668e-09,1.535245260124208434e-09,1.819638168948278161e-09,1.981321792594958071e-09,1.864051829673714134e-09,1.414919921679622872e-09,1.410046181730778701e-09,1.497607093592727701e-09,1.757944251093673743e-09,2.146639858811449138e-09,2.574779809645386282e-09,2.956169390843245815e-09,3.530097360638054313e-09,1.869790935383866130e-09,5.181524331521807771e-10,1.670007262015503835e-09,3.183910001299125222e-09,5.000099357518436008e-09,7.338588658456899339e-09,7.216291478945374169e-09,1.784522678029098574e-09,1.919235156839272652e-10,1.009519023021588644e-09,1.488472328494357544e-09,1.803491082129073558e-09,2.065301806521777789e-09,2.245467618534213463e-09,2.318873902376246584e-09,2.280404214637078604e-09,2.142255980680222758e-09,1.937539325717638845e-09,1.739505087216905096e-09,1.645275845292243870e-09,2.855007858571610899e-09,3.677579771264187617e-09,4.145581716655762425e-09,4.610351175241335186e-09,5.372358657188778787e-09,6.600164045986325005e-09,5.917948716844089558e-09,1.528463209117333707e-09,1.986785577401599544e-09,3.282664847171858949e-09,4.247773153747180986e-09,4.877525266241277680e-09,5.206104385655643242e-09,5.308094464790768341e-09,5.321099487590387887e-09,5.397610807294104060e-09,5.289327188475255152e-09,5.366334590196656392e-09,5.958191281073197768e-09,7.496012880607138220e-09,1.641804672315021629e-08,1.665252332406542583e-08,1.591006285705272971e-08,1.593232166309708560e-08,1.941719223992495702e-08,2.952932977831887335e-08,2.370729045041500899e-08,1.089009469362946916e-08,2.289809574805641429e-08,2.557343877011283058e-08,2.172102730720205001e-08,1.555225736492792441e-08,9.572458566477347847e-09,4.778143202523349191e-09,1.798649498340796081e-09,2.657722265076261770e-09,4.779951000570694786e-09,7.323152303342508018e-09,1.110522997232256950e-08,1.742453796280808410e-08,2.226370362555583257e-08,1.966576913609499521e-08,1.088726930007872109e-08,3.761925017371407576e-09,2.331567015870690151e-08,4.570378211323552030e-08,5.480663182032539014e-08,2.413312722152196167e-08,1.414629282584177129e-08,8.207862521598052024e-09,1.886116149214636376e-09,5.083215291678791236e-09,1.067981868604908657e-08,1.474281999349418371e-08,1.702003182507226764e-08,1.760127701570930684e-08,1.684443407710053332e-08,1.549874683155467790e-08,1.480968915681497657e-08,1.535949417813423569e-08,5.058483457158069421e-09,7.362963361959016863e-09,2.417042606578982079e-08,4.151114032565133765e-08,5.763882834604525433e-08,7.305851365315480788e-08,6.424930395643214510e-08,1.061398232270255352e-08,1.431482027387375853e-08,2.846386558390702200e-08,3.607714863327744670e-08,3.984596529160556148e-08,4.132589594446841629e-08,4.154194426901259281e-08,4.168263638919109196e-08,4.352498006238143668e-08,4.815591618649817667e-08,5.597154288310253451e-08,6.853685432128016598e-08,9.164909719698321294e-08,1.304048819498887674e-07,1.001335765694590186e-07,4.339790639148286452e-08,3.791962663921222049e-08,1.409873273031628977e-07,2.616525053787393456e-07,2.992634920903122500e-07,8.973300349639576861e-08,1.832487421828932060e-08,3.022891465878154690e-08,4.566095172394462271e-08,5.375657750088765631e-08,5.724428352164081398e-08,9.533881976777676661e-11,5.048460862654124245e-09,7.678887524938844654e-09,8.534327037762635142e-09,8.471130960390061592e-09,8.026155802557277076e-09,7.464529598893599553e-09,6.901313823913324147e-09,6.380240921064944009e-09,5.913754566096871417e-09,5.501519912253703266e-09,5.138566749412949679e-09,4.818731230176496215e-09,4.536026759075257716e-09,4.285121929226932199e-09,4.061445019848889007e-09,3.861142105165307429e-09,3.680986589301079978e-09,3.518280930332778669e-09,3.370766241578080422e-09,3.236544614023889298e-09,3.114014505027746731e-09,3.001812419604556820e-09,2.898749374730114490e-09,2.803773014778135288e-09,2.715941783647267726e-09,2.634404370792774603e-09,2.558383352605301956e-09,2.487162175597360672e-09,2.420074816897701986e-09,2.356497612573292487e-09,2.295842869499471325e-09,2.237553976577566209e-09,2.181101810358712501e-09,2.125982290614716584e-09,2.071714986615327659e-09,2.017842706364654540e-09,1.963932022754540559e-09,1.909574709737717308e-09,1.854390086843579318e-09,1.798028319009232640e-09,1.740174815529768075e-09,1.680556054132798879e-09,1.618947485918837335e-09,1.555184750934293744e-09,1.489180421394774816e-09,1.420950175518478869e-09,1.350655171527298588e-09,1.278672184317171301e-09,1.205710735178633616e-09,1.133007424625577115e-09,1.062638963864606312e-09,9.979913438694305064e-10,9.443535227665995639e-10,9.093665003716188051e-10,9.026001841123979409e-10,9.333200224790184458e-10,1.006712523887602455e-09,1.120970639578660526e-09,1.267138084348583149e-09
1.448366438023134595e-09,1.606774343941034533e-09,1.723258170489031886e-09,1.794422066000745325e-09,1.823780030573446901e-09,1.819163292527094598e-09,1.790289532043699219e-09,1.746726887595825220e-09,1.696574544020538896e-09,1.645888528093097077e-09,1.598669540015916444e-09,1.557172621045663412e-09,1.522337047564490999e-09,1.494206444903293836e-09,1.472275411093270380e-09,1.455744994030913038e-09,1.443694769826346620e-09,1.435189470405446920e-09,1.429339262479569384e-09,1.425329700993777669e-09,1.422433112658059717e-09,1.420009266727605870e-09,1.417500223466855461e-09,1.414422235999600508e-09,1.410356324373132903e-09,1.404938403876932269e-09,1.397849438706427117e-09,1.388805868236414219e-09,1.377550431278741732e-09,1.363843443953334104e-09,1.347454545563508537e-09,1.328154902521999365e-09,1.305709850488185026e-09,1.279871959987573773e-09,1.250374544251304327e-09,1.216925683100349494e-09,1.179202985461778728e-09,1.136849552521249526e-09,1.089472115607145580e-09,1.036643318667592931e-09,9.779121990241980531e-10,9.128314178321354505e-10,8.410162555036082598e-10,7.622610936440722324e-10,6.768184917584850043e-10,5.860815858529346072e-10,4.943267099582081613e-10,4.131539899318990011e-10,3.698372057876826816e-10,4.040034097956713878e-10,5.293007266540771359e-10,7.295143701655144192e-10,9.927384384142011967e-10,1.317921778709323624e-09,1.708138910652709983e-09,2.159192108487710309e-09,2.630920602558389020e-09,2.967648581567396487e-09,2.717353335324773854e-09,1.069716460130689421e-09,1.064798473125391198e-09,1.114957515861149031e-09,1.264741363912170950e-09,1.480831565768016298e-09,1.704546518850345176e-09,1.857260142860234695e-09,1.819445985448494806e-09,1.040460667347245041e-09,2.133203843949106376e-10,1.103787042054313203e-09,2.149908516710117515e-09,3.206577432688914190e-09,4.044897461574516187e-09,3.679805362442449636e-09,1.708139450459797533e-09,4.115501854212626004e-10,4.570031962355570327e-10,9.115240311081204454e-10,1.271678148127122190e-09,1.657494699280770263e-09,1.964481665233953247e-09,2.133878749232862869e-09,2.152181456148568275e-09,2.032137293454305100e-09,1.801699013315362051e-09,1.515876828801158953e-09,1.348083933155927605e-09,2.093530830258343067e-09,2.896997406427853267e-09,3.555360193001855641e-09,4.132453266021074747e-09,4.626789555742936080e-09,4.806288398029965417e-09,3.872796548712794307e-09,1.730336300628159822e-09,1.515717428115790244e-09,2.728897675927385313e-09,3.732721353358637760e-09,4.349334217779724083e-09,4.578879364494347982e-09,4.496059721685566485e-09,4.352064727340500326e-09,4.816595819877827993e-09,4.402444484371628910e-09,4.349012532219323059e-09,4.919887103265072090e-09,6.432303531282174220e-09,9.635510503578559216e-09,1.072922081550879332e-08,1.101972706662384406e-08,1.157542128821976493e-08,1.316275791459043441e-08,1.488977640162223140e-08,1.012297582965508632e-08,4.233391395614590758e-09,1.153658323880725337e-08,1.430937095632763150e-08,1.324180540445807955e-08,1.024232026812948491e-08,6.793069902354930226e-09,3.696560415992241392e-09,1.434248689468303027e-09,1.697951372927654214e-09,3.403221740574783464e-09,5.403108834843118423e-09,7.899148332362880058e-09,1.080298972680601285e-08,1.236505456700222788e-08,1.040113988953829430e-08,4.739579934440119602e-09,4.201463862078107982e-09,1.515480196419621391e-08,2.524160215767524682e-08,2.788197712353612278e-08,1.825205732725995578e-08,1.116090492769463816e-08,5.946993158146865174e-09,1.164969707347345421e-09,3.754819928053599727e-09,8.847605309728146066e-09,1.286421569128266565e-08,1.535379783653739627e-08,1.629527454088950751e-08,1.587644196207099749e-08,1.439594528513956408e-08,1.202801871365018037e-08,8.056862349995914301e-09,7.825714215340998504e-10,1.205651660466982147e-08,2.555437381374004414e-08,3.871686876448801769e-08,4.898206949249569386e-08,5.302877789702265099e-08,4.286311183125532779e-08,1.679260412964785855e-08,4.628619312534372741e-09,1.981334081863849967e-08,2.948344037431828013e-08,3.465315563782839479e-08,3.619458423506465334e-08,3.486380505798402530e-08,3.199381481562285006e-08,3.150287084197062756e-08,3.483197340995087551e-08,4.062062283545438623e-08,4.910827018662046825e-08,6.035934283886524796e-08,6.917432397976413666e-08,5.285499024253991300e-08,1.780731031318433572e-08,3.245639555530334520e-08,9.023064260145667598e-08,1.412816983113093016e-07,1.458305802859182634e-07,7.531813581004008017e-08,2.554347634223208713e-08,1.165815715047852452e-08,2.471044656492476700e-08,3.270332254232719291e-08,3.618695055293266794e-08,6.515257776076941918e-11,9.290169199262664579e-09,1.192127854977675219e-08,1.168757717260080793e-08,1.063393456240588206e-08,9.494752450408044546e-09,8.479134911577784995e-09,7.621526504456327981e-09,6.906577388758277516e-09,6.309242137288012303e-09,5.806292724964730110e-09,5.378780370623250507e-09,5.011869806588635359e-09,4.694074399755335961e-09,4.416489020361489193e-09,4.172163676629635687e-09,3.955625349365057490e-09,3.762521616273872007e-09,3.589356685214253550e-09,3.433295467831622546e-09,3.292017264943954882e-09,3.163605618485695680e-09,3.046459083318216292e-09,2.939206080333662882e-09,2.840652231648694123e-09,2.749744130828990951e-09,2.665541292017423242e-09,2.587194318083693679e-09,2.513927842338904175e-09,2.445027176354910379e-09,2.379827876728699725e-09,2.317707652698422729e-09,2.258080193881932911e-09,2.200390615579873501e-09,2.144112306634573600e-09,2.088745027866804429e-09,2.033814152916244802e-09,1.978870972130042387e-09,1.923494003154978087e-09,1.867291278781044300e-09,1.809903630995828227e-09,1.751009086423624046e-09,1.690328671213805414e-09,1.627634255445188114e-09,1.562759650259387690e-09,1.495617176665724598e-09,1.426223650104953284e-09,1.354742664725495563e-09,1.281554986068476189e-09,1.207376746838722308e-09,1.133456433398201629e-09,1.061893230711986465e-09,9.961149113116228053e-10,9.414814467805466610e-10,9.057333592311671672e-10,8.985298884529326040e-10,9.291223320725108799e-10,1.002499868535647581e-09,1.116533674944407055e-09,1.261998640362417115e-09
1.441966055625967935e-09,1.598708642152076518e-09,1.713708109254255657e-09,1.783689938334376102e-09,1.812087237795361426e-09,1.806552572110867734e-09,1.776637304750609871e-09,1.731811827866540234e-09,1.680149301072493036e-09,1.627729812179340608e-09,1.578603919031024910e-09,1.535083941483058336e-09,1.498162348838944321e-09,1.467925945432428048e-09,1.443900562782770784e-09,1.425307114519153275e-09,1.411235508981417274e-09,1.400753473148197192e-09,1.392968878946238667e-09,1.387061386136207258e-09,1.382295128995903748e-09,1.378020355428703509e-09,1.373668977916677880e-09,1.368746973366183171e-09,1.362825297180604811e-09,1.355530228665138696e-09,1.346533646449023260e-09,1.335543504815050400e-09,1.322294658187197155e-09,1.306540111368707007e-09,1.288042733819306086e-09,1.266567457121187052e-09,1.241873975001842544e-09,1.213709991001670120e-09,1.181805126827574885e-09,1.145865732251444487e-09,1.105571103821794540e-09,1.060572107571485278e-09,1.010494183288426024e-09,9.549486824794724476e-10,8.935606746018212802e-10,8.260305996839846170e-10,7.522638231981027631e-10,6.726367073577714951e-10,5.886232213758098628e-10,5.043065076486295619e-10,4.299323768401524172e-10,3.880728974760846764e-10,4.119675464586354528e-10,5.184528559181059637e-10,6.984286223220928391e-10,9.426081525725527408e-10,1.252837153891411954e-09,1.641670462668359090e-09,2.132895163651927435e-09,2.763755883347657250e-09,3.578428424202054362e-09,4.546345498955374216e-09,5.018233395082050398e-09,5.752027150194723858e-10,5.699475071571868787e-10,5.913719175912287231e-10,6.583330562300837476e-10,7.524854144476409439e-10,8.425726840577424185e-10,8.819226478451462255e-10,7.957385065221549573e-10,4.557659492356923728e-10,7.804465606944979554e-11,5.533275828516976809e-10,1.066514638431437734e-09,1.534621413916694302e-09,1.815233142257300075e-09,1.617629978046321237e-09,9.176531157824585247e-10,3.246897210336550639e-10,2.286138558666615120e-10,5.410126551264835823e-10,1.229284627366990087e-09,1.429703892721310782e-09,1.796166981992224802e-09,2.037980759043883128e-09,2.095870659740722475e-09,1.988094892982727650e-09,1.751138773350081806e-09,1.464551481967237174e-09,1.379298417762351928e-09,1.896600532882151539e-09,2.636424775051892920e-09,3.341820432327345443e-09,3.925059472745534055e-09,4.263627513150091090e-09,4.118971819731427003e-09,3.186547578273463437e-09,1.678210709081833033e-09,1.390942080405584974e-09,2.520448667869792775e-09,3.511154783519443415e-09,4.062212464866979324e-09,4.101150073690435025e-09,3.581890991931867902e-09,2.616553418295193538e-09,4.953468951175693657e-09,3.000529910363566135e-09,2.551229907389477441e-09,2.765392690460583564e-09,3.489794263750475935e-09,4.641088957050449366e-09,5.282514494404075157e-09,5.595971963623308446e-09,5.932009784929380122e-09,6.407303762420245056e-09,6.357416358600190034e-09,3.993339555275936252e-09,1.701012380590981624e-09,4.856509450782341678e-09,6.398893685950595332e-09,6.222259767060447416e-09,5.028322881746914744e-09,3.474365989442750746e-09,1.975416979681030034e-09,7.945159835036281674e-10,8.344522170706438916e-10,1.756626865380651308e-09,2.812027930176038861e-09,3.997303923691148653e-09,5.131903562542619787e-09,5.537814957921081809e-09,4.449425174538091718e-09,1.694268199479069183e-09,2.474429844982339836e-09,7.297830204105889515e-09,1.128996965877721838e-08,1.220029698330036041e-08,9.177112062455938983e-09,5.919340591901317129e-09,3.125418808806405695e-09,5.374228279943024782e-10,2.275996173658442107e-09,7.769798991766915732e-09,1.203857957195890592e-08,1.468209079508264241e-08,1.577393883004092660e-08,1.542407851778049531e-08,1.370531147360716739e-08,1.047372097053833667e-08,5.126697127825180790e-09,3.460797709513322719e-09,1.431470506467337401e-08,2.638197846701377328e-08,3.744478958827260507e-08,4.480219197098434517e-08,4.533684677010036733e-08,3.586737063870987736e-08,1.766393688994955368e-08,1.053873627672370253e-09,1.598312836225885172e-08,2.631783671796333249e-08,3.181787821694606373e-08,3.259916393076831687e-08,2.843009245237777136e-08,1.876198738883768614e-08,1.451594305331513968e-08,1.776100199898059916e-08,2.106275392788798147e-08,2.509077102741064058e-08,2.926170679589588722e-08,3.051237996576632721e-08,2.248945919487990210e-08,5.923128664459629113e-09,1.763686261721466773e-08,4.290702664468023379e-08,6.218842235336898640e-08,6.225594551268933366e-08,3.875093789218502829e-08,1.634923983326943918e-08,4.725013768656679411e-09,1.052059115533851771e-08,1.523258501584927838e-08,1.733973435712928337e-08,3.416308292072724696e-11,2.012839496637095250e-08,1.902866668474994519e-08,1.566102403950715997e-08,1.288259521942277844e-08,1.084015266200249125e-08,9.336139804923666782e-09,8.199521908118361245e-09,7.315770302626727287e-09,6.610838968710813430e-09,6.036145771593767827e-09,5.558929627982706415e-09,5.156449047829614579e-09,4.812484681143431276e-09,4.515184152953223584e-09,4.255697430117102330e-09,4.027288809020535778e-09,3.824744021460338038e-09,3.643964952199608311e-09,3.481686618353411002e-09,3.335275666568345307e-09,3.202584371566542505e-09,3.081837474720789941e-09,2.971530494253712903e-09,2.870365881477586250e-09,2.777209005525569242e-09,2.691054536861064732e-09,2.611000580935546938e-09,2.536228660037753211e-09,2.465988169038708178e-09,2.399584308420903596e-09,2.336368772256523036e-09,2.275732669406515345e-09,2.217101303955427273e-09,2.159930548100211986e-09,2.103704616968244904e-09,2.047935106098665708e-09,1.992161186038060880e-09,1.935950872506435495e-09,1.878903317328346930e-09,1.820652112453721691e-09,1.760869694868516256e-09,1.699273123727107413e-09,1.635631838162719356e-09,1.569778598809238870e-09,1.501625845412132104e-09,1.431191471001574305e-09,1.358641029174089742e-09,1.284358444752350499e-09,1.209065389355867821e-09,1.134021061505740387e-09,1.061345937299169448e-09,9.945082889454817667e-10,9.389372822586943634e-10,9.024698050085053263e-10,8.948494348832484529e-10,9.253082250937435883e-10,9.986380583564781690e-10,1.112397284535988287e-09,1.257105026811772745e-09
1.435745562623989992e-09,1.590769669140561056e-09,1.704232335614367904e-09,1.772988964846657813e-09,1.800406392423358405e-09,1.793968647049181171e-09,1.763062219066981912e-09,1.717054205474952836e-09,1.663983035170669542e-09,1.609944412123402126e-09,1.559032440922302303e-09,1.513612900715313743e-09,1.474729606710048815e-09,1.442511916362877838e-09,1.416516875211370725e-09,1.395985479751359621e-09,1.380018265580731643e-09,1.367686301672833532e-09,1.358095599485862517e-09,1.350420495199767022e-09,1.343917681385345187e-09,1.337928841516241453e-09,1.331876918637235126e-09,1.325259022120671691e-09,1.317637690874230293e-09,1.308631470742781918e-09,1.297905336913115439e-09,1.285161260776294079e-09,1.270129095243042247e-09,1.252557884852310472e-09,1.232207671867257031e-09,1.208841860238894464e-09,1.182220217205380873e-09,1.152092649678756878e-09,1.118194016197480877e-09,1.080240470043344480e-09,1.037928285030754848e-09,9.909369613984559405e-10,9.389401376185903083e-10,8.816312886432401016e-10,8.187786397904123680e-10,7.503403331296910330e-10,6.767037735952797267e-10,5.991841001365938409e-10,5.211627331390542123e-10,4.506100077697238906e-10,4.044814725164694525e-10,4.096395668122713170e-10,4.863717136464732333e-10,6.329540355780563063e-10,8.405814479790377596e-10,1.107898958646630557e-09,1.443465497438142226e-09,1.867534931877841750e-09,2.419978644752304296e-09,3.185087660721552262e-09,4.372956599246368064e-09,6.622819302947294434e-09,1.227236381172296657e-08,3.113495700926945549e-08,3.113061968898214168e-08,3.086231667764923777e-08,3.004730711341486572e-08,2.862998704470005756e-08,2.654129323726906592e-08,2.374379133636318270e-08,2.031081244150528818e-08,1.657489291289765336e-08,1.336490584380541628e-08,1.181008081338928024e-08,1.227870757074397805e-08,1.364724231772897119e-08,1.450847650213185914e-08,1.404362432543907044e-08,1.219578665129757454e-08,9.526971954930390224e-09,6.558266447556616463e-09,3.575026017350452674e-09,5.376499875384311168e-10,1.307753831605597541e-10,1.533433160890761191e-10,1.748958554853509934e-10,1.799673193147288428e-10,1.705711057370422211e-10,1.501919781654008300e-10,1.258420177753455686e-10,1.185326348939275597e-10,1.591647534054550044e-10,2.213966781093848271e-10,2.838136709236939129e-10,3.363890650280102332e-10,3.656698338011632390e-10,3.503118053399371411e-10,2.684693865775777761e-10,1.418772263270552397e-10,1.209027829221151563e-10,2.201466939105524900e-10,3.043037372808523788e-10,3.461734353515045116e-10,3.365657190607343645e-10,2.492726957962162120e-10,2.220551483335784155e-10,1.546419802803309367e-09,2.584844554176745831e-08,4.720209389021085006e-08,6.608715790021036575e-08,8.232327755756892794e-08,9.521950427370451145e-08,1.036519028952546612e-07,1.069929668369786195e-07,1.049318532084580366e-07,9.714922028976873635e-08,8.323338354334519359e-08,6.339623019906824850e-08,4.052999203220927855e-08,2.116779565017888598e-08,1.558429768413492373e-08,2.133649815351227745e-08,2.531495332198997657e-08,2.533479464817062698e-08,2.231093256654367304e-08,1.759480656364879784e-08,1.246449769457839006e-08,8.036086617223176962e-09,5.238452521231285946e-09,4.833792313993279202e-09,8.355664867751739694e-09,1.728249203987998885e-08,3.184532667423474819e-08,5.088314528046071155e-08,7.162398257768525225e-08,8.989552673640272927e-08,1.008734660095997841e-07,1.005657926153345112e-07,8.806479372792933336e-08,6.640772042392175065e-08,3.891258615677787033e-08,9.206930960415856270e-09,8.074471293220443969e-10,6.563648573310434728e-10,1.035432523045787033e-09,1.254362652449839123e-09,1.346353367313327428e-09,1.318812431688710921e-09,1.173596933185079353e-09,8.936229282380247329e-10,4.288848388918907298e-10,3.188456621034375715e-10,1.246624570057307354e-09,2.277890340751253853e-09,3.215941378454792605e-09,3.823872724215534571e-09,3.838789778223769416e-09,3.029116251440573938e-09,1.521524709961117989e-09,6.564885553902123975e-11,1.358407991693225486e-09,2.252954768072678800e-09,2.712236576725595412e-09,2.730923384310406819e-09,2.207356770429538349e-09,2.800763355934011618e-10,1.786110620842872662e-09,4.945508776522443369e-08,1.148138763105324546e-07,2.012091465890859895e-07,3.126860417404302126e-07,4.534257342768134255e-07,6.246906508202363117e-07,8.184710101548735758e-07,1.018051928420661701e-06,1.200358390439610966e-06,1.340237454808243091e-06,1.418613515836123442e-06,1.435510462375687385e-06,1.414240006027213910e-06,1.377171760426067282e-06,1.339565070015769617e-06,1.310512091806897894e-06,1.294919944412474777e-06,1.291965274046706459e-07,5.216195053924625245e-08,2.840423608099779017e-08,1.904561136805626252e-08,1.439567984998397919e-08,1.164756882627748923e-08,9.826221313679758297e-09,8.525144534079035540e-09,7.546656541164128052e-09,6.782730203299316857e-09,6.169072317344241593e-09,5.664910993173000825e-09,5.243095952683133374e-09,4.884830257399856898e-09,4.576678877925564958e-09,4.308779708082945893e-09,4.073727209900674978e-09,3.865850507833220901e-09,3.680732141498929010e-09,3.514878695308600244e-09,3.365490124465880964e-09,3.230294884865252862e-09,3.107424178479262789e-09,2.995301466079486000e-09,2.892572716966240853e-09,2.798058294308051121e-09,2.710716403455325752e-09,2.629615095014578677e-09,2.553910683024103718e-09,2.482831044792177281e-09,2.415662698361373345e-09,2.351740861088870462e-09,2.290441916629770131e-09,2.231177880252774617e-09,2.173392569156177910e-09,2.116559266759944950e-09,2.060179723598178803e-09,2.003784371554599634e-09,1.946933650649893413e-09,1.889220371684530994e-09,1.830273082656838571e-09,1.769760500652096102e-09,1.707397256378281829e-09,1.642951542100159083e-09,1.576255863406479955e-09,1.507223152228019110e-09,1.435872313960008769e-09,1.362370375708054234e-09,1.287103581576899954e-09,1.210798062949471953e-09,1.134722544320491859e-09,1.061017567287070158e-09,9.931905002424062237e-10,9.367376263338784526e-10,8.995886690102990379e-10,8.915663598206013491e-10,9.218790301746379341e-10,9.951229303823685766e-10,1.108554178572984684e-09,1.252449723802208008e-09
1.429699576103478173e-09,1.582956298299330248e-09,1.694834476333612025e-09,1.762326624038368430e-09,1.788747173274428223e-09,1.781421939574473265e-09,1.749574563022272320e-09,1.702463785612465762e-09,1.648084940231959893e-09,1.592541179929871263e-09,1.539964081600501741e-09,1.492769229329818772e-09,1.452050014452500868e-09,1.417977725023008853e-09,1.390140556755278718e-09,1.367799735877930346e-09,1.350066637464635170e-09,1.336015931776321323e-09,1.324752117245236409e-09,1.315444697455637525e-09,1.307343604590792290e-09,1.299782860635654753e-09,1.292177581504859861e-09,1.284017400778007906e-09,1.274858090757682605e-09,1.264312385273625273e-09,1.252040572649988490e-09,1.237741191567855333e-09,1.221142036294315200e-09,1.201991613095582862e-09,1.180051161479994314e-09,1.155087358829812832e-09,1.126865869255041000e-09,1.095145999491919874e-09,1.059676924409769469e-09,1.020196321212786570e-09,9.764329640937888788e-10,9.281161676066224795e-10,8.749976766095173455e-10,8.168970612104569986e-10,7.537934279775772309e-10,6.860123038651453426e-10,6.146087919378874068e-10,5.421530929576055253e-10,4.743943814555892307e-10,4.232467302707503007e-10,4.089986106853010900e-10,4.527419581842898285e-10,5.605795004087944037e-10,7.259804841860202583e-10,9.438751461357295637e-10,1.216071766749639015e-09,1.551670289283911737e-09,1.968290858764179900e-09,2.495993150237800728e-09,3.184478233763349521e-09,4.107985250038386694e-09,5.316327198811429472e-09,6.402643916864694122e-09,4.086764044892584586e-09,3.336752157802879446e-09,2.827980902171815914e-09,2.444453926331314710e-09,2.137289348161955429e-09,1.881211777182896660e-09,1.661437131656750783e-09,1.468581930407554394e-09,1.296322469160576875e-09,1.140188906106503325e-09,9.968892129539424666e-10,8.639069470031048168e-10,7.392559578675879208e-10,6.213444604398614197e-10,5.089712763022195239e-10,4.017120760070821502e-10,3.023757957618973759e-10,2.329543995212487617e-10,2.940666748243486868e-10,2.910547388679943509e-10,1.563222803853216227e-10,1.584675841873757678e-10,1.811647208886966472e-10,1.888457825264143110e-10,1.813360024238289119e-10,1.620349041061781656e-10,1.366927518361639104e-10,1.222118151388719972e-10,1.484467849601994687e-10,2.120903002777129723e-10,2.904507414434447512e-10,3.591353321517120913e-10,3.916606335496895038e-10,3.637666445280305139e-10,2.656999911321312708e-10,1.347860440386348387e-10,1.443257514493261280e-10,2.606410594007132383e-10,3.382575902268133327e-10,3.460161211135774697e-10,2.691485024594121544e-10,9.187525740038716511e-11,3.698466283934866247e-10,3.591093856805518630e-12,1.694812189750739318e-11,3.043228461509631021e-11,4.391262987443461598e-11,5.738994156376559907e-11,7.087795124182788532e-11,8.440079891293417710e-11,9.799665125606817918e-11,1.117176723998010924e-10,1.256273750085694362e-10,1.397973483397212345e-10,1.543052330792894648e-10,1.692346465395575319e-10,1.846739371656417141e-10,2.007138474462964608e-10,2.174471351959479620e-10,2.349697717150396538e-10,2.533833491360035849e-10,2.727980851605507716e-10,2.933362522575859296e-10,3.151360411447353000e-10,3.383566943564350983e-10,3.631865160737549327e-10,3.898572831183826775e-10,4.186718117246154434e-10,4.500572845958156657e-10,4.846663440147703967e-10,5.235650987232971533e-10,5.685940729375288032e-10,6.231159435750140405e-10,6.936655421800779617e-10,7.937967085612792956e-10,9.536077503795142747e-10,1.245293312120736830e-09,1.859370522867394091e-09,3.358714685348297177e-09,1.340611115616073459e-09,9.852186801526215942e-10,1.143298559014545375e-09,1.314055774566781118e-09,1.406553628760214777e-09,1.394230526362687430e-09,1.254870848891690157e-09,9.572337361367589575e-10,4.786999560709668871e-10,4.662743431368188938e-10,1.406445395988234020e-09,2.480295880161730411e-09,3.429900289277411169e-09,3.987458177869073926e-09,3.904310932770305565e-09,3.048499173929031181e-09,1.579626455892454345e-09,6.756950374843173519e-11,1.442968018216906002e-09,2.379416163273405866e-09,2.754462597864031496e-09,2.535252469565788442e-09,1.667832456815978147e-09,3.678649728047840360e-10,4.227579346183368130e-12,3.348115498304421737e-10,6.728541459877145171e-10,1.024095337549827264e-09,1.395995303324964854e-09,1.797329851426137328e-09,2.238962610363383478e-09,2.735021176222435937e-09,3.304856091597901863e-09,3.976341429694590342e-09,4.791641734196755703e-09,5.817856960627472857e-09,7.168086783959912875e-09,9.046793109195078757e-09,1.185776266551479046e-08,1.649027133708267185e-08,2.516324707821501016e-08,4.418782213822307268e-08,3.142399499493029513e-08,3.091966143209558999e-08,2.338151908829243080e-08,1.772216032269421754e-08,1.400752282491687259e-08,1.152877100711657891e-08,9.796575418171671074e-09,8.528726365240875009e-09,7.563538990563896851e-09,6.804923274903435265e-09,6.193086209085192459e-09,5.689144042620772327e-09,5.266805522209085741e-09,4.907687248824427032e-09,4.598560311141243540e-09,4.329666725526747571e-09,4.093652899824308820e-09,3.884872495783799638e-09,3.698917991128629033e-09,3.532298136554940689e-09,3.382211000427943085e-09,3.246381151823283983e-09,3.122934981741586950e-09,3.010290581903831921e-09,2.907088239628163864e-09,2.812142469480580839e-09,2.724405521999611527e-09,2.642939402293889495e-09,2.566894284238138920e-09,2.495491803128962649e-09,2.428012133542262783e-09,2.363784063922219740e-09,2.302177501053401724e-09,2.242597998308627275e-09,2.184483016697326411e-09,2.127299707104262811e-09,2.070544052881081050e-09,2.013741241404303553e-09,1.956447151239637394e-09,1.898250860147567616e-09,1.838778119973694864e-09,1.777695835974036324e-09,1.714717775858746200e-09,1.649612086150912776e-09,1.582211821420630073e-09,1.512430780828754611e-09,1.440288813359129875e-09,1.365953926690762583e-09,1.289813834327538907e-09,1.212598032402974613e-09,1.135583551839721457e-09,1.060929696742455714e-09,9.921813608669450867e-10,9.348995627025955704e-10,8.971029330532852071e-10,8.886880185815741864e-10,9.188356671828450850e-10,9.919498572296113132e-10,1.104996654488023072e-09,1.248024825774005809e-09
1.423822284514952347e-09,1.575266909093124431e-09,1.685517669322493944e-09,1.751710025368643328e-09,1.777119065673069660e-09,1.768922806212095579e-09,1.736184568413512030e-09,1.688050163170089116e-09,1.632463845463210629e-09,1.575528375866483413e-09,1.521406986977623132e-09,1.472561570818114810e-09,1.430133379496017738e-09,1.394334988680039339e-09,1.364785618852007446e-09,1.340766793445455492e-09,1.321400853139655283e-09,1.305766240371575457e-09,1.292966199762283555e-09,1.282165808159929362e-09,1.272608840025593191e-09,1.263622489576790983e-09,1.254615130010879880e-09,1.245070264419193235e-09,1.234538511998886851e-09,1.222628686751422785e-09,1.208998580341503320e-09,1.193345819965083890e-09,1.175399046104419583e-09,1.154909593343906711e-09,1.131643839615790298e-09,1.105376410864961772e-09,1.075884502106963435e-09,1.042943731802104149e-09,1.006326239148998839e-09,9.658022847623430059e-10,9.211476262811947560e-10,8.721608864575384870e-10,8.186989576656066606e-10,7.607462822416809227e-10,6.985502836982301564e-10,6.328905767996807810e-10,5.656161721887110667e-10,5.006901713091646802e-10,4.461050241181012238e-10,4.161122952888174116e-10,4.293261824351068106e-10,4.978754075802336298e-10,6.205829944725308545e-10,7.912157279476354331e-10,1.006706528684542097e-09,1.268807499153427911e-09,1.583567179803614494e-09,1.960810229383376109e-09,2.413044640040912522e-09,2.950504273263438750e-09,3.561935409645466492e-09,4.152804660746425913e-09,4.394848245551384861e-09,3.654645826741393759e-09,3.127358713935825118e-09,2.709398295250031600e-09,2.369657492746147455e-09,2.086457701472944325e-09,1.844769266311791161e-09,1.634268804265325202e-09,1.447742200735941231e-09,1.280013611867178833e-09,1.127261658531441992e-09,9.865806877244915770e-10,8.556950815673520149e-10,7.327760816898454517e-10,6.163458746161782436e-10,5.053059816873289903e-10,3.992635981125321277e-10,2.997545633552430049e-10,2.138028522984644648e-10,1.555691200610751340e-10,1.503226965107587570e-10,1.348878042521363196e-10,1.437699421210361081e-10,1.663141799382541997e-10,1.847680672898815951e-10,1.903289845966841356e-10,1.770572129993342431e-10,1.440009010987991150e-10,1.057222489323391951e-10,1.179911804626681539e-10,1.997859789658913120e-10,2.994977182525802082e-10,3.771274183326228337e-10,4.011392220040561323e-10,3.519231820069407688e-10,2.340578326425658484e-10,1.152090124741892417e-10,1.880774648465869367e-10,3.045012263253004133e-10,3.506904445046906319e-10,3.039474346475020682e-10,1.749937649050155258e-10,1.194291967403082655e-10,3.081598320644914518e-10,3.571403030236626850e-12,1.676179248141630473e-11,3.011549371310072646e-11,4.348815061687140375e-11,5.688325059789128148e-11,7.031798862247279577e-11,8.381894229612957143e-11,9.742274569652837770e-11,1.111760362779874965e-10,1.251342560293244959e-10,1.393600317581865335e-10,1.539220003839031700e-10,1.688944504834165456e-10,1.843571331596324583e-10,2.003950932044320841e-10,2.170990693548963658e-10,2.345665393088754927e-10,2.529033783295285406e-10,2.722260000692861646e-10,2.926639267434181375e-10,3.143628496132937530e-10,3.374886111528081203e-10,3.622328968188186604e-10,3.888224376613324887e-10,4.175346253834726916e-10,4.487246039551751579e-10,4.828716576042659087e-10,5.206580109408015889e-10,5.631057256245853804e-10,6.118220584566599972e-10,6.694245480025532630e-10,7.401306071198533032e-10,8.297473757965349611e-10,9.402841760754473661e-10,1.036811573227956767e-09,9.428339011363099422e-10,9.390052166059644712e-10,9.684058951106155372e-10,1.146441347224313811e-09,1.363217443100173409e-09,1.519820348465817301e-09,1.540204778224770637e-09,1.379726488422348433e-09,1.038435054409256743e-09,6.382133361138091170e-10,8.351858551716202590e-10,1.689876582937130819e-09,2.676477587402976782e-09,3.508502227141999001e-09,3.922793713062807485e-09,3.714603937237595757e-09,2.828380275069033384e-09,1.436987859812479394e-09,2.866993071524064219e-10,1.493536313313794201e-09,2.306938140506919734e-09,2.499442876841635216e-09,2.139370091279353532e-09,1.546833457566157770e-09,1.358321925455566944e-09,4.206912931998800170e-12,3.274074695965875406e-10,6.575068253260002114e-10,9.996797829634542200e-10,1.360740773865449863e-09,1.748617944543956668e-09,2.172979829693928227e-09,2.646146374989612359e-09,3.184475539752819132e-09,3.810493244012177626e-09,4.556169563786824261e-09,5.467879796897293789e-09,6.613371645694526972e-09,8.088764058299088757e-09,1.001133919650870725e-08,1.242604213516683109e-08,1.478931599671878868e-08,1.348717553149515986e-08,9.765181366722679480e-09,1.671294189267703473e-08,1.648091958788206673e-08,1.445470932794018020e-08,1.238412937525976752e-08,1.066403107850503388e-08,9.303181489854610541e-09,8.230241143136644084e-09,7.374447669050799977e-09,6.680943150166206704e-09,6.109820760537829086e-09,5.632400538153312702e-09,5.227934172790054486e-09,4.881204681207865902e-09,4.580872484137488775e-09,4.318350002043165977e-09,4.087032531213430531e-09,3.881766553701567546e-09,3.698476901850866330e-09,3.533901341942942766e-09,3.385398782207534390e-09,3.250808678391868844e-09,3.128340696416266662e-09,3.016473900732160338e-09,2.913893519539459874e-09,2.819447295831888785e-09,2.732112009545513520e-09,2.650967632973414849e-09,2.575177286175670560e-09,2.503971662241982826e-09,2.436636956618852176e-09,2.372505600187015975e-09,2.310949291269762884e-09,2.251373964256439111e-09,2.193216434429627475e-09,2.135942526990471950e-09,2.079046540036344315e-09,2.022051911975101015e-09,1.964512973486027030e-09,1.906017675527956384e-09,1.846191219503056014e-09,1.784700605026719956e-09,1.721260300985417164e-09,1.655639608591362704e-09,1.587672935069041978e-09,1.517275321226145532e-09,1.444467488834268490e-09,1.369417927948325826e-09,1.292514959417081154e-09,1.214490322545959758e-09,1.136628079295376081e-09,1.061104880342976597e-09,9.915013609101991450e-10,9.334405429867299488e-10,8.950256193568959108e-10,8.862214997583877072e-10,9.161785990864955451e-10,9.891137330907758473e-10,1.101716601255175182e-09,1.243822053537591315e-09
1.418107469309730473e-09,1.567699412770201952e-09,1.676284578755827360e-09,1.741145907994127659e-09,1.765531350452725895e-09,1.756481526324504745e-09,1.722902407252765784e-09,1.673822777118676492e-09,1.617128258116694705e-09,1.558913746078961137e-09,1.503368585784593171e-09,1.452997625269943894e-09,1.408988291660172111e-09,1.371593760739309646e-09,1.340464073776732427e-09,1.314901030176462767e-09,1.294037972433315413e-09,1.276957196166760504e-09,1.262760861238770171e-09,1.250609933658298267e-09,1.239742544762433486e-09,1.229479810405475829e-09,1.219224365595268079e-09,1.208454852450720255e-09,1.196718275923841886e-09,1.183621344386760128e-09,1.168821454909963532e-09,1.152017737459837921e-09,1.132942445617994961e-09,1.111352924671403324e-09,1.087024379779054998e-09,1.059743709632164245e-09,1.029304779863113961e-09,9.955057228277563895e-10,9.581492564123119810e-10,9.170477340737792887e-10,8.720359970344447866e-10,8.229976445433020088e-10,7.699153208945329686e-10,7.129655834661522163e-10,6.526992471095035819e-10,5.903890467032729843e-10,5.286917166404132539e-10,4.728174968130983578e-10,4.322166838027646830e-10,4.211274134300988119e-10,4.537048737193469791e-10,5.352880837403961110e-10,6.621627124181231326e-10,8.290306187820432926e-10,1.033287774083230733e-09,1.275234567747244159e-09,1.557018997134629977e-09,1.881041894559850800e-09,2.246927440583954756e-09,2.644780309150581853e-09,3.040781517054990175e-09,3.352246336390801825e-09,3.429682275981749641e-09,3.149724877844470288e-09,2.824587314238001836e-09,2.516434250942591204e-09,2.239755079101351945e-09,1.994739020143159175e-09,1.777428246466066454e-09,1.583265304685319946e-09,1.408171881692500670e-09,1.248761474794922479e-09,1.102281989722612029e-09,9.664936613253338074e-10,8.395484862384061480e-10,7.198928142738423462e-10,6.062084536040574037e-10,4.974257049867632527e-10,3.928882455491306881e-10,2.928231813794204293e-10,1.994259511865927646e-10,1.231525732072992308e-10,1.185244835980711811e-10,1.151415436347048168e-10,1.223185517420661778e-10,1.514361789181802509e-10,1.870609956247237994e-10,2.057150068090369366e-10,1.916411970398272565e-10,1.416281209202878880e-10,7.623193535104439201e-11,1.067789104953523885e-10,2.162369650241814301e-10,3.215490201155379709e-10,3.885604574317633084e-10,3.919033958330256650e-10,3.205588202992117454e-10,1.919865653995403352e-10,1.182823120894537617e-10,2.297898185880989979e-10,3.281959099458947292e-10,3.399908263471789529e-10,2.567084047890039211e-10,1.298073129311889987e-10,1.850261937709660637e-10,3.195367657726989069e-10,3.552121065533383006e-12,1.658771078242486552e-11,2.981535549509832572e-11,4.307690109146896260e-11,5.637785983740010114e-11,6.973721485800206391e-11,8.318203281893850806e-11,9.674720092759532532e-11,1.104753328605532494e-10,1.244162435539543820e-10,1.386262281759765595e-10,1.531675622429038108e-10,1.681084768601566078e-10,1.835235231949644812e-10,1.994942174083792740e-10,2.161099790594155932e-10,2.334693614932331254e-10,2.516815725960974784e-10,2.708682506498202440e-10,2.911654321707130574e-10,3.127256053633049418e-10,3.357196989983592541e-10,3.603386763900216604e-10,3.867940162449901738e-10,4.153153600072551272e-10,4.461411524535451101e-10,4.794926471856265153e-10,5.155097308723538227e-10,5.541010302967158037e-10,5.946004413028611530e-10,6.349768835878616528e-10,6.700142124639033312e-10,6.873297084675659148e-10,6.610287272154804843e-10,5.679389751311311736e-10,6.811218199502768936e-10,6.819237027236060068e-10,8.010135975866277893e-10,1.107737027888485774e-09,1.476913713251399459e-09,1.745729536738747529e-09,1.786798138834316462e-09,1.553517653805141973e-09,1.119330938972162277e-09,8.244240566055328598e-10,1.238244091939740685e-09,2.046608547314844946e-09,2.875129927475602013e-09,3.503554022527629946e-09,3.727133127067552721e-09,3.397277333987544471e-09,2.503503556423996910e-09,1.240583004001531910e-09,5.430400586110382030e-10,1.482010692110756170e-09,2.088124594655906843e-09,2.152931298653300673e-09,1.906540742501159153e-09,1.842228912371627174e-09,2.073576143450798122e-09,4.187735919239503467e-12,3.141037887586857366e-10,6.300884441644131058e-10,9.563775414459577863e-10,1.298674251570270803e-09,1.663431594550090556e-09,2.058213241148724357e-09,2.492146810899857092e-09,2.976470177467972988e-09,3.525087884818321630e-09,4.154818226011814132e-09,4.884349994044344250e-09,5.729089017733570917e-09,6.684036782447381074e-09,7.673512495999888433e-09,8.414435866329990449e-09,8.083653916733773112e-09,4.727970070934167597e-09,4.397347414015513708e-09,9.690429821768352121e-09,1.137581792185310290e-08,1.123249652408094357e-08,1.041098280385375757e-08,9.440712847814474921e-09,8.522522609821194465e-09,7.715243042591090973e-09,7.023700091269271675e-09,6.435217784368143604e-09,5.933497638035556956e-09,5.503357377592080360e-09,5.131991084634906416e-09,4.809001507871458052e-09,4.526063368954974240e-09,4.276528293341093697e-09,4.055071908059183820e-09,3.857406155260812275e-09,3.680053479415480800e-09,3.520172322316537348e-09,3.375422915607061825e-09,3.243863979397719819e-09,3.123867024312921212e-09,3.014032018201418269e-09,2.913135359494525378e-09,2.820094038508713022e-09,2.733937689229237261e-09,2.653786718255142386e-09,2.578835157528069698e-09,2.508337235021402298e-09,2.441596919658117005e-09,2.377959895326123374e-09,2.316807568530416982e-09,2.257552825377619940e-09,2.199637332189353069e-09,2.142530225380606182e-09,2.085728063160524394e-09,2.028755919952183951e-09,1.971169502784830684e-09,1.912558170427911880e-09,1.852548763608469373e-09,1.790810240532704910e-09,1.727059306083215486e-09,1.661067598442319225e-09,1.592671672085307266e-09,1.521788181127354875e-09,1.448438648926846891e-09,1.372791546049680750e-09,1.295234923773494640e-09,1.216501605290581003e-09,1.137881329342103692e-09,1.061566528669625502e-09,9.911715384781589360e-10,9.323782616713903341e-10,8.933696784803622072e-10,8.841735432220850102e-10,9.139077909026802609e-10,9.866089663532302682e-10,1.098705507788272566e-09,1.239832768298337467e-09
1.412548527235497784e-09,1.560251277974120714e-09,1.667137410746463641e-09,1.730640640080053391e-09,1.753993092038660416e-09,1.744108287781725681e-09,1.709738184461853470e-09,1.659790921483429188e-09,1.602086403294553349e-09,1.542704596689787049e-09,1.485855697324818438e-09,1.434084286387539886e-09,1.388622284199402339e-09,1.349762711215717661e-09,1.317186130641399574e-09,1.290214498644385622e-09,1.267992101563298286e-09,1.249605077246684449e-09,1.234154577179431835e-09,1.220797677446725853e-09,1.208767283575490509e-09,1.197379083533468965e-09,1.186030877933280429e-09,1.174197613205594784e-09,1.161424107768743178e-09,1.147316653628741767e-09,1.131534208231736478e-09,1.113779636541167330e-09,1.093791338874892689e-09,1.071335546630799658e-09,1.046199568675978640e-09,1.018186337618228767e-09,9.871107479008628781e-10,9.527985450228941769e-10,9.150890438587903764e-10,8.738438392118829892e-10,8.289653389123823013e-10,7.804320339919817099e-10,7.283633246039290488e-10,6.731381710649881417e-10,6.156139000381421349e-10,5.575310743254480331e-10,5.022330384466323877e-10,4.557659618056290500e-10,4.279417538714563288e-10,4.312477401075156932e-10,4.752805635789300439e-10,5.615088686060033742e-10,6.856348583708510099e-10,8.429604395980408337e-10,1.030622188739876301e-09,1.247277508920052359e-09,1.491906435963717331e-09,1.762049302857305500e-09,2.050998378034367682e-09,2.343191667001921347e-09,2.607645129607344192e-09,2.792662351764552928e-09,2.835062155810499806e-09,2.710628928770256811e-09,2.513423571251287044e-09,2.295179934806663643e-09,2.079520268587678475e-09,1.875936293200311594e-09,1.687246186276871980e-09,1.513345357214401004e-09,1.352992250719787952e-09,1.204610332880358348e-09,1.066622098315251707e-09,9.375674917639346210e-10,8.161245294993943123e-10,7.010857899079822238e-10,5.913161715071721696e-10,4.857077068121185093e-10,3.831500881184113333e-10,2.825900457270829666e-10,1.840295957633237318e-10,1.036650894238656775e-10,1.010505464085997523e-10,9.396760158952155842e-11,1.024231753504303984e-10,1.499436513554748669e-10,2.033592545265963920e-10,2.272193102899956617e-10,2.030085078504587961e-10,1.301327667993840364e-10,4.227231003870320131e-11,1.281371433128657589e-10,2.498312608222555100e-10,3.441822173647569502e-10,3.876798306850126328e-10,3.644727835897431675e-10,2.735409474041223746e-10,1.475919541232455246e-10,1.427304461469617609e-10,2.630138267239150521e-10,3.363190848428325204e-10,3.170635639664742704e-10,2.117331621644902463e-10,1.231513053082048917e-10,2.367684021150402425e-10,3.508667872917893431e-10,3.533341964630557037e-12,1.641637470377955396e-11,2.951723035042341715e-11,4.266133242021605315e-11,5.585490948846379027e-11,6.911750548159315112e-11,8.247571298079155703e-11,9.596256784384956791e-11,1.096174962561583136e-10,1.234861742582358156e-10,1.376203491687981981e-10,1.520778371558953616e-10,1.669228700418966911e-10,1.822268241925352855e-10,1.980692757308567444e-10,2.145393117442091880e-10,2.317370441562853778e-10,2.497752923136046288e-10,2.687813788097553635e-10,2.888989027956071851e-10,3.102891807462413390e-10,3.331317033166899992e-10,3.576222668047406545e-10,3.839660605015424500e-10,4.123602087900677864e-10,4.429546495623436898e-10,4.757689629341339388e-10,5.105200946251825651e-10,5.462699477706411305e-10,5.807077272099541981e-10,6.086915756510775614e-10,6.193123485056045754e-10,5.901763976744134644e-10,4.774360726901436834e-10,2.130491439678366851e-10,4.544218987107321065e-10,4.603724658457166479e-10,6.472484671409287138e-10,1.101251276703026835e-09,1.627249502650604719e-09,2.002760580873041489e-09,2.056144365485032035e-09,1.737509686235340760e-09,1.193524783935564699e-09,9.957413955357857965e-10,1.588789707991097999e-09,2.375480850633805651e-09,3.030004066485587319e-09,3.413810878919846476e-09,3.418066112925364568e-09,2.972077593527730258e-09,2.111543613206292347e-09,1.076828895639244176e-09,7.893365130213106363e-10,1.426153265896882210e-09,1.784807253676955253e-09,1.778168227028297656e-09,1.802709940620896878e-09,2.193181905351988694e-09,2.613210170719792766e-09,4.169799628634874807e-12,2.957517071978287444e-10,5.923710643610650991e-10,8.970736100780920929e-10,1.214157829459432428e-09,1.548239945185309017e-09,1.904326733926780524e-09,2.287809215553585766e-09,2.704251560060623617e-09,3.158693711090386342e-09,3.653851071050036885e-09,4.185888623869077719e-09,4.735009232895847502e-09,5.245414771890223851e-09,5.585293474125093263e-09,5.476683255763422231e-09,4.411103468823840312e-09,1.716200853360616030e-09,2.822234427435677824e-09,6.284195225080554984e-09,8.101317412318965424e-09,8.689544858372151464e-09,8.587418609772874730e-09,8.166045047148090128e-09,7.631640686537866872e-09,7.085177536780175408e-09,6.570555216522907325e-09,6.103394950250371316e-09,5.686265048539438635e-09,5.316219115281054836e-09,4.988360253873454790e-09,4.697446921778789535e-09,4.438562701054184260e-09,4.207350947740773960e-09,4.000055017889932654e-09,3.813477899283107482e-09,3.644913969438385810e-09,3.492076400832760661e-09,3.353029921598363999e-09,3.226132229792157752e-09,3.109978636458571572e-09,3.003338556509947863e-09,2.905117860000849901e-09,2.814333203553656344e-09,2.730091391018721539e-09,2.651572823885903775e-09,2.578018278939547781e-09,2.508718412734618726e-09,2.443005531256815292e-09,2.380247278823901171e-09,2.319841992948951097e-09,2.261215542855886311e-09,2.203819519012859074e-09,2.147130669638105685e-09,2.090651489289960396e-09,2.033911857120644334e-09,1.976471607071886342e-09,1.917923902410206953e-09,1.857899305587794203e-09,1.796070517531367580e-09,1.732157958068891805e-09,1.665936750064607910e-09,1.597246372977869232e-09,1.526005461724295858e-09,1.452236271782635919e-09,1.376106750752220591e-09,1.298003786369545851e-09,1.218660077970929010e-09,1.139369585654190964e-09,1.062338776659483434e-09,9.912133451860346195e-10,9.317305255692781147e-10,8.921478767330489629e-10,8.825504630480798030e-10,9.120226764681460617e-10,9.844294790094500180e-10,1.095954475457127618e-09,1.236047987684437771e-09
1.407138493250755553e-09,1.552919556126253794e-09,1.658077929470239423e-09,1.720200218754241867e-09,1.742513125795675967e-09,1.731813170100530875e-09,1.696701927258910246e-09,1.645963753298428939e-09,1.587346260789670650e-09,1.526907863855999654e-09,1.468874633208470706e-09,1.415827770606292424e-09,1.369041986198220036e-09,1.328849299715084877e-09,1.294960387345136034e-09,1.266717136049627163e-09,1.243274619257364994e-09,1.223722711592375272e-09,1.207161536987777164e-09,1.192744402536371830e-09,1.179699299357958698e-09,1.167337025203595522e-09,1.155051331135928658e-09,1.142314502584493301e-09,1.128670453858757367e-09,1.113726583678174094e-09,1.097145164055165922e-09,1.078634778193966338e-09,1.057942189757844120e-09,1.034844976364546348e-09,1.009145277319305992e-09,9.806650779471013866e-10,9.492436387490373929e-10,9.147379925445211230e-10,8.770280336514465727e-10,8.360287595982711686e-10,7.917141133980163450e-10,7.441603181746448479e-10,6.936229782870537785e-10,6.406740076801597687e-10,5.864452252255273863e-10,5.330559944328949633e-10,4.843068734389818595e-10,4.465473869271788922e-10,4.290160788990749183e-10,4.418021708991558864e-10,4.910434839280789847e-10,5.763057849265425243e-10,6.933444623282274488e-10,8.377662181313529923e-10,1.006283268284842914e-09,1.196280567061261566e-09,1.404749133894951953e-09,1.626845776237503885e-09,1.853983052604596103e-09,2.071480756325796937e-09,2.256578159220735634e-09,2.379445875956795696e-09,2.412372957614255156e-09,2.350556602612388937e-09,2.227542997576890684e-09,2.073630416316946283e-09,1.908396035008585684e-09,1.742865198094900190e-09,1.582609445503961118e-09,1.430054454500912236e-09,1.285929459446084084e-09,1.150103115899095188e-09,1.022039044186067413e-09,9.010299405083863225e-10,7.863037381349759082e-10,6.770501050397827410e-10,5.723847433880558577e-10,4.712432718969739257e-10,3.721676868425987304e-10,2.729412074673453317e-10,1.705427540982831835e-10,7.510076981740673925e-11,7.362899548763314620e-11,6.195004893623410625e-11,8.539719835373507299e-11,1.608841781210270823e-10,2.285088246726733174e-10,2.509346640338255709e-10,2.110732511427700785e-10,1.132281520264735915e-10,3.340344307822466693e-11,1.696468855170526439e-10,2.887502257119302409e-10,3.616783877062496678e-10,3.740248684882498806e-10,3.216386187404155223e-10,2.153518263521922491e-10,1.129913722019416509e-10,1.761867870074865801e-10,2.864233348892103731e-10,3.322055096908673428e-10,2.860750925788933493e-10,1.678769455963891375e-10,1.357164540300680210e-10,2.790189944969233866e-10,3.853275541811876307e-10,3.515213612444244865e-12,1.624292493481653486e-11,2.921337775898105694e-11,4.223243581155813950e-11,5.530569380945459338e-11,6.845226179145593554e-11,8.169762906179021823e-11,9.507288912821346815e-11,1.086147586046651055e-10,1.223656932797687440e-10,1.363740669407623056e-10,1.506945299327237364e-10,1.653886669866001876e-10,1.805260085172247071e-10,1.961853800436068861e-10,2.124565386610888079e-10,2.294420475865417367e-10,2.472593499916959667e-10,2.660429795164489622e-10,2.859467476463068132e-10,3.071455203743007968e-10,3.298357326304677184e-10,3.542328767467227775e-10,3.805624360421337494e-10,4.090373426328415012e-10,4.398085675894232726e-10,4.728632078715636661e-10,5.078214545502319969e-10,5.435412657946566119e-10,5.773631526076107090e-10,6.037015668933831656e-10,6.115367998565513236e-10,5.805132638514874929e-10,4.789130502074822237e-10,3.220480111666802127e-10,6.433982096388994314e-10,6.457990483478866282e-10,7.504657878889521071e-10,1.168987922362667662e-09,1.765826965989142696e-09,2.220482378944311179e-09,2.291069971512525496e-09,1.906071586321915418e-09,1.260410638417201428e-09,1.121472743342907199e-09,1.844219311337606776e-09,2.618002979071553347e-09,3.114249821282181337e-09,3.255262525770476311e-09,3.037238226302360307e-09,2.489732670356527197e-09,1.713642034592953474e-09,1.012772916615134322e-09,9.974488306205908722e-10,1.336652936963120322e-09,1.430679584808046719e-09,1.404138681586444098e-09,1.777020636849499094e-09,2.490309234471026125e-09,3.017023491861436406e-09,4.151577618665224090e-12,2.734116404570819693e-10,5.465821092871997295e-10,8.254036739825115945e-10,1.112668328232260489e-09,1.411081892968162053e-09,1.723102151911806341e-09,2.050597205826759360e-09,2.394158704684975970e-09,2.751768083139358904e-09,3.116273175340426814e-09,3.470744051804065199e-09,3.780255338352645260e-09,3.978310671994915178e-09,3.947382001045040844e-09,3.500289326444217551e-09,2.393681413065656486e-09,5.340861988155144740e-10,2.245748352711722954e-09,4.534007067198305886e-09,6.058183985414257562e-09,6.838226745784841525e-09,7.084030440078629189e-09,7.005198578829667281e-09,6.753546538523770469e-09,6.423972403355376715e-09,6.070638714864059278e-09,5.722230819299446192e-09,5.392641755198749749e-09,5.087594639796009606e-09,4.808494432076176078e-09,4.554584673422379261e-09,4.324122566913106945e-09,4.115002545273181383e-09,3.925075738563457663e-09,3.752304169032749714e-09,3.594826538095910856e-09,3.450977819767966136e-09,3.319285682770483273e-09,3.198456178733720566e-09,3.087349485760929003e-09,2.984938416836652294e-09,2.890286284602467595e-09,2.802532426219775200e-09,2.720879760324058327e-09,2.644584304157240298e-09,2.572946490717125648e-09,2.505304109209885278e-09,2.441026708021105858e-09,2.379511330324608953e-09,2.320179486200390263e-09,2.262475292879916711e-09,2.205864733220885226e-09,2.149835986406249945e-09,2.093900773677942266e-09,2.037596637234199198e-09,1.980490039428117749e-09,1.922180146706131770e-09,1.862303171985601491e-09,1.800537228338400877e-09,1.736607849782603700e-09,1.670294742618462821e-09,1.601441065790928897e-09,1.529967798176776432e-09,1.455897862798491690e-09,1.379398182367757118e-09,1.300853568991973811e-09,1.220995332696516672e-09,1.141120077806538731e-09,1.063446343478926974e-09,9.916485041753044885e-10,9.315151190148511347e-10,8.913726844402083761e-10,8.813580766038015173e-10,9.105221336233112848e-10,9.825687129481865693e-10,1.093454234599678838e-09,1.232458403753355199e-09
1.401870063993041420e-09,1.545700906474251277e-09,1.649107473654973229e-09,1.709830270681531728e-09,1.731100044856148579e-09,1.719606125427661088e-09,1.683803571735801806e-09,1.632350297908500442e-09,1.572915598951302515e-09,1.511530179348780790e-09,1.452431292320948729e-09,1.398233737377754898e-09,1.350253265226408156e-09,1.308859939496894594e-09,1.273794016716606153e-09,1.244416973652653888e-09,1.219894410762387775e-09,1.199319736617351829e-09,1.181791929856845254e-09,1.166460544772921520e-09,1.152548855633721144e-09,1.139363184344466917e-09,1.126293878698461872e-09,1.112811447182750482e-09,1.098460009946101731e-09,1.082849391728996295e-09,1.065646689069908892e-09,1.046567883800070942e-09,1.025369933666743430e-09,1.001843726190890764e-09,9.758083025896444588e-10,9.471068471879145962e-10,9.156051418720387320e-10,8.811935476869316181e-10,8.437942234789804359e-10,8.033764215099766912e-10,7.599846934208524709e-10,7.137883828763424196e-10,6.651670684188389509e-10,6.148574476680992694e-10,5.642038386058248379e-10,5.155709619483118965e-10,4.729426958002578827e-10,4.424894549713848149e-10,4.323430830138613039e-10,4.503192686312391737e-10,5.002806010704157995e-10,5.809667823881427426e-10,6.883742470055864153e-10,8.182932794197876065e-10,9.671124469015364581e-10,1.131448199282531145e-09,1.307325239575926591e-09,1.489173838012010035e-09,1.668739959500144885e-09,1.834154361133410013e-09,1.969847055988381972e-09,2.058615161570585633e-09,2.087246656744502294e-09,2.054682600128525032e-09,1.974978185645442640e-09,1.865025315595213150e-09,1.738572525331976638e-09,1.605121475697272714e-09,1.470626793990751981e-09,1.338536676043201090e-09,1.210677879830324646e-09,1.087887243260045107e-09,9.704241619384309371e-10,8.582237883945104544e-10,7.510396728612236345e-10,6.485039277744962208e-10,5.501088863820729841e-10,4.550821703327875229e-10,3.620739360956076230e-10,2.684782663934169291e-10,1.690771974254909829e-10,5.521616805730326231e-11,5.200355374683114158e-11,2.161639774990649484e-11,7.337181132946336855e-11,1.749996916267799784e-10,2.530574414770258237e-10,2.718966372930543261e-10,2.158810257697419653e-10,9.459788463538207094e-11,6.338216204506887039e-11,2.145208954971413699e-10,3.250140778026511324e-10,3.720572259262379723e-10,3.500266667348284884e-10,2.682040494494468473e-10,1.534685990019073880e-10,1.101149743112831835e-10,2.116622434241093343e-10,3.002645447263306407e-10,3.173480035505211763e-10,2.477645385170879733e-10,1.227961458549317429e-10,1.549611495545338804e-10,3.126413378031949681e-10,4.142727228158421528e-10,3.497852160898338541e-12,1.606542569859567197e-11,2.890105046662672349e-11,4.178777249022143471e-11,5.472935314622616076e-11,6.774364650675404444e-11,8.085455086589071383e-11,9.409110738218656963e-11,1.074875882912773439e-10,1.210837978983399344e-10,1.349255026467125448e-10,1.490650568622067204e-10,1.635623131059297696e-10,1.784858775019686226e-10,1.939147292950002025e-10,2.099401980161733961e-10,2.266682925579905024e-10,2.442223872365384734e-10,2.627462620938337382e-10,2.824074288216355545e-10,3.034004964230553552e-10,3.259499460739261175e-10,3.503109170042076442e-10,3.767651334851422401e-10,4.056063620323692987e-10,4.371048204719802476e-10,4.714312784361207628e-10,5.085072652769419835e-10,5.477269603087672209e-10,5.874767009152785578e-10,6.244093495567170295e-10,6.527540116652632807e-10,6.657028536749989202e-10,6.695539867526164239e-10,7.512586192365639970e-10,1.193597764307896704e-09,1.191041656562440453e-09,1.152997396819727788e-09,1.319060839005541146e-09,1.851418641480744641e-09,2.352091823355938470e-09,2.456358671088600762e-09,2.043505156778812755e-09,1.321317045979433453e-09,1.182594551891771108e-09,1.978450192105085474e-09,2.740228113403221026e-09,3.112425581802973250e-09,3.052797635619098320e-09,2.647209214772184450e-09,2.035104087828550342e-09,1.408441728726116629e-09,1.075825273718264760e-09,1.153822179460962216e-09,1.218220485916850452e-09,1.046069042174670601e-09,1.067836692912814210e-09,1.797718335204865753e-09,2.704505142044242531e-09,3.285671332575998644e-09,4.130916310104565547e-12,2.482496953796717465e-10,4.951638576462160056e-10,7.453224082257158355e-10,1.000078005452129715e-09,1.260387407191754979e-09,1.526503323995973008e-09,1.797461423083078780e-09,2.070220356257727234e-09,2.338235789045839352e-09,2.589148603519175258e-09,2.801183729913813062e-09,2.937934465666030882e-09,2.941855811178790856e-09,2.728971395950008297e-09,2.192950538198121336e-09,1.241937729613028133e-09,4.230701521667715052e-10,1.979542818337315394e-09,3.559014565630312107e-09,4.762042360066084282e-09,5.522601116360910672e-09,5.906296558519960620e-09,6.018016667951534901e-09,5.954139999225691817e-09,5.787255756574595724e-09,5.566509990582149655e-09,5.322957683950860273e-09,5.075189360914489288e-09,4.833743213604929549e-09,4.604167728871390899e-09,4.389015446630907019e-09,4.189092946366941858e-09,4.004225789921068769e-09,3.833718330032267155e-09,3.676625560838230940e-09,3.531910693850716861e-09,3.398533901359990239e-09,3.275499952559111625e-09,3.161881557191003171e-09,3.056822812782556278e-09,2.959518121813075298e-09,2.869204816243038244e-09,2.785159609512720356e-09,2.706694348947942509e-09,2.633151726851450533e-09,2.563901318285295426e-09,2.498336153029630358e-09,2.435869941032479734e-09,2.375935029275312395e-09,2.317981146612160461e-09,2.261474982708017172e-09,2.205900634509275555e-09,2.150760933856273759e-09,2.095579638104618987e-09,2.039904422606395445e-09,1.983310567158379519e-09,1.925405191461640291e-09,1.865831894260667439e-09,1.804275726055099663e-09,1.740468634394556015e-09,1.674195947168265687e-09,1.605305229817558865e-09,1.533720165274040971e-09,1.459464289161900114e-09,1.382703003622153713e-09,1.303818115843774611e-09,1.223538216432426501e-09,1.143160837497619031e-09,1.064914384232036408e-09,9.924988616251362349e-10,9.317496660956872340e-10,8.910561665617528752e-10,8.806016408572809960e-10,9.094044681915109774e-10,9.810196430183113712e-10,1.091195164931980923e-09,1.229054402918508647e-09
1.396735621747626673e-09,1.538591620718574836e-09,1.640226973339260694e-09,1.699536053329675026e-09,1.719762186551354882e-09,1.707496957740270211e-09,1.671052947174947056e-09,1.618959451998093018e-09,1.558802005596027029e-09,1.496577931280451908e-09,1.436531248440199360e-09,1.381307399950273477e-09,1.332261359470816753e-09,1.289800151691537285e-09,1.253692945370749204e-09,1.223320343855133494e-09,1.197858106930987145e-09,1.176402874025455794e-09,1.158052259235215156e-09,1.141951971160147133e-09,1.127320645240324785e-09,1.113460406364227257e-09,1.099758697321186478e-09,1.085684963521691976e-09,1.070784446247441250e-09,1.054670486229727260e-09,1.037016238114700912e-09,1.017546421016255947e-09,9.960295877978942035e-10,9.722713494646354831e-10,9.461090078314030129e-10,9.174081528565720534e-10,8.860619916316193544e-10,8.519945599219314355e-10,8.151696342766617969e-10,7.756083078162657149e-10,7.334201576558860795e-10,6.888562949021033556e-10,6.423982276049596948e-10,5.949052860409163823e-10,5.478543316902740781e-10,5.037074510122646782e-10,4.663804505389327106e-10,4.415343145322833006e-10,4.360332389367640660e-10,4.558572192073105840e-10,5.034845613003343836e-10,5.773836284330322314e-10,6.738577942993237247e-10,7.888758268543732720e-10,9.186828564725786447e-10,1.059559147423921083e-09,1.207255141217676334e-09,1.356362160149146831e-09,1.499769567395250054e-09,1.628434270980378522e-09,1.731860230963677041e-09,1.799787671689738714e-09,1.825247763987649579e-09,1.807845446469720236e-09,1.754279349443497559e-09,1.674141603068262974e-09,1.576600766835922107e-09,1.468990883493740732e-09,1.356607481014548266e-09,1.243017734142962982e-09,1.130496834311996495e-09,1.020425353136050490e-09,9.135992564248427165e-10,8.104534023606048025e-10,7.112131976972161881e-10,6.159854734958351955e-10,5.247843916261003252e-10,4.374568309904784729e-10,3.534081619300739602e-10,2.709072209574740920e-10,1.855923273291089881e-10,8.877524384217530629e-11,8.392684518711886162e-11,4.927657021008356516e-11,7.286804500432195916e-11,1.842669661803535434e-10,2.698217679190901989e-10,2.862433785387524104e-10,2.173559702388935862e-10,7.719791081348063821e-11,9.580136578101590904e-11,2.530451316840784005e-10,3.530808006907215900e-10,3.743062227678790275e-10,3.192782112661132986e-10,2.118907988732858374e-10,1.084073436325205364e-10,1.472547883072726078e-10,2.469246996514520017e-10,3.052436256359667919e-10,2.923064564376976251e-10,2.020713280255748452e-10,7.711532459844385037e-11,1.763523785270124911e-10,3.362125311416426490e-10,4.316110288536806571e-10,3.481272388943581967e-12,1.588395674414286560e-11,2.858114879391189956e-11,4.132984598391874551e-11,5.413096279575454539e-11,6.700042269169575583e-11,7.996013318768621491e-11,9.303696164342134693e-11,1.062628781602056112e-10,1.196753944437985910e-10,1.333181782886322474e-10,1.472418827946197990e-10,1.615052647545231350e-10,1.761766617479874111e-10,1.913358810784685264e-10,2.070765480357018340e-10,2.235089759906398205e-10,2.407636535763451354e-10,2.589954801351491231e-10,2.783888991609046449e-10,2.991640503962571785e-10,3.215839359241820079e-10,3.459622885827251048e-10,3.726712022195637457e-10,4.021464302233055451e-10,4.348863799599117654e-10,4.714383521285176636e-10,5.123641783451764694e-10,5.581845480400218352e-10,6.093442246145713570e-10,6.664122393334397967e-10,7.313382480860240451e-10,8.125401616951638296e-10,9.416441085977265894e-10,1.214356584535933188e-09,1.845049059064529971e-09,1.839865416786808064e-09,1.686429202917122213e-09,1.532468944287623100e-09,1.860587070795006657e-09,2.371475731698434202e-09,2.532866239472118110e-09,2.140260712649379544e-09,1.377652472390696040e-09,1.171381440266738188e-09,1.977411745280658574e-09,2.723622808187780098e-09,3.015988089567688544e-09,2.832415549522233563e-09,2.326120953330508444e-09,1.736660556902688258e-09,1.329333459325898162e-09,1.240864951347407445e-09,1.255153113822845757e-09,1.072582504538765666e-09,6.477454661781111846e-10,8.490986672961303814e-10,1.849262104669609640e-09,2.826388874451990208e-09,3.413293471263917353e-09,4.105880600317831440e-12,2.214308346972511998e-10,4.405383917702441359e-10,6.607001990028805746e-10,8.820172406238108447e-10,1.104005363486396509e-09,1.325228691897356014e-09,1.542756166695087394e-09,1.751348662166698060e-09,1.942263680374116137e-09,2.101565651842492362e-09,2.207910475022346517e-09,2.230059421748845880e-09,2.125119012894266637e-09,1.840152726350561505e-09,1.323694711793997479e-09,5.830327097188635168e-10,6.842366991529010742e-10,1.829771596576476330e-09,2.970029280028557199e-09,3.911339580401976328e-09,4.585393588910744674e-09,5.001619256836354228e-09,5.207316036505117145e-09,5.258534633836777373e-09,5.205151205990137936e-09,5.085919635838709316e-09,4.928627001720248688e-09,4.752143602303150827e-09,4.568756992813720078e-09,4.386163608300138291e-09,4.208973859110677055e-09,4.039778001953580231e-09,3.879872391574690352e-09,3.729742366661702944e-09,3.589378022452618781e-09,3.458478103548823666e-09,3.336580153363751588e-09,3.223142538164425258e-09,3.117595280203120541e-09,3.019365107668454152e-09,2.927871172563595035e-09,2.842530237043440121e-09,2.762762743312166712e-09,2.687996006581164541e-09,2.617665701812018947e-09,2.551216408003533974e-09,2.488101718168333780e-09,2.427784266134075312e-09,2.369735923360293594e-09,2.313438357740643797e-09,2.258384103128743123e-09,2.204078249730041711e-09,2.150040824666381935e-09,2.095809880555462438e-09,2.040945249481651616e-09,1.985032856673465499e-09,1.927689436749409297e-09,1.868567484926205724e-09,1.807360346941584223e-09,1.743807567636732303e-09,1.677701065602700333e-09,1.608893510258398749e-09,1.537311649038186072e-09,1.462979591227959837e-09,1.386060735695481812e-09,1.306932941591962050e-09,1.226320681633213825e-09,1.145520546285081783e-09,1.066768334150438935e-09,9.937862328274372291e-10,9.324514914127242322e-10,8.912098770927113508e-10,8.802857968521792462e-10,9.086674069543748214e-10,9.797747966921660437e-10,1.089167319640471869e-09,1.225826087707414596e-09
1.391727258821463779e-09,1.531587647167558176e-09,1.631436966823661654e-09,1.689322456880310150e-09,1.708507618675316854e-09,1.695495300715259083e-09,1.658459758601057719e-09,1.605799984736859798e-09,1.545012915962243368e-09,1.482057319707844980e-09,1.421179830106326535e-09,1.365053626260825162e-09,1.315070998934140348e-09,1.271674709012595440e-09,1.234662024327903323e-09,1.203432083309612301e-09,1.177170325969100486e-09,1.154976216520020341e-09,1.135945681015884477e-09,1.119220377826832568e-09,1.104014254634425489e-09,1.089625378892247981e-09,1.075438626849994130e-09,1.060922914038894247e-09,1.045625309131184524e-09,1.029163514196169077e-09,1.011217680457821467e-09,9.915222421433711249e-10,9.698583003605199231e-10,9.460470363882801570e-10,9.199446481774805697e-10,8.914394052346954500e-10,8.604516268743347740e-10,8.269377681889501212e-10,7.909004465832350101e-10,7.524073292760411747e-10,7.116236081668773128e-10,6.688657376802856410e-10,6.246887104593999646e-10,5.800254344605038549e-10,5.364019845688184371e-10,4.962434032900525525e-10,4.632106303933697317e-10,4.422901476884043073e-10,4.391465344146501891e-10,4.583907397125707578e-10,5.017035048371536094e-10,5.675700680418347095e-10,6.526405591664862290e-10,7.531079257323181524e-10,8.652430756269629415e-10,9.852918316193151341e-10,1.109124016212046027e-09,1.231869003508160761e-09,1.347682318491616961e-09,1.449797337945763576e-09,1.531050870255637428e-09,1.585021533688463662e-09,1.607643240141582097e-09,1.598601977577664619e-09,1.561392149225087881e-09,1.501656544337433683e-09,1.425450204639798471e-09,1.338177638333746458e-09,1.244175027934306802e-09,1.146689452923280405e-09,1.048041224077030642e-09,9.498403287357974548e-10,8.531956113853974489e-10,7.588958303497776335e-10,6.675615507222265885e-10,5.797727983430821850e-10,4.961710251637925869e-10,4.175068115727892693e-10,3.445326349445847934e-10,2.775010166797957842e-10,2.150391558317738155e-10,1.546233198700753441e-10,1.499817547964443386e-10,1.138880851590536809e-10,8.849510726870687310e-11,1.842488224337619218e-10,2.748523562367842010e-10,2.919030256512467179e-10,2.157281558875657948e-10,6.358061540702746952e-11,1.205030019403065742e-10,2.796662738047530474e-10,3.687992130997304137e-10,3.672509875680104828e-10,2.855024531599970323e-10,1.660161545172668514e-10,1.209667834839961276e-10,2.055552732055476264e-10,2.811403798361091131e-10,3.024544972701252685e-10,2.577775421476010262e-10,1.495370855382524463e-10,4.442174167019944910e-11,1.981588248732416321e-10,3.479732310992665838e-10,4.331874825167281088e-10,3.465351909177713348e-12,1.570003393237634832e-11,2.825721639996848330e-11,4.086477147998841992e-11,5.351993136957312944e-11,6.623614562898937834e-11,7.903300801055767003e-11,9.193510101975741944e-11,1.049721772187591545e-10,1.181797018518372134e-10,1.315996056145680674e-10,1.452812705529615906e-10,1.592828195999526736e-10,1.736727925406137274e-10,1.885322962253813858e-10,2.039577339733274931e-10,2.200642588118924565e-10,2.369901659057455410e-10,2.549025430712655851e-10,2.740046393812154715e-10,2.945455987232804577e-10,3.168334556055986920e-10,3.412526374812028360e-10,3.682877362286477791e-10,3.985561923455552602e-10,4.328543101528846681e-10,4.722252108498683106e-10,5.180682769832770008e-10,5.723396637087831274e-10,6.379767775566892411e-10,7.199075943073215268e-10,8.275994944296682117e-10,9.814701017063039841e-10,1.227776053378451352e-09,1.667680461519666811e-09,2.502333769198364404e-09,2.496193417200833809e-09,2.246309130295955217e-09,1.779155602138294484e-09,1.787234687101275665e-09,2.268717156033398230e-09,2.513564312230302810e-09,2.190871420725737273e-09,1.430023057921817458e-09,1.092112523354609387e-09,1.837796454487421227e-09,2.561601465258709563e-09,2.821913645353940484e-09,2.615205068094922677e-09,2.148512693667269932e-09,1.718872311628124744e-09,1.522062749018046515e-09,1.461880694268538263e-09,1.305736386829000566e-09,9.009199822871056324e-10,2.532754266053148614e-10,8.520740204451090460e-10,1.922285148655241406e-09,2.856555118427260908e-09,3.400692384901001726e-09,4.075521871008122751e-12,1.940295670192143101e-10,3.849183584404090488e-10,5.750146657639032197e-10,7.634208629419596051e-10,9.485794679727289656e-10,1.127915075482170249e-09,1.297352061808206425e-09,1.450664339149409071e-09,1.578628622638186903e-09,1.668002223466188888e-09,1.700475293605942933e-09,1.652033143584981398e-09,1.493750466855646362e-09,1.196393139330983527e-09,7.478989741362050195e-10,3.344564063264738227e-10,8.728323841138127162e-10,1.732079674114051699e-09,2.587682524596093373e-09,3.330743961525325060e-09,3.907588580341031707e-09,4.308579023907683314e-09,4.551999588083564828e-09,4.668341627461677232e-09,4.689659187086249702e-09,4.644134505849386150e-09,4.554225328465900888e-09,4.436741764235018849e-09,4.303725796683724037e-09,4.163514747188100519e-09,4.021709792470770144e-09,3.881957801475917920e-09,3.746542472736903878e-09,3.616813949999156753e-09,3.493493227640145339e-09,3.376884190684012893e-09,3.267019531871307053e-09,3.163760216112698615e-09,3.066862704729356688e-09,2.976018394537733643e-09,2.890861494173806032e-09,2.810983716791762389e-09,2.735947972122422721e-09,2.665297708210294886e-09,2.598563342876884291e-09,2.535266784265568381e-09,2.474924747042287336e-09,2.417051377215669514e-09,2.361160570785844327e-09,2.306768283416579437e-09,2.253395063679202596e-09,2.200568983787364708e-09,2.147829084364159884e-09,2.094729380568199453e-09,2.040843400892646586e-09,1.985769150269931365e-09,1.929134323946649668e-09,1.870601577282429350e-09,1.809873724929380515e-09,1.746698966470174177e-09,1.680876706330605830e-09,1.612265386689391987e-09,1.540795185354085052e-09,1.466490770889056087e-09,1.389513078120477278e-09,1.310235067600319653e-09,1.229375627448298482e-09,1.148228375263129227e-09,1.069033746216963434e-09,9.955322442698397595e-10,9.336374809613621674e-10,8.918447586967913182e-10,8.804145230768304679e-10,9.083080995907573071e-10,9.788262799809973794e-10,1.087360452908414385e-09,1.222763300271933395e-09
1.386836802266134859e-09,1.524684614372065002e-09,1.622737617728895049e-09,1.679194006780418819e-09,1.697344125739115165e-09,1.683610594674896516e-09,1.646033568152952565e-09,1.592880537363170213e-09,1.531555637755927705e-09,1.467974406912617069e-09,1.406382192535834553e-09,1.349477029775859057e-09,1.298686515577698055e-09,1.254487768740084885e-09,1.216705190772861426e-09,1.184755730913018752e-09,1.157833915879395033e-09,1.135041523135388810e-09,1.115472361904402046e-09,1.098263719096290412e-09,1.082624678780706302e-09,1.067849244785200464e-09,1.053319901743697566e-09,1.038505382413851643e-09,1.022955075402491438e-09,1.006291639331041783e-09,9.882028637501085907e-10,9.684335168856400748e-10,9.467777605662440703e-10,9.230726478952985040e-10,8.971932269230088859e-10,8.690498640522242410e-10,8.385885966013395094e-10,8.057956769123891696e-10,7.707080648440515176e-10,7.334325952224250405e-10,6.941780972143724966e-10,6.533071342138611404e-10,6.114174327610562703e-10,5.694668794214939270e-10,5.289565903068989070e-10,4.921714421782547955e-10,4.624060829062830247e-10,4.439334548818187119e-10,4.413837923690298250e-10,4.583824930784084334e-10,4.961763363422977716e-10,5.534212512535312376e-10,6.271476202657307344e-10,7.138295690515148524e-10,8.098914824892980605e-10,9.117268741733901944e-10,1.015510999354964610e-09,1.117007476871583894e-09,1.211490657149739059e-09,1.293878716447350019e-09,1.359153844584009289e-09,1.403077596876911911e-09,1.423049682466091948e-09,1.418743872282144240e-09,1.392087582121810369e-09,1.346518084887775443e-09,1.286061204757593785e-09,1.214627633393668690e-09,1.135624014354336367e-09,1.051817538601039883e-09,9.653574146622836905e-10,8.778753984686282834e-10,7.906182507442848791e-10,7.045912778505282253e-10,6.207110155345203822e-10,5.399777272520634578e-10,4.636831209411581262e-10,3.936503093020940334e-10,3.324095213905890699e-10,2.829614578963470567e-10,2.476610606630724951e-10,2.281217634011120279e-10,2.243492878478809769e-10,1.826076237777891487e-10,1.157601277106879640e-10,1.731548579780122897e-10,2.668311733586818209e-10,2.886549344780511970e-10,2.119123696930880815e-10,5.633174415829186002e-11,1.343347844373997813e-10,2.911686107229547697e-10,3.692905930736529356e-10,3.495972035174128801e-10,2.519432396035725225e-10,1.500477054067514110e-10,1.812375124063889987e-10,2.695489673932386071e-10,3.132875283174754662e-10,2.936766000329934067e-10,2.155612150837803810e-10,9.181311641294741223e-11,6.402586546190465443e-11,2.191683112893464003e-10,3.472318417049665081e-10,4.173193075084332395e-10,3.449843474605441468e-12,1.551619922206517694e-11,2.793464819810402983e-11,4.040115989537844965e-11,5.290861372312635998e-11,6.546756168017321011e-11,7.809503859913456795e-11,9.081326561479366554e-11,1.036498555074530615e-10,1.166384328060882794e-10,1.298194888348640984e-10,1.432414848646920561e-10,1.569622750554721227e-10,1.710509469718679531e-10,1.855902009682496370e-10,2.006794275964223836e-10,2.164387108809322526e-10,2.330140997068544482e-10,2.505846699759100675e-10,2.693721773511449741e-10,2.896545257146195526e-10,3.117849388536539357e-10,3.362197763456861999e-10,3.635596580767157599e-10,3.946114866224059382e-10,4.304841747175232838e-10,4.727407989213829611e-10,5.236501121164139962e-10,5.866242778161859278e-10,6.670291903877862329e-10,7.737800386104306235e-10,9.226258646384181917e-10,1.142972195510181831e-09,1.491533222984781762e-09,2.077640208170396197e-09,3.106864984450611803e-09,3.101157497255851169e-09,2.771786062522008573e-09,2.029501339933873367e-09,1.640692571096097774e-09,2.046634128938333936e-09,2.401295152653449072e-09,2.192991346824829074e-09,1.477902283962534544e-09,9.645956921536513613e-10,1.566538006010411205e-09,2.258275998204717544e-09,2.533230785925011295e-09,2.413552352680056632e-09,2.141429154964128668e-09,1.961442396487414898e-09,1.874663358197457529e-09,1.700250271482522270e-09,1.316443350607738166e-09,7.056244511642602911e-10,1.202512138447772716e-10,1.050107741742900435e-09,2.007710736258084175e-09,2.806389719632061645e-09,3.262557528670029967e-09,4.040312254410186807e-12,1.669688131789805323e-10,3.301834214766283138e-10,4.911639067510893597e-10,6.482848236534867024e-10,7.992762643799553008e-10,9.409148867813859302e-10,1.068646404281724578e-09,1.176131619537819171e-09,1.254739195804782819e-09,1.293070544463833945e-09,1.276727356262312873e-09,1.188782651124506052e-09,1.012016032208021418e-09,7.365435419391253614e-10,4.035052266625292855e-10,4.439416802990564563e-10,9.964642410650055410e-10,1.661148518276638698e-09,2.323865164049642298e-09,2.918953409256938928e-09,3.407160157230929704e-09,3.774207836371035229e-09,4.024668816281821116e-09,4.173987309258553957e-09,4.241778681452663283e-09,4.247483654786240963e-09,4.208142734513930258e-09,4.137620462522380581e-09,4.046646455230435466e-09,3.943228401257153382e-09,3.833175142609615922e-09,3.720598186286920808e-09,3.608338379633348256e-09,3.498305846965180636e-09,3.391740125581581334e-09,3.289404076027709759e-09,3.191725874565558567e-09,3.098901692555030633e-09,3.010969260731081671e-09,2.927854705843543638e-09,2.849387790355159198e-09,2.775322775986419852e-09,2.705357432526474889e-09,2.639146944559076616e-09,2.576314202350920365e-09,2.516457557297355785e-09,2.459156839829429155e-09,2.403978241884474003e-09,2.350478530147086569e-09,2.298208958503882548e-09,2.246719171077677472e-09,2.195561318786754656e-09,2.144294539668697833e-09,2.092489872565705933e-09,2.039735581846751428e-09,1.985642776248956115e-09,1.929851126093521041e-09,1.872034450700443276e-09,1.811906013553238085e-09,1.749223594368478283e-09,1.683794903362921955e-09,1.615484798568956415e-09,1.544227267179266331e-09,1.470047557345373921e-09,1.393103712537396858e-09,1.313762846290421378e-09,1.232736731714794148e-09,1.151313817414014084e-09,1.071736123385250043e-09,9.977581732732721687e-10,9.353239448957247109e-10,8.929710488957716736e-10,8.809910982868115652e-10,9.083231294427269814e-10,9.781658091635740853e-10,1.085764050624620035e-09,1.219855647493441556e-09
1.382055838853876079e-09,1.517877854219751954e-09,1.614128732091510066e-09,1.669154866909870317e-09,1.686279195399446887e-09,1.671852063084858266e-09,1.633783775777033492e-09,1.580209621568066878e-09,1.518437373329568280e-09,1.454335162283623897e-09,1.392143381538122574e-09,1.334582050383940419e-09,1.283111942555840737e-09,1.238242995042728904e-09,1.199825620814220255e-09,1.167293719980142118e-09,1.139850196043416263e-09,1.116598521485251050e-09,1.096629851420021702e-09,1.079076664544152647e-09,1.063142875181436482e-09,1.048118271557480428e-09,1.033382957879138435e-09,1.018405646789061114e-09,1.002738329390120353e-09,9.860089739212837658e-10,9.679133659779386403e-10,9.482068895406665825e-10,9.266968745226740333e-10,9.032360576737864487e-10,8.777176975225722853e-10,8.500729562367380752e-10,8.202713311086868546e-10,7.883252275517769515e-10,7.543002783497830295e-10,7.183338280751849813e-10,6.806652457401926468e-10,6.416835232684825599e-10,6.019998785875218672e-10,5.625548790464032467e-10,5.247673383604300860e-10,4.907156556652512370e-10,4.632814323354756874e-10,4.460605767152911790e-10,4.428312102888907849e-10,4.565137577852464067e-10,4.881372642934657979e-10,5.366092555195597540e-10,5.993672751314429586e-10,6.732171799752300023e-10,7.548222932520823446e-10,8.408195699539277411e-10,9.277523236705073878e-10,1.011983350894787208e-09,1.089688353991454042e-09,1.156989067762855857e-09,1.210252200029238261e-09,1.246527012589217338e-09,1.264012152698937439e-09,1.262364436159222263e-09,1.242673010094209439e-09,1.207090034189418076e-09,1.158323367124617730e-09,1.099187495860137674e-09,1.032301181168490560e-09,9.599341750127413734e-10,8.839676748171357837e-10,8.059290592327539763e-10,7.270727141835219153e-10,6.484949592649338796e-10,5.712890739560492776e-10,4.967674149837843596e-10,4.268019267953318867e-10,3.643414460424799896e-10,3.140381110121666737e-10,2.823435326074937730e-10,2.757624899671684412e-10,2.992380359651250015e-10,2.968466319570074254e-10,2.488651296387248954e-10,1.474233869953569482e-10,1.509332079401336882e-10,2.466811370296084117e-10,2.780836974334261936e-10,2.075723920836591324e-10,5.713859953336262255e-11,1.359974309470240115e-10,2.861998704142214907e-10,3.532257473227339108e-10,3.204737040421514165e-10,2.209110740845153979e-10,1.703083503384788641e-10,2.513304158085808232e-10,3.302583793079414349e-10,3.417710301939464917e-10,2.817126648289690178e-10,1.698549676487977611e-10,3.222128776329387957e-11,1.101408088969334400e-10,2.382207195191511546e-10,3.354863968715361147e-10,3.858877722665332367e-10,3.434435437564539320e-12,1.533571886172246210e-11,2.762004170139202106e-11,3.994915782334759298e-11,5.231107733483689542e-11,6.471314081787663230e-11,7.716966039446722274e-11,8.970047554893971858e-11,1.023311714141424181e-10,1.150937544028476170e-10,1.280275778428651072e-10,1.411805232661426176e-10,1.546105120007588426e-10,1.683874585832782074e-10,1.825958146632350391e-10,1.973379075058296307e-10,2.127383701786051315e-10,2.289501138752242988e-10,2.461625417090619025e-10,2.646131010145457429e-10,2.846039105749623611e-10,3.065262320740754421e-10,3.308972449547987108e-10,3.584163821164154675e-10,3.900531925527071386e-10,4.271867923003000211e-10,4.718313132296301874e-10,5.270082478020341673e-10,5.973778105324007637e-10,6.903444375933928110e-10,8.180615248704348088e-10,1.001177201090585925e-09,1.275931625865767615e-09,1.707494658753627353e-09,2.414426109736819404e-09,3.612567877802343377e-09,3.608428254476305647e-09,3.218747816108326235e-09,2.258311723648644094e-09,1.446142954199229779e-09,1.718339941259486319e-09,2.207444368005897300e-09,2.146880704330408948e-09,1.519701864242921465e-09,8.336153944776989522e-10,1.181089820974086573e-09,1.827949488734595728e-09,2.160450877833350220e-09,2.229891742970673107e-09,2.256751851816237843e-09,2.317404600058304341e-09,2.260013430553922027e-09,1.927969205392802417e-09,1.304463873090538193e-09,4.926621521242132500e-10,4.502785673636399466e-10,1.314072940072815943e-09,2.095257401069241845e-09,2.700415814510818349e-09,3.033687771868828776e-09,4.002096826663539645e-12,1.409891797113773627e-10,2.778242582396112101e-10,4.113966646109856204e-10,5.396081947618063988e-10,6.597918015114840843e-10,7.684697905738007460e-10,8.610908555017859108e-10,9.317597869206706480e-10,9.730098112642470437e-10,9.757307627993259912e-10,9.294946914047102256e-10,8.238470954300904791e-10,6.524382111968920491e-10,4.311505721405591820e-10,3.203333281931667603e-10,6.053684007981256412e-10,1.077485836797552935e-09,1.605425175832427026e-09,2.132265914710877856e-09,2.616305679718473859e-09,3.029310797124843030e-09,3.357482865247091375e-09,3.599369681863451775e-09,3.761965358152979721e-09,3.856749505593194080e-09,3.896627051385448433e-09,3.893986959390189026e-09,3.859701695058958562e-09,3.802772344302702143e-09,3.730351951517737300e-09,3.647954279047287741e-09,3.559727973380930277e-09,3.468730520843246233e-09,3.377171474219543808e-09,3.286614689128371346e-09,3.198139762103253167e-09,3.112467472909871475e-09,3.030055466983458485e-09,2.951170285594075928e-09,2.875935712909853492e-09,2.804351082284401115e-09,2.736315160670316010e-09,2.671648185129048088e-09,2.610108685414075479e-09,2.551406450689869548e-09,2.495212673401191536e-09,2.441168065511351186e-09,2.388889570469852191e-09,2.337976169371513883e-09,2.288014185604306073e-09,2.238582414190502898e-09,2.189257328262606637e-09,2.139618535191953350e-09,2.089254563289873944e-09,2.037768955331511328e-09,1.984786536657510819e-09,1.929959632388938997e-09,1.872973965844248841e-09,1.813554032504309954e-09,1.751467984792783988e-09,1.686532585640996322e-09,1.618619732227682772e-09,1.547667622342371841e-09,1.473702151125963472e-09,1.396878090551167823e-09,1.317555773861424811e-09,1.236438274362349824e-09,1.154806513668588648e-09,1.074900746992615840e-09,1.000484787060413391e-09,9.375264839321949504e-10,8.945981940768918885e-10,8.820180740670580666e-10,9.087085326261788396e-10,9.777847478636858920e-10,1.084367363928359596e-09,1.217092527566898771e-09
1.377375740230167038e-09,1.511162424484833909e-09,1.605609775433191521e-09,1.659208843320622998e-09,1.675320005241096764e-09,1.660228689037618288e-09,1.621719599774587634e-09,1.567795616984841089e-09,1.505665239061794508e-09,1.441145501808225861e-09,1.378468389538562838e-09,1.320373025630630292e-09,1.268351102976621023e-09,1.222943671071142778e-09,1.184025873403822890e-09,1.151047564371045859e-09,1.123219197016653312e-09,1.099645212829785688e-09,1.079413466637606606e-09,1.061651075972215650e-09,1.045556349272626929e-09,1.030414564508883358e-09,1.015603297519138627e-09,1.000591227160179412e-09,9.849330325687143531e-10,9.682621214266471477e-10,9.502823771601715016e-10,9.307597842693437892e-10,9.095146015901665436e-10,8.864146567919632346e-10,8.613703100821065988e-10,8.343316828362837136e-10,8.052888819319174323e-10,7.742762041748495866e-10,7.413817222186662050e-10,7.067642963464205481e-10,6.706809920550154288e-10,6.335291271573630486e-10,5.959085015328082752e-10,5.587097774108785459e-10,5.232314051363933094e-10,4.913124010710612422e-10,4.654203079436980845e-10,4.485459376233878069e-10,4.437780361004299838e-10,4.535244737361238390e-10,4.787177979913812023e-10,5.185529820554162005e-10,5.708914680936858816e-10,6.329094042381338538e-10,7.015624922490967780e-10,7.737735682878310380e-10,8.464530672292396667e-10,9.164796922013016153e-10,9.807239843112416204e-10,1.036156485741669601e-09,1.080048652238731646e-09,1.110237858687219973e-09,1.125386906051351257e-09,1.125141707398295983e-09,1.110110054477385575e-09,1.081661988615689194e-09,1.041637810801766830e-09,9.920618198024779818e-10,9.349221558068897666e-10,8.720348366051753776e-10,8.049841357917273003e-10,7.351228894212692799e-10,6.636196908537202828e-10,5.915511552325692381e-10,5.200568686650257992e-10,4.506088274555930224e-10,3.855082008075609643e-10,3.287979135500426100e-10,2.876294358238866596e-10,2.727633959962652465e-10,2.949097212531444156e-10,3.610202011999718605e-10,3.603503716854838911e-10,3.069879389349136268e-10,1.778978461870434096e-10,1.188056949081694110e-10,2.176384162939128338e-10,2.634746972703440659e-10,2.047490468975223159e-10,6.489415833578327234e-11,1.254229348596072224e-10,2.652879204982520969e-10,3.211871213461822629e-10,2.800081558215127700e-10,1.933651101005273453e-10,2.074546874412933761e-10,3.140662900290193036e-10,3.810692001749480395e-10,3.646181904428985357e-10,2.705008221991296373e-10,1.302820221104645220e-10,3.180404564537837742e-11,1.558836059836819590e-10,2.542643905495228322e-10,3.174700502342811305e-10,3.461761800922816962e-10,3.418843539738798279e-12,1.516236149648060386e-11,2.732066150933164066e-11,3.951961994734595703e-11,5.174200469419009435e-11,6.399173030959543462e-11,7.628030563828822844e-11,8.862524254744892690e-11,1.010502794573655723e-10,1.135860929332965097e-10,1.262712623777744832e-10,1.391534864993836327e-10,1.522911282424354739e-10,1.657552092630075283e-10,1.796320205104924283e-10,1.940265814925126279e-10,2.090672880564904839e-10,2.249122656890847585e-10,2.417582371211507182e-10,2.598531908925926395e-10,2.795149233311409539e-10,3.011588247734621756e-10,3.253404410515076841e-10,3.528219594769217641e-10,3.846778699284539772e-10,4.224654209821925099e-10,4.685033139226997888e-10,5.263332612267346215e-10,6.014950614718640456e-10,7.028498136527250388e-10,8.448841216134349469e-10,1.051808073103712141e-09,1.364970004822730039e-09,1.856382579326227135e-09,2.653370503119775025e-09,3.983289903951227312e-09,3.981506280118805272e-09,3.553679506311818954e-09,2.445748198567411689e-09,1.248768215233423162e-09,1.305728192771547845e-09,1.951198316242784777e-09,2.055007823106304455e-09,1.553131901905703960e-09,7.790522017613684022e-10,7.145239814471393261e-10,1.295156759176793105e-09,1.723916560437632888e-09,2.058233114780339040e-09,2.406887011962772070e-09,2.657364708280381364e-09,2.598798532959375155e-09,2.124257557746018187e-09,1.292372120526569621e-09,2.828033918853212197e-10,7.215307027091292147e-10,1.555651267112387105e-09,2.174289182777382997e-09,2.577598193291859415e-09,2.775697734865084548e-09,3.963565158541680132e-12,1.166453894247216239e-10,2.289447881901108794e-10,3.373374840874247869e-10,4.394736585575914008e-10,5.325440806582800315e-10,6.131088668131278683e-10,6.769418138608448701e-10,7.189171656985460874e-10,7.330070146650348391e-10,7.125369375746542478e-10,6.510600150959947115e-10,5.450142467694592213e-10,4.037556296999909827e-10,2.994402629344192651e-10,4.201497085365826064e-10,7.345319403461317668e-10,1.130352022034604606e-09,1.558994735534771553e-09,1.986961232097487081e-09,2.386617175368826708e-09,2.737582720608240886e-09,3.028040454983510443e-09,3.254216875722709143e-09,3.418539666705478631e-09,3.527378784725040758e-09,3.589028101200216918e-09,3.612216907107678874e-09,3.605175629448674533e-09,3.575150625183102837e-09,3.528229761569342456e-09,3.469356405969381348e-09,3.402441612705705742e-09,3.330515734965504002e-09,3.255885118286248643e-09,3.180276194939673107e-09,3.104959615116533659e-09,3.030852883466957284e-09,2.958602924046669589e-09,2.888651240009549066e-09,2.821279403951575600e-09,2.756627008241259274e-09,2.694715911918447068e-09,2.635473269926726777e-09,2.578749734950402841e-09,2.524333949051288901e-09,2.471964219219086487e-09,2.421338097722506713e-09,2.372120456433082485e-09,2.323950544167920691e-09,2.276448435944675921e-09,2.229221211735507327e-09,2.181869129683226310e-09,2.133991975315095221e-09,2.085195668992513185e-09,2.035099098028287889e-09,1.983341018073734470e-09,1.929586761202970206e-09,1.873534435163936702e-09,1.814920357060678343e-09,1.753523715452272441e-09,1.689171005207167280e-09,1.621741774054283137e-09,1.551178864708085505e-09,1.477508947674241785e-09,1.400883206415926552e-09,1.321654292090722949e-09,1.240514953132834917e-09,1.158736074097901497e-09,1.078552503158756604e-09,1.003732183296401180e-09,9.402598612417548653e-10,8.967347723646499620e-10,8.834972572652151578e-10,9.094598250010742250e-10,9.776741488461064911e-10,1.083159445277761790e-09,1.214463157908506057e-09
1.372787688158954678e-09,1.504533130833850851e-09,1.597179889735734805e-09,1.649359388507812033e-09,1.664473410098732519e-09,1.648749192186672038e-09,1.609850057691355699e-09,1.555646768075355425e-09,1.493246282066391842e-09,1.428411322253789567e-09,1.365362204006370308e-09,1.306854252785900256e-09,1.254407688832699740e-09,1.208592801513887887e-09,1.169308026022524442e-09,1.136018038707170808e-09,1.107939897877321549e-09,1.084178179869060030e-09,1.063816684436170297e-09,1.045976498404485708e-09,1.029849762488205069e-09,1.014716811002009416e-09,9.999523945497991593e-10,9.850249827309833539e-10,9.694918520625551079e-10,9.529917857128967441e-10,9.352366511767199828e-10,9.160027768698886100e-10,8.951228413607619888e-10,8.724788718878283019e-10,8.479968999769422496e-10,8.216438410856282440e-10,7.934272599929562618e-10,7.633988766961608572e-10,7.316629858817792838e-10,6.983914409377505776e-10,6.638475121614736160e-10,6.284217226696615247e-10,5.926834227784768256e-10,5.574514915587628167e-10,5.238837937324857161e-10,4.935727764778639795e-10,4.685984775642985126e-10,4.514289780256199324e-10,4.445962960941952721e-10,4.501223670299106136e-10,4.689031474053591790e-10,5.004250809443271726e-10,5.429769082457788512e-10,5.941309559184314649e-10,6.511681438386032073e-10,7.113116545835035266e-10,7.718117864640780814e-10,8.299727785347536209e-10,8.831899987443753238e-10,9.290316503140980096e-10,9.653698356017889255e-10,9.905402965019444547e-10,1.003488977944653069e-09,1.003854785651046478e-09,9.919522924382248065e-10,9.686554627454942232e-10,9.352215873951063556e-10,8.931058129551123320e-10,8.438040818253781282e-10,7.887424691102310242e-10,7.292155096708621938e-10,6.663690099675781185e-10,6.012238953108404110e-10,5.347470922087921641e-10,4.679981356801485370e-10,4.024325103554138550e-10,3.405645057802225716e-10,2.874215797386466329e-10,2.531221521604608401e-10,2.537375889096815626e-10,3.031469313411924609e-10,4.078061238224729496e-10,4.089737423736362283e-10,3.518936740721059548e-10,2.030672520419610305e-10,7.916333024468653692e-11,1.858257590725393266e-10,2.493952939876214719e-10,2.050558919540230988e-10,7.661508517432418060e-11,1.037210072199083032e-10,2.311090572509433680e-10,2.760745163906836643e-10,2.297563089376938081e-10,1.686650168558293308e-10,2.416941423640292058e-10,3.605700816500936157e-10,4.165825760987935522e-10,3.798777656733699513e-10,2.646095870659487631e-10,1.161084875114707683e-10,8.739763075752609057e-11,1.934894325411456447e-10,2.665017348633806630e-10,3.018477749579074783e-10,3.133783225117545262e-10,3.402904830486757593e-12,1.500024225745429884e-11,2.704401472969689095e-11,3.912342634408868153e-11,5.121575941050059897e-11,6.332137250958320551e-11,7.544897215120282218e-11,8.761388491520867065e-11,9.983828237370911592e-11,1.121519098494702789e-10,1.245930560691550776e-10,1.372097552067605710e-10,1.500612974047660879e-10,1.632201727917698655e-10,1.767746216748109186e-10,1.908320310169862488e-10,2.055235247878446559e-10,2.210102738521068380e-10,2.374923483950080658e-10,2.552214326365189691e-10,2.745195551350965149e-10,2.958073951668254364e-10,3.196481164015243267e-10,3.468167654785239434e-10,3.784122902566678422e-10,4.160413134168934652e-10,4.621236133774615268e-10,5.204051456499959902e-10,5.968264868567508681e-10,7.010031695072011697e-10,8.487692255460504780e-10,1.066596468213764068e-09,1.399385100475815539e-09,1.924400645584702927e-09,2.776461118960189065e-09,4.193647258438746312e-09,4.194564154993249834e-09,3.753200637560549437e-09,2.577813720411656193e-09,1.117410536934789697e-09,8.401927202127656286e-10,1.659401529802322724e-09,1.921647158280081446e-09,1.575708306109940030e-09,8.750400429921103667e-10,2.955220144011552132e-10,6.991880315405185851e-10,1.260078302870763953e-09,1.888074130511621620e-09,2.513579944761454328e-09,2.903208660050377961e-09,2.844243250070455827e-09,2.273722731731759526e-09,1.304400249010186829e-09,2.004934274703528791e-10,9.192265246044183128e-10,1.728554196964891615e-09,2.235354658750476079e-09,2.488197234402387999e-09,2.579756651506118010e-09,3.927398338418095210e-12,9.432453251378145544e-11,1.843100971916754861e-10,2.700826071084132624e-10,3.492231662888382761e-10,4.189789342991727215e-10,4.761599996220412614e-10,5.170828763059905154e-10,5.376019683709505760e-10,5.333338458915361154e-10,5.003398541467709801e-10,4.371013392687683508e-10,3.511482186997948653e-10,2.838784605523822393e-10,3.394150008887066280e-10,5.428253318861378080e-10,8.305414241704179245e-10,1.164030032126764994e-09,1.518563292424121390e-09,1.872620754776569671e-09,2.207228342549727665e-09,2.507507136499409116e-09,2.763800345924221405e-09,2.971727094044744137e-09,3.131352401909825914e-09,3.245928989390728567e-09,3.320614988415388993e-09,3.361407154215384985e-09,3.374374980858994451e-09,3.365182042624380776e-09,3.338835479030236350e-09,3.299595048737502080e-09,3.250981898953909411e-09,3.195842055613584951e-09,3.136434192068879986e-09,3.074522901018642259e-09,3.011467022216914460e-09,2.948298032324466811e-09,2.885786814626777966e-09,2.824498971616148458e-09,2.764834654938173223e-09,2.707043740470017987e-09,2.651248419026589896e-09,2.597465575942482519e-09,2.545625065584533245e-09,2.495584703988426301e-09,2.447142682823613938e-09,2.400048004611858220e-09,2.354009455429432855e-09,2.308703562984513390e-09,2.263781928692112813e-09,2.218878263201369086e-09,2.173615387936816467e-09,2.127612381398334051e-09,2.080491944364470103e-09,2.031887932463170345e-09,1.981452869720193525e-09,1.928865135685531433e-09,1.873835454486392321e-09,1.816112369383000044e-09,1.755486646766599656e-09,1.691795133081688367e-09,1.624925635721382337e-09,1.554826122092601079e-09,1.481524242494789895e-09,1.405167355846586397e-09,1.326099580271739783e-09,1.245001693061574349e-09,1.163131896052074021e-09,1.082715709346756939e-09,1.007519634335721420e-09,9.435378816612788303e-10,8.993884263201994355e-10,8.854297020872952734e-10,9.105720362413088523e-10,9.778247999028064022e-10,1.082129186700457781e-09,1.211956604238540638e-09
1.368282699783334294e-09,1.497984548305018038e-09,1.588837910268377159e-09,1.639609606169528422e-09,1.653745930104232478e-09,1.637422006571151876e-09,1.598183947993242437e-09,1.543771180681884496e-09,1.481187494337599802e-09,1.416138530269734395e-09,1.352829848679721230e-09,1.294030042416617982e-09,1.241285330986844712e-09,1.195193206565629347e-09,1.155673802976374280e-09,1.122205353225997732e-09,1.094010460970728307e-09,1.070192895430653983e-09,1.049831538313693181e-09,1.032040661419185018e-09,1.016005553685842485e-09,1.001001043274496857e-09,9.863986225329679461e-10,9.716662347392190025e-10,9.563635149096603355e-10,9.401344016743520047e-10,9.226984673327824158e-10,9.038419524827293118e-10,8.834092639977341886e-10,8.612955552960526593e-10,8.374409329429635132e-10,8.118268207692041203e-10,7.844750662989973022e-10,7.554505065447885257e-10,7.248679369607697105e-10,6.929047603763535958e-10,6.598210259880242473e-10,6.259890294283200179e-10,5.919348747338662650e-10,5.583936867139915879e-10,5.263768385408666155e-10,4.972403691239721238e-10,4.727171979948108327e-10,4.548325552707870113e-10,4.456657489853935083e-10,4.469340482228713942e-10,4.595174782648999236e-10,4.831737018704209438e-10,5.166065235571645391e-10,5.577976481928470930e-10,6.043738839482022044e-10,6.538619621943432799e-10,7.038196127460870966e-10,7.518972700725937812e-10,7.958845847272388468e-10,8.337725431412451039e-10,8.638382971399755342e-10,8.847411205168828438e-10,8.956055340674596716e-10,8.960644701699306740e-10,8.862442630684115780e-10,8.666919474424679060e-10,8.382638769231460720e-10,8.020023516888836555e-10,7.590232347162191146e-10,7.104284492191368680e-10,6.572486937293176694e-10,6.004169642002807550e-10,5.407741352907745612e-10,4.791165291310117624e-10,4.163209023654618174e-10,3.536533562976405871e-10,2.935724618481080166e-10,2.418568403941378783e-10,2.121216098396343901e-10,2.267801615823073892e-10,3.001015734637363987e-10,4.351955023811493247e-10,4.380789684117099952e-10,3.794425496429004126e-10,2.198962917430145676e-10,3.688050662076467088e-11,1.609529023343241009e-10,2.404869181508316860e-10,2.087817773791001706e-10,8.964224556989820354e-11,7.352261364244538205e-11,1.891822816140341644e-10,2.237913827715907860e-10,1.731104987904341482e-10,1.447819769336500470e-10,2.618584975337959014e-10,3.849791820561843862e-10,4.326251535952452401e-10,3.860239234678510779e-10,2.677686525608472934e-10,1.402169476544040474e-10,1.372655243351234194e-10,2.185173959980654648e-10,2.745108490450297831e-10,2.998830766152085442e-10,3.093650330379661513e-10,3.386641595999469721e-12,1.485372969294593964e-11,2.679756009729279055e-11,3.877099274355338581e-11,5.074568853972358628e-11,6.271838331913842438e-11,7.469505648449277780e-11,8.668909007184945542e-11,9.872149543093928194e-11,1.108216397059479825e-10,1.230281819192605916e-10,1.353902016498395679e-10,1.479685939634949524e-10,1.608378533024683154e-10,1.740884138362269682e-10,1.878297725376431353e-10,2.021947131268509663e-10,2.173451017184291227e-10,2.334799844018441299e-10,2.508471601046261276e-10,2.697601648373712436e-10,2.906239270470835073e-10,3.139746722873472014e-10,3.405437564249917675e-10,3.713624194141206630e-10,4.079375574975725522e-10,4.525520870090870702e-10,5.087851605009725346e-10,5.824201430177169441e-10,6.830314697650521694e-10,8.267460201082558325e-10,1.041019741249371601e-09,1.372898838919922654e-09,1.903470601262354572e-09,2.773617634993665961e-09,4.230586851629015374e-09,4.234046220761026418e-09,3.805127511465309864e-09,2.646985491005326930e-09,1.121324879354613250e-09,3.833561653432813349e-10,1.367171798744498545e-09,1.752455549225296132e-09,1.585260757090976224e-09,1.104170281001482384e-09,5.582103513406929788e-10,2.294666440273814215e-10,8.469000248929762180e-10,1.709586383758048087e-09,2.524519657166941578e-09,3.011143757887917354e-09,2.968678593853818194e-09,2.366061521697476923e-09,1.358823250945817410e-09,3.834236099183857683e-10,1.034640529935338402e-09,1.807197395477801237e-09,2.271546770634985159e-09,2.480697205738491324e-09,2.545891648027878059e-09,3.895369523464298722e-12,7.428218089518298131e-11,1.444323409072544029e-10,2.103538093805070344e-10,2.697098599169954645e-10,3.199659953766809672e-10,3.583569680380322120e-10,3.819398716740356812e-10,3.878116930280377953e-10,3.737117974031980918e-10,3.396640663768611101e-10,2.928234322802227810e-10,2.609194900659338608e-10,3.009134418816151589e-10,4.380536003936920236e-10,6.461186967788813919e-10,9.005135861177248773e-10,1.184231541674883771e-09,1.482183315427665742e-09,1.779747432934307944e-09,2.063498473837037503e-09,2.322418986572997524e-09,2.548764638373017405e-09,2.738294737662053494e-09,2.889931613590444971e-09,3.005073967801434115e-09,3.086800858538974703e-09,3.139136713682915802e-09,3.166465410119481432e-09,3.173116195334777370e-09,3.163105104405480747e-09,3.139998633622646396e-09,3.106863918096699028e-09,3.066274443678012612e-09,3.020347605706953839e-09,2.970797569370833449e-09,2.918992763031156990e-09,2.866011689110536402e-09,2.812693725373922531e-09,2.759683506977179965e-09,2.707463659889859499e-09,2.656365734623496879e-09,2.606589781948222146e-09,2.558224883145324611e-09,2.511266479192687634e-09,2.465631023587586840e-09,2.421168453395599314e-09,2.377672935540887679e-09,2.334892309223396251e-09,2.292536610928342341e-09,2.250286032889087922e-09,2.207798622032122018e-09,2.164717967654701220e-09,2.120681044340658225e-09,2.075326267968414470e-09,2.028301687892212274e-09,1.979273090648797711e-09,1.927931654864131046e-09,1.874000721062548490e-09,1.817241290644681388e-09,1.757456138445009035e-09,1.694493032579896158e-09,1.628248658021014498e-09,1.558676645136130855e-09,1.485805920544066346e-09,1.409779882825507265e-09,1.330933339097394023e-09,1.249933451547364077e-09,1.168022981432781980e-09,1.087413943509520178e-09,1.011865437525505220e-09,9.473732799929759319e-10,9.025658061654738498e-10,8.878157115419957268e-10,9.120397501583024227e-10,9.782272731424976940e-10,1.081265359868601883e-09,1.209561810677216186e-09
1.363851652826960166e-09,1.491511042280400084e-09,1.580582382215062904e-09,1.629962256417608733e-09,1.643143739636561124e-09,1.626255259748109757e-09,1.586729832966381374e-09,1.532176818490214515e-09,1.469495824521977137e-09,1.404333066670706473e-09,1.340876418144052380e-09,1.281904764268713110e-09,1.228987661250149938e-09,1.182747608535179952e-09,1.143124697511544718e-09,1.109609324162057612e-09,1.081428464289963821e-09,1.057684031166683633e-09,1.037449017622896899e-09,1.019829984176538204e-09,1.004004567425073747e-09,9.892414080577570325e-10,9.749081884219864070e-10,9.604718911382534996e-10,9.454941558744788106e-10,9.296237440688988010e-10,9.125875442494481300e-10,8.941811741281348528e-10,8.742599867721354836e-10,8.527311233635132772e-10,8.295471522692337489e-10,8.047017886856998947e-10,7.782282016479469099e-10,7.502004925607524107e-10,7.207390758945408764e-10,6.900209087008764335e-10,6.582957796660058827e-10,6.259101042208838698e-10,5.933396648003729843e-10,5.612319629923875724e-10,5.304562000175017716e-10,5.021523787487788139e-10,4.777515580907012452e-10,4.589081585231092825e-10,4.473298003790412296e-10,4.444812090285934296e-10,4.512233847441805430e-10,4.675467318477366295e-10,4.925410738007675774e-10,5.245969855409518619e-10,5.616998002757008206e-10,6.016810618118974639e-10,6.423792239103581531e-10,6.817293386657807696e-10,7.178197907657635935e-10,7.489436834052567596e-10,7.736553418267697745e-10,7.908281478538162879e-10,7.997012713998502728e-10,7.999008918010216225e-10,7.914263902918346687e-10,7.746016120339925923e-10,7.500008549115136762e-10,7.183641098141736644e-10,6.805153516250518478e-10,6.372935420587445252e-10,5.895013243343012658e-10,5.378733707058281953e-10,4.830668015884295341e-10,4.256834340114204971e-10,3.663587279818962779e-10,3.060340758068378975e-10,2.468130128846460443e-10,1.947726345743677461e-10,1.674872266664883930e-10,1.946865703458565436e-10,2.862772315730081503e-10,4.403029054988771615e-10,4.445656429812198930e-10,3.868124672351394685e-10,2.263919666311203675e-10,2.692502732046872611e-11,1.539437448524418845e-10,2.393407527594547786e-10,2.145248052333267137e-10,1.021880061016268388e-10,4.179729097263798381e-11,1.496181557255366563e-10,1.748157997339804751e-10,1.164942568741768574e-10,1.190436597701468283e-10,2.620679799225312300e-10,3.835657648412191704e-10,4.265279670334184542e-10,3.822884179605769696e-10,2.810017949884980483e-10,1.873733200064538170e-10,1.784290485660416490e-10,2.279196214672311667e-10,2.783174388239970101e-10,3.197230711727257333e-10,3.476408285788862095e-10,3.370271160672972295e-12,1.472742494691314158e-11,2.658859837266944921e-11,3.847205713163450056e-11,5.034377830688801456e-11,6.219683982609512540e-11,7.403462921312075048e-11,8.586892935837099081e-11,9.772015207066090552e-11,1.096180413552035611e-10,1.216025300787659462e-10,1.337247246111146174e-10,1.460480870611303693e-10,1.586499320871415411e-10,1.716233921813760651e-10,1.850800470711077577e-10,1.991534743506523895e-10,2.140040809180356889e-10,2.298257534315894659e-10,2.468551834581021673e-10,2.653852920316272995e-10,2.857852104417835847e-10,3.085311723752505861e-10,3.342562214346707980e-10,3.638333797565246454e-10,3.985199006326315108e-10,4.402153642731989819e-10,4.919347379609048684e-10,5.586879412294961224e-10,6.491161078653797470e-10,7.784838268734940493e-10,9.739663638558219986e-10,1.283639302950815574e-09,1.791553616799152529e-09,2.643758461614588875e-09,4.095142363216289311e-09,4.100477986622070481e-09,3.710021923498139622e-09,2.652921551554016001e-09,1.266708783184308496e-09,3.234115803957227708e-10,1.118326600588799729e-09,1.554056508797735654e-09,1.580329329248987806e-09,1.394622897016968317e-09,1.101819740917935877e-09,6.849229696611558475e-10,6.784276697677819314e-10,1.519133150528348667e-09,2.411440501816773850e-09,2.959586927210454035e-09,2.958381553843738684e-09,2.396337471149777866e-09,1.460219112178386466e-09,6.437938176592641183e-10,1.067265825883752207e-09,1.778437023392880089e-09,2.279387578730156473e-09,2.579367774634102519e-09,2.723178796502346736e-09,3.867716368329507629e-12,5.669828492643816964e-11,1.097024552065375205e-10,1.587270737772239323e-10,2.016594924776373976e-10,2.363504550336297267e-10,2.606751176068593669e-10,2.727614223949166041e-10,2.715698801513458835e-10,2.583377446055740147e-10,2.401299033320013250e-10,2.364082320642810599e-10,2.777004224058868566e-10,3.792400079217416622e-10,5.330383929684537596e-10,7.269649494797254868e-10,9.507773592518342901e-10,1.194724552219664509e-09,1.448653971222726864e-09,1.702224884670622560e-09,1.945690937696499875e-09,2.170773317873911159e-09,2.371298387465732775e-09,2.543454317572486862e-09,2.685681508918036675e-09,2.798307021985710742e-09,2.883058278131462233e-09,2.942568926275989966e-09,2.979948663718786134e-09,2.998449333770898279e-09,3.001231107741181679e-09,2.991216304220635718e-09,2.971011813056279396e-09,2.942880638314544262e-09,2.908745744230936972e-09,2.870213142652954015e-09,2.828604847749558600e-09,2.784995423114447985e-09,2.740248215784548068e-09,2.695049061731889622e-09,2.649931545475961715e-09,2.605283024242316678e-09,2.561360423110305544e-09,2.518308143247419008e-09,2.476173726532120980e-09,2.434921532365521584e-09,2.394444721522728862e-09,2.354575859274602425e-09,2.315096455629367426e-09,2.275745758230244864e-09,2.236229101107743281e-09,2.196226084837508027e-09,2.155398814036581516e-09,2.113400339510793833e-09,2.069883340122894928e-09,2.024508936095014233e-09,1.976955363660593683e-09,1.926926090554633119e-09,1.874156862084626811e-09,1.818421212822302433e-09,1.759534258292866074e-09,1.697355220479039551e-09,1.631790300515033151e-09,1.562799402150733322e-09,1.490413133332464095e-09,1.414770917055122485e-09,1.336197568683558111e-09,1.255345021438325800e-09,1.173437755674647950e-09,1.092669878544673314e-09,1.016786773996831508e-09,9.517776200724291148e-10,9.062725240188844800e-10,8.906548476284860213e-10,9.138571503328419764e-10,9.788719769804452945e-10,1.080556657658783821e-09,1.207267630696551525e-09
1.359485310667373889e-09,1.485106788985118069e-09,1.572411577059208271e-09,1.620419761388510588e-09,1.632672657368080003e-09,1.615256753639755232e-09,1.575496023200389750e-09,1.520871499647475480e-09,1.458178187510408481e-09,1.393000926304396135e-09,1.329507106391922997e-09,1.270482886424630701e-09,1.217518367789092558e-09,1.171258712458534211e-09,1.131662089140283895e-09,1.098229540834464826e-09,1.070191132100764206e-09,1.046645765608357792e-09,1.026659467363249886e-09,1.009330081083390721e-09,9.938266807936441941e-10,9.794109320706957431e-10,9.654460562490180278e-10,9.513975511973601569e-10,9.368286289088458479e-10,9.213924750813716416e-10,9.048228548594509342e-10,8.869241967768000312e-10,8.675620158116619099e-10,8.466543453728155618e-10,8.241647161682005947e-10,8.000971417620829257e-10,7.744935453856799433e-10,7.474340910169455579e-10,7.190409635457189669e-10,6.894862693311749414e-10,6.590048741977464773e-10,6.279130925583854365e-10,5.966340244549854568e-10,5.657296478522673759e-10,5.359378000689257901e-10,5.082077369233973636e-10,4.837135525264119108e-10,4.638016822918907047e-10,4.498721225790682435e-10,4.431719734870355190e-10,4.445279206869207175e-10,4.541127443660014459e-10,4.713570380439600717e-10,4.950441693716722049e-10,5.235226337926334466e-10,5.549314842228520928e-10,5.873733712624402884e-10,6.190255860455457068e-10,6.482089413001637393e-10,6.734366508666271707e-10,6.934557791277088043e-10,7.072833505289027936e-10,7.142323241735765063e-10,7.139204665192756569e-10,7.062573099553215039e-10,6.914092606286722641e-10,6.697479794485516544e-10,6.417901301615004733e-10,6.081367409832443506e-10,5.694185058225656100e-10,5.262507095664013076e-10,4.791994082883100069e-10,4.287604400241427362e-10,3.753577643666208312e-10,3.193876289532579006e-10,2.614105646157775669e-10,2.029090663763127568e-10,1.494954558657979215e-10,1.227610323750805760e-10,1.606965498552191302e-10,2.625681248392007170e-10,4.219991379620827096e-10,4.271388650450692413e-10,3.727924717518453945e-10,2.216970441579020780e-10,6.690365001436229495e-11,1.673947261258946444e-10,2.447570000872739815e-10,2.196357705334183051e-10,1.131218957709170357e-10,3.783883695861180099e-11,1.289169852916543879e-10,1.458528635233086776e-10,7.503939331209916000e-11,8.910522975506664022e-11,2.396708070604568395e-10,3.547293154868359843e-10,3.974163351801002448e-10,3.689087142188708428e-10,3.020130421200605719e-10,2.404092676431408590e-10,2.098724052513024916e-10,2.199756954163347903e-10,2.784098167946759511e-10,3.601207801767663294e-10,4.192508263515398422e-10,3.354154024810967522e-12,1.462623798144133553e-11,2.642441760737945438e-11,3.823586213128262116e-11,5.002082474028154387e-11,6.176867666824603455e-11,7.348038512445706225e-11,8.516658601748057062e-11,9.684783532580548365e-11,1.085552654493833788e-10,1.203313063933386282e-10,1.322304391054963341e-10,1.443200474719952096e-10,1.566814810443899665e-10,1.694114670357452789e-10,1.826240296782929405e-10,1.964530954446515463e-10,2.110559954492236065e-10,2.266181406999983888e-10,2.433592779961423756e-10,2.615420036439506543e-10,2.814837615006961341e-10,3.035746801806672369e-10,3.283059615539144820e-10,3.563185547893055076e-10,3.884927494040357736e-10,4.261232736009045742e-10,4.712771395612316893e-10,5.275446089898174450e-10,6.016207484486894195e-10,7.065430179587901150e-10,8.678595277857766885e-10,1.134106606258112345e-09,1.592840896447788592e-09,2.395827925378240068e-09,3.804483313264109021e-09,3.810569676440387700e-09,3.483082880544142919e-09,2.603022741492574393e-09,1.491123634732217934e-09,7.241096317627981934e-10,9.584361321797573761e-10,1.333685633979713109e-09,1.560387313775457701e-09,1.687382181174246790e-09,1.628258456283105365e-09,1.277162142259677090e-09,8.896295787183411799e-10,1.325375250603459652e-09,2.165910803470710332e-09,2.743989700080522373e-09,2.811934908923368993e-09,2.365296724070744763e-09,1.598438600712226580e-09,9.192920082123200040e-10,1.028642577098435071e-09,1.639061204364527196e-09,2.259204318639133237e-09,2.769887569009521493e-09,3.069748518453334482e-09,3.843023039342470147e-12,4.176981342351268369e-11,8.061220043456283433e-11,1.160181863578534195e-10,1.462804759586392646e-10,1.698912372723229061e-10,1.857714249699504514e-10,1.938331738129949633e-10,1.961783028288736221e-10,1.992721337581169096e-10,2.158774177709370196e-10,2.612847103840752028e-10,3.436013587973270471e-10,4.619524679745790286e-10,6.119769604381127920e-10,7.885942808698236372e-10,9.861297514004692084e-10,1.198081534016528342e-09,1.417213528377116635e-09,1.635984183883478124e-09,1.847160122844380039e-09,2.044431219808967805e-09,2.222874181853588716e-09,2.379183244909033633e-09,2.511665219644063023e-09,2.620052267900074468e-09,2.705208802420612580e-09,2.768804584077590061e-09,2.813006997847894694e-09,2.840222995337843458e-09,2.852902196382740236e-09,2.853399717823534040e-09,2.843890230146095172e-09,2.826322087026294612e-09,2.802400482653337148e-09,2.773590116697912211e-09,2.741129870225939074e-09,2.706053984391406461e-09,2.669215936426081088e-09,2.631312543437688415e-09,2.592902100987226266e-09,2.554405429503896962e-09,2.516117604075803276e-09,2.478222837350864324e-09,2.440808035442671914e-09,2.403875062272822345e-09,2.367351834421500180e-09,2.331102426083633374e-09,2.294936403320027556e-09,2.258617631544389002e-09,2.221872808670567114e-09,2.184399963984298488e-09,2.145877122236267100e-09,2.105971256632905219e-09,2.064347538815825205e-09,2.020678740945342398e-09,1.974654468818535303e-09,1.925989737441644480e-09,1.874432296084430160e-09,1.819768147955274711e-09,1.761824997293644910e-09,1.700474026670453882e-09,1.635631625084178622e-09,1.567264665751196445e-09,1.495405968065893474e-09,1.420191105357418223e-09,1.341934343722396545e-09,1.261270834890986101e-09,1.179403891393904219e-09,1.098505124878308354e-09,1.022299578413973061e-09,9.567612061405823937e-10,9.105131194359379240e-10,8.939459495264752376e-10,9.160180700135335968e-10,9.797492101132317711e-10,1.079991736844645734e-09,1.205062858782356322e-09
1.355174347221779213e-09,1.478765795525963657e-09,1.564323508684582600e-09,1.610984211234398001e-09,1.622338137589656690e-09,1.604433947457875690e-09,1.564490563984315448e-09,1.509862893739386433e-09,1.447241472111430824e-09,1.382148173927705575e-09,1.318727230142927629e-09,1.259769008788488133e-09,1.206881245201808223e-09,1.160729282329395489e-09,1.121287357810496333e-09,1.088065530859112565e-09,1.060295564687979554e-09,1.037072091673560937e-09,1.017452986558573914e-09,1.000526264227521737e-09,9.854514231850817598e-10,9.714822737391738193e-10,9.579768466736082103e-10,9.443985704418354275e-10,9.303117562902598187e-10,9.153735967255052741e-10,8.993242998220618471e-10,8.819765751480035315e-10,8.632053926622741829e-10,8.429387173451358779e-10,8.211497604775533588e-10,7.978511787038929462e-10,7.730915918201406433e-10,7.469547779112631611e-10,7.195619352072219591e-10,6.910774622343115246e-10,6.617187755924996380e-10,6.317707025115086234e-10,6.016048352353600793e-10,5.717036781789737259e-10,5.426880183517508994e-10,5.153430084738027272e-10,4.906275655576033812e-10,4.696341112946000773e-10,4.535070625427410558e-10,4.433018197441353045e-10,4.397919408121906485e-10,4.432772949050741897e-10,4.534708883181979586e-10,4.695159008856315561e-10,4.901177916380464708e-10,5.137259063992689614e-10,5.387007371058764984e-10,5.634374521204839979e-10,5.864471692291884208e-10,6.064096401439846685e-10,6.222094207467073811e-10,6.329612833781749836e-10,6.380251949423540072e-10,6.370086458253348808e-10,6.297544641887714191e-10,6.163144566265595897e-10,5.969118157240032511e-10,5.718969588334268334e-10,5.417017608075678329e-10,5.067962058199808298e-10,4.676499012009495160e-10,4.246993517147658735e-10,3.783212114577881172e-10,3.288137603628720621e-10,2.764003714986452926e-10,2.213201992089032324e-10,1.643300775160731523e-10,1.095921611438334025e-10,8.157115014354273321e-11,1.276413088624347307e-10,2.300152739917925297e-10,3.810422214213603427e-10,3.864573606928127770e-10,3.379455781341920891e-10,2.061954194904389473e-10,1.069544980837381058e-10,1.918005676667430621e-10,2.521982009313257151e-10,2.210718437544832012e-10,1.217960214760592503e-10,7.167579909481580049e-11,1.391065231651540678e-10,1.498967126818943861e-10,7.692789918421135984e-11,5.399786856415399084e-11,1.945367766841512178e-10,2.990809115604943054e-10,3.464681429504828110e-10,3.473043012005101315e-10,3.264133639781029947e-10,2.906907058802047443e-10,2.322479383401816827e-10,1.944529928075074462e-10,2.756903947625546082e-10,4.118766676799408080e-10,5.044579712833148726e-10,3.338692947505825756e-12,1.455560331527781042e-11,2.631279406327946357e-11,3.807188930127421928e-11,4.978732595398713914e-11,6.144464186520209257e-11,7.304255544513990104e-11,8.459111139526819471e-11,9.611196888549624163e-11,1.076389833904408332e-10,1.192187217637500070e-10,1.309108729393726727e-10,1.427886224100203222e-10,1.549391047348742710e-10,1.674640661375045506e-10,1.804808659195576700e-10,1.941239203526529303e-10,2.085466462195017935e-10,2.239238925378704307e-10,2.404547612799888849e-10,2.583656228191844399e-10,2.779130691400988121e-10,2.993866388340039454e-10,3.231117440839674737e-10,3.494553018652395505e-10,3.788427553489322614e-10,4.118125209891408751e-10,4.491810650098098784e-10,4.925166581394936631e-10,5.454348076955237932e-10,6.169308962907421554e-10,7.290476719160416129e-10,9.310411498163261757e-10,1.317831627289411448e-09,2.050367504544661241e-09,3.394928565207845361e-09,3.400281809964326767e-09,3.156723686952602445e-09,2.512530481629053506e-09,1.725485018376587685e-09,1.112508085113961880e-09,9.061948395944792570e-10,1.098971630051141272e-09,1.525869514110037656e-09,1.942276572594770311e-09,2.081287521840809050e-09,1.801656217557955287e-09,1.251875681349848549e-09,1.157082115498975934e-09,1.797497033429919766e-09,2.374796435185680179e-09,2.539870865839778847e-09,2.279500773180505479e-09,1.754698091896156583e-09,1.195216822969237842e-09,9.491926439355651719e-10,1.395111334164993023e-09,2.215020042048348427e-09,3.008549476501076960e-09,3.492152280757879012e-09,3.818662301145075980e-12,2.989105831428827835e-11,5.817467234348552807e-11,8.399397288449063641e-11,1.063459474614262446e-10,1.247984480282293548e-10,1.399295811656100491e-10,1.540772420439600454e-10,1.721288363675701949e-10,2.013157030840544397e-10,2.489360167043449599e-10,3.195968507727608048e-10,4.147279004667042212e-10,5.336975282997368539e-10,6.746466613751960941e-10,8.347247896196802679e-10,1.010114773320220974e-09,1.196114931480704952e-09,1.387370248361490259e-09,1.578243925080980084e-09,1.763264181391006747e-09,1.937556749181523266e-09,2.097181352851492169e-09,2.239323177336047237e-09,2.362331321236250518e-09,2.465629546082602647e-09,2.549542208080734585e-09,2.615080472313770021e-09,2.663725927493795905e-09,2.697236523567286589e-09,2.717487817594558054e-09,2.726353188478344336e-09,2.725620606950884019e-09,2.716940351259196818e-09,2.701796967094983733e-09,2.681498988849726510e-09,2.657180832830947783e-09,2.629812405622948377e-09,2.600213086423711889e-09,2.569067710782708937e-09,2.536938378478045937e-09,2.504260858261819632e-09,2.471352321509287959e-09,2.438423088715325907e-09,2.405587863658756069e-09,2.372876326608507136e-09,2.340243071445704505e-09,2.307576955514194689e-09,2.274709994845115781e-09,2.241425983136314088e-09,2.207469038863692783e-09,2.172552285324033998e-09,2.136366835889480341e-09,2.098591182782237057e-09,2.058900968252494901e-09,2.016978952866973958e-09,1.972524803864115924e-09,1.925264139918373263e-09,1.874956147340273449e-09,1.821399111821035123e-09,1.764433504759252471e-09,1.703942963420505533e-09,1.639854781853345800e-09,1.572143597927472114e-09,1.500845113826337930e-09,1.426091341104787965e-09,1.348185589237542832e-09,1.267744771404029652e-09,1.185948139848776092e-09,1.104940084202134439e-09,1.028418422077674258e-09,9.623330078667738815e-10,9.152910363220690307e-10,8.976871588677172238e-10,9.185160451848962796e-10,9.808492167664486413e-10,1.079559261614235680e-09,1.202936262638448975e-09
1.350909371592423727e-09,1.472481919517982975e-09,1.556315949158339601e-09,1.601657370471289978e-09,1.612145262988449118e-09,1.593793943047038392e-09,1.553721223905680235e-09,1.499158519316266614e-09,1.436692547070007896e-09,1.371780956631105256e-09,1.308542247743898593e-09,1.249767892082053334e-09,1.197080240763559670e-09,1.151162214627293123e-09,1.112001996720541445e-09,1.079116925120301782e-09,1.051738968337493209e-09,1.028957123967842217e-09,1.009819824621366842e-09,9.934040394714614785e-10,9.788585837760325032e-10,9.654284528931342617e-10,9.524657005569955013e-10,9.394310696194052474e-10,9.258894939004871477e-10,9.115017811874733709e-10,8.960142071634708402e-10,8.792473288881492487e-10,8.610850081667048978e-10,8.414643873973788983e-10,8.203673682459439693e-10,7.978140026816854161e-10,7.738581139640205261e-10,7.485854191265320818e-10,7.221144163193999393e-10,6.946003181295147190e-10,6.662423309348918380e-10,6.372945587987969808e-10,6.080806645694450447e-10,5.790120005313657975e-10,5.506079585827272830e-10,5.235153848171199668e-10,4.985154520017409432e-10,4.764926121079957794e-10,4.583792078372102671e-10,4.450609734242285454e-10,4.372420205053007353e-10,4.352960325272118568e-10,4.391526390138327428e-10,4.482658990337025802e-10,4.616776382233765013e-10,4.781457253327220588e-10,4.962887439201290926e-10,5.147103080587111302e-10,5.320895893308546253e-10,5.472411961050639909e-10,5.591528991295338238e-10,5.670080956729540095e-10,5.701964527442133113e-10,5.683137015216526231e-10,5.611508297340745095e-10,5.486735425636824027e-10,5.309940053513429989e-10,5.083377706799397925e-10,4.810090097899865056e-10,4.493566831995802942e-10,4.137433175421930903e-10,3.745169040945563979e-10,3.319854383745221769e-10,2.863934852904597106e-10,2.379037236603084893e-10,1.866083410107405342e-10,1.327304664576532232e-10,7.835066002011524817e-11,4.710347549862725881e-11,9.721712050089395277e-11,1.897913658251500175e-10,3.200550160190262879e-10,3.251176003685591834e-10,2.846184985376595341e-10,1.816092458109835670e-10,1.395266220032827796e-10,2.152613366982788967e-10,2.559309548510323494e-10,2.161327926857545095e-10,1.279706851654883898e-10,1.110321206752794259e-10,1.691309875404556135e-10,1.759179446202041782e-10,1.095612567788456662e-10,2.053069228697322503e-11,1.288057899566639869e-10,2.194236458538405992e-10,2.772878724675161676e-10,3.201892780670252736e-10,3.494376620363243360e-10,3.338631799211286113e-10,2.479307121608677472e-10,1.528222503355233154e-10,2.713547855817481259e-10,4.638712948041067782e-10,5.860163231533967023e-10,3.324212786495853650e-12,1.452189574713065032e-11,2.626297746795747695e-11,3.799134021266394865e-11,4.965535105921318558e-11,6.123641877469277167e-11,7.273112897343807006e-11,8.414958298474092159e-11,9.551575398131803690e-11,1.068679626309769010e-10,1.182590951499176083e-10,1.297565245239596288e-10,1.414418139737606469e-10,1.534103352718898563e-10,1.657709509222601439e-10,1.786458882296914635e-10,1.921708660469753700e-10,2.064954096590790721e-10,2.217830868558553131e-10,2.382110896879193789e-10,2.559681229962283453e-10,2.752488677800614109e-10,2.962422665913543722e-10,3.191094568479272262e-10,3.439455131168965696e-10,3.707183350616985898e-10,3.991823347423253507e-10,4.287889743431895999e-10,4.587106340083037585e-10,4.884233874644380570e-10,5.203702097716601397e-10,5.691898423177218055e-10,6.852886969259316471e-10,9.837457942271281613e-10,1.643588113158068836e-09,2.927335703096334543e-09,2.930295953602492393e-09,2.784388248217082085e-09,2.403585460372683754e-09,1.921639592851816033e-09,1.417214750494310493e-09,9.256787432114425195e-10,8.579939273734374603e-10,1.478013930469207530e-09,2.130929815788595434e-09,2.425366159631748008e-09,2.215133699614437387e-09,1.601151802978954649e-09,1.068373776016433815e-09,1.337516501881347102e-09,1.877307167387886059e-09,2.165262715079209392e-09,2.151173654843723635e-09,1.908638565561341571e-09,1.463040678025543117e-09,8.877910833027750681e-10,1.062332016683221114e-09,2.153950097595761522e-09,3.243089425064671915e-09,3.899411881301842469e-09,3.791636741184412620e-12,2.196990941727979218e-11,4.447079025575137218e-11,6.603622602946287261e-11,8.666302738785144134e-11,1.071457432550093182e-10,1.293203901711678683e-10,1.561539509164341671e-10,1.913896541732003418e-10,2.387598854694413501e-10,3.012208505655740753e-10,3.806178430931100883e-10,4.777119204789028015e-10,5.922920035024754937e-10,7.232367292441838658e-10,8.685401335059325874e-10,1.025360369832317315e-09,1.190138303564053939e-09,1.358804015937766492e-09,1.527058647596454554e-09,1.690693788686834036e-09,1.845897641299926366e-09,1.989500277715336466e-09,2.119126945118078212e-09,2.233250847819984292e-09,2.331156888211890332e-09,2.412840340701154661e-09,2.478868377550564312e-09,2.530229696341906409e-09,2.568191227289166487e-09,2.594173717810187780e-09,2.609651658318889751e-09,2.616078320399641445e-09,2.614833725701702385e-09,2.607191869481352613e-09,2.594303073831999234e-09,2.577187545664237192e-09,2.556736750422230002e-09,2.533719869504448765e-09,2.508793255885675208e-09,2.482506909635675774e-09,2.455296812406907861e-09,2.427488968569183945e-09,2.399308115873872517e-09,2.370886604287193591e-09,2.342273205344171786e-09,2.313441738106515048e-09,2.284299495710094836e-09,2.254695535456536017e-09,2.224428956080399145e-09,2.193257325099523795e-09,2.160905429550956161e-09,2.127074497248270745e-09,2.091451962410592793e-09,2.053721724291412633e-09,2.013574671327367243e-09,1.970719033198119733e-09,1.924889915567382716e-09,1.875857230953593289e-09,1.823431257419253986e-09,1.767465356820961590e-09,1.707856115274010502e-09,1.644542506619751866e-09,1.577507840754419281e-09,1.506791530718412273e-09,1.432522496442741521e-09,1.354992861007566591e-09,1.274799973605938632e-09,1.193096173682558709e-09,1.111993817378023223e-09,1.035156411669236108e-09,9.685006001953977421e-10,9.206086110372776637e-10,9.018759510842956887e-10,9.213443697103961806e-10,9.821622425133021594e-10,1.079247947575263280e-09,1.200876615809545752e-09
1.346680952425675754e-09,1.466248888307436261e-09,1.548386444175315250e-09,1.592440684669806441e-09,1.602098739057945353e-09,1.583343472925657780e-09,1.543195485874831442e-09,1.488765742186103389e-09,1.426538265759142673e-09,1.361905513391694001e-09,1.298957774560937849e-09,1.240484483608951316e-09,1.188119498395258728e-09,1.142560610978992099e-09,1.103807725682744367e-09,1.071383624278266711e-09,1.044518886942969632e-09,1.022295406575027345e-09,1.003750774661407484e-09,9.879495949498834434e-10,9.740288024301665039e-10,9.612235519846976744e-10,9.488790970233184537e-10,9.364528750097833689e-10,9.235099966256320297e-10,9.097145600464597371e-10,8.948186372982454761e-10,8.786503450589592078e-10,8.611020687286438426e-10,8.421196304482521616e-10,8.216929675528658549e-10,7.998487170394953267e-10,7.766449803796985179e-10,7.521684686853973253e-10,7.265341912525922855e-10,6.998878375742531941e-10,6.724109938644624239e-10,6.443292958857475329e-10,6.159234954753900415e-10,5.875431116474204752e-10,5.596216910026868918e-10,5.326914844514680454e-10,5.073885961167571986e-10,4.844285944482735278e-10,4.645688923907058747e-10,4.485463536012269479e-10,4.369852327933600362e-10,4.302875046510932228e-10,4.285334984914267697e-10,4.314276019505118279e-10,4.383113456905385994e-10,4.482390194503478124e-10,4.600878698265779488e-10,4.726703144812266887e-10,4.848267898814396239e-10,4.954924553716026071e-10,5.037402712050350856e-10,5.088058256982922624e-10,5.100984877093842906e-10,5.072018005345750052e-10,4.998649375570954085e-10,4.879867752559611071e-10,4.715943858769345068e-10,4.508180707093567842e-10,4.258651380776113291e-10,3.969943806973014809e-10,3.644926802298718337e-10,3.286544796468113511e-10,2.897641162454723745e-10,2.480802798233342201e-10,2.038215273536502494e-10,1.571549043550529915e-10,1.082224838715178238e-10,5.763750791208031373e-11,2.174176471176295576e-11,6.967084783937063877e-11,1.433553471151695382e-10,2.433385281852287839e-10,2.474609715624081789e-10,2.168098508942693574e-10,1.511589505681312446e-10,1.614672330899684913e-10,2.293783283716547871e-10,2.508918477026934836e-10,2.028964009251086977e-10,1.317722092846281214e-10,1.463213710928526926e-10,2.007055076991541939e-10,2.029458946602469336e-10,1.417020107035597071e-10,4.555409290538468838e-11,4.738609284163626264e-11,1.205908800323896895e-10,1.972221723047325156e-10,2.915765949503446275e-10,3.670130140519204236e-10,3.675575216824899008e-10,2.606449596798457003e-10,9.896822853872053470e-11,2.666931092373233298e-10,5.065699341434252753e-10,6.513782006565292441e-10,3.310859057266274940e-12,1.453312254911900744e-11,2.628731597694013235e-11,3.800959879258154784e-11,4.964169418257759709e-11,6.116028628398697159e-11,7.255980310521168905e-11,8.385111495265489976e-11,9.506201016087288005e-11,1.062375312836422638e-10,1.174397784180114040e-10,1.287471422349043395e-10,1.402530702323692596e-10,1.520645457162912833e-10,1.643004888774827464e-10,1.770902632013425426e-10,1.905723705850279139e-10,2.048932223838159805e-10,2.202055507607858860e-10,2.366655254535007275e-10,2.544268738139921661e-10,2.736290993027488211e-10,2.943749629849624148e-10,3.166892490572092523e-10,3.404457413680313581e-10,3.652413607544496524e-10,3.901851129646238522e-10,4.135582935234051837e-10,4.323135496403418424e-10,4.415241073217257115e-10,4.347238100977670499e-10,4.105989746627777920e-10,4.126024531205194814e-10,6.181895127246522890e-10,1.240337854471968985e-09,2.495429041300644939e-09,2.494600916595508245e-09,2.444345936625596359e-09,2.302254575472864618e-09,2.050132809312058429e-09,1.611601619060960660e-09,9.534239441826317120e-10,6.200704632084249314e-10,1.418546522080942232e-09,2.233451244487859850e-09,2.634511960056317226e-09,2.489581913745740609e-09,1.880514230239509502e-09,1.116551468170353588e-09,8.678312484490654848e-10,1.296816902233544941e-09,1.726811964274318504e-09,1.997621487821366526e-09,2.042512105332585316e-09,1.715180000090798650e-09,9.237500122313629049e-10,6.714774822998434317e-10,2.085054523935018761e-09,3.427191796842475605e-09,4.222238708589966765e-09,3.759523060710317873e-12,1.925913272148607467e-11,4.142464888700851069e-11,6.419245917047744374e-11,8.827894155821963796e-11,1.149051708687515670e-10,1.457810016517944531e-10,1.829739253512440233e-10,2.286636673139220403e-10,2.848645069274083708e-10,3.532001298893495906e-10,4.347602557648065980e-10,5.300185385985984704e-10,6.387829746012695362e-10,7.601678876305419436e-10,8.925949546832525501e-10,1.033838543148564080e-09,1.181127670067198494e-09,1.331306394103920614e-09,1.481040552549917265e-09,1.627046242553483061e-09,1.766308839971494815e-09,1.896263065292236014e-09,2.014913707672437221e-09,2.120889460375031052e-09,2.213434589239858914e-09,2.292351762298261601e-09,2.357913225308889892e-09,2.410757207925229436e-09,2.451783443190684610e-09,2.482057526650332903e-09,2.502729718457044384e-09,2.514970391082314062e-09,2.519921901617621487e-09,2.518665187355842133e-09,2.512198665177900719e-09,2.501426836328074641e-09,2.487156153206137097e-09,2.470096034481484106e-09,2.450863306899906162e-09,2.429984390923855105e-09,2.407884241281083596e-09,2.384887132838733581e-09,2.361222574176808708e-09,2.337031925465524776e-09,2.312375422707125260e-09,2.287239432066188186e-09,2.261543859834389197e-09,2.235149730359978163e-09,2.207867014152212857e-09,2.179462836568417731e-09,2.149670215681105798e-09,2.118197455390214928e-09,2.084738245871624115e-09,2.048982390894998450e-09,2.010626891057119571e-09,1.969386881568159201e-09,1.925005691027891217e-09,1.877263123728519124e-09,1.825981072242547382e-09,1.771025870750906537e-09,1.712307560581720703e-09,1.649777639244091644e-09,1.583429120671607988e-09,1.513306128351935218e-09,1.439535162659997496e-09,1.362397135231106743e-09,1.282468674840907535e-09,1.200872444415834757e-09,1.119683929465216501e-09,1.042525105755930302e-09,9.752701188719543608e-10,9.264670714061994763e-10,9.065091717007929714e-10,9.244961514487455027e-10,9.836785900096806850e-10,1.079046605968989959e-09,1.198872730571176256e-09
1.342479641953276122e-09,1.460060317828299547e-09,1.540532328135644389e-09,1.583335287500908225e-09,1.592202890307465715e-09,1.573088891271997205e-09,1.532920540753925955e-09,1.478691774635408498e-09,1.416785469892520813e-09,1.352528182391018542e-09,1.289979595848280833e-09,1.231923941081988013e-09,1.180003402027630103e-09,1.134927851856408016e-09,1.096706607062939544e-09,1.064865968744075238e-09,1.038633436832080834e-09,1.017082221953612973e-09,9.992375646086411695e-10,9.841502799267963402e-10,9.709441416333330487e-10,9.588433841682515444e-10,9.471856193967806510e-10,9.354243812074549088e-10,9.231245733826392083e-10,9.099533613589956271e-10,8.956684839374058971e-10,8.801055131554216147e-10,8.631652203239760760e-10,8.448018953865333140e-10,8.250132094859126852e-10,8.038320090084190647e-10,7.813202811605557540e-10,7.575654322802242869e-10,7.326789615027167019e-10,7.067975790787080024e-10,6.800867937019464800e-10,6.527469494771644720e-10,6.250215929989428236e-10,5.972078334382866441e-10,5.696679301532406268e-10,5.428405701877914176e-10,5.172447588079517481e-10,4.934601576216759918e-10,4.721012614599538066e-10,4.537765358925020111e-10,4.390269443146242222e-10,4.282485004084838953e-10,4.216132807680109214e-10,4.190111090431607556e-10,4.200327580392696742e-10,4.240024792925320868e-10,4.300497830715830354e-10,4.371988970001717204e-10,4.444546249537108969e-10,4.508716110100654396e-10,4.556031162483126127e-10,4.579310693720255715e-10,4.572810944107201654e-10,4.532260566030324958e-10,4.454809197561972100e-10,4.338911380419362587e-10,4.184165595408191359e-10,3.991127575658867558e-10,3.761116607548594968e-10,3.496032356237260798e-10,3.198197987018868286e-10,2.870243741699870241e-10,2.515044558787107630e-10,2.135726187313400721e-10,1.735755243369922807e-10,1.319125161945383963e-10,8.906472174970495580e-11,4.567372350346766693e-11,7.471716817517588508e-12,4.436420452970464034e-11,9.274417404408061004e-11,1.565461795146556886e-10,1.592179929592559704e-10,1.400116247411137593e-10,1.199811290171153051e-10,1.708126125435200999e-10,2.292194334480366016e-10,2.335540184785211572e-10,1.804249419025818588e-10,1.336391931812807763e-10,1.738918564344314759e-10,2.227609189332100080e-10,2.176047346608191942e-10,1.621337154395901365e-10,9.617172776527617093e-11,5.096937162889365655e-11,1.072430154083657026e-11,1.245463657731342478e-10,2.664659472711205221e-10,3.761642818473008561e-10,3.905793118017443239e-10,2.743751841587812982e-10,4.660020039946173031e-11,2.628282868157630042e-10,5.328875099365502629e-10,6.918163481310099837e-10,3.298548648942465282e-12,1.459997781600293996e-11,2.640369491026634311e-11,3.814994306201603579e-11,4.977267442741546587e-11,6.124276308043970734e-11,7.255217961423888240e-11,8.371328039764096606e-11,9.475949167030491872e-11,1.057454801943900401e-10,1.167463936525407513e-10,1.278561328628194323e-10,1.391848018048407165e-10,1.508556062623804170e-10,1.630015427270124825e-10,1.757622101170235856e-10,1.892809561429097720e-10,2.037023097756531412e-10,2.191692214814950236e-10,2.358189888703617447e-10,2.537757900224854972e-10,2.731362795259561529e-10,2.939423347181216939e-10,3.161310613762284546e-10,3.394453083309157824e-10,3.632759569578039373e-10,3.863862196030577491e-10,4.064314051980062710e-10,4.191245443258952369e-10,4.167975837645467084e-10,3.859996863062944840e-10,3.042253265877701890e-10,1.510824504285670211e-10,2.975801596022873837e-10,9.670647164752710203e-10,2.224533718854459486e-09,2.219890362539202348e-09,2.232257280620367865e-09,2.232518499937376635e-09,2.095504926676377433e-09,1.681163824803653785e-09,9.395819278995966130e-10,3.994894593268375806e-10,1.349262064631623746e-09,2.237698130826061003e-09,2.692637143506448393e-09,2.609027143807780070e-09,2.070152376761897459e-09,1.307276600689193041e-09,6.651224040086695681e-10,7.401450728030627368e-10,1.290533137473856188e-09,1.839863741339397117e-09,2.142811591118466285e-09,1.943880112893540634e-09,1.096348958242501101e-09,3.270648965317616792e-10,2.017623994822637194e-09,3.526098891294174393e-09,4.413197712752325568e-09,3.721212600022454985e-12,2.122341120413432647e-11,4.662914734846112616e-11,7.345421378540288435e-11,1.026321189647878524e-10,1.353080206723379240e-10,1.728103562796057564e-10,2.165734574895236321e-10,2.680235920059423893e-10,3.284520755591708658e-10,3.988958377943504162e-10,4.800361649216877162e-10,5.721185941586044252e-10,6.748949868876015594e-10,7.875911138078032675e-10,9.089059843849074828e-10,1.037049746848041278e-09,1.169824051026627556e-09,1.304742660863571022e-09,1.439182467221183956e-09,1.570548314865745444e-09,1.696431588386657993e-09,1.814743584285004545e-09,1.923809934098527420e-09,2.022419927913536198e-09,2.109832222664170813e-09,2.185744272307677715e-09,2.250236023828410591e-09,2.303699058587239379e-09,2.346761091907176950e-09,2.380213433916266108e-09,2.404946419941219542e-09,2.421895458857397761e-09,2.431998490624038260e-09,2.436164360470137589e-09,2.435250854613533799e-09,2.430050789536497929e-09,2.421284482405726018e-09,2.409597043074184156e-09,2.395559135670865315e-09,2.379665857165164439e-09,2.362322972686943566e-09,2.343844939599810978e-09,2.324458339914482866e-09,2.304306413922109352e-09,2.283454376540340331e-09,2.261895309263007934e-09,2.239556519720553445e-09,2.216306349256111766e-09,2.191961483570577561e-09,2.166294875161402247e-09,2.139044409437431661e-09,2.109922425595993182e-09,2.078626126931033176e-09,2.044848773181872780e-09,2.008291340881941285e-09,1.968674083347041968e-09,1.925747162361268182e-09,1.879299333215213846e-09,1.829163651633833957e-09,1.775219476884998862e-09,1.717390835367189505e-09,1.655642672506667641e-09,1.589978874553705430e-09,1.520449460764434135e-09,1.447179404537543066e-09,1.370438612273100685e-09,1.290782042696280563e-09,1.209300058294806262e-09,1.128026474715001119e-09,1.050534450875531452e-09,9.826462323602406304e-10,9.328665460759228393e-10,9.115830765068648071e-10,9.279643682603375279e-10,9.853886740052181585e-10,1.078944187801344471e-09,1.196913490967537024e-09
1.338295999683329606e-09,1.453909731095729176e-09,1.532750738874340667e-09,1.574342008135248099e-09,1.582461658419912030e-09,1.563036168059988609e-09,1.522903283750278611e-09,1.468943675755348692e-09,1.407440992633909041e-09,1.343655406778383717e-09,1.281613678104061026e-09,1.224091655923710821e-09,1.172736620061913294e-09,1.128267673273610323e-09,1.090701166356864360e-09,1.059564914159671853e-09,1.034081546608766995e-09,1.013313902666329531e-09,9.962732459993307472e-10,9.819950742879505231e-10,9.695886377077810891e-10,9.582661255614755649e-10,9.473566649298851271e-10,9.363093315982992239e-10,9.246885269926617423e-10,9.121643913478981442e-10,8.985003715766425848e-10,8.835396013483913640e-10,8.671913520572660091e-10,8.494184668465140778e-10,8.302263978285658231e-10,8.096542331688205816e-10,7.877679264792217780e-10,7.646558206833854121e-10,7.404264828873020842e-10,7.152088200085128989e-10,6.891544117529831189e-10,6.624419557596036399e-10,6.352836418418605133e-10,6.079331209362763577e-10,5.806944520598717961e-10,5.539309227477969383e-10,5.280679914677184227e-10,5.035769997757283892e-10,4.809570532391871170e-10,4.607082332664435727e-10,4.432910546003449695e-10,4.290735052554904472e-10,4.182724699590699510e-10,4.109021658798035427e-10,4.067447108377646735e-10,4.053538019465011751e-10,4.060923572787269089e-10,4.081941929495962647e-10,4.108343051697706152e-10,4.131938314049132252e-10,4.145114225745262096e-10,4.141185620008084115e-10,4.114600869113417466e-10,4.061026836146181524e-10,3.977342987561906466e-10,3.861570810505435813e-10,3.712761052172207341e-10,3.530858775671019323e-10,3.316564777233687449e-10,3.071211327888673408e-10,2.796670790423793087e-10,2.495318420463125826e-10,2.170077457497621093e-10,1.824588484004266992e-10,1.463570786799356965e-10,1.093489329609046270e-10,7.237302357981448457e-11,3.688588714789683556e-11,6.836769436673838658e-12,2.280324281541923720e-11,4.175618706849181720e-11,6.643921355249950597e-11,6.706973818046641892e-11,6.218017529298435147e-11,9.583326867527492213e-11,1.666616432621622754e-10,2.124760688803868642e-10,2.021531028355838775e-10,1.488845456709291551e-10,1.342381581821017209e-10,1.918545920112318233e-10,2.300854026287874162e-10,2.132858168095021951e-10,1.677055204238422605e-10,1.500904572753203405e-10,1.485010873593113526e-10,1.082721360219066733e-10,1.124023178602487027e-10,2.497517361439809807e-10,3.750920453672320594e-10,4.025392389554913437e-10,2.917033550842361860e-10,6.482032075331680184e-11,2.604474773598856312e-10,5.382512983002103033e-10,7.018507282166353634e-10,3.286989671349362087e-12,1.473733868690137603e-11,2.663895520363740949e-11,3.844877549838236541e-11,5.009096542621466541e-11,6.152873746917878951e-11,7.275081578711414810e-11,8.377164047415505091e-11,9.463241760058807392e-11,1.054011301564295074e-10,1.161710423097699032e-10,1.270576408762640430e-10,1.381942191428738947e-10,1.497265306757520018e-10,1.618071041348752790e-10,1.745898530439242734e-10,1.882254827253237844e-10,2.028578572882717019e-10,2.186209403997053721e-10,2.356351635247777072e-10,2.540010616427566240e-10,2.737865910448390783e-10,2.950023613948942425e-10,3.175554200493765877e-10,3.411660684265906918e-10,3.652214898734067029e-10,3.885214547736994493e-10,4.088401608337654313e-10,4.221798647540239921e-10,4.215395645108448320e-10,3.951226229327053386e-10,3.256438010353903438e-10,2.174288776967522311e-10,3.558106928421618833e-10,9.861293974571127944e-10,2.213961619346457268e-09,2.207942225561643243e-09,2.217039300670833770e-09,2.208006373260445573e-09,2.054271212186089873e-09,1.621417773644009941e-09,8.570187497637032625e-10,2.358841153889944473e-10,1.271582187695713147e-09,2.139535454035322485e-09,2.595169892782241398e-09,2.571678556940860017e-09,2.170471597654875078e-09,1.592490215304151804e-09,1.009240305875253388e-09,6.201751619908390359e-10,9.828122142667700274e-10,1.699758111060004439e-09,2.200640965498452854e-09,2.140960241096797085e-09,1.369270998634405951e-09,4.636989512598216510e-10,1.959065297783949730e-09,3.517806939201604746e-09,4.443825972721822487e-09,3.677232088206046380e-12,2.533902794649904141e-11,5.516329153498974331e-11,8.665556109319952948e-11,1.207436711175206976e-10,1.584325641815678726e-10,2.007846194178713418e-10,2.488747859345452491e-10,3.037265861948289786e-10,3.662376642914762325e-10,4.371034843268636143e-10,5.167462211673437645e-10,6.052543868100573429e-10,7.023381455887521956e-10,8.073053847217520488e-10,9.190635590873850368e-10,1.036151208382087245e-09,1.156800363855357032e-09,1.279026994822387397e-09,1.400742039993813778e-09,1.519871692380733673e-09,1.634473686856798189e-09,1.742837036743519588e-09,1.843555786818853670e-09,1.935571953676046444e-09,2.018187654277885009e-09,2.091050390171239220e-09,2.154117940798212672e-09,2.207610226757633959e-09,2.251955116736443185e-09,2.287733933859376015e-09,2.315630833310244019e-09,2.336388637869500560e-09,2.350772358105879138e-09,2.359540590438943230e-09,2.363424290111711130e-09,2.363112013461803990e-09,2.359240548133629057e-09,2.352389832799488401e-09,2.343081148803626856e-09,2.331773557587712868e-09,2.318848073126660820e-09,2.304603419118222176e-09,2.289257326672652244e-09,2.272949205385778601e-09,2.255743878490347638e-09,2.237636170145251094e-09,2.218556224527406357e-09,2.198375522776997425e-09,2.176913639650823659e-09,2.153945838282517934e-09,2.129211627132818242e-09,2.102424382750408556e-09,2.073282060851896950e-09,2.041478865235789980e-09,2.006717517993686648e-09,1.968721493619170800e-09,1.927246288334224670e-09,1.882088574801714904e-09,1.833092058747251506e-09,1.780149158731064078e-09,1.723198449948716588e-09,1.662219340902601525e-09,1.597227906150595565e-09,1.528281445043651919e-09,1.455504534836390320e-09,1.379156539690248483e-09,1.299770042683064668e-09,1.218400673841249683e-09,1.137035884087166289e-09,1.059192738807746268e-09,9.906321304783776739e-10,9.398060836508269764e-10,9.170933744034752112e-10,9.317419229265275795e-10,9.872830750379085240e-10,1.078929827638015315e-09,1.194987885877547861e-09
1.334120615738683547e-09,1.447790576374516510e-09,1.525038631969287327e-09,1.565461379070242410e-09,1.572878602503165806e-09,1.553190886475732402e-09,1.513150313644968916e-09,1.459528353053564234e-09,1.398511661507544229e-09,1.335293739593839596e-09,1.273866179996351522e-09,1.216993277452594199e-09,1.166324152686947989e-09,1.122584248484096996e-09,1.085794519565151053e-09,1.055482214471653895e-09,1.030863203919349951e-09,1.010988147268344047e-09,9.948525819954897320e-10,9.814750487668301266e-10,9.699488313276386401e-10,9.594729106791315512e-10,9.493670971070391083e-10,9.390755154772081520e-10,9.281618792150845197e-10,9.162993642391908026e-10,9.032573591034446464e-10,8.888868929943308685e-10,8.731061127914739411e-10,8.558867953841859178e-10,8.372425512882664736e-10,8.172191092558968197e-10,7.958868712508995841e-10,7.733357872828123983e-10,7.496725099042577433e-10,7.250197328732538178e-10,6.995175813750094631e-10,6.733268842648657401e-10,6.466341006634952524e-10,6.196575692125058995e-10,5.926545638281789104e-10,5.659283315563692057e-10,5.398303249384329328e-10,5.147463950965961610e-10,4.910836767825416052e-10,4.692528230771346853e-10,4.496413134145183379e-10,4.325779417482824595e-10,4.182914300268403781e-10,4.068697272697853869e-10,3.982293702297742975e-10,3.921041591819989137e-10,3.880582142889358603e-10,3.855215818341462797e-10,3.838403359592317600e-10,3.823305234186151032e-10,3.803267761805084584e-10,3.772201660258684931e-10,3.724836656660422412e-10,3.656861526040815304e-10,3.564971116773806363e-10,3.446844973096110638e-10,3.301080942717946013e-10,3.127104861532457886e-10,2.925075575706970932e-10,2.695803950006453202e-10,2.440705788731325388e-10,2.161813025008213992e-10,1.861877635651950255e-10,1.544624088238214802e-10,1.215253257731436451e-10,8.814252795340559232e-11,5.554380150156818917e-11,2.622392145949874240e-11,1.237857143072350363e-11,2.329060447786884522e-11,2.477421304173855570e-11,2.492822112929175353e-11,2.337693838783442959e-11,3.456151849145083218e-11,8.729330104289782144e-11,1.492066468318163236e-10,1.790218455426120687e-10,1.566811551905916898e-10,1.098475473139021952e-10,1.343466051128061921e-10,1.997141585984396442e-10,2.213830925786131651e-10,1.875233300654945441e-10,1.594871599341206464e-10,2.033332956379311294e-10,2.447214466056776489e-10,2.220335917733472005e-10,1.758655273426566918e-10,2.441233414410971271e-10,3.631266126331973494e-10,4.035992713019358969e-10,3.124845026252457311e-10,1.303393677813793010e-10,2.596222911050792236e-10,5.205761989684313339e-10,6.790644802781638117e-10,3.275764499291084345e-12,1.496624652479570737e-11,2.703338316735793185e-11,3.896254814203012728e-11,5.066475367008685198e-11,6.209253899043585434e-11,7.322976266122133093e-11,8.409317973187844298e-11,9.473414165041884764e-11,1.052385425432813970e-10,1.157244235380363622e-10,1.263371029480085593e-10,1.372420951599251966e-10,1.486164944779119790e-10,1.606398544269461780e-10,1.734857540901130865e-10,1.873150970084811467e-10,2.022717023691074831e-10,2.184799909328844578e-10,2.360436588630921661e-10,2.550432534906917234e-10,2.755294732455300860e-10,2.975076037243734179e-10,3.209063975272996595e-10,3.455214011023306045e-10,3.709177926733623601e-10,3.962718086516633576e-10,4.201284203726454023e-10,4.400832417457231202e-10,4.525776753096959413e-10,4.538575629582375047e-10,4.470503639357572764e-10,4.738299728169905393e-10,6.763386043037417640e-10,1.253952835765617190e-09,2.436057613406829240e-09,2.431883965955516304e-09,2.379632176914097025e-09,2.225887807797155595e-09,1.934884787454267167e-09,1.438435304408250417e-09,6.960392636644944025e-10,2.369221727868006870e-10,1.186197374705234901e-09,1.943522914578278285e-09,2.351254916430511053e-09,2.393837033397219900e-09,2.199805497732631238e-09,1.918366049583192629e-09,1.561226690218960844e-09,1.101661818674777394e-09,9.758838836908061304e-10,1.594933065230799208e-09,2.211583091748148039e-09,2.297939287649810689e-09,1.681091429789451922e-09,8.855820889218551271e-10,1.912910605972701401e-09,3.392888138552313410e-09,4.302534289155700380e-09,3.629567191470852101e-12,2.982827781248980984e-11,6.407173680326999920e-11,9.996609651404056081e-11,1.383630047018849058e-10,1.801332717000991075e-10,2.261490010021533845e-10,2.772527068665200789e-10,3.342152788259008980e-10,3.976866961008333210e-10,4.681441670313673415e-10,5.458425134105400734e-10,6.307715234534697857e-10,7.226248633557445361e-10,8.207848916066410725e-10,9.243270837375750367e-10,1.032046446271133568e-09,1.142506151196343907e-09,1.254105838574672061e-09,1.365164120827892007e-09,1.474007477113478293e-09,1.579056605173555932e-09,1.678901743603941514e-09,1.772360386028523640e-09,1.858513667817193445e-09,1.936720808919626430e-09,2.006613689824815615e-09,2.068075498175029020e-09,2.121208277789297928e-09,2.166294241620923523e-09,2.203755118703295980e-09,2.234112868590277044e-09,2.257954060875441572e-09,2.275899253015527184e-09,2.288577907207979193e-09,2.296608800832405936e-09,2.300585499106953918e-09,2.301066241367741485e-09,2.298567504544607920e-09,2.293560508942189113e-09,2.286465939736104955e-09,2.277636620100801722e-09,2.267351462761033679e-09,2.255814976951334185e-09,2.243158314866100528e-09,2.229441578575859387e-09,2.214657190142397876e-09,2.198734209912137138e-09,2.181543569905379096e-09,2.162904263953565986e-09,2.142590593904272311e-09,2.120340597755066482e-09,2.095865763823164534e-09,2.068862048028294718e-09,2.039022044949417251e-09,2.006047915562279364e-09,1.969664363199645849e-09,1.929630621820008646e-09,1.885750164337851265e-09,1.837876779916641074e-09,1.785915970808186487e-09,1.729821467863057120e-09,1.669588258793901726e-09,1.605246081305860650e-09,1.536861111157153699e-09,1.464558915340280165e-09,1.388589059691438067e-09,1.309461326241857579e-09,1.228194424366338746e-09,1.146724917520397222e-09,1.068506586198355425e-09,9.992295299689418980e-10,9.472836808669325500e-10,9.230352719238531232e-10,9.358216960143680522e-10,9.893525912717002972e-10,1.078992886825758159e-09,1.193085041996336191e-09
1.329943682895246207e-09,1.441695737190069053e-09,1.517392244367596890e-09,1.556693067089419384e-09,1.563456312437744277e-09,1.543557656348367874e-09,1.503667360502330930e-09,1.450452012363641252e-09,1.390003774879386439e-09,1.327449350719581580e-09,1.266742994634026464e-09,1.210634296731387239e-09,1.160770964815430747e-09,1.117881878158389455e-09,1.081990128280391247e-09,1.052620248353759111e-09,1.028979357653627478e-09,1.010104000468236225e-09,9.949721051796353984e-10,9.825834975425326455e-10,9.720139690784988160e-10,9.624480948009013627e-10,9.531955569504638907e-10,9.436951126440095095e-10,9.335097283533677976e-10,9.223158469782588638e-10,9.098892390351699925e-10,8.960893998334250248e-10,8.808439890053819224e-10,8.641343812836829432e-10,8.459830255389171039e-10,8.264430079335997010e-10,8.055899878760456150e-10,7.835165169989841947e-10,7.603286498964288018e-10,7.361446940975601491e-10,7.110959091192248399e-10,6.853289334537037820e-10,6.590096770987256299e-10,6.323283474336895395e-10,6.055051574739705884e-10,5.787960713930940318e-10,5.524945248368865147e-10,5.269195353784134921e-10,5.024058679916675442e-10,4.792919956352066762e-10,4.579023546056879514e-10,4.385236715380743268e-10,4.213765563349129695e-10,4.065855693340852306e-10,3.941530076408848186e-10,3.839426627893677243e-10,3.756787471629821579e-10,3.689618922535597750e-10,3.632997483916829561e-10,3.581462030645892197e-10,3.529420193321508405e-10,3.471508392743419571e-10,3.402869475296826209e-10,3.319336944523181636e-10,3.217532873557113330e-10,3.094896269787916644e-10,2.949662040005499940e-10,2.780810657559502533e-10,2.588007409891142598e-10,2.371549151062178264e-10,2.132336717297203085e-10,1.871893475718260992e-10,1.592456342969345166e-10,1.297178883424929577e-10,9.905216638315058289e-11,6.790507003605910225e-11,3.739882199586192550e-11,1.226053913695289887e-11,2.406289148651405192e-11,4.656033642082195743e-11,6.827925410104403263e-11,1.013140749100598284e-10,1.029067504524410098e-10,9.577320788100011652e-11,9.436952009986894075e-11,1.197205955554307809e-10,1.308859855677533292e-10,9.900848415644820385e-11,6.818441543390927416e-11,1.347178684555056012e-10,1.983963834146658420e-10,1.990008217712324036e-10,1.410056247379963191e-10,1.435791319135021368e-10,2.528639317747650406e-10,3.316644706853638863e-10,3.247969893439788629e-10,2.560288665316011123e-10,2.482769780269749751e-10,3.406268903454869161e-10,3.942575512634691539e-10,3.338255894300533513e-10,1.961312534166889169e-10,2.598000546432299287e-10,4.802466799943192002e-10,6.240222497087978643e-10,3.264448609789180394e-12,1.531633320776156641e-11,2.764617043109164375e-11,3.977628030256986800e-11,5.159920691147767307e-11,6.305211025878346232e-11,7.411100914686534655e-11,8.479437363774554701e-11,9.516598179755580387e-11,1.053351047161437121e-10,1.154531597657576770e-10,1.257064715601752765e-10,1.363053947352101316e-10,1.474708298937199672e-10,1.594199180728777866e-10,1.723531181486318012e-10,1.864446910835305900e-10,2.018377944357349433e-10,2.186441739101989459e-10,2.369472153037464544e-10,2.568062008131476938e-10,2.782590890635662594e-10,3.013209255496809401e-10,3.259750122712545833e-10,3.521544776676288328e-10,3.797141646665049916e-10,4.084010581909310534e-10,4.378591788063941368e-10,4.677936812977560625e-10,4.986970828471464290e-10,5.343703824078456528e-10,5.895318656298022542e-10,7.078820527489513094e-10,9.865997829323909821e-10,1.587197652179406193e-09,2.759890595171754472e-09,2.759102439523688132e-09,2.626745759545173484e-09,2.267956392330145390e-09,1.759252567911598674e-09,1.151082265204767090e-09,4.597617041631219543e-10,3.698961032861198250e-10,1.092897018064662045e-09,1.664264643469317281e-09,1.987947665320670405e-09,2.117408912561662485e-09,2.194563794180469121e-09,2.245375289964369053e-09,2.109979192453656026e-09,1.676562636054455828e-09,1.235450317925889786e-09,1.532509856597787024e-09,2.175326076019820393e-09,2.406430175391918160e-09,1.980710252203526801e-09,1.307162577947596546e-09,1.877737972756973982e-09,3.153953533670121858e-09,3.993121557917567308e-09,3.581054922103283358e-12,3.398902120115199843e-11,7.221609730033545050e-11,1.119693863890571212e-10,1.540043154320343670e-10,1.990693077583231624e-10,2.478879875614832375e-10,3.011352538688276828e-10,3.594068859302827640e-10,4.231846841792136642e-10,4.928000126883193483e-10,5.683990759214275413e-10,6.499134761626372515e-10,7.370395908534515628e-10,8.292300270424546685e-10,9.256997455869377080e-10,1.025448307441989998e-09,1.127298085365763834e-09,1.229946371893294452e-09,1.332027419765371134e-09,1.432178979234371878e-09,1.529107210056069700e-09,1.621644128052396619e-09,1.708792938060932221e-09,1.789758415456425753e-09,1.863961522131439702e-09,1.931039279742426794e-09,1.990832290765632901e-09,2.043363073338057263e-09,2.088808580818603400e-09,2.127470032605556296e-09,2.159742651247080493e-09,2.186087239764860630e-09,2.207004867510449307e-09,2.223015344530112077e-09,2.234639696434851928e-09,2.242386512697606493e-09,2.246741823303922197e-09,2.248162039467538265e-09,2.247069450429460600e-09,2.243845811676820843e-09,2.238813990310262043e-09,2.232230518781304975e-09,2.224283631254663350e-09,2.215092919454670665e-09,2.204710372564398166e-09,2.193122632631817706e-09,2.180254369314699909e-09,2.165972754608978579e-09,2.150093090733320717e-09,2.132385701925777165e-09,2.112584227667651128e-09,2.090395430425130561e-09,2.065510536928744313e-09,2.037617950082881439e-09,2.006416896330196699e-09,1.971631227175832139e-09,1.933022225286084030e-09,1.890398968178983149e-09,1.843624714180156999e-09,1.792618070784835008e-09,1.737348583233245409e-09,1.677828045948944972e-09,1.614101505315925943e-09,1.546245835177690872e-09,1.474389249872406648e-09,1.398772565037893010e-09,1.319882651184685812e-09,1.238699403301987430e-09,1.157104213971058998e-09,1.078480548412906914e-09,1.008438348652153421e-09,9.552960075065457373e-10,9.294032320817644465e-10,9.401963159651590370e-10,9.915879917476643296e-10,1.079122662740003883e-09,1.191193872305602767e-09
1.325744798952741879e-09,1.435606026771288729e-09,1.509794618499301552e-09,1.548022784088972943e-09,1.554183048366762738e-09,1.534126788250778246e-09,1.494446245411060029e-09,1.441707588609047405e-09,1.381911121886512631e-09,1.320116691868795109e-09,1.260239064142713379e-09,1.205009979002005632e-09,1.156072484172467759e-09,1.114155995112660813e-09,1.079283255351675572e-09,1.050973879533725999e-09,1.028424148829107367e-09,1.010654432792398075e-09,9.966230344654816714e-10,9.853091891860607836e-10,9.757695894167564656e-10,9.671731778661353893e-10,9.588187270800153513e-10,9.501392972374954860e-10,9.406971882844811370e-10,9.301725237924496709e-10,9.183481122282072236e-10,9.050927255928806332e-10,8.903444303332730687e-10,8.740951304591913562e-10,8.563770653366416737e-10,8.372516658718309453e-10,8.168009176387818971e-10,7.951212027998209924e-10,7.723194809203313200e-10,7.485116034876390591e-10,7.238225208599127134e-10,6.983881161992789018e-10,6.723583741461625011e-10,6.459015480577003994e-10,6.192089154320975424e-10,5.924995908316367429e-10,5.660219019336903587e-10,5.400430706468264478e-10,5.148415849424316221e-10,4.906987991844425171e-10,4.678869001097787256e-10,4.466530083617861896e-10,4.271998888943263481e-10,4.096648053218528343e-10,3.940992872001439717e-10,3.804535446286207589e-10,3.685693724584726346e-10,3.581842197175609157e-10,3.489467966671987182e-10,3.404419401480528941e-10,3.322205100159933445e-10,3.238295355443780602e-10,3.148386400927553409e-10,3.048603544359094538e-10,2.935635804366115092e-10,2.806807311058987598e-10,2.660098181023870519e-10,2.494130711980068666e-10,2.308137170905876726e-10,2.101924578181001500e-10,1.875850547956655447e-10,1.630822500730782928e-10,1.368329474694139429e-10,1.090508352520465320e-10,8.002270703489298957e-11,5.011177149386207459e-11,1.973728150358878018e-11,1.074554978109984376e-11,4.128620508969830278e-11,7.309451078628641433e-11,1.105467422655825064e-10,1.649613546532432556e-10,1.681518674798014687e-10,1.504898313163086977e-10,1.067506030136164645e-10,8.048658497924289551e-11,7.387504369469541951e-11,3.667304234105742911e-11,4.600861053085967282e-11,1.359412616341945116e-10,1.902419765501153392e-10,1.700273209090879437e-10,7.828137100313003514e-11,1.338121154123893053e-10,2.960381491793739386e-10,4.027958595004996546e-10,4.091442362520436754e-10,3.276668615927366713e-10,2.574874301486374643e-10,3.088040139645066231e-10,3.751434590590944256e-10,3.511967056383309269e-10,2.525854647392604341e-10,2.599218162095248820e-10,4.200377734031747629e-10,5.400620182795044411e-10,3.252716974851110083e-12,1.582872967894979344e-11,2.856183004667663802e-11,4.101366113821848371e-11,5.305036343136644658e-11,6.458665569952500296e-11,7.558562869217764472e-11,8.606522239487462217e-11,9.610310559231344266e-11,1.058378284277323737e-10,1.154648339247065891e-10,1.252263889795276609e-10,1.353954204982387081e-10,1.462546940224405515e-10,1.580743796807199917e-10,1.710920810098084039e-10,1.854991671090826304e-10,2.014356528432400416e-10,2.189935928316595019e-10,2.382270135798073540e-10,2.591655148792500588e-10,2.818289549510500317e-10,3.062418996090555259e-10,3.324487674529760382e-10,3.605345973638386289e-10,3.906644181936715991e-10,4.231720626995162570e-10,4.587708961162505768e-10,4.990579542168836304e-10,5.477149097952954606e-10,6.133042255918673162e-10,7.153424375523083009e-10,8.956008176698229311e-10,1.234710657448804398e-09,1.874382132038086248e-09,3.058222853361750819e-09,3.060727234167583566e-09,2.858277704666606705e-09,2.307837647676333688e-09,1.565465864346598927e-09,8.012883665033852400e-10,1.688633142540983933e-10,5.191405082834940659e-10,9.904913008649628726e-10,1.329903300116647713e-09,1.561902194573915658e-09,1.824861752473889779e-09,2.205357223722163808e-09,2.546112049768128289e-09,2.581911304013478503e-09,2.182470415540132086e-09,1.566269010137455647e-09,1.505388499232427518e-09,2.094852820960882580e-09,2.458490434522194660e-09,2.229646562047281971e-09,1.670198570593050988e-09,1.847220956410702738e-09,2.814558504144126257e-09,3.532843247970390953e-09,3.534527024995944659e-12,3.760354028752710157e-11,7.924918624523274301e-11,1.222585562195498062e-10,1.672891465308260034e-10,2.149796165591641696e-10,2.659322610813759213e-10,3.206933766058001360e-10,3.797300525040240444e-10,4.434045127994700705e-10,5.119478947881957577e-10,5.854357951815365525e-10,6.637681441879751791e-10,7.466559753872566428e-10,8.336174046556034366e-10,9.239845693136469250e-10,1.016922391144227916e-09,1.111458859768088019e-09,1.206525217309007941e-09,1.301003171953226143e-09,1.393775318524992373e-09,1.483774507442273138e-09,1.570028081855874761e-09,1.651693658955266832e-09,1.728084299917569403e-09,1.798682249608281104e-09,1.863141688871976818e-09,1.921281938363454348e-09,1.973073185805956516e-09,2.018617066676823996e-09,2.058124368776718729e-09,2.091891846003452128e-09,2.120279716073668560e-09,2.143690967100088041e-09,2.162553172684412019e-09,2.177303154097821414e-09,2.188374546688804450e-09,2.196188129194542583e-09,2.201144648498643556e-09,2.203619806526591750e-09,2.203957166434171943e-09,2.202449148435817713e-09,2.199328531819975978e-09,2.194765304825033861e-09,2.188865146886518453e-09,2.181669358535906877e-09,2.173156108083304866e-09,2.163242928208112647e-09,2.151790466833800661e-09,2.138607567274271604e-09,2.123457810003773175e-09,2.106067674513262557e-09,2.086136452606662935e-09,2.063347941914477515e-09,2.037383749314482552e-09,2.007937734009628169e-09,1.974730734735135455e-09,1.937524310595559405e-09,1.896131880882601554e-09,1.850425525375007097e-09,1.800336993474891911e-09,1.745852376949760302e-09,1.687001640230586865e-09,1.623846980993055266e-09,1.556478046284010196e-09,1.485027657309648316e-09,1.409729266666953793e-09,1.331047080510227015e-09,1.249920632590006181e-09,1.168172157916729100e-09,1.089107981253942605e-09,1.018248591016590290e-09,9.638312228915963875e-10,9.361844554493231241e-10,9.448518574644816421e-10,9.939733829431590707e-10,1.079300917761305309e-09,1.189294420952589235e-09
1.321483401686274803e-09,1.429479322090914872e-09,1.502203801429133194e-09,1.539409910841944519e-09,1.545020109172428317e-09,1.524861678012242681e-09,1.485452499397686002e-09,1.433262763260246939e-09,1.374203508436607748e-09,1.313267589571767948e-09,1.254328054410581360e-09,1.200095603791171474e-09,1.152205373479900393e-09,1.111384430958246996e-09,1.077652693457170439e-09,1.050522625055765432e-09,1.029177508622906024e-09,1.012619369516054932e-09,9.997847445234076662e-10,9.896302898092464362e-10,9.811919139456910496e-10,9.736216747160405907e-10,9.662066866123360391e-10,9.583740757768972612e-10,9.496857005140182316e-10,9.398259651618326820e-10,9.285855891308548566e-10,9.158436682271039221e-10,9.015498160470746432e-10,8.857076447883608657e-10,8.683603773224228971e-10,8.495790024726915927e-10,8.294531009764644005e-10,8.080842745547211108e-10,7.855819893932521266e-10,7.620615777803553936e-10,7.376441084862161095e-10,7.124578200490939412e-10,6.866407970351284297e-10,6.603445460252853005e-10,6.337380854388176348e-10,6.070120918248244965e-10,5.803800714687851337e-10,5.540693987883940691e-10,5.283152337189681974e-10,5.033544708796028551e-10,4.794173569286504796e-10,4.567166186097866908e-10,4.354343023381637688e-10,4.157070781301387084e-10,3.976114496331773297e-10,3.811509682696970817e-10,3.662478957351273351e-10,3.527415090863387085e-10,3.403942720455280573e-10,3.289055932807552203e-10,3.179313371602433384e-10,3.071061954392851668e-10,2.960657960737849450e-10,2.844659774968680055e-10,2.719976670701004760e-10,2.583968817024932779e-10,2.434502393377102490e-10,2.269969302813275285e-10,2.089283763990576368e-10,1.891869011269583519e-10,1.677647695170952654e-10,1.447051446443120191e-10,1.201075208997187712e-10,9.414522676559473112e-11,6.713111900984598076e-11,3.989512240945856587e-11,1.821154597659857094e-11,3.074330456533691556e-11,6.145302684539805753e-11,9.830212890443687752e-11,1.447534839657975413e-10,2.104760176264298244e-10,2.147990301297677518e-10,1.887560164714340160e-10,1.150357833362151206e-10,3.506732089034159620e-11,4.220012451040070194e-11,5.594525854884700335e-11,7.731991138833615061e-11,1.383579143278259185e-10,1.788223245584648707e-10,1.486770924263562094e-10,3.552826673954307529e-11,1.482577912331041090e-10,3.306955843255072964e-10,4.527347915655051050e-10,4.688772021555562395e-10,3.811675856153185475e-10,2.660046016874330742e-10,2.695530916398570550e-10,3.468954072098710278e-10,3.597511437108693176e-10,2.942790495902795014e-10,2.586454930677671684e-10,3.451955212725235453e-10,4.331131505078720295e-10,3.240410644182349788e-12,1.655925412018842013e-11,2.989690757021509367e-11,4.284768134278574450e-11,5.524018144309173753e-11,6.695660587653972585e-11,7.793897551101249884e-11,8.819956917548206929e-11,9.782917445483889652e-11,1.070006767607479359e-10,1.159655898955331778e-10,1.250413076794992243e-10,1.345880473986277085e-10,1.449770426085840331e-10,1.565549796591087081e-10,1.696122748388509198e-10,1.843626416441463678e-10,2.009380666716223849e-10,2.193985646861193164e-10,2.397525450819274719e-10,2.619827658160017024e-10,2.860744363846068046e-10,3.120451228043256504e-10,3.399803446319268423e-10,3.700850519753554705e-10,4.027722023451744178e-10,4.388309051590299937e-10,4.797588298815496647e-10,5.284272989408374860e-10,5.904076430623299167e-10,6.765658889538809792e-10,8.079291562744817136e-10,1.024249063116335340e-09,1.398337071992162275e-09,2.060683565228284086e-09,3.245041701935166211e-09,3.249907208315491949e-09,3.000376054056814169e-09,2.319307243048049339e-09,1.409661336306415684e-09,5.164738324116832057e-10,2.234739483160819546e-10,6.529426901663418963e-10,8.771750153839315258e-10,9.946404097691991934e-10,1.196725491493146652e-09,1.655533433957590992e-09,2.282683072230140605e-09,2.800952654974522288e-09,2.936524533139740024e-09,2.563120192228967981e-09,1.850585094566924301e-09,1.495209802380812526e-09,1.975633887575594722e-09,2.447079325523574291e-09,2.398647476953948471e-09,1.944347403956666476e-09,1.811632435504722520e-09,2.398697282209243782e-09,2.950974542257175874e-09,3.491994461957071542e-12,4.063629847149814820e-11,8.512862410043205804e-11,1.308152491992624953e-10,1.782614118492929408e-10,2.280087513566597613e-10,2.805585032232510134e-10,3.363550028697353449e-10,3.957674186190530423e-10,4.590703782527161845e-10,5.264247869186169376e-10,5.978604832004658175e-10,6.732625559794271512e-10,7.523631378389447446e-10,8.347402731984730444e-10,9.198250156137972141e-10,1.006917243896009500e-09,1.095209852176740401e-09,1.183820062164951704e-09,1.271825765263738055e-09,1.358304177171444896e-09,1.442369801464371272e-09,1.523208811471709850e-09,1.600107447820326335e-09,1.672472794564902436e-09,1.739845192208182035e-09,1.801902418159012744e-09,1.858456488807002783e-09,1.909444436706935566e-09,1.954914670826937984e-09,1.995010559751720222e-09,2.029952739636999864e-09,2.060021401016052538e-09,2.085539511238358349e-09,2.106857628180325376e-09,2.124340689337154222e-09,2.138356935716647509e-09,2.149268959474572272e-09,2.157426745004662342e-09,2.163162500050088861e-09,2.166783216719746325e-09,2.168551309197364490e-09,2.168675347097892002e-09,2.167305962005037652e-09,2.164533348644548764e-09,2.160386229253416743e-09,2.154832193501771648e-09,2.147779383054433822e-09,2.139079557203242921e-09,2.128532645156891746e-09,2.115892947952021913e-09,2.100877179060168284e-09,2.083174502653255166e-09,2.062458616344167733e-09,2.038401707994597260e-09,2.010689784252207205e-09,1.979038440218828461e-09,1.943207670929393785e-09,1.903013927655289510e-09,1.858337456902354472e-09,1.809123234155578143e-09,1.755374741354557191e-09,1.697141654469631462e-09,1.634505407384961757e-09,1.567570795963667606e-09,1.496477558711602579e-09,1.421453563929108143e-09,1.342941016226564495e-09,1.261837950189375997e-09,1.179903807926623036e-09,1.100361170775300417e-09,1.028631767801388900e-09,9.728616361194944878e-10,9.433525226500349212e-10,9.497619715467699704e-10,9.964801785741573778e-10,1.079495074284896701e-09,1.187349867123639768e-09
1.317099410163086091e-09,1.423251135398278998e-09,1.494553414229579473e-09,1.530788089454422290e-09,1.535902435769266008e-09,1.515699387879752683e-09,1.476625884125284697e-09,1.425060393919485234e-09,1.366827080173818506e-09,1.306851462685638914e-09,1.248962483403785853e-09,1.195846533216564822e-09,1.149127578032566335e-09,1.109527489354807993e-09,1.077060914227794062e-09,1.051230931362089058e-09,1.031205609933518342e-09,1.015966360675944571e-09,1.004425688704056802e-09,9.955155627817076519e-10,9.882493351417409233e-10,9.817608892462806396e-10,9.753249570515610988e-10,9.683625782117650411e-10,9.604355328269279863e-10,9.512332872658289381e-10,9.405555554701829601e-10,9.282930311470622751e-10,9.144082467716925433e-10,8.989179270221205495e-10,8.818776811390753320e-10,8.633694539455052329e-10,8.434918395366120531e-10,8.223531480396914770e-10,8.000669858997505320e-10,7.767500418933904726e-10,7.525217420961497040e-10,7.275054290802061930e-10,7.018307187694474987e-10,6.756366820535312421e-10,6.490754792360233510e-10,6.223160379621626165e-10,5.955451344902675418e-10,5.689596532841119244e-10,5.427616428085836790e-10,5.171538237164954801e-10,4.923335788046550677e-10,4.684853363148449470e-10,4.457714502688201015e-10,4.243219737213480842e-10,4.042240957023712781e-10,3.855124051973323175e-10,3.681614359444212437e-10,3.520819832607353956e-10,3.371223503848910108e-10,3.230749698590688594e-10,3.096879098109796537e-10,2.966798897370077255e-10,2.837568764359584500e-10,2.706282597690006413e-10,2.570209873036579407e-10,2.426906940184188477e-10,2.274295917908934526e-10,2.110715401666094636e-10,1.934952798681505574e-10,1.746274066116495378e-10,1.544477174832387208e-10,1.330023373694468609e-10,1.104389206925833396e-10,8.711133807561055741e-11,6.394756239674239268e-11,4.400047145519876780e-11,3.731794631699416115e-11,5.297450658072310783e-11,8.221805825140692128e-11,1.202070404857304222e-10,1.691324863032207496e-10,2.362247590209379578e-10,2.412505673379522825e-10,2.083259004350323572e-10,1.142366014937670041e-10,1.933151219255663136e-11,9.503839066943959953e-11,1.309654963645696693e-10,1.291338282362403375e-10,1.420685079586777257e-10,1.682783293059197192e-10,1.530195314547897679e-10,1.043704580322289503e-10,1.902638707617742738e-10,3.553349691192343322e-10,4.776500971916116302e-10,4.994558594332853415e-10,4.113198946126533221e-10,2.689774021878148971e-10,2.253411955648505102e-10,3.101720721430428770e-10,3.553256282966118576e-10,3.173559550024399771e-10,2.546308656205203987e-10,2.641347862293621461e-10,3.118413054107837371e-10,3.227553567869586756e-12,1.758086607927293287e-11,3.180449410791923560e-11,4.550777359029609920e-11,5.846729152974283940e-11,7.051927503356461831e-11,8.157266458972183107e-11,9.162459410271002645e-11,1.007737883274156323e-10,1.092290514215461766e-10,1.173090542972065272e-10,1.254288021071012455e-10,1.340690035374767670e-10,1.437285774752538584e-10,1.548676402668556892e-10,1.678550953072937152e-10,1.829359646770981903e-10,2.002266386814639338e-10,2.197356317856853558e-10,2.414002915969353621e-10,2.651294158665929493e-10,2.908459914748028107e-10,3.185300286011963435e-10,3.482673511381993450e-10,3.803172493917801319e-10,4.152229913841117248e-10,4.540091058846532878e-10,4.985458791911184318e-10,5.522274897091310892e-10,6.212264128754416962e-10,7.167868633226780574e-10,8.593680888469120584e-10,1.086102112108477687e-09,1.464372560565530160e-09,2.116990047406957692e-09,3.269098689218249768e-09,3.275034528488561241e-09,3.006884999899329848e-09,2.282397013261975595e-09,1.354112410379287719e-09,6.142188072893672324e-10,5.951873184218303221e-10,7.644270451092601002e-10,7.514981097863031594e-10,7.732582450448693933e-10,1.123690839408962798e-09,1.751155747169116493e-09,2.453076740605556516e-09,2.995966714838348118e-09,3.148067577428103405e-09,2.786496074268019019e-09,2.034243475956989724e-09,1.480183823993854447e-09,1.825155012265877689e-09,2.366991460988098883e-09,2.466315066989113834e-09,2.108550292340348696e-09,1.760409186363980828e-09,1.942044002616573364e-09,2.288859986829309645e-09,3.454132495489901283e-12,4.311969447187584967e-11,8.992747770070458452e-11,1.377671762286471755e-10,1.871203073973704822e-10,2.384437355279239314e-10,2.921539061025335735e-10,3.486128679058265987e-10,4.081136459842933374e-10,4.708653574927881195e-10,5.369789877564094757e-10,6.064550001401975507e-10,6.791740709928860625e-10,7.548922171844376992e-10,8.332414034157983343e-10,9.137363743418269375e-10,9.957879671013614224e-10,1.078722566033645229e-09,1.161806733228561054e-09,1.244275478732762502e-09,1.325362215486132500e-09,1.404328252922180856e-09,1.480489754559359613e-09,1.553240404942094203e-09,1.622068540303578670e-09,1.686568104673386736e-09,1.746443400864092790e-09,1.801508131694325071e-09,1.851679613006353691e-09,1.896969267174635340e-09,1.937470577699064394e-09,1.973345632140272540e-09,2.004811237371068608e-09,2.032125398881996202e-09,2.055574746459402312e-09,2.075463288652326079e-09,2.092102703900277228e-09,2.105804235418665734e-09,2.116872151453570797e-09,2.125598660685679383e-09,2.132256370260018846e-09,2.137078779996257184e-09,2.140250471199749949e-09,2.141902271129807324e-09,2.142107937634379340e-09,2.140882285503039858e-09,2.138180711977927203e-09,2.133900131386481062e-09,2.127881393318835236e-09,2.119913328113542358e-09,2.109738621850584442e-09,2.097061749800787957e-09,2.081559164377849646e-09,2.062891812096313172e-09,2.040719815846468462e-09,2.014718792862761293e-09,1.984596800688831104e-09,1.950110375104118584e-09,1.911077663966381805e-09,1.867386448152955536e-09,1.818995098657179514e-09,1.765925487258726646e-09,1.708248770995782222e-09,1.646068000268614565e-09,1.579505850424834357e-09,1.508711695082942700e-09,1.433910048691521122e-09,1.355522259029884465e-09,1.274404203871728623e-09,1.192249312913105662e-09,1.112190066978378668e-09,1.039540039545072048e-09,9.823433300020107601e-10,9.508675174653109402e-10,9.548884381030908873e-10,9.990679119998999407e-10,1.079659082429617445e-09,1.185307307988349406e-09
1.312514425155537060e-09,1.416835789351921260e-09,1.486753859427955068e-09,1.522066478727567639e-09,1.526739893970736156e-09,1.506551914977750169e-09,1.467881595050498832e-09,1.417019605307086182e-09,1.359705268756618575e-09,1.300796110973494942e-09,1.244074360121171217e-09,1.192198728998884612e-09,1.146778764649567026e-09,1.108528362312751737e-09,1.077454523871409281e-09,1.053048732604201893e-09,1.034461588483977302e-09,1.020651517289175623e-09,1.010504591109134172e-09,1.002925842731737138e-09,9.969041824151967302e-10,9.915539662958389542e-10,9.861368182345721671e-10,9.800676022855059963e-10,9.729085049723272545e-10,9.643550029308281160e-10,9.542170860192655790e-10,9.423985334161649807e-10,9.288763833237731108e-10,9.136820816054984812e-10,8.968852096337296514e-10,8.785802175468527163e-10,8.588762403255959043e-10,8.378898405359422089e-10,8.157403844853732797e-10,7.925476898999637400e-10,7.684315605141842819e-10,7.435128239568026395e-10,7.179154998447834365e-10,6.917697335894359285e-10,6.652151314093106467e-10,6.384041191757861101e-10,6.115030248307141172e-10,5.846854656640823466e-10,5.581282866749258929e-10,5.320081432842417223e-10,5.064970774065742071e-10,4.817570456565054052e-10,4.579334683110578064e-10,4.351480285120619352e-10,4.134911571169857767e-10,3.930148632686640151e-10,3.737267627415340120e-10,3.555862435578120307e-10,3.385036203340969213e-10,3.223428281684344964e-10,3.069277236436641871e-10,2.920515007671691265e-10,2.774882467099087599e-10,2.630053965404695854e-10,2.483758714805685427e-10,2.333889874110387366e-10,2.178597300950661588e-10,2.016366520100107149e-10,1.846094947914490224e-10,1.667189700393479029e-10,1.479738230482848561e-10,1.284868976644260537e-10,1.085600102316175803e-10,8.890006773238043255e-11,7.119025214144756673e-11,5.934699318052855933e-11,5.974983733554157949e-11,7.508760551271153004e-11,1.019830749119396097e-10,1.379971223785193681e-10,1.839089277046493878e-10,2.436504160604602993e-10,2.490027095237711253e-10,2.101303425873584440e-10,1.024620416811203393e-10,6.591747021316725198e-11,1.649674945265029295e-10,2.064800332136155226e-10,1.827466009123884011e-10,1.469837120981003021e-10,1.617846580334383335e-10,1.853425206106496314e-10,1.910615797606467512e-10,2.471172332064613543e-10,3.692716247349285858e-10,4.756976213933616166e-10,4.984404195904492269e-10,4.154557169641286490e-10,2.631606327516630571e-10,1.791144487453717759e-10,2.657570751534883967e-10,3.350862099945772618e-10,3.194954031626003899e-10,2.467802410431913681e-10,1.908400413698469289e-10,1.893617256225557615e-10,3.214306314402038967e-12,1.898460388619334133e-11,3.447457619929374622e-11,4.928000216661638443e-11,6.310814399309362715e-11,7.573277167384261073e-11,8.701375567636114118e-11,9.691828120042322201e-11,1.055411135986767837e-10,1.131211832739770150e-10,1.200494320176782941e-10,1.268598578206081231e-10,1.341942167252850229e-10,1.427350292886598057e-10,1.531145615435140315e-10,1.658246863643265887e-10,1.811596797590736887e-10,1.992106669983338063e-10,2.199057404534157081e-10,2.430737947415086117e-10,2.685111991144339877e-10,2.960411068782805720e-10,3.255657775300379802e-10,3.571195462920547137e-10,3.909360197898160940e-10,4.275514748248656933e-10,4.679817248955095140e-10,5.140381104844976476e-10,5.689007413547003225e-10,6.381664094869897318e-10,7.317867108991485712e-10,8.677270842395046229e-10,1.079033837213393217e-09,1.427561972308053389e-09,2.029998363511504076e-09,3.105369924626759126e-09,3.110999687742104819e-09,2.854940890527754157e-09,2.186768880107374932e-09,1.426271846033085230e-09,1.013101905874991708e-09,9.771084349546912928e-10,8.541359551346047046e-10,6.137960091039210326e-10,8.163607468750471925e-10,1.433541209614842794e-09,2.103094274251016639e-09,2.703514136994272299e-09,3.122129336822340397e-09,3.203227988957935909e-09,2.835058297123628111e-09,2.091647612472624637e-09,1.442153658470560829e-09,1.652465403030147628e-09,2.216066470033149234e-09,2.419423569058263854e-09,2.149904788181393613e-09,1.684603620313339687e-09,1.495803023215065293e-09,1.602754354078536653e-09,3.420222129317893052e-12,4.511011353436294777e-11,9.375906794289819672e-11,1.432908076078753972e-10,1.941124391549009513e-10,2.466073690371650846e-10,3.011207146643485854e-10,3.579474285845303631e-10,4.173204628713268620e-10,4.793991873718548012e-10,5.442587200130038228e-10,6.118810109128521344e-10,6.821485939813380499e-10,7.548418851362400302e-10,8.296407584355491876e-10,9.061308708233218160e-10,9.838148475731728848e-10,1.062128017841043920e-09,1.140457952361482132e-09,1.218166664453642112e-09,1.294614051682866684e-09,1.369181025231195882e-09,1.441290819763858987e-09,1.510427189685955523e-09,1.576148540673090814e-09,1.638097462280992742e-09,1.696005554639701599e-09,1.749693824800425475e-09,1.799069224352869758e-09,1.844118092017163064e-09,1.884897349530301989e-09,1.921524292391442928e-09,1.954165739736404971e-09,1.983027186172353258e-09,2.008342455457599615e-09,2.030364211335582304e-09,2.049355548058649156e-09,2.065582770181140921e-09,2.079309381786160107e-09,2.090791239789211339e-09,2.100269075242961083e-09,2.107948993751146818e-09,2.113992291151112526e-09,2.118510037128346271e-09,2.121559079610538861e-09,2.123139440921217150e-09,2.123193108925857982e-09,2.121604276182747417e-09,2.118201144420303574e-09,2.112759482679206790e-09,2.105008188549988322e-09,2.094637130557695459e-09,2.081307514965323261e-09,2.064664888750185361e-09,2.044354630349236921e-09,2.020039375245744806e-09,1.991417290679727665e-09,1.958239516685941391e-09,1.920324560289706659e-09,1.877567161115188694e-09,1.829939384436987003e-09,1.777482700127934214e-09,1.720291801812818649e-09,1.658494092547263766e-09,1.592233274048434999e-09,1.521671541807475886e-09,1.447032803120130212e-09,1.368719246651372882e-09,1.287544494065414274e-09,1.205133232764507783e-09,1.124521766968589215e-09,1.050905956082698065e-09,9.922162499300845813e-10,9.586765322864395985e-10,9.601820824184979038e-10,1.001685446325778572e-09,1.079734739170108070e-09,1.183099045772481396e-09
1.307633068868893986e-09,1.410127722694105073e-09,1.478693650200110617e-09,1.513131126118036002e-09,1.517418674501750973e-09,1.497307580825045087e-09,1.459111586726516261e-09,1.409036994418741507e-09,1.352739831941598547e-09,1.295008565557675424e-09,1.239575845740383489e-09,1.189069249581143943e-09,1.145080701479908374e-09,1.108313455121250881e-09,1.078764605002846168e-09,1.055911884074359198e-09,1.038886139219458195e-09,1.026620332901685626e-09,1.017971541119468590e-09,1.011815433961986103e-09,1.007114435079008008e-09,1.002961910594467458e-09,9.986056065444509381e-10,9.934541489043676354e-10,9.870707070471106350e-10,9.791578602269580301e-10,9.695373356155859118e-10,9.581276837405073011e-10,9.449222355213891136e-10,9.299689544470830547e-10,9.133531427208116701e-10,8.951834329210580334e-10,8.755811109512902457e-10,8.546725629483668369e-10,8.325844941609370405e-10,8.094415007776240267e-10,7.853655600417900116e-10,7.604770155030645553e-10,7.348966572084370994e-10,7.087485191784415083e-10,6.821630329598997695e-10,6.552801817814348935e-10,6.282506566047379351e-10,6.012303004002035187e-10,5.743767615608279602e-10,5.478468486519070022e-10,5.217932054513811097e-10,4.963602934570006545e-10,4.716797355678308773e-10,4.478651676114206137e-10,4.250068611055042813e-10,4.031665090696073357e-10,3.823726838336603041e-10,3.626175487596919193e-10,3.438553967979441663e-10,3.260034712447376749e-10,3.089452947049841037e-10,2.925364260167605374e-10,2.766122509667102994e-10,2.609971766892074051e-10,2.455145193590005137e-10,2.299964990608620196e-10,2.142941088031660702e-10,1.982872460186746825e-10,1.818965172028924496e-10,1.650999373459739131e-10,1.479613179953820545e-10,1.306847173704852368e-10,1.137253941965518475e-10,9.801605077303976310e-11,8.537238720348422035e-11,7.886712178280323245e-11,8.200387722436610759e-11,9.617044927978338275e-11,1.201134514961085980e-10,1.521955132450923648e-10,1.915801211522211476e-10,2.381621012966755897e-10,2.435839862541258212e-10,1.989497712237549913e-10,8.008438525805888416e-11,1.095893983236295626e-10,2.303776914723592934e-10,2.754297488033512280e-10,2.326202309663885543e-10,1.528601233344119601e-10,1.596196790678374594e-10,2.296744160032956265e-10,2.724010575368375748e-10,3.056342240393398481e-10,3.727316321678090714e-10,4.474449103866131665e-10,4.658757953141726386e-10,3.932140118233178345e-10,2.469796104108402708e-10,1.342735728250213215e-10,2.147313685527367219e-10,2.979431330463476792e-10,3.001567901239805143e-10,2.344248161755758491e-10,1.491992064481717094e-10,9.856630490233342296e-11,3.200869527502767825e-12,2.087868481222666649e-11,3.812970939300109111e-11,5.449917760449794589e-11,6.960603186694571359e-11,8.314319133382597475e-11,9.490259692304235650e-11,1.048020004117821350e-10,1.129128520419752990e-10,1.194876383380640756e-10,1.249817133577652482e-10,1.300586693860056054e-10,1.355610961879098000e-10,1.424273941183775082e-10,1.515527422981400125e-10,1.636309232304169024e-10,1.790441909865512376e-10,1.978498725470822622e-10,2.198542755237277388e-10,2.447241306269112961e-10,2.720910428800664128e-10,3.016314051392854018e-10,3.331248316978435689e-10,3.665024422026254151e-10,4.018985913412837062e-10,4.397224460429640562e-10,4.807735493978690516e-10,5.264430802671256366e-10,5.790808159941391003e-10,6.426968584553797261e-10,7.243896621223054173e-10,8.374498806356982488e-10,1.008340276395134339e-09,1.291823657637849235e-09,1.800083646072552839e-09,2.751460021867337501e-09,2.755522078536790469e-09,2.542816702051855317e-09,2.033651781577012364e-09,1.590167328446976875e-09,1.453500317296753879e-09,1.335986051271957734e-09,9.269648588790396897e-10,4.686804167030923651e-10,1.070641553700161081e-09,1.914647318153203740e-09,2.573474094501664573e-09,2.989244705033663438e-09,3.175064298368287931e-09,3.102158846443681313e-09,2.705319764559007277e-09,2.014621531370143424e-09,1.370470937586249722e-09,1.467740772592811752e-09,1.996646535279951522e-09,2.254118268965676006e-09,2.064886859465812099e-09,1.578832226699317149e-09,1.134360893792219893e-09,9.810970345240191610e-10,3.388571582156176233e-12,4.666972672425866061e-11,9.674542067181977725e-11,1.475704130198170632e-10,1.994864903034582684e-10,2.528137788469694357e-10,3.078373347278388245e-10,3.647970412446063166e-10,4.238779627372407869e-10,4.852012408677773775e-10,5.488160074304095248e-10,6.146929202222131321e-10,6.827199684595645684e-10,7.527011551138362570e-10,8.243585435024307217e-10,8.973379576730319932e-10,9.712183634291004077e-10,1.045524655031949313e-09,1.119743265573323090e-09,1.193339748812207579e-09,1.265777284934289754e-09,1.336534973093670533e-09,1.405124803238436379e-09,1.471106343327432998e-09,1.534098412653916409e-09,1.593787301132288768e-09,1.649931397367558230e-09,1.702362367435034840e-09,1.750983252374070074e-09,1.795764009348386701e-09,1.836735105554551828e-09,1.873979790685732180e-09,1.907625637362010984e-09,1.937835864467914505e-09,1.964800862750948962e-09,1.988730239058618265e-09,2.009845596347206280e-09,2.028374177971493099e-09,2.044543431350863934e-09,2.058576488785633531e-09,2.070684859460187171e-09,2.081049032465140486e-09,2.089808045003169881e-09,2.097053610365891830e-09,2.102825550653864451e-09,2.107108550711762994e-09,2.109830280728051649e-09,2.110860984772518747e-09,2.110014699131584522e-09,2.107052338944946183e-09,2.101686957482737309e-09,2.093591514500638335e-09,2.082409454750712786e-09,2.067768256137237237e-09,2.049295823052408892e-09,2.026639153951654869e-09,1.999484117061560770e-09,1.967574494028717830e-09,1.930727840095233206e-09,1.888845376558004114e-09,1.841913345179767660e-09,1.789994293788757923e-09,1.733208862404877025e-09,1.671711967800482391e-09,1.605671968141034188e-09,1.535267601192476469e-09,1.460725495450215663e-09,1.382431002726680804e-09,1.301156028180594093e-09,1.218454357882736355e-09,1.137260373127574501e-09,1.062642445847216371e-09,1.002404434426984258e-09,9.667142479629880993e-10,9.655837538160817908e-10,1.004272274892696671e-09,1.079653131333745579e-09,1.180644014942825242e-09
1.302344509087531382e-09,1.403002975372724825e-09,1.470240908541833404e-09,1.503846499107877286e-09,1.507802846756728198e-09,1.487832570051543581e-09,1.450186037761164817e-09,1.400987955448808790e-09,1.345811981081058740e-09,1.289375983636692148e-09,1.235359909597069544e-09,1.186356691922609038e-09,1.143937536631985123e-09,1.108792572834122328e-09,1.080906894479266505e-09,1.059742419614239491e-09,1.044407938451347122e-09,1.033808345414340497e-09,1.026768953751652479e-09,1.022133406440479032e-09,1.018835368801392361e-09,1.015945575093664585e-09,1.012697015535496946e-09,1.008491987912993404e-09,1.002895270038799881e-09,9.956177491385282297e-10,9.864945092296518683e-10,9.754607412889436929e-10,9.625280449720438406e-10,9.477628756089438238e-10,9.312681577575852243e-10,9.131684998242211200e-10,8.935990189527754618e-10,8.726975113413708338e-10,8.505995514842891693e-10,8.274360398438286392e-10,8.033327112129240195e-10,7.784111395770237940e-10,7.527908108750074021e-10,7.265918720130577858e-10,6.999381948085471735e-10,6.729604153778590076e-10,6.457972215350630721e-10,6.185907955741456042e-10,5.914840672489625568e-10,5.646186448500702286e-10,5.381322807074937866e-10,5.121558734931583161e-10,4.868100525509350662e-10,4.622014459078432767e-10,4.384188025281719235e-10,4.155292143114438248e-10,3.935747538914197835e-10,3.725698943652754519e-10,3.525000888294514527e-10,3.333218447501659588e-10,3.149645252000305333e-10,2.973339555679744534e-10,2.803177403504270874e-10,2.637920464311269290e-10,2.476295413149967512e-10,2.317082436357093623e-10,2.159213054739610102e-10,2.001882820351050662e-10,1.844694021712540855e-10,1.687860367804438793e-10,1.532535315684178279e-10,1.381375771538257551e-10,1.239519636340076747e-10,1.116154592835948992e-10,1.026391180924251310e-10,9.913537989302055205e-11,1.032266264605315452e-10,1.159579658287518818e-10,1.368879592945799506e-10,1.646055153850603719e-10,1.968855466695592068e-10,2.297565880539275859e-10,2.351464256657494995e-10,1.845473233699387294e-10,5.003523984555235918e-11,1.447534521176383633e-10,2.841999645022129541e-10,3.328686120025269948e-10,2.753953872512455708e-10,1.592827416639904571e-10,1.586791869790993084e-10,2.704100324148016272e-10,3.394703055018555765e-10,3.560357346563585865e-10,3.668319222030618021e-10,3.962736684896927738e-10,4.045590196370722054e-10,3.465727762906120446e-10,2.204218297466319511e-10,9.487444364430784938e-11,1.586708380542457926e-10,2.448016094720508974e-10,2.608146855907480809e-10,2.174665426788109648e-10,1.570024966115543439e-10,1.212728322147512266e-10,3.187368133612121181e-12,2.338645908864106614e-11,4.301838240889007889e-11,6.153677012985816482e-11,7.845266178994356754e-11,9.335921254130905953e-11,1.059607602590655759e-10,1.161041279342423176e-10,1.238132171832171187e-10,1.293273617232471806e-10,1.331410344128847544e-10,1.360347758434561581e-10,1.390723638186818147e-10,1.435225485822867966e-10,1.506703961841489424e-10,1.615479894499613308e-10,1.767096143796732643e-10,1.961819947436871879e-10,2.195931400914987558e-10,2.463705774389767006e-10,2.759099370319493239e-10,3.076835619615547054e-10,3.413022424880123554e-10,3.765513678635210628e-10,4.134168520518765005e-10,4.521099056750370176e-10,4.930971110172634419e-10,5.371450241146573379e-10,5.854040041816211264e-10,6.396142136727235525e-10,7.027230764730406262e-10,7.808888746271523013e-10,8.898641431576393614e-10,1.073140302141892969e-09,1.441474171962260134e-09,2.227201453235032206e-09,2.228706809587429510e-09,2.090507209427077162e-09,1.837198986523121526e-09,1.777706314983686220e-09,1.842244880269337932e-09,1.644845375432522129e-09,9.906192151367755091e-10,3.315385823631955119e-10,1.368249426312739900e-09,2.386479527821908945e-09,3.031103101162071469e-09,3.253307631943528468e-09,3.154833567639234735e-09,2.860327547931993286e-09,2.408954165532752584e-09,1.809738852853389760e-09,1.263430632476031536e-09,1.281892093315175090e-09,1.717306907570120994e-09,1.977493778225330988e-09,1.861064625814809101e-09,1.442677101789903797e-09,9.479873085381660568e-10,6.292386708288498221e-10,3.357258647932574951e-12,4.785857251551827981e-11,9.900370427583863911e-11,1.507806633636760018e-10,2.034743549214798122e-10,2.573506184663438305e-10,3.126439184868618282e-10,3.695487363736089192e-10,4.282116636614816509e-10,4.887241840722773149e-10,5.511164840462414305e-10,6.153527291212436542e-10,6.813282636885280813e-10,7.488691526852796877e-10,8.177343865572558252e-10,8.876209211296980835e-10,9.581715310201841861e-10,1.028985238304582981e-09,1.099629861451703064e-09,1.169656040342709004e-09,1.238611957838983381e-09,1.306057915659507435e-09,1.371579941928784261e-09,1.434801705900918484e-09,1.495394177707705456e-09,1.553082673675003692e-09,1.607651144473473441e-09,1.658943767740637328e-09,1.706864079039387726e-09,1.751372001307863268e-09,1.792479209158430574e-09,1.830243292598590638e-09,1.864761171992070656e-09,1.896162172870497200e-09,1.924601106696258764e-09,1.950251631246059068e-09,1.973300091535457721e-09,1.993939973710050542e-09,2.012367045586072890e-09,2.028775208907303574e-09,2.043349424697195858e-09,2.056246472711743306e-09,2.067584359126061755e-09,2.077436082056299995e-09,2.085824575820343913e-09,2.092718890902393669e-09,2.098031699072091295e-09,2.101618265505724632e-09,2.103277100993914277e-09,2.102752588059233444e-09,2.099739947758672254e-09,2.093892951743069525e-09,2.084834749278492942e-09,2.072172027896014451e-09,2.055512416759734701e-09,2.034484548580181280e-09,2.008759531254018397e-09,1.978071818522929446e-09,1.942236765919211971e-09,1.901161751353508831e-09,1.854847926590250199e-09,1.803380746735194081e-09,1.746909643800360316e-09,1.685620713540367841e-09,1.619711156426565465e-09,1.549380571685525808e-09,1.474862280821681759e-09,1.396527811618849017e-09,1.315108608328901429e-09,1.232086051814186803e-09,1.150287247443487596e-09,1.074643067145164321e-09,1.012816386858856350e-09,9.749035759007510036e-10,9.710253513801039844e-10,1.006759907726961607e-09,1.079336216949246471e-09,1.177849381631142421e-09
1.296524222570446555e-09,1.395320912679073826e-09,1.461245089624284579e-09,1.494057227240669793e-09,1.497736108982130765e-09,1.477972649360105105e-09,1.440954972250659480e-09,1.392728125899587071e-09,1.338783582596559675e-09,1.283766560889066112e-09,1.231300942370512204e-09,1.183941531046595998e-09,1.143235921233526777e-09,1.109858908221039769e-09,1.083781733548558927e-09,1.064448568401457976e-09,1.050943829889799890e-09,1.042141584201775889e-09,1.036832350998455132e-09,1.033824760613826497e-09,1.032021125948601075e-09,1.030467630818634026e-09,1.028381434791222924e-09,1.025158314919773039e-09,1.020365274680780048e-09,1.013722787090008498e-09,1.005081045504614098e-09,9.943939200663460936e-10,9.816934386237308676e-10,9.670666995875357283e-10,9.506363055899480231e-10,9.325447528926477400e-10,9.129427434331177561e-10,8.919810899134859563e-10,8.698057259911730982e-10,8.465552740899732828e-10,8.223606262276970544e-10,7.973460299950461581e-10,7.716312215650940731e-10,7.453341983480589447e-10,7.185742681806654884e-10,6.914750470819611038e-10,6.641659248789192009e-10,6.367784558354951126e-10,6.094441265207235676e-10,5.822927314256102417e-10,5.554504262408036038e-10,5.290374691285240364e-10,5.031656885229074697e-10,4.779357524565374039e-10,4.534343565153942797e-10,4.297314929513496577e-10,4.068780064631491725e-10,3.849036749211529553e-10,3.638160674620455399e-10,3.436004192760675979e-10,3.242207185930969329e-10,3.056221298698991224e-10,2.877347915077779289e-10,2.704789512283698860e-10,2.537713713236096407e-10,2.375329925456763947e-10,2.216980404124448941e-10,2.062251604770934459e-10,1.911118795993883895e-10,1.764148490917697330e-10,1.622800547015722022e-10,1.489892228824002926e-10,1.370290501138433669e-10,1.271813230965376273e-10,1.205970574012316881e-10,1.187439405038943325e-10,1.230812450855358952e-10,1.345213552689902218e-10,1.530397049979617494e-10,1.775319748162657789e-10,2.053769401930445262e-10,2.309398600226448474e-10,2.362961670465850720e-10,1.806523694409322527e-10,2.520532833583490264e-11,1.680739765372405362e-10,3.216534380269271099e-10,3.747617511122403857e-10,3.084145500443802310e-10,1.656047747058642667e-10,1.541940438457539714e-10,2.973678814394037062e-10,3.853243224981132959e-10,3.911280536865486944e-10,3.533915360701690741e-10,3.288304222191961817e-10,3.201321921563380494e-10,2.798196054107350543e-10,1.848954941584679523e-10,6.627022915060277470e-11,9.983722149675895432e-11,1.786450589822563772e-10,2.050978369200605482e-10,1.964768872157693349e-10,1.905757493331250693e-10,1.954621782538754495e-10,3.173758247933058007e-12,2.664490103142484336e-11,4.941076753866948606e-11,7.079268119290415259e-11,9.017388358587221066e-11,1.070290245480168846e-10,1.209560884359335971e-10,1.317108064628352794e-10,1.392457224689414682e-10,1.437567598343013707e-10,1.457393410644181958e-10,1.460502514517196088e-10,1.459531529791094519e-10,1.470883974921161175e-10,1.512727499809573806e-10,1.600894011155272979e-10,1.744374717027773931e-10,1.943562156177588063e-10,2.192251231471239312e-10,2.481217960777391009e-10,2.801066191285699969e-10,3.143756529056139316e-10,3.503229821304003845e-10,3.875585963097067557e-10,4.259043849361314612e-10,4.653707245976330770e-10,5.061014745599236750e-10,5.482609629912545253e-10,5.918201568491608089e-10,6.361925654181897438e-10,6.797465812055027504e-10,7.197134905209619949e-10,7.553497199674561049e-10,8.067564594055265546e-10,9.833053673126765552e-10,1.577109322970904800e-09,1.575441097470919709e-09,1.544626409740546326e-09,1.625033050285673713e-09,1.927725987016240049e-09,2.132268563016338832e-09,1.880439145585809711e-09,1.053031922970526662e-09,2.478531975666888034e-10,1.613040880706153787e-09,2.753171321222589492e-09,3.384679868173772543e-09,3.441515389744425035e-09,3.065471238342554121e-09,2.510420079760689252e-09,1.973723746972273741e-09,1.497942469462530237e-09,1.128444476061234327e-09,1.106235747224406401e-09,1.395146985958303625e-09,1.609398970765933686e-09,1.558937569535454671e-09,1.281565891141131269e-09,9.549828807661472487e-10,7.631674428917155085e-10,3.324895131942054435e-12,4.873123656433401966e-11,1.006407133755984619e-10,1.530798204393158583e-10,2.062842276731760757e-10,2.604733549448765655e-10,3.158390529322902595e-10,3.725382516929488370e-10,4.306864477423456009e-10,4.903519379275683813e-10,5.515510386533068497e-10,6.142446054988790177e-10,6.783361768595582418e-10,7.436720287673127277e-10,8.100433506307104927e-10,8.771906375205802991e-10,9.448102525866010594e-10,1.012562956168249820e-09,1.080084044078818152e-09,1.146994603808632160e-09,1.212913302543699414e-09,1.277468076707998864e-09,1.340307105770390242e-09,1.401108520999124948e-09,1.459588413428207937e-09,1.515506848850097457e-09,1.568671753822000492e-09,1.618940687227768871e-09,1.666220642704038139e-09,1.710466128100455943e-09,1.751675834022016555e-09,1.789888235501830631e-09,1.825176471692172364e-09,1.857642825523375246e-09,1.887413085291122691e-09,1.914631020448201641e-09,1.939453150833623242e-09,1.962043936978282498e-09,1.982571472520653256e-09,2.001203720126701016e-09,2.018101699774080032e-09,2.033400424574311102e-09,2.047198202836366305e-09,2.059550106572880149e-09,2.070462487252458416e-09,2.079888631398818497e-09,2.087725684537321794e-09,2.093813029832843636e-09,2.097932385879285327e-09,2.099809977884295667e-09,2.099121219052520176e-09,2.095498385009093397e-09,2.088541731411099360e-09,2.077834344789350463e-09,2.062960679388022219e-09,2.043528187594124794e-09,2.019190708531246102e-09,1.989671418193910207e-09,1.954782336291177140e-09,1.914436894565162092e-09,1.868652226947275020e-09,1.817538972277934509e-09,1.761278735030945852e-09,1.700093051114999150e-09,1.634212782800016778e-09,1.563863371456044191e-09,1.489289499369576682e-09,1.410852626547808526e-09,1.329245773046771216e-09,1.245877146729122887e-09,1.163461693887620783e-09,1.086782547183084846e-09,1.023345600499593340e-09,9.831563587177454175e-10,9.764308847654180104e-10,1.009073339895406011e-09,1.078698561644684870e-09,1.174612353555730849e-09
1.290036059707491408e-09,1.386926256295710655e-09,1.451538997128634023e-09,1.483590111819843997e-09,1.487043780462389362e-09,1.467555096989670689e-09,1.431250049702210648e-09,1.384094947187674478e-09,1.331498409517845264e-09,1.278030423042347949e-09,1.227255275946280665e-09,1.181686297047728639e-09,1.142844908312172607e-09,1.111388755806688621e-09,1.087273710400705411e-09,1.069924450083586327e-09,1.058398696795650770e-09,1.051536733360378620e-09,1.048090910259604604e-09,1.046831426969373969e-09,1.046626199752591067e-09,1.046494537187818491e-09,1.045636377081444917e-09,1.043440581046769319e-09,1.039476911208985573e-09,1.033476725488161076e-09,1.025307182665667795e-09,1.014943029072589361e-09,1.002439065124533050e-09,9.879053707630685380e-10,9.714864515942372176e-10,9.533447399168391483e-10,9.336483683691993130e-10,9.125628134246302098e-10,8.902458415666123333e-10,8.668451367406795900e-10,8.424980027337405414e-10,8.173325858546835886e-10,7.914701281009315745e-10,7.650278264034826428e-10,7.381219310046370610e-10,7.108707638895406775e-10,6.833964024897679707e-10,6.558219736362528887e-10,6.282698716938099676e-10,6.008604856530792776e-10,5.737107019310801193e-10,5.469321962625540472e-10,5.206295479101479846e-10,4.948982335651724195e-10,4.698225853870042808e-10,4.454738261135348681e-10,4.219083209999878511e-10,3.991662079708474264e-10,3.772705791345385335e-10,3.562273852269971299e-10,3.360262177904162688e-10,3.166420933005094864e-10,2.980383260922916579e-10,2.801705465240838183e-10,2.629919158961709282e-10,2.464596391605775217e-10,2.305430119296486959e-10,2.152335030418529631e-10,2.005578128895660901e-10,1.865954917929916049e-10,1.735034788341962672e-10,1.615503855987042895e-10,1.511620126960078066e-10,1.429728017327924091e-10,1.378600807348989964e-10,1.369101287096136308e-10,1.412579552566327083e-10,1.518099003484975615e-10,1.689550036025314588e-10,1.923044012495984396e-10,2.202511600168941166e-10,2.490089633234476824e-10,2.543143441813896954e-10,1.962425430605276102e-10,4.433931620777819737e-11,1.774286976232661601e-10,3.397056900236995928e-10,3.982292403897659585e-10,3.295390818689254837e-10,1.709006950662368169e-10,1.419646838529415394e-10,3.046051497546020342e-10,4.051484128984968993e-10,4.060145622629394804e-10,3.345443720791145322e-10,2.558358291179859486e-10,2.210492781109023135e-10,1.993281716846592112e-10,1.430535379079414153e-10,5.426296879137836421e-11,4.168945127208517806e-11,1.044657135003851426e-10,1.388902927347153767e-10,1.727328047459519650e-10,2.195432148205958213e-10,2.528972302647486070e-10,3.159795135071379088e-12,3.080544971740560069e-11,5.760103009494125765e-11,8.269800440502008900e-11,1.053307526617052709e-10,1.248362767575842993e-10,1.406885717306032855e-10,1.525351755406632499e-10,1.602384166005516561e-10,1.639258787115676284e-10,1.640564598541667384e-10,1.615075458486759520e-10,1.576761871256640067e-10,1.545419588941357355e-10,1.545458827890797040e-10,1.600901597133736735e-10,1.727333851744554318e-10,1.926721580007170465e-10,2.189700619214157654e-10,2.501978101579263454e-10,2.849381963791117311e-10,3.220140458279640401e-10,3.605469753496442077e-10,3.999497847705147894e-10,4.398933369065589118e-10,4.802471125777319001e-10,5.209663719764697727e-10,5.618716441695967245e-10,6.022227873655107454e-10,6.399159205300996478e-10,6.700191573133914127e-10,6.822788019155853541e-10,6.577852166569174665e-10,5.715075968742283784e-10,4.768344149693633163e-10,8.880993134784685882e-10,8.831205846232399797e-10,1.001868325635493147e-09,1.435602974312348009e-09,1.997804628560575883e-09,2.293775425394571876e-09,2.025516465703396882e-09,1.118550720990345846e-09,2.820431217539063444e-10,1.757271040288857832e-09,2.959145318724666062e-09,3.573960185141148682e-09,3.510711321807634748e-09,2.914125957859761507e-09,2.103949762071047383e-09,1.443905841402650277e-09,1.115025749674508477e-09,9.812496782102145426e-10,9.520756800706843126e-10,1.059986933353034258e-09,1.185479501275295960e-09,1.194551539422407913e-09,1.107010996432311696e-09,1.042721806148805154e-09,1.041456132024724899e-09,3.291088304138536968e-12,4.933585196815970261e-11,1.017512141435777977e-10,1.546079419461310363e-10,2.080993197793048577e-10,2.624051948918049054e-10,3.176815390000680082e-10,3.740541556719674774e-10,4.316132942517830489e-10,4.904090138427144780e-10,5.504474594707112730e-10,6.116882760596927616e-10,6.740433887653343834e-10,7.373773458739371547e-10,8.015093590196262606e-10,8.662170884618052241e-10,9.312421159650418359e-10,9.962969336836237988e-10,1.061073166613405314e-09,1.125250651206472513e-09,1.188506925331286989e-09,1.250526653431532291e-09,1.311010519402447253e-09,1.369683167435713866e-09,1.426299851012058664e-09,1.480651553152166037e-09,1.532568454168169450e-09,1.581921734597742717e-09,1.628623800602276282e-09,1.672627098565214643e-09,1.713921741741181180e-09,1.752532202836170528e-09,1.788513334959469316e-09,1.821945973077229274e-09,1.852932343415555941e-09,1.881591475054523163e-09,1.908054769695393421e-09,1.932461847440510384e-09,1.954956750047645435e-09,1.975684551152525790e-09,1.994784813357431534e-09,2.012372693502789299e-09,2.028528167570618249e-09,2.043289243552707032e-09,2.056646087859260794e-09,2.068536188444008085e-09,2.078840719478802731e-09,2.087382337849486294e-09,2.093924729748965905e-09,2.098174326914692063e-09,2.099784707696093186e-09,2.098364254708917843e-09,2.093487612773471948e-09,2.084711321449377616e-09,2.071593629358752340e-09,2.053717894250073143e-09,2.030718140905496192e-09,2.002304374867116073e-09,1.968284322475071592e-09,1.928577682289645012e-09,1.883219095469011239e-09,1.832347232593628173e-09,1.776179907970749948e-09,1.714979061626366080e-09,1.649014753740501983e-09,1.578543966511365884e-09,1.503828142961641966e-09,1.425223205091734200e-09,1.343386608806496296e-09,1.259653424589666659e-09,1.176622110909025695e-09,1.098917649165568158e-09,1.033871263846327496e-09,9.913741358343555512e-10,9.817175610457588347e-10,1.011132595952308929e-09,1.077649245741835574e-09,1.170822241648566356e-09
1.282734675772330076e-09,1.377651495081716588e-09,1.440941158716408823e-09,1.472256462704391729e-09,1.475535080474196028e-09,1.456390868010272169e-09,1.420886526743373066e-09,1.374909321295373350e-09,1.323783405733223362e-09,1.272000444032683999e-09,1.223061545161326968e-09,1.179435514234526844e-09,1.142615542640830266e-09,1.113240858571803271e-09,1.091250895182541687e-09,1.076049345491571000e-09,1.066664920262936018e-09,1.061900921050866160e-09,1.060467706647594652e-09,1.061093052368381300e-09,1.062606817059845257e-09,1.063998533465796721e-09,1.064449053432275406e-09,1.063339594852385200e-09,1.060243028073082665e-09,1.054902850603554635e-09,1.047205111586641890e-09,1.037147779360613495e-09,1.024810966158454617e-09,1.010330281614803350e-09,9.938745588933442657e-10,9.756283852185096981e-10,9.557792985443533724e-10,9.345091650011758523e-10,9.119890809617623890e-10,8.883770965676882804e-10,8.638180865063957472e-10,8.384451622908783429e-10,8.123821020813146220e-10,7.857463545231780401e-10,7.586522445495141642e-10,7.312140682685914872e-10,7.035480306065347626e-10,6.757704048513828157e-10,6.479961502257523222e-10,6.203379227325118362e-10,5.929049295038189457e-10,5.658016407233502302e-10,5.391263874860191636e-10,5.129698906343436813e-10,4.874137836116495982e-10,4.625292107776625316e-10,4.383756002337204336e-10,4.149997240792544853e-10,3.924351685672209005e-10,3.707023387698534958e-10,3.498091175925231011e-10,3.297522879912110520e-10,3.105198142688716849e-10,2.920940705089962389e-10,2.744561131564875017e-10,2.575911351445914571e-10,2.414953295842745583e-10,2.261845519026891337e-10,2.117054158158340028e-10,1.981497805656579859e-10,1.856738955484625671e-10,1.745234626025007842e-10,1.650648038879462666e-10,1.578187496830731087e-10,1.534862309336925625e-10,1.529444120695281540e-10,1.571900931227038404e-10,1.672292946182270545e-10,1.839496661419493079e-10,2.080150850762373038e-10,2.397874647936865603e-10,2.793958096445792420e-10,2.845402326562765793e-10,2.261212536335373045e-10,7.941119271168382978e-11,1.722000235467660013e-10,3.373639680489342748e-10,4.018816014276079668e-10,3.372200295738690453e-10,1.739985386048968025e-10,1.197145332668440120e-10,2.898676884823299066e-10,3.969933851854683946e-10,3.983308248062264926e-10,3.122053122130926684e-10,1.937697492031555817e-10,1.194041920887582753e-10,1.131361044222885333e-10,9.858733904635447863e-11,5.672220750042435361e-11,2.054601985896093244e-11,3.045197820215223372e-11,7.155971107393086103e-11,1.481421802090588718e-10,2.301019730879628586e-10,2.798556997096623219e-10,3.145078096108603002e-12,3.603811070322713268e-11,6.791733971657554484e-11,9.773045106469628050e-11,1.245390789969978856e-10,1.475214487116091932e-10,1.660096215676874997e-10,1.795280587570810134e-10,1.878357754643705282e-10,1.909771998079054831e-10,1.893506818573795514e-10,1.838079757727419537e-10,1.757969751984007643e-10,1.675295521414861309e-10,1.620381809656786417e-10,1.627641086427937128e-10,1.723909491753287475e-10,1.916204332920440681e-10,2.191897702412498148e-10,2.529512735552467901e-10,2.908031798007155116e-10,3.310575094919746860e-10,3.724873513320302465e-10,4.142801797538864872e-10,4.559763465450524239e-10,4.973932640063937940e-10,5.384995394603196265e-10,5.791736465849264235e-10,6.187320336780608048e-10,6.550213632591506924e-10,6.827008370943091529e-10,6.900282869305078788e-10,6.529029804836025923e-10,5.240771252245599190e-10,2.193598597808252900e-10,4.841806128625252064e-10,4.806002885847603783e-10,7.107032547423440545e-10,1.306387337377087013e-09,1.964295978431300576e-09,2.311996101880024240e-09,2.071302661254528930e-09,1.184528778737587955e-09,3.947019547009457892e-10,1.777581079404525736e-09,2.974906581972241030e-09,3.565051694971068129e-09,3.433752017930347744e-09,2.709893502150195531e-09,1.711513626112089879e-09,8.832940341584594710e-10,7.161990474194276602e-10,8.432394577342429586e-10,8.296070038622355967e-10,7.649727740711347486e-10,7.686263937762547645e-10,8.272298988270649384e-10,9.357415953357291276e-10,1.094083626632471470e-09,1.216499093642056350e-09,3.256391193034151217e-12,4.971435710798116217e-11,1.024182121482629051e-10,1.554875061881715878e-10,2.090792289041417394e-10,2.633395942958788896e-10,3.183943893583380460e-10,3.743435809451622575e-10,4.312568504692753778e-10,4.891698485321553172e-10,5.480812734717576862e-10,6.079509343899971905e-10,6.686989594915384841e-10,7.302062832850742637e-10,7.923164971600996680e-10,8.548390818678427411e-10,9.175539618056449713e-10,9.802172375095269500e-10,1.042567872700676119e-09,1.104335043730840952e-09,1.165245811392524886e-09,1.225032752175404056e-09,1.283441192329559386e-09,1.340235721193236444e-09,1.395205717835177289e-09,1.448169698678235156e-09,1.498978376653345061e-09,1.547516405240596503e-09,1.593702856407161181e-09,1.637490544254475707e-09,1.678864352547053583e-09,1.717838752992078693e-09,1.754454713119727363e-09,1.788776190143260326e-09,1.820886392813528039e-09,1.850883971716153712e-09,1.878879271419082815e-09,1.904990749885662842e-09,1.929341642825601972e-09,1.952056925474250594e-09,1.973257026979057482e-09,1.993039077120916000e-09,2.011466060436564946e-09,2.028559794062809629e-09,2.044294685053970499e-09,2.058592416216583461e-09,2.071317759178206182e-09,2.082275788610571937e-09,2.091210872022676015e-09,2.097807925992937244e-09,2.101696541047179827e-09,2.102458648082615379e-09,2.099640377556372024e-09,2.092768584327604531e-09,2.081372110769962782e-09,2.065007191665812900e-09,2.043285471947481533e-09,2.015902005073741679e-09,1.982659536754225451e-09,1.943484687028039733e-09,1.898431732599968957e-09,1.847670955266677761e-09,1.791461224889033630e-09,1.730110678093991681e-09,1.663934913100783736e-09,1.593228915203491511e-09,1.518277031389837197e-09,1.439434944309795189e-09,1.357328234527626932e-09,1.273219714180845465e-09,1.189587662393261961e-09,1.110888420633434099e-09,1.044259188143193745e-09,9.994489917976290578e-10,9.867968917528130325e-10,1.012854340629252391e-09,1.076093952581986970e-09,1.166362813196460392e-09
1.274468392056502843e-09,1.367319748541082231e-09,1.429258630916580414e-09,1.459854819915178879e-09,1.463005733647090296e-09,1.444277011690451548e-09,1.409665381420913122e-09,1.364977330675499544e-09,1.315449910779158077e-09,1.265492923491720569e-09,1.218540811949005960e-09,1.177015311489740836e-09,1.142380038630103200e-09,1.115255272186883100e-09,1.095563541441719911e-09,1.082686410038483176e-09,1.075621290660969847e-09,1.073131010694446193e-09,1.073879545120896538e-09,1.076547498395698710e-09,1.079922183209789293e-09,1.082959661031817741e-09,1.084819155675376264e-09,1.084873006973192868e-09,1.082697229038576101e-09,1.078048583502110346e-09,1.070833959765521566e-09,1.061077034378086476e-09,1.048885983771583940e-09,1.034424742100804925e-09,1.017889142365290477e-09,9.994883700059201383e-10,9.794315274418684647e-10,9.579187308275609763e-10,9.351359827868227891e-10,9.112530263309642777e-10,8.864234304224240814e-10,8.607862448954937993e-10,8.344686630036700700e-10,8.075892268504835366e-10,7.802611964060542203e-10,7.525957736884676716e-10,7.247043292494107748e-10,6.966973971671867972e-10,6.686836523395317142e-10,6.407691547450111438e-10,6.130564843531994654e-10,5.856437800189830107e-10,5.586237062841741636e-10,5.320823839068504860e-10,5.060983320918004356e-10,4.807414830418164053e-10,4.560723406059436503e-10,4.321413645831336962e-10,4.089886687931396306e-10,3.866441247618893837e-10,3.651279625260456235e-10,3.444519583655088204e-10,3.246212975339065488e-10,3.056372032365821451e-10,2.875004377516851848e-10,2.702158156375937044e-10,2.537979326670915022e-10,2.382784162941224135e-10,2.237151492414356308e-10,2.102040959534999589e-10,1.978945216254543642e-10,1.870084012953272182e-10,1.778643926921694813e-10,1.709054713729387321e-10,1.667269575385814813e-10,1.660992183869743754e-10,1.699807013564572530e-10,1.795281821569838327e-10,1.961336292585369225e-10,2.215453561949080842e-10,2.581850426472321068e-10,3.099723200410318404e-10,3.147126038223230734e-10,2.568910732537950611e-10,1.098660397583352996e-10,1.535007672997985041e-10,3.159329771288417242e-10,3.860700539395583617e-10,3.306622276546991325e-10,1.736284543344783890e-10,8.757634678153581078e-11,2.546339096305121454e-10,3.623646502895019041e-10,3.685478274418428175e-10,2.875756415807996080e-10,1.637484238289325335e-10,4.984105036202873098e-11,3.188985387539396384e-11,5.624864469588882432e-11,6.340773186317437468e-11,6.715759793118958506e-11,4.733965242189091598e-11,3.699672151460467420e-11,1.249727455549770157e-10,2.183760463734836319e-10,2.743502734264231707e-10,3.129152121430911411e-12,4.253857843112143236e-11,8.073795170380512198e-11,1.164392772456859318e-10,1.485028343876712726e-10,1.759230077332531254e-10,1.978694904230914971e-10,2.137285371645437209e-10,2.231460036769438299e-10,2.260770537171725264e-10,2.228521448874047200e-10,2.142766038310279517e-10,2.017906301987850952e-10,1.877128418034772051e-10,1.755053615885435043e-10,1.696765646710534349e-10,1.745293178016511600e-10,1.919129567251668703e-10,2.204034611736830976e-10,2.568816933776738760e-10,2.982636366321047133e-10,3.421507971482787071e-10,3.868546463379847775e-10,4.312829647822555168e-10,4.748421713576809406e-10,5.173616780432419103e-10,5.589985353477120101e-10,6.000619581669006971e-10,6.406599361480888036e-10,6.800172294072896887e-10,7.152454118160021511e-10,7.393492631777724672e-10,7.388752699159901495e-10,6.964898679958853888e-10,6.393470236133878877e-10,8.821991884250479317e-10,8.861519130324037120e-10,9.219847630962511447e-10,1.250282841673863439e-09,1.821397132549786691e-09,2.188857232365476914e-09,2.019312045314123119e-09,1.240589345131313921e-09,5.160391116803040639e-10,1.669291309103664995e-09,2.795630438053388097e-09,3.350701698472770380e-09,3.202996447238405731e-09,2.462669789045411479e-09,1.414529970933596308e-09,4.175488846925104104e-10,4.109125726434358208e-10,7.346558199419828089e-10,7.451687608539536366e-10,6.031057053322226118e-10,5.026572372079465631e-10,5.669595215630779221e-10,7.865834169872041244e-10,1.053436657160551632e-09,1.231387621966710798e-09,3.221771743855541370e-12,4.990336050189476201e-11,1.027141239164774176e-10,1.558251426771320852e-10,2.093624738579698654e-10,2.634438254833657841e-10,3.181696134505370015e-10,3.736183406498052199e-10,4.298428935078045447e-10,4.868675077842258827e-10,5.446854644741736610e-10,6.032576289186128602e-10,6.625119460594115695e-10,7.223439821040144932e-10,7.826185641658889062e-10,8.431725189249268532e-10,9.038184526948820673e-10,9.643494536019169438e-10,1.024544538207721318e-09,1.084174615619082002e-09,1.143008707023949955e-09,1.200820142645947085e-09,1.257392461532284603e-09,1.312524763859882033e-09,1.366036306110379286e-09,1.417770183203947547e-09,1.467596002236541637e-09,1.515411514440350762e-09,1.561143229507476567e-09,1.604746085655584991e-09,1.646202286896767648e-09,1.685519444414740657e-09,1.722728171838666393e-09,1.757879286576454825e-09,1.791040761866222782e-09,1.822294560489457003e-09,1.851733462730690997e-09,1.879457980801705247e-09,1.905573431151693332e-09,1.930187216626743352e-09,1.953402774733466640e-09,1.975300920368478312e-09,1.995928916791304676e-09,2.015293220846826410e-09,2.033352873891780949e-09,2.050013709533096063e-09,2.065123608568852380e-09,2.078469119026785167e-09,2.089773875182447822e-09,2.098699384135578322e-09,2.104848879736415796e-09,2.107775031429360160e-09,2.106992282450495891e-09,2.101994404274040419e-09,2.092277416131522590e-09,2.077367274321129348e-09,2.056850687622050083e-09,2.030406164361258575e-09,1.997831179588640807e-09,1.959060541301751482e-09,1.914171092081178888e-09,1.863369242217105300e-09,1.806960760105593956e-09,1.745306747953180909e-09,1.678775576445071815e-09,1.607707487704270649e-09,1.532416594288250579e-09,1.453264353033024130e-09,1.370848938279443760e-09,1.286362621390138416e-09,1.202160513961805233e-09,1.122519884421195433e-09,1.054363012696582156e-09,1.007264517317715043e-09,9.915758180547234828e-10,1.014153539917805450e-09,1.073937238750123089e-09,1.161114969145150555e-09
1.265082540783084319e-09,1.355748149622631340e-09,1.416290297156977721e-09,1.446174110888092630e-09,1.449240931420087813e-09,1.430999344041506739e-09,1.397375575837205445e-09,1.354091973366678355e-09,1.306294778729514104e-09,1.258308043368081889e-09,1.213496359545003633e-09,1.174232597937546933e-09,1.141950423801850495e-09,1.117251605148786278e-09,1.100042093280318167e-09,1.089680653759357115e-09,1.085131189076384895e-09,1.085112215823019720e-09,1.088236222532695589e-09,1.093130925497547912e-09,1.098535510139140536e-09,1.103367794447954431e-09,1.106761888408978015e-09,1.108079285788404849e-09,1.106898692020532296e-09,1.102991012229824041e-09,1.096285892199464603e-09,1.086835332689936575e-09,1.074778566414696398e-09,1.060310946130185353e-09,1.043658292960098005e-09,1.025057134226172052e-09,1.004740558529735884e-09,9.829290037491668938e-10,9.598251085960022710e-10,9.356117294122034835e-10,9.104522877710210743e-10,8.844927232327585581e-10,8.578644470712195393e-10,8.306878079106118944e-10,8.030756805160024730e-10,7.751368720684568232e-10,7.469786735702485351e-10,7.187066698847840246e-10,6.904240462703524560e-10,6.622310288855383560e-10,6.342242483476051053e-10,6.064960384540794272e-10,5.791336898548288124e-10,5.522186872084062993e-10,5.258259668439939820e-10,5.000232405141800751e-10,4.748704383066759114e-10,4.504193302089728045e-10,4.267133906083880039e-10,4.037879729800058509e-10,3.816708640012311743e-10,3.603832874742773340e-10,3.399414320702073331e-10,3.203585843801773045e-10,3.016479655357485668e-10,2.838264004006277980e-10,2.669189992445331923e-10,2.509651090337873822e-10,2.360259001882549820e-10,2.221940937784491939e-10,2.096064941349461863e-10,1.984601466497382211e-10,1.890330542409340708e-10,1.817104688390891414e-10,1.770180609262543265e-10,1.756646189704442177e-10,1.786013055675742743e-10,1.871148930952491120e-10,2.029919120227693680e-10,2.288246651636370202e-10,2.686021352172233996e-10,3.289148231796207226e-10,3.328920592942877588e-10,2.766711612172255170e-10,1.301245299312147395e-10,1.241869096184968564e-10,2.790220956959069046e-10,3.529651115194779538e-10,3.100349798175400547e-10,1.686759621164003530e-10,4.803589182265992447e-11,2.042239236047550188e-10,3.064023161470687990e-10,3.200333959929886115e-10,2.609660768521724930e-10,1.712280778679319831e-10,9.542314641515564087e-11,4.798704514739269683e-11,2.503803862534239080e-11,6.834700210609217217e-11,1.068499119775148389e-10,1.066995889730737516e-10,7.628991162325402745e-11,1.052698310775193229e-10,1.861689401826216760e-10,2.404433393850338027e-10,3.111613894317665956e-12,5.053757461053580243e-11,9.651106644697443002e-11,1.394756304981805005e-10,1.780550249587228029e-10,2.110289326915705529e-10,2.373796173857394878e-10,2.563370840173723055e-10,2.674239022085350075e-10,2.705039392716527068e-10,2.658440978482882096e-10,2.542071245134875268e-10,2.370091922743697504e-10,2.165950486650323954e-10,1.966606171444408924e-10,1.825802790187444982e-10,1.805580210642932426e-10,1.944806659607770535e-10,2.232782845782934385e-10,2.626287975174143968e-10,3.080536154347224038e-10,3.561568667581866422e-10,4.046215551548166683e-10,4.519769626538695919e-10,4.974401023552332415e-10,5.408402543018155822e-10,5.825801566675755761e-10,6.235795197566701025e-10,6.651342601267417622e-10,7.086117168432383900e-10,7.549368323510589799e-10,8.040863149197258288e-10,8.559526029204208419e-10,9.183485364840787819e-10,1.041475099773114382e-09,1.405598153436841783e-09,1.411427481966509098e-09,1.301754282437408047e-09,1.240761774706647335e-09,1.580275723132419870e-09,1.944044158049834192e-09,1.881786105126684253e-09,1.271305486987390214e-09,6.134157917410713628e-10,1.445396992533970225e-09,2.441748199315616833e-09,2.951091502525964387e-09,2.832058850000468479e-09,2.182501448378605963e-09,1.267068827739804052e-09,4.399669154079838214e-10,4.144931923960560054e-10,6.629860730541764052e-10,6.971719395496737142e-10,6.392688324646895477e-10,5.797101300114403390e-10,5.565302305185868553e-10,6.734699297711754247e-10,9.105705566648401363e-10,1.090140855564144938e-09,3.187899514156051431e-12,4.993511968626380766e-11,1.027022469035187289e-10,1.557137528451459081e-10,2.090694109521608987e-10,2.628628139562909427e-10,3.171730648079508991e-10,3.720608238356810009e-10,4.275652421723126653e-10,4.837015027859377446e-10,5.404589979740439162e-10,5.978002220966039214e-10,6.556604586759035282e-10,7.139483223040291498e-10,7.725471857075916548e-10,8.313174831994646326e-10,8.900998379564323758e-10,9.487189148657808807e-10,1.006987857709752193e-09,1.064713133693344914e-09,1.121699582630393148e-09,1.177755456397489998e-09,1.232697236462682674e-09,1.286354034569645941e-09,1.338571410793937604e-09,1.389214482492373876e-09,1.438170241937742593e-09,1.485349047081185418e-09,1.530685293345970107e-09,1.574137313257795334e-09,1.615686581269803197e-09,1.655336323242625486e-09,1.693109642855390673e-09,1.729047281816084363e-09,1.763205127980293129e-09,1.795651577255794926e-09,1.826464842950241781e-09,1.855730291876820088e-09,1.883537871235283108e-09,1.909979675386770169e-09,1.935144096002446269e-09,1.959097200283746032e-09,1.981871689982547092e-09,2.003459399706225401e-09,2.023804307449855886e-09,2.042796247483522666e-09,2.060265586233608402e-09,2.075979224296349984e-09,2.089638422261837110e-09,2.100879104934792041e-09,2.109275453520547044e-09,2.114347703886081215e-09,2.115575066371507732e-09,2.112414484345959220e-09,2.104325467142941526e-09,2.090800400979650659e-09,2.071398559336423200e-09,2.045780613287212828e-09,2.013739050957465099e-09,1.975218976897094288e-09,1.930323795241065721e-09,1.879301766079537513e-09,1.822512631891982998e-09,1.760378378806452714e-09,1.693328368349362495e-09,1.621756145250806004e-09,1.546013092141361776e-09,1.466473047291735550e-09,1.383711905844552521e-09,1.298853883302100283e-09,1.214128668133298714e-09,1.133624233301432801e-09,1.064025753024031270e-09,1.014696925013869206e-09,9.959578568166695714e-10,1.014945149060808586e-09,1.071084971741605204e-09,1.154959763819837016e-09
1.254423328825595067e-09,1.342751798704151359e-09,1.401830709975208742e-09,1.430997281119067424e-09,1.434018664245288604e-09,1.416335362203982935e-09,1.383796417073301708e-09,1.342034851948614042e-09,1.296101314801394004e-09,1.250230015781362146e-09,1.207713056309549975e-09,1.170873685797279984e-09,1.141116504885077655e-09,1.119026460757201919e-09,1.104494290497649083e-09,1.096855949846245763e-09,1.095039779686546966e-09,1.097715774036188493e-09,1.103438969013691788e-09,1.110777247879124126e-09,1.118414666416401697e-09,1.125224592064031050e-09,1.130311244176132930e-09,1.133022266639234305e-09,1.132937880807020034e-09,1.129843610937967033e-09,1.123693657964890271e-09,1.114571074268973695e-09,1.102649413883919829e-09,1.088158910805225376e-09,1.071358770215380472e-09,1.052516007852420765e-09,1.031890487660152497e-09,1.009725354244570145e-09,9.862418620431552536e-10,9.616375848865086443e-10,9.360870744836076034e-10,9.097441701922984709e-10,8.827453069253881412e-10,8.552133038535069147e-10,8.272612330991564430e-10,7.989960631069719168e-10,7.705215750686927262e-10,7.419389789742852143e-10,7.133465279542938087e-10,6.848391279620932572e-10,6.565078926141519695e-10,6.284396534644752297e-10,6.007164418288318476e-10,5.734149647589083656e-10,5.466061038261786570e-10,5.203544711430249765e-10,4.947180619247575362e-10,4.697480471391898079e-10,4.454887526439508863e-10,4.219778734477403865e-10,3.992469733701436997e-10,3.773223224399727973e-10,3.562261288287622931e-10,3.359782302651394445e-10,3.165983259991603605e-10,2.981088576609669123e-10,2.805386914384102178e-10,2.639278215635480595e-10,2.483334138737846754e-10,2.338376508136933981e-10,2.205580428145588246e-10,2.086611733917344417e-10,1.983813274243109688e-10,1.900463079763630493e-10,1.841144065712742425e-10,1.812298115347322041e-10,1.823101364460284681e-10,1.886910734515930150e-10,2.023716264208102390e-10,2.264343728683598903e-10,2.657792054969186317e-10,3.284629189787739840e-10,3.312904318450928959e-10,2.782473305837326135e-10,1.375323744585974646e-10,8.860621109991710602e-11,2.322041771874499166e-10,3.064103535128708193e-10,2.766772985127174067e-10,1.584831869680900761e-10,5.535341345298376576e-12,1.479877781179132725e-10,2.375204980996041142e-10,2.586744405820510415e-10,2.321120106618745099e-10,1.931908438169527659e-10,1.558836170638626565e-10,1.030389187584448854e-10,2.867179798896967287e-11,7.065872131951277705e-11,1.352427222372048431e-10,1.508767222440561837e-10,1.167791857234513084e-10,8.998176162743904604e-11,1.392354544459799864e-10,1.872728805029964572e-10,3.092163478817951082e-12,6.031173728376731810e-11,1.157771141126888968e-10,1.676260671320416052e-10,2.142023894261245194e-10,2.540327213784537040e-10,2.858804023113015252e-10,3.087960742626684162e-10,3.221656892348301880e-10,3.257594373977013811e-10,3.197897203049093541e-10,3.049953022436744538e-10,2.827866409256165909e-10,2.555195602945497279e-10,2.269960319415518590e-10,2.031592242186493402e-10,1.920326443441992712e-10,2.004116922733699610e-10,2.285757198382376307e-10,2.709255592120893066e-10,3.210510619997819843e-10,3.741591833550818348e-10,4.270716981036761195e-10,4.777893669302121305e-10,5.252204331568361918e-10,5.690838588731068225e-10,6.099221918351656750e-10,6.491739808477237361e-10,6.892643062634046517e-10,7.336765151812568609e-10,7.870250018352878339e-10,8.554293292104859102e-10,9.484307998785517378e-10,1.086229766621958667e-09,1.321034660125456430e-09,1.783427020047646300e-09,1.788976930989784606e-09,1.595217096290383747e-09,1.229781438852973740e-09,1.267000380424212862e-09,1.613861691760238409e-09,1.680216730471426699e-09,1.261022715465720109e-09,6.710988490393039933e-10,1.135083741385897158e-09,1.957344424606135831e-09,2.412021565824691991e-09,2.354786578145180196e-09,1.879770612908895645e-09,1.239110818479811614e-09,7.507245252792081609e-10,6.046164510215593011e-10,6.156570387451825920e-10,6.744767760784818434e-10,7.780300696862862231e-10,8.112976110918905925e-10,7.079044170708475185e-10,5.962074452821075120e-10,6.838427773409800119e-10,8.313898779953680520e-10,3.154684454095340706e-12,4.983829950763530025e-11,1.024381716546379565e-10,1.552346296831568550e-10,2.083051210266042710e-10,2.617228446542384616e-10,3.155489966156898400e-10,3.698293943959183711e-10,4.245919459466374960e-10,4.798446607929366236e-10,5.355742081417523820e-10,5.917450758870278850e-10,6.482993855776761342e-10,7.051574036247526673e-10,7.622187652618735529e-10,8.193643978877713599e-10,8.764590974611578242e-10,9.333546775997160954e-10,9.898935794266412108e-10,1.045912803824503914e-09,1.101248009080713781e-09,1.155737608018734810e-09,1.209226700044793643e-09,1.261570685808223979e-09,1.312638433138811037e-09,1.362314891375762132e-09,1.410503084039137106e-09,1.457125444387093275e-09,1.502124491701184739e-09,1.545462876303490899e-09,1.587122845902330542e-09,1.627105204620571034e-09,1.665427847880174364e-09,1.702123962225021520e-09,1.737239979032761584e-09,1.770833366885239713e-09,1.802970339569007772e-09,1.833723546675181076e-09,1.863169803091093120e-09,1.891387902466072912e-09,1.918452930882230052e-09,1.944417605847735817e-09,1.969301079211823089e-09,1.993081158216516404e-09,2.015686904936330524e-09,2.036991821023619728e-09,2.056807908510959557e-09,2.074881017482154207e-09,2.090888048321447260e-09,2.104436759748723897e-09,2.115069116968116730e-09,2.122269247404441781e-09,2.125477080713748720e-09,2.124108538283765385e-09,2.117582603175466593e-09,2.105354665785504743e-09,2.086954201036571262e-09,2.062023215498635465e-09,2.030350314566885730e-09,1.991894163067989480e-09,1.946790136283749504e-09,1.895335611986917484e-09,1.837952905639066364e-09,1.775134153708886509e-09,1.707378991762929301e-09,1.635143063498188981e-09,1.558823023678314204e-09,1.478812082878710278e-09,1.395669422430026581e-09,1.310454292479467931e-09,1.225269402983573741e-09,1.144003576700345107e-09,1.073081758947032543e-09,1.021616371864607577e-09,9.998442762408299079e-10,1.015145795724942059e-09,1.067446900045672068e-09,1.147781762151514272e-09
1.242342224675352453e-09,1.328148315310891542e-09,1.385674506899323052e-09,1.414105415740312934e-09,1.417113419283382845e-09,1.400057369363678587e-09,1.368699962897449766e-09,1.328577747915850497e-09,1.284639952293075979e-09,1.241026836620755222e-09,1.200956189960266527e-09,1.166702236499702690e-09,1.139642994341440992e-09,1.120349868397547050e-09,1.108701101730093380e-09,1.104010745296841937e-09,1.105169840947736532e-09,1.110795281832728243e-09,1.119377671778641263e-09,1.129416593119548853e-09,1.139532146008293291e-09,1.148545150934111733e-09,1.155523414916914846e-09,1.159796288111922907e-09,1.160943287013770764e-09,1.158764402891943771e-09,1.153239948408433597e-09,1.144486830323115553e-09,1.132716497083119741e-09,1.118197981564876230e-09,1.101227795087609523e-09,1.082107125669504698e-09,1.061125907422037042e-09,1.038552823717739116e-09,1.014630098787725320e-09,9.895719252317643439e-10,9.635654842289982489e-10,9.367736766057213460e-10,9.093388548050363751e-10,8.813870045081621198e-10,8.530319593374587741e-10,8.243793413553337351e-10,7.955298890041661199e-10,7.665808843427064309e-10,7.376260623140444749e-10,7.087553713775769694e-10,6.800546936648351290e-10,6.516055330035887868e-10,6.234846836689031152e-10,5.957638976193487826e-10,5.685095722927266770e-10,5.417824848294675874e-10,5.156376018158127669e-10,4.901239958970471520e-10,4.652849020693391069e-10,4.411579474596284802e-10,4.177755888034300760e-10,3.951657930257814477e-10,3.733529992989453364e-10,3.523594065702393843e-10,3.322066430916873260e-10,3.129178949609097417e-10,2.945206061247305989e-10,2.770499183199481426e-10,2.605531080598994104e-10,2.450954183798669187e-10,2.307679116262250549e-10,2.176983577316469742e-10,2.060668665237952490e-10,1.961292684364546541e-10,1.882537184119243744e-10,1.829806366453756486e-10,1.811243076327543965e-10,1.839474301299620925e-10,1.934572977334038771e-10,2.128933365299001344e-10,2.475138649883714515e-10,3.059061605724343033e-10,3.072823142289638801e-10,2.593355042491187754e-10,1.317005443845104863e-10,5.223368339718771878e-11,1.823198481382061249e-10,2.515428667024002925e-10,2.332136612240955600e-10,1.431120255342080093e-10,3.489680879899351176e-11,1.005152412355691137e-10,1.666270209008208668e-10,1.919846012878247633e-10,2.008465983638228528e-10,2.079351877395906919e-10,1.944055275972272588e-10,1.383128006364200964e-10,4.521718361527629022e-11,7.140975257137569422e-11,1.514392476746574330e-10,1.765881394303295721e-10,1.410010043295536308e-10,7.833646137077315351e-11,8.613529952059933376e-11,1.290047131413814716e-10,3.070574062295295249e-12,7.219582740439869635e-11,1.391932835995734414e-10,2.018490420146878672e-10,2.581734840492779086e-10,3.063927705698293671e-10,3.450118190320161575e-10,3.728720897819412112e-10,3.892044085927612677e-10,3.936796587970348172e-10,3.864644610945938278e-10,3.682975224447892470e-10,3.406203315366726871e-10,3.058334095123742464e-10,2.678148578780215980e-10,2.328493502293921010e-10,2.104387704892455375e-10,2.108217766474388599e-10,2.370433262397852974e-10,2.824963389429767471e-10,3.381910659474899338e-10,3.973983710475674498e-10,4.557742754948323018e-10,5.105973584249907289e-10,5.603002886489268917e-10,6.043039382433858575e-10,6.430460333862171383e-10,6.781487022135711768e-10,7.127058920241620431e-10,7.516819494664591316e-10,8.024299375805912453e-10,8.754924545380184077e-10,9.864742178312852425e-10,1.161388281893274403e-09,1.450639624471491923e-09,1.959115374341504600e-09,1.963164066239948169e-09,1.726779326009115575e-09,1.177552922351719266e-09,9.183316043913202700e-10,1.247450963357335239e-09,1.441849036182886766e-09,1.198954469984556682e-09,6.821303728915626475e-10,7.800534406353822753e-10,1.404701836720818285e-09,1.798866000428293835e-09,1.820595469689919543e-09,1.566066019159598150e-09,1.239663278763945840e-09,9.796199247635844926e-10,7.522969710760686331e-10,5.690061291492999642e-10,6.605317049724550289e-10,9.051556549677521420e-10,9.980360855868462136e-10,8.422636165240891910e-10,5.386880104898950857e-10,4.095243987443545693e-10,5.272514211246875266e-10,3.121357560416448507e-12,4.963841702585427314e-11,1.019709956583468686e-10,1.544594023417516148e-10,2.071620793156352970e-10,2.601349595109642348e-10,3.134241803143233574e-10,3.670632020798924612e-10,4.210707281605486547e-10,4.754491028681385208e-10,5.301831739668695117e-10,5.852396550308730182e-10,6.405670254634042337e-10,6.960959947033868364e-10,7.517405384350236615e-10,8.073994919350290108e-10,8.629586607545192196e-10,9.182933837932510443e-10,9.732714602046928536e-10,1.027756332382812418e-09,1.081610403263813030e-09,1.134698359512609420e-09,1.186890372909911811e-09,1.238065060601265969e-09,1.288112100190637481e-09,1.336934415921726917e-09,1.384449876628625230e-09,1.430592471600941860e-09,1.475312955909943318e-09,1.518578980203083540e-09,1.560374739117879376e-09,1.600700188697164564e-09,1.639569893350910607e-09,1.677011569172918593e-09,1.713064392195195888e-09,1.747777138473026880e-09,1.781206218245608867e-09,1.813413660018430634e-09,1.844465092926687003e-09,1.874427767935291328e-09,1.903364991401797786e-09,1.931317335482772926e-09,1.958291225199189480e-09,1.984250835484062936e-09,2.009110231132249262e-09,2.032725972291489552e-09,2.054890507725602098e-09,2.075326818653197769e-09,2.093684959904615654e-09,2.109541360048572041e-09,2.122401958411372415e-09,2.131710418503943032e-09,2.136862679013036990e-09,2.137228873955809509e-09,2.132183053668870389e-09,2.121140077716705151e-09,2.103597524122571568e-09,2.079178614315427375e-09,2.047670342691477058e-09,2.009049779666486627e-09,1.963491556106866310e-09,1.911351419831209391e-09,1.853124735682162210e-09,1.789384625088214784e-09,1.720711402450278937e-09,1.647632250704160368e-09,1.570597354360324109e-09,1.490026344650549719e-09,1.406467350368617103e-09,1.320918074310691609e-09,1.235353271689485555e-09,1.153453259269654969e-09,1.081359140522670377e-09,1.027888545865604895e-09,1.003135316411252665e-09,1.014675418703240868e-09,1.062939295040281540e-09,1.139472696425390710e-09
1.228700828883755624e-09,1.311762976254139134e-09,1.367621397645698093e-09,1.395282341751210887e-09,1.398300214744814415e-09,1.381935762383762699e-09,1.351853412558669121e-09,1.313484018295798885e-09,1.271668607245215617e-09,1.230449579039419987e-09,1.192969690556312392e-09,1.161456413002087189e-09,1.137265622063441197e-09,1.120960449122971998e-09,1.112411135978271229e-09,1.110912025703003708e-09,1.115315699706224433e-09,1.124181091296998144e-09,1.135926255270496529e-09,1.148972157607139906e-09,1.161863811016291236e-09,1.173358927253622185e-09,1.182480041762297549e-09,1.188531781531752687e-09,1.191089243874887869e-09,1.189965783606934912e-09,1.185168947016907154e-09,1.176852301671067413e-09,1.165269099327099709e-09,1.150731645522013215e-09,1.133578354699147940e-09,1.114148981772053444e-09,1.092767512076156143e-09,1.069731622101386343e-09,1.045307396615927373e-09,1.019727991347368747e-09,9.931950664328671568e-10,9.658820097208189310e-10,9.379381717516706338e-10,9.094935198085275351e-10,8.806632739289395008e-10,8.515522124806786151e-10,8.222584675350818252e-10,7.928757859288179452e-10,7.634937297561935676e-10,7.341975772121858364e-10,7.050681918023847079e-10,6.761818658756313425e-10,6.476101488473239678e-10,6.194196735339285712e-10,5.916719978493159333e-10,5.644234810548658955e-10,5.377252158670684486e-10,5.116230386793356706e-10,4.861576402840695768e-10,4.613647991667338476e-10,4.372757583997952682e-10,4.139177665885638408e-10,3.913148031496715891e-10,3.694885101093504993e-10,3.484593579000196702e-10,3.282480835629434938e-10,3.088774602341004155e-10,2.903744926994420926e-10,2.727731958239823136e-10,2.561182213458468675e-10,2.404697941349200032e-10,2.259107850486418188e-10,2.125574584960894815e-10,2.005768542435179659e-10,1.902166370510763420e-10,1.818589784456339365e-10,1.761208862498509018e-10,1.740416118256996557e-10,1.774208726827087419e-10,1.893822613857068518e-10,2.152098490230954087e-10,2.635129559180666005e-10,2.633150428317686174e-10,2.222207100089125534e-10,1.144520897031753435e-10,2.289579373612930544e-11,1.364987078120692930e-10,1.942349973752287651e-10,1.834757261136118846e-10,1.234755938815167162e-10,6.768921833103091051e-11,8.129452326370903543e-11,1.065974074957023492e-10,1.277848104330910067e-10,1.677341790803153220e-10,2.071108341916018351e-10,2.079888733082086718e-10,1.525032765944521009e-10,5.420018537423466937e-11,7.157753289781762038e-11,1.561662768761577805e-10,1.841577411153819197e-10,1.474701684734096841e-10,6.833232233572115932e-11,3.899482183831010496e-11,8.714365206156080765e-11,3.046606122701115904e-12,8.659636244548515995e-11,1.675607794079241496e-10,2.433152359723907880e-10,3.114713750836047830e-10,3.698966303309494475e-10,4.167884621987425694e-10,4.507412473670435494e-10,4.708056690137537920e-10,4.765428324605148889e-10,4.680793423691270176e-10,4.461776223701178175e-10,4.123530969257850976e-10,3.691086431687444354e-10,3.204395058853257736e-10,2.728781146321331583e-10,2.370358391269261847e-10,2.266974577787101312e-10,2.492679099840932694e-10,2.979072455233604706e-10,3.603197152278403596e-10,4.271287785539606929e-10,4.924436944951091440e-10,5.526014555094309707e-10,6.053816709519005551e-10,6.497027530891559262e-10,6.856059277424330694e-10,7.144449502070869328e-10,7.392831495353029870e-10,7.655386273609145039e-10,8.019089812758982606e-10,8.615749356744595123e-10,9.638766258980937150e-10,1.137744456137280011e-09,1.430600916346516080e-09,1.929044835818974898e-09,1.930919567893923440e-09,1.685315209463876628e-09,1.066704171646949700e-09,5.753907327535236418e-10,9.011103668924778575e-10,1.194775701131061704e-09,1.083104919602092531e-09,6.470585337293428650e-10,4.294509133764388893e-10,8.556251796477939454e-10,1.186503914738710141e-09,1.286167487268142040e-09,1.255007719347240934e-09,1.198067395177717125e-09,1.076542338213247037e-09,8.066865836922116524e-10,5.047958513568645542e-10,6.401083862258997803e-10,9.729535123374266653e-10,1.088205332244400725e-09,8.946678829231910817e-10,4.803297675375774536e-10,1.336965493151705274e-10,3.259643512962984888e-10,3.086996234451144258e-12,4.935813126809912877e-11,1.013443804814818570e-10,1.534517858568150950e-10,2.057225628347017593e-10,2.581980024149878483e-10,3.109115660030988785e-10,3.638864227885054590e-10,4.171337493667320214e-10,4.706514482115208169e-10,5.244232564054659476e-10,5.784182655777258727e-10,6.325908786756157785e-10,6.868812200753826919e-10,7.412160019475440374e-10,7.955098321238361056e-10,8.496669302989069843e-10,9.035832004414017551e-10,9.571485902287796220e-10,1.010249653647050481e-09,1.062772222996331908e-09,1.114604090853414520e-09,1.165637603269974187e-09,1.215772070795572954e-09,1.264915914904549470e-09,1.312988481890653932e-09,1.359921474088397592e-09,1.405659967062585231e-09,1.450163000550357600e-09,1.493403748790023970e-09,1.535369291286332424e-09,1.576060017887397177e-09,1.615488711335286244e-09,1.653679356185191560e-09,1.690665726003539652e-09,1.726489800493918063e-09,1.761200062132686000e-09,1.794849717846937016e-09,1.827494886695973176e-09,1.859192789125823832e-09,1.889996251645036761e-09,1.919934682405814869e-09,1.949002365676475212e-09,1.977149969981039379e-09,2.004276160315497735e-09,2.030219553285194856e-09,2.054751371804582048e-09,2.077569321916771208e-09,2.098293429831343639e-09,2.116464829695779678e-09,2.131548747929214300e-09,2.142943123232208540e-09,2.149994334495331642e-09,2.152021252823168428e-09,2.148348150065135262e-09,2.138345780912517096e-09,2.121478204960502710e-09,2.097350804276822221e-09,2.065752893399242972e-09,2.026686957367019447e-09,1.980376649636109504e-09,1.927247878541905578e-09,1.867881833168064988e-09,1.802945249639836461e-09,1.733110652076339582e-09,1.658986638272579495e-09,1.581085059035006634e-09,1.499858595914734657e-09,1.415849588641485980e-09,1.329997519165580806e-09,1.244148554782258936e-09,1.161765724398797989e-09,1.088682695742760337e-09,1.033376571769580273e-09,1.005731476229522146e-09,1.013458816085102277e-09,1.057487574732287221e-09,1.129935341128272755e-09
1.213376129296368251e-09,1.293434377079519960e-09,1.347481677180643826e-09,1.374319665683934151e-09,1.377358917306156090e-09,1.361742424082336832e-09,1.333021430391326507e-09,1.296509776629116328e-09,1.256932687800202611e-09,1.218231207885215832e-09,1.183473705280078920e-09,1.154845152313860853e-09,1.133686060701984000e-09,1.120559022271263720e-09,1.115333088862752003e-09,1.117286926282282593e-09,1.125234502302274261e-09,1.137671873129522991e-09,1.152935241593440659e-09,1.169354464749220589e-09,1.185385465059747400e-09,1.199709099706889490e-09,1.211290659167047016e-09,1.219400892384806562e-09,1.223604639246529228e-09,1.223726088304773599e-09,1.219800403840034402e-09,1.212020485930737326e-09,1.200685636086266000e-09,1.186156571082272969e-09,1.168819060644903354e-09,1.149056752479031922e-09,1.127232585289401836e-09,1.103677535910554357e-09,1.078685191449586462e-09,1.052510649611353241e-09,1.025372415779222388e-09,9.974561963569708666e-10,9.689197273294668692e-10,9.398979932688415616e-10,9.105083728314172850e-10,8.808553887561384603e-10,8.510350401225229442e-10,8.211379417540879235e-10,7.912498218681247100e-10,7.614515600475980537e-10,7.318191974870270726e-10,7.024239238412546373e-10,6.733320482787479071e-10,6.446049652896131149e-10,6.162991282440064881e-10,5.884660452453803332e-10,5.611523127380646315e-10,5.343997025118267218e-10,5.082453168772134979e-10,4.827218254056252047e-10,4.578577944247616025e-10,4.336781176979968830e-10,4.102045540565794331e-10,3.874563746779273090e-10,3.654511210383436306e-10,3.442054739302074672e-10,3.237362369417901409e-10,3.040614469743712528e-10,2.852016464342295885e-10,2.671813999578685722e-10,2.500312434137777032e-10,2.337904815561235435e-10,2.185117555481101804e-10,2.042694326420031440e-10,1.911764242980025267e-10,1.794198097765833175e-10,1.693384451692362492e-10,1.615924881473071373e-10,1.575218248109952297e-10,1.598341439620373924e-10,1.736684944695998457e-10,2.076969426845348375e-10,2.060306401861011552e-10,1.728693214293131313e-10,8.943439470376367385e-11,2.089668341419194920e-11,1.008661744520993358e-10,1.404889019042157651e-10,1.321510545247298587e-10,1.012650721100441941e-10,8.912703607859626062e-11,9.006303523291702357e-11,7.209729735039022957e-11,7.273380499889801103e-11,1.342887381522291153e-10,1.909492076670671241e-10,1.998659961122293768e-10,1.483228942142409045e-10,5.419825118099798384e-11,7.104940646350717545e-11,1.513607815344018310e-10,1.766654532103639217e-10,1.389116123569302066e-10,5.812464358286563283e-11,3.032163364936754570e-11,8.323970312406424932e-11,3.019931717931952321e-12,1.040069086054705238e-10,2.018554155641261766e-10,2.934527344410311895e-10,3.759323996877891599e-10,4.467321054259986731e-10,5.036815980115894895e-10,5.450808048512279601e-10,5.697676568153401729e-10,5.771772739454797834e-10,5.673980077870731254e-10,5.412374467694134422e-10,5.003280315740380385e-10,4.473402835856691205e-10,3.864620640219419787e-10,3.244855328950051461e-10,2.728799683873525248e-10,2.487955765977095325e-10,2.655363393977432654e-10,3.174044167131146554e-10,3.880239351638271769e-10,4.644304328047439165e-10,5.387142665429505108e-10,6.060392365612343491e-10,6.633796489048167263e-10,7.089993379441523840e-10,7.423262411238892236e-10,7.640747115022552435e-10,7.766148359761592529e-10,7.846885927565526441e-10,7.966315669627891763e-10,8.261848025639045365e-10,8.946530637008462724e-10,1.033108174964394424e-09,1.286520739979575678e-09,1.726291425759001368e-09,1.725835555727673533e-09,1.497029516508566878e-09,9.020589864830918377e-10,2.768243549689582837e-10,6.315298484704113640e-10,9.630249564498775221e-10,9.220511717820055089e-10,5.733806850470134204e-10,1.504589960308259505e-10,3.878121937501110016e-10,6.488254835277787450e-10,8.048219886490075661e-10,9.620618715099478373e-10,1.092789151131567615e-09,1.054281469507336745e-09,7.742966490377079866e-10,4.183224610155438628e-10,6.036956968221426596e-10,9.723149752955523148e-10,1.081678336941859281e-09,8.606726237393528573e-10,4.089221843544397473e-10,1.183464661073716875e-10,4.078396626948703167e-10,3.051052163103616519e-12,4.901763781996055549e-11,1.005975765979918612e-10,1.522691932933302142e-10,2.040608270754220795e-10,2.560013444380365388e-10,3.081135367226136178e-10,3.604120116552480237e-10,4.129018137239637459e-10,4.655774105346528424e-10,5.184220034272379635e-10,5.714071720623718902e-10,6.244928691556672248e-10,6.776277754629737953e-10,7.307500146712466289e-10,7.837882149577231598e-10,8.366628901007391574e-10,8.892880991610903295e-10,9.415733310898415104e-10,9.934255499007027363e-10,1.044751328463295152e-09,1.095458994800499783e-09,1.145460714580776256e-09,1.194674437319467562e-09,1.243025640996645946e-09,1.290448820316817352e-09,1.336888676241895175e-09,1.382300978449689096e-09,1.426653086131783485e-09,1.469924126429076206e-09,1.512104841558369843e-09,1.553197126008168233e-09,1.593213283013040798e-09,1.632175034979094408e-09,1.670112325687518251e-09,1.707061953184123715e-09,1.743066071676907613e-09,1.778170598856276038e-09,1.812423562395879810e-09,1.845873416379916935e-09,1.878563562131852383e-09,1.910512962002315375e-09,1.941704044109470331e-09,1.972073735486962867e-09,2.001504455016960365e-09,2.029815323499474191e-09,2.056753988131753594e-09,2.081989654970151578e-09,2.105108176612763367e-09,2.125610339523976509e-09,2.142914795645618143e-09,2.156367310901073360e-09,2.165258044257207013e-09,2.168848274269136174e-09,2.166407196084628773e-09,2.157258001908803881e-09,2.140830435987476131e-09,2.116714593242009712e-09,2.084708399509934196e-09,2.044849722664342983e-09,1.997424284149998587e-09,1.942943169267081757e-09,1.882088944067876034e-09,1.815636586113329203e-09,1.744363387598211575e-09,1.668969304266614206e-09,1.590035303320099257e-09,1.508052658395172665e-09,1.423562111266808170e-09,1.337447577846306175e-09,1.251425976847931672e-09,1.168734831682775670e-09,1.094877332633954978e-09,1.037943276275662685e-09,1.007534891410487289e-09,1.011427052894575432e-09,1.051028788439080846e-09,1.119087471460818756e-09
1.196265969325433883e-09,1.273020487604302476e-09,1.325082165053380205e-09,1.351022161322055745e-09,1.354078767550074704e-09,1.339254164732453545e-09,1.311968379773734039e-09,1.277404876070830650e-09,1.240164811473593216e-09,1.204084984540277851e-09,1.172161577500535661e-09,1.146543547534439444e-09,1.128565534916450648e-09,1.118800345175148557e-09,1.117125684719729451e-09,1.122811184937406807e-09,1.134633747235208355e-09,1.151022027400450888e-09,1.170219989773887982e-09,1.190451429082994314e-09,1.210065671649131050e-09,1.227648905139479792e-09,1.242093077149273877e-09,1.252622171550324146e-09,1.258781915126124799e-09,1.260402668184696532e-09,1.257546377648758205e-09,1.250447554902943512e-09,1.239456075555690390e-09,1.224986968558422790e-09,1.207479874624106809e-09,1.187368866273287612e-09,1.165061962795200611e-09,1.140928906425044106e-09,1.115295466306259870e-09,1.088442553091240540e-09,1.060608623750878379e-09,1.031994129520777321e-09,1.002767042221647365e-09,9.730687480102450012e-10,9.430198078016681550e-10,9.127252473845399438e-10,8.822795145811099350e-10,8.517705692982540916e-10,8.212806960123748491e-10,7.908866829307913233e-10,7.606599736881015055e-10,7.306667940704141305e-10,7.009682590215000466e-10,6.716204682093632793e-10,6.426746000432737809e-10,6.141770152518697576e-10,5.861693815998157797e-10,5.586888307601335091e-10,5.317681571975562228e-10,5.054360667831664925e-10,4.797174799566315584e-10,4.546338903779073062e-10,4.302037751892350259e-10,4.064430470504872292e-10,3.833655307215592463e-10,3.609834375922301608e-10,3.393078002313867277e-10,3.183488143957666239e-10,2.981160200521095903e-10,2.786182374499975235e-10,2.598631722955021220e-10,2.418566458839539739e-10,2.246015782695692419e-10,2.080973759329733689e-10,1.923418305039417596e-10,1.773415489959010495e-10,1.631473822478190474e-10,1.499590508646344452e-10,1.384141070685449056e-10,1.303289025968405162e-10,1.302755297829502173e-10,1.474834582696917796e-10,1.446854065886587572e-10,1.194615329056957943e-10,6.131502058071323968e-11,3.396452573634331437e-11,7.845114190369863589e-11,9.597246918710912327e-11,8.418205118264195920e-11,7.865259954656041909e-11,9.759624576171054805e-11,1.018195490532870866e-10,6.715124526495306867e-11,3.120840674271023906e-11,1.026590989747575764e-10,1.640655842889613222e-10,1.765272788076997618e-10,1.310819845621040029e-10,4.712090034624979482e-11,6.879547118680139687e-11,1.395130771392924627e-10,1.588958698070185264e-10,1.204280534379148690e-10,4.701481106423483916e-11,5.240462889342988655e-11,9.956091368045443038e-11,2.990125478358196692e-12,1.250251996940882160e-10,2.432619470288125245e-10,3.539977108608362670e-10,4.537919499575764320e-10,5.395665377196625281e-10,6.087100570603462229e-10,6.591695856510166002e-10,6.895289709438448826e-10,6.990747231142265230e-10,6.878543719092946555e-10,6.567394266209000854e-10,6.075208980737986512e-10,5.431027115737274436e-10,4.679515710052855088e-10,3.891860788950005307e-10,3.190104334766492344e-10,2.776630022015798457e-10,2.857532447126155360e-10,3.407852105829546393e-10,4.214941952944814500e-10,5.100537077214647201e-10,5.959362417273092623e-10,6.728849689484423749e-10,7.369519188824942908e-10,7.856769513821714265e-10,8.178073645055949123e-10,8.332916643498474095e-10,8.334982623125891324e-10,8.217611834469185301e-10,8.045238074281302914e-10,7.935210107243514303e-10,8.092355721067531300e-10,8.843607970697008731e-10,1.064568304439146081e-09,1.410537735001915867e-09,1.408039324113939246e-09,1.212818756406917684e-09,7.042053787585279285e-10,6.871315716079051574e-11,4.796761773324953299e-10,7.633680707860489599e-10,7.340734077282867116e-10,4.739978264686926230e-10,1.785710737502825449e-10,1.860762465125896696e-10,2.690961651121063501e-10,4.161697494393147958e-10,7.027901822013629277e-10,9.388521675041823365e-10,9.502875631437713875e-10,6.844094949785536278e-10,3.171462889044541849e-10,5.486323694046847382e-10,9.134076850170007109e-10,1.001105695190885805e-09,7.629296011713501454e-10,3.242672138820758033e-10,2.899706698035219285e-10,5.719277110196357035e-10,3.013449859931385457e-12,4.863529649710762907e-11,9.976648890531709829e-11,1.509642624877573422e-10,2.022451055082472570e-10,2.536273589374467551e-10,3.051248525217869375e-10,3.567450983707028364e-10,4.084881853512715872e-10,4.603459923828213897e-10,5.123016673583839010e-10,5.643293726413896728e-10,6.163943060424920302e-10,6.684530030539830065e-10,7.204539183162880466e-10,7.723382750068298346e-10,8.240411607550513705e-10,8.754928385141808351e-10,9.266202315358158438e-10,9.773485338613550012e-10,1.027602891897081348e-09,1.077310099394339913e-09,1.126400247689727185e-09,1.174808275011036314e-09,1.222475363962998441e-09,1.269350142805335866e-09,1.315389655256662726e-09,1.360560072945551496e-09,1.404837135520290233e-09,1.448206312204987864e-09,1.490662689078171199e-09,1.532210593317962645e-09,1.572862972598177696e-09,1.612640552497595031e-09,1.651570798012895408e-09,1.689686707149032900e-09,1.727025464887788962e-09,1.763626985763089366e-09,1.799532372127241046e-09,1.834782314189744144e-09,1.869411563482066399e-09,1.903429030914515099e-09,1.936805179032439898e-09,1.969462467795094637e-09,2.001265608218668768e-09,2.032011904787571337e-09,2.061422134822190289e-09,2.089132646206274486e-09,2.114689655362665013e-09,2.137547077394259626e-09,2.157069571785620958e-09,2.172542751325384541e-09,2.183192542264970577e-09,2.188215324223157336e-09,2.186819536081096315e-09,2.178277775967011941e-09,2.161986069667836490e-09,2.137524197962206618e-09,2.104708349745743038e-09,2.063625786496646397e-09,2.014641651195147868e-09,1.958371278967413531e-09,1.895617449704800466e-09,1.827280118203714474e-09,1.754254643272567633e-09,1.677341732829888246e-09,1.597197403201182378e-09,1.514355057918022843e-09,1.429356075501494691e-09,1.343030037407929706e-09,1.256963414957740359e-09,1.174160461762138918e-09,1.099771920697898786e-09,1.041453823549129069e-09,1.008450825312554559e-09,1.008518677104144136e-09,1.043513812360221183e-09,1.106865711188034889e-09
1.177294473390410292e-09,1.250404893737868934e-09,1.300272408361581525e-09,1.325213380843989315e-09,1.328263026736646520e-09,1.314256181628917471e-09,1.288460507296259988e-09,1.255913810765101817e-09,1.221084412401903458e-09,1.187702682968637160e-09,1.158696444652165718e-09,1.136187483480571213e-09,1.121517105115785535e-09,1.115282727694966781e-09,1.117384513760393621e-09,1.127093420478474785e-09,1.143153611239649345e-09,1.163923037738126465e-09,1.187542343179026214e-09,1.212111706070629080e-09,1.235852196381830840e-09,1.257232392352925496e-09,1.275049376012954898e-09,1.288462380904973194e-09,1.296984876498643343e-09,1.300445545024656495e-09,1.298930289356147044e-09,1.292716649913491824e-09,1.282209691672836433e-09,1.267885465681453944e-09,1.250245282606634877e-09,1.229781709234957023e-09,1.206955586858163448e-09,1.182182450012073219e-09,1.155826355761916812e-09,1.128199144289918703e-09,1.099563379546498268e-09,1.070137539879266775e-09,1.040102361949908643e-09,1.009607540364280408e-09,9.787782318142758957e-10,9.477210034281359176e-10,9.165295285774534668e-10,8.852897362834097102e-10,8.540809699529354814e-10,8.229763203793864199e-10,7.920429280687906367e-10,7.613422553133333220e-10,7.309303313873986082e-10,7.008579772285907022e-10,6.711710173030388902e-10,6.419104876030230286e-10,6.131128486446112587e-10,5.848102121287708903e-10,5.570305880343258674e-10,5.297981571720346564e-10,5.031335709008647027e-10,4.770542758486687380e-10,4.515748558608624141e-10,4.267073769297460484e-10,4.024617107265879962e-10,3.788457999677632670e-10,3.558658101018515561e-10,3.335260855817941421e-10,3.118287910858444202e-10,2.907730644052505995e-10,2.703534325496808195e-10,2.505571473766163148e-10,2.313599944689222781e-10,2.127200877980036728e-10,1.945694094922655946e-10,1.768041103080880272e-10,1.592791470915730784e-10,1.418282847390335657e-10,1.243832873652548395e-10,1.074507913669810429e-10,9.379328578256787631e-11,9.271347673406403694e-11,8.936156877410358882e-11,7.074063349815223366e-11,3.473638720813060661e-11,4.084283734890862178e-11,6.682497202454363390e-11,6.559876708543895947e-11,4.419916977452911738e-11,5.782788671712782835e-11,9.405162211819908850e-11,1.035761823354417060e-10,7.111988996970097859e-11,7.450956822067671966e-12,7.494363206488085945e-11,1.325669651162605066e-10,1.456292679811198703e-10,1.072532358600955034e-10,3.600812782470812270e-11,6.377217428064196522e-11,1.229893217221767763e-10,1.358680172364139099e-10,9.785383170606596287e-11,3.547914798894714398e-11,6.546827965777039412e-11,1.094190082159729978e-10,2.956725869151672425e-12,1.503720763693962463e-10,2.932121386148030190e-10,4.270506433387909784e-10,5.477573826892825522e-10,6.516345164145160754e-10,7.355404615937948614e-10,7.969981152732288375e-10,8.342858300335401628e-10,8.465116982969576759e-10,8.336753755444724412e-10,7.967287306093432461e-10,7.376617961612736381e-10,6.596766791063627016e-10,5.676056217243870239e-10,4.689781607547999726e-10,3.766868180680521283e-10,3.137651120058810620e-10,3.094291396222379678e-10,3.673215143636043630e-10,4.604593773640282559e-10,5.643651360373428315e-10,6.651069065394144055e-10,7.547243223718017165e-10,8.282457151437701403e-10,8.824737880136985179e-10,9.155295249334338757e-10,9.267107919537904755e-10,9.165305696257138978e-10,8.869679696536079265e-10,8.421526268321191765e-10,7.900519863898037690e-10,7.462937657923049567e-10,7.409499848855341738e-10,8.233968296709412582e-10,1.054222994559857722e-09,1.050258290481154298e-09,8.948342481879047490e-10,5.008383040720401443e-10,1.292442978478698246e-10,4.300846917341385389e-10,6.046737860139413980e-10,5.438359210223076365e-10,3.644615748582741168e-10,3.102841788715375606e-10,3.441057817646117167e-10,2.295619848449501209e-10,1.397477838853242253e-10,4.898297202056043716e-10,7.681622077275168785e-10,8.104890985916181795e-10,5.742940596431731855e-10,2.159664479567480923e-10,4.781314392702206140e-10,8.154148870532916428e-10,8.784691027496094534e-10,6.354373807978212243e-10,2.347270549732567205e-10,3.851717268073095120e-10,6.685847093807699808e-10,2.974207828239076168e-12,4.822836983851920356e-11,9.888473925651007878e-11,1.495863077902521338e-10,2.003394862910002561e-10,2.511537413879601807e-10,3.020354191566072588e-10,3.529862003284294427e-10,4.040022322203851587e-10,4.550735373033005364e-10,5.061836351723671352e-10,5.573093718963867217e-10,6.084209603437403733e-10,6.594822342307695007e-10,7.104511132803948689e-10,7.612802704084854074e-10,8.119179846110204295e-10,8.623091561352585026e-10,9.123964535366485301e-10,9.621215569231887019e-10,1.011426457092226303e-09,1.060254767599412762e-09,1.108553006137776912e-09,1.156271802544908147e-09,1.203366993702478810e-09,1.249800569955801488e-09,1.295541443640388850e-09,1.340566016583001166e-09,1.384858530821369648e-09,1.428411193562356663e-09,1.471224074288158214e-09,1.513304777671075187e-09,1.554667901473897838e-09,1.595334292230497065e-09,1.635330114786287107e-09,1.674685754260297610e-09,1.713434569475462890e-09,1.751611519154693442e-09,1.789251681288608673e-09,1.826388687949460924e-09,1.863049075621951941e-09,1.899231677129607902e-09,1.934894344969134939e-09,1.969943663896287959e-09,2.004224309954543428e-09,2.037508369784251760e-09,2.069485135043110995e-09,2.099752166930093962e-09,2.127808782754608489e-09,2.153053529256779391e-09,2.174787616806511088e-09,2.192226586045189827e-09,2.204522502900850158e-09,2.210798521489680195e-09,2.210196507788596783e-09,2.201936440358566883e-09,2.185383543261477416e-09,2.160115905203015805e-09,2.125982416097093202e-09,2.083139246506258416e-09,2.032053926952319787e-09,1.973470125500866803e-09,1.908333412668319899e-09,1.837687468994327863e-09,1.762559140805283752e-09,1.683857734460272049e-09,1.602317528428711142e-09,1.518514362968589862e-09,1.432989416122004544e-09,1.346516828881766750e-09,1.260550257150346944e-09,1.177853168126395048e-09,1.103203438550088143e-09,1.043778687099400238e-09,1.008389282118002128e-09,1.004680694433471425e-09,1.034909083004436134e-09,1.093229014067846253e-09
1.156417085132025848e-09,1.225502931457307344e-09,1.272930918841414264e-09,1.296741327257578364e-09,1.299733665117041205e-09,1.286545561628222875e-09,1.262268223903685709e-09,1.231776807640348930e-09,1.199397623118832140e-09,1.168753082820623634e-09,1.142707948390987344e-09,1.123367962938631949e-09,1.112096886939903348e-09,1.109535456847289517e-09,1.115625210782715897e-09,1.129654048011328117e-09,1.150342148981410045e-09,1.175976093885794314e-09,1.204582316530613625e-09,1.234117408903159455e-09,1.262647815257114891e-09,1.288495247297914215e-09,1.310333340303328116e-09,1.327231658456329322e-09,1.338652177843664961e-09,1.344409284043520235e-09,1.344606784745688719e-09,1.339564975457993990e-09,1.329748383620454051e-09,1.315701514909024549e-09,1.297996617673110851e-09,1.277194734226013006e-09,1.253819368770687812e-09,1.228340968025473244e-09,1.201169937336026416e-09,1.172655901255769872e-09,1.143091172889302454e-09,1.112716770790367088e-09,1.081729715235949360e-09,1.050290690589444223e-09,1.018531452315831757e-09,9.865615821437950602e-10,9.544750717924600172e-10,9.223566883371139002e-10,8.902835286708022939e-10,8.583255293487008513e-10,8.265459390789207527e-10,7.950017519757505521e-10,7.637441030607811158e-10,7.328186307297935952e-10,7.022658124707288746e-10,6.721212813786207394e-10,6.424161312220629548e-10,6.131772172910676275e-10,5.844274589294883636e-10,5.561861479731210182e-10,5.284692643925792209e-10,5.012897969962658360e-10,4.746580626734310252e-10,4.485820112121575271e-10,4.230674945183083024e-10,3.981184671520397172e-10,3.737370678319541556e-10,3.499235057246331894e-10,3.266756366663636647e-10,3.039880550733444734e-10,2.818504369593658137e-10,2.602447320618170577e-10,2.391405972836659939e-10,2.184881672901313460e-10,1.982068675096951878e-10,1.781685916785449786e-10,1.581737140430702282e-10,1.379213079014033080e-10,1.169901713788925384e-10,9.492138971195639606e-11,7.190086229812209519e-11,5.304516372738409553e-11,5.023333021128289269e-11,3.564322116166159785e-11,1.347642362957955068e-11,4.052290336343640849e-11,5.991575800778893178e-11,5.120554410382889615e-11,1.781602569191923333e-11,4.049655585360776408e-11,8.159195594423116416e-11,9.452071680904806396e-11,6.960445479109265773e-11,1.421199037275865530e-11,5.246853341147627871e-11,1.018280700920113800e-10,1.139432876957022708e-10,8.283355216675624635e-11,2.412352163840482646e-11,5.568734275270710007e-11,1.036905133596217456e-10,1.115040206640920643e-10,7.604784846180597613e-11,2.463267380787488753e-11,6.617505342404745103e-11,1.059213756239209520e-10,2.919319830268056468e-12,1.809119893079663762e-10,3.534259965026014834e-10,5.151372148392414215e-10,6.610870045367930594e-10,7.868328549300461228e-10,8.885956203549276312e-10,9.633874210808808398e-10,1.009117887714374893e-09,1.024678655421590101e-09,1.010009687653791915e-09,9.661578712854046795e-10,8.953528868270776167e-10,8.011601498970887007e-10,6.888626498045103941e-10,5.664851770821102656e-10,4.475847536127012788e-10,3.576570573962738325e-10,3.357091691254080272e-10,3.957134793741393952e-10,5.041918046611981634e-10,6.274103024610313775e-10,7.469763902161431071e-10,8.528882680022172541e-10,9.390372373857856350e-10,1.001479581805792073e-09,1.037793970170668965e-09,1.046832692374826008e-09,1.028631401899191616e-09,9.844268584647010359e-10,9.168698015445101893e-10,8.307792265026809719e-10,7.354835152086202975e-10,6.514682303792250873e-10,6.242011678019357666e-10,7.272508728219582936e-10,7.224816924476833211e-10,6.027050045299559199e-10,3.181423050851198113e-10,2.026999273809092776e-10,4.162224562038318376e-10,4.885349937855514028e-10,3.776800422194380335e-10,2.595953189336628610e-10,3.715687662924071198e-10,4.553296836364850541e-10,3.416076200729510935e-10,4.220541581414587951e-11,3.296158672758424200e-10,6.114790411782677102e-10,6.735182029538180355e-10,4.751438760165130211e-10,1.317183141932829327e-10,3.991293827910897541e-10,6.988321199222820270e-10,7.436354239563923550e-10,5.105617362526575226e-10,1.516624275116586246e-10,4.075655826250854642e-10,6.780616076617902299e-10,2.932946274962625218e-12,4.781362941980465767e-11,9.798463937961794988e-11,1.481827111005230401e-10,1.984057532147898931e-10,2.486558199449647672e-10,2.989330805432918543e-10,3.492345036082238498e-10,3.995531976335742693e-10,4.498779897600823553e-10,5.001931715713270400e-10,5.504784000160169590e-10,6.007087533833345565e-10,6.508549432392589908e-10,7.008836792936144518e-10,7.507581810722328272e-10,8.004388240683273646e-10,8.498839040136526627e-10,8.990504977283232583e-10,9.478953950906402435e-10,9.963760733226994190e-10,1.044451682476993879e-09,1.092084010435155001e-09,1.139238395073854275e-09,1.185884553521324252e-09,1.231997300294907728e-09,1.277557129744521459e-09,1.322550642332457117e-09,1.366970798499278198e-09,1.410816988941798933e-09,1.454094914210208536e-09,1.496816271139210445e-09,1.538998247208008201e-09,1.580662827413899009e-09,1.621835920815864448e-09,1.662546316451711318e-09,1.702824480388215114e-09,1.742701207493385907e-09,1.782206143823476698e-09,1.821366197861848045e-09,1.860199673909649546e-09,1.898694717239656648e-09,1.936795166963219341e-09,1.974389346298162489e-09,2.011298328519991571e-09,2.047264039882362536e-09,2.081937807030015366e-09,2.114870293809660969e-09,2.145504199978878542e-09,2.173171580142078052e-09,2.197098112437834286e-09,2.216416969142838670e-09,2.230194920937998956e-09,2.237472700615717845e-09,2.237320223484427226e-09,2.228904872459221617e-09,2.211567797850367864e-09,2.184899509116252085e-09,2.148802833467292825e-09,2.103529808391581477e-09,2.049680520537555045e-09,1.988157063320991215e-09,1.920074356128092821e-09,1.846640057506174534e-09,1.769024867773509522e-09,1.688251413329475286e-09,1.605131015556842366e-09,1.520277421255025444e-09,1.434226349024914938e-09,1.347692021099350154e-09,1.261991048442017130e-09,1.179638587626403162e-09,1.105021221268644663e-09,1.044796869119069673e-09,1.007266728858408956e-09,9.998692558031998938e-10,1.025197683933502039e-09,1.078161468289779331e-09
1.133624792417630448e-09,1.198267333805602747e-09,1.242971152622398758e-09,1.265484006031616039e-09,1.268336047885100559e-09,1.255934950083203772e-09,1.233168793236164420e-09,1.204731611524793279e-09,1.174798118564845791e-09,1.146881587785374585e-09,1.123790012828259706e-09,1.107626086674655132e-09,1.099795012116855037e-09,1.101004448892714313e-09,1.111262730287143868e-09,1.129897649692374086e-09,1.155621028718696429e-09,1.186652371903138940e-09,1.220894952851788123e-09,1.256140216632854729e-09,1.290268682277776487e-09,1.321418416940950815e-09,1.348102005214189389e-09,1.369265075916014899e-09,1.384290253435846732e-09,1.392957886267784677e-09,1.395378452234803700e-09,1.391911594751747771e-09,1.383084343238639617e-09,1.369517433761093641e-09,1.351864834927651117e-09,1.330768321572831935e-09,1.306826572788255184e-09,1.280576842147438545e-09,1.252486612011841884e-09,1.222952574112929437e-09,1.192304549645321611e-09,1.160812392169391526e-09,1.128694379529081970e-09,1.096126023643694276e-09,1.063248576945570971e-09,1.030176783828720217e-09,9.970065498757649059e-10,9.638227443174616507e-10,9.307012234469936076e-10,8.977095538888770046e-10,8.649076886698760101e-10,8.323485906985533557e-10,8.000788031371412256e-10,7.681389696962108467e-10,7.365643101918735974e-10,7.053850583715674731e-10,6.746268693982537021e-10,6.443112041568058043e-10,6.144556966827693149e-10,5.850745093570166460e-10,5.561786785938027293e-10,5.277764510544442640e-10,4.998736068463546873e-10,4.724737621800212925e-10,4.455786377662868160e-10,4.191882713683826296e-10,3.933011408774254116e-10,3.679141468717981418e-10,3.430223764210269670e-10,3.186185278541090284e-10,2.946918100760236274e-10,2.712260240066213568e-10,2.481963650372528238e-10,2.255642124136673077e-10,2.032687330831152874e-10,1.812134300229659100e-10,1.592446961513422645e-10,1.371179856488649072e-10,1.144461800512832283e-10,9.062993533759146806e-11,6.482515636509839961e-11,3.663436848770145147e-11,3.616065323137179735e-11,2.497544565794121508e-11,4.922886747200086503e-12,3.526247530707612334e-11,5.325242817308218868e-11,4.699337531425799989e-11,1.698220658037757289e-11,2.749327464303515731e-11,6.443234943264056944e-11,7.855115838962799460e-11,6.165060122615435211e-11,1.978426872806503995e-11,3.539793393372647501e-11,7.513438858373643696e-11,8.586122883260934653e-11,6.190982302249010114e-11,1.437527893826458338e-11,4.521467217133315164e-11,8.317054469896580758e-11,8.808610227614153121e-11,5.765396765223103254e-11,1.562961423137343762e-11,5.777279763617223720e-11,9.147134129836305220e-11,2.877601527178510045e-12,2.176744681719485449e-10,4.259547606855178882e-10,6.212717935309273350e-10,7.976724660395005225e-10,9.498197678569441323e-10,1.073167787099853700e-09,1.164113106930976318e-09,1.220119323658495763e-09,1.239813828807479750e-09,1.223059678304120444e-09,1.171012039080612387e-09,1.086182563279286500e-09,9.725680447233003925e-10,8.359884102979291307e-10,6.850435285760732532e-10,5.339215820751934562e-10,4.101383646728289727e-10,3.634004875404263913e-10,4.240327724333003715e-10,5.515612905903037581e-10,6.990734251154965429e-10,8.422948645042725757e-10,9.687912535149320699e-10,1.071182498283853126e-09,1.144739863612122492e-09,1.186541728290374810e-09,1.195146312904624306e-09,1.170437688249165931e-09,1.113532548427173933e-09,1.026740254267231416e-09,9.136958142768498898e-10,7.801461524071880743e-10,6.371889575720406149e-10,5.133644392093092218e-10,4.838349293182426123e-10,4.788576600153706260e-10,3.829219753546469317e-10,1.744549731989582864e-10,2.221580639475476038e-10,3.940996753861635962e-10,4.091249407599905022e-10,2.582899018219433266e-10,1.704990623450330543e-10,3.691327159756172876e-10,4.778886446814995368e-10,3.876271212248927491e-10,1.203919389271140388e-10,2.200395682691833700e-10,4.851576574041143251e-10,5.585858108040684414e-10,4.000517904933792597e-10,8.126490370605871925e-11,3.196689286064784801e-10,5.799914450792698611e-10,6.160891121973187070e-10,4.080395974481272299e-10,8.473731714240858247e-11,3.761346310243773379e-10,6.191059598970487285e-10,2.888697043641578866e-12,4.740772924663922369e-11,9.709809720455178712e-11,1.468003666452555405e-10,1.965053798762707090e-10,2.462091128255334633e-10,2.959067550520271628e-10,3.455915956200085903e-10,3.952545476511645137e-10,4.448838768284660069e-10,4.944650556335165846e-10,5.439807270144486009e-10,5.934107748405475574e-10,6.427325002873658361e-10,6.919209023254961824e-10,7.409490577252998037e-10,7.897885926535411674e-10,8.384102351050538148e-10,8.867844339250737478e-10,9.348820271415127095e-10,9.826749403337123305e-10,1.030136893336500336e-09,1.077244092650307688e-09,1.123975886353028687e-09,1.170315358488009749e-09,1.216249840784800555e-09,1.261771321132936515e-09,1.306876730341249279e-09,1.351568090770228905e-09,1.395852513318455168e-09,1.439742031906888485e-09,1.483253267085582460e-09,1.526406912936524668e-09,1.569227044493306935e-09,1.611740244451167540e-09,1.653974551322715804e-09,1.695958233442218625e-09,1.737718396678420660e-09,1.779279437062892440e-09,1.820661354875621541e-09,1.861873551019210589e-09,1.902892014693595564e-09,1.943644043486665881e-09,1.983995867552076624e-09,2.023739572441612414e-09,2.062579754727603603e-09,2.100120648625604859e-09,2.135854873040457234e-09,2.169155461286342391e-09,2.199273405465094878e-09,2.225343479339493678e-09,2.246401430909149639e-09,2.261415523266248930e-09,2.269334567003314426e-09,2.269152769837788538e-09,2.259988806963446898e-09,2.241172659747316471e-09,2.212329586164927620e-09,2.173447171437425028e-09,2.124910202282978288e-09,2.067490501151588458e-09,2.002285539241267451e-09,1.930609830180099225e-09,1.853855515553101579e-09,1.773346366471321584e-09,1.690217506362569885e-09,1.605349258477330122e-09,1.519381871962352865e-09,1.432834383731346989e-09,1.346352192822917874e-09,1.261108140983306391e-09,1.179361338079743968e-09,1.105091078515795627e-09,1.044399227594727228e-09,1.005007882271926095e-09,9.940500166980568959e-10,1.014379607184550460e-09,1.061674076774216978e-09
1.108947054794423898e-09,1.168692942308184934e-09,1.210346897261655709e-09,1.231354681483824764e-09,1.233943650102956592e-09,1.222256659710311512e-09,1.200949967885436784e-09,1.174516788703760380e-09,1.146970045507971526e-09,1.121712393755149080e-09,1.101501386836550069e-09,1.088450552830994906e-09,1.084028154080230973e-09,1.089037569731640199e-09,1.103587328281263866e-09,1.127078088877550000e-09,1.158239322080648954e-09,1.195236404532822775e-09,1.235845576220397526e-09,1.277671996096007579e-09,1.318374593219113605e-09,1.355862583418606183e-09,1.388438703938576247e-09,1.414877988902290711e-09,1.434443761565600258e-09,1.446852020574156740e-09,1.452200424815011955e-09,1.450878975704183345e-09,1.443477297564839865e-09,1.430699501342561571e-09,1.413293256861095074e-09,1.391995815055911434e-09,1.367496802589264841e-09,1.340415774487733568e-09,1.311291625475245897e-09,1.280580781802920896e-09,1.248661356996473661e-09,1.215840936284004278e-09,1.182366195567989181e-09,1.148433066193827838e-09,1.114196579952372393e-09,1.079779857276992524e-09,1.045283124953815918e-09,1.010793264286602369e-09,9.763864082372695423e-10,9.421289333915090875e-10,9.080783921619821094e-10,8.742843743720137360e-10,8.407892946756732472e-10,8.076291066284195753e-10,7.748339482098731236e-10,7.424287255026725880e-10,7.104336425936806232e-10,6.788646857714812222e-10,6.477340695587796181e-10,6.170506510386932332e-10,5.868203173114065055e-10,5.570463489527564944e-10,5.277297600280318714e-10,4.988696126384202335e-10,4.704633002928681185e-10,4.425067902923143845e-10,4.149948090393614511e-10,3.879209455075192620e-10,3.612776349040316720e-10,3.350559640625358373e-10,3.092452077689091738e-10,2.838319529373222763e-10,2.587985816626940957e-10,2.341207404965006376e-10,2.097631800360710540e-10,1.856729276373460547e-10,1.617680204737166384e-10,1.379187256512820070e-10,1.139158791432775034e-10,8.941702833642811021e-11,6.385512670113611406e-11,3.629572371076524845e-11,3.763229022945641931e-11,2.969362642238128686e-11,1.138263855231671805e-11,2.777228523821612462e-11,4.548335774927570855e-11,4.434261924551430001e-11,2.410520793934064615e-11,1.864011708146018069e-11,4.665914093956355307e-11,6.050666879173140810e-11,5.057069994249166033e-11,2.056273275900762886e-11,2.291891026436551269e-11,5.354720059786865103e-11,6.304949800190783952e-11,4.593676758289979232e-11,8.994397350936851321e-12,3.375201977887886323e-11,6.296338639482902086e-11,6.669128591136846047e-11,4.299570219196651308e-11,9.288855683928936894e-12,4.487470901082874435e-11,7.135921507456700299e-11,2.831398269106875364e-12,2.618754902468495121e-10,5.132231062423825657e-10,7.490196423720894163e-10,9.621196678659893710e-10,1.146112582261902431e-09,1.295530622616279885e-09,1.406028281820420569e-09,1.474528706094020181e-09,1.499335278444096201e-09,1.480210296933518935e-09,1.418429065032586887e-09,1.316830703175583498e-09,1.179917650568830881e-09,1.014138982383840000e-09,8.287494453360041419e-10,6.385166813351298721e-10,4.723653568944344554e-10,3.909786768153468261e-10,4.496314509793838350e-10,6.011499808021343603e-10,7.793401660312751555e-10,9.521773289972618941e-10,1.104395193164807405e-09,1.227207475498586801e-09,1.315034509289477277e-09,1.364440502400188262e-09,1.373745987816363600e-09,1.342849708047935357e-09,1.273104057357119034e-09,1.167194257924558278e-09,1.029038635486246764e-09,8.638670084227102470e-10,6.791845312465254513e-10,4.901173090721100132e-10,3.472950853232815754e-10,3.425854307589072588e-10,2.590945347589266062e-10,7.849512565876114413e-11,2.060931416708573125e-10,3.559462618613161618e-10,3.537992797441266251e-10,1.948034359444870899e-10,1.028853247550743948e-10,3.261254839659058315e-10,4.398294522349632267e-10,3.729150966760075164e-10,1.463547195593831972e-10,1.504628675314752248e-10,3.879337287605183387e-10,4.648763094901524475e-10,3.431419214707074194e-10,7.006550279635357973e-11,2.465812672508357266e-10,4.688696582194349916e-10,5.031093799898286373e-10,3.304469397085242975e-10,3.998389054515026501e-11,3.153183223772007737e-10,5.222607771569909614e-10,2.840105343424982683e-12,4.702752201087744674e-11,9.625768127924074072e-11,1.454874697132425441e-10,1.947020422758437573e-10,2.438925786059618586e-10,2.930504478625854856e-10,3.421662714255292549e-10,3.912296097461900951e-10,4.402288229707470036e-10,4.891510212112249639e-10,5.379820846971892576e-10,5.867067489823057663e-10,6.353087538876274549e-10,6.837710547716437148e-10,7.320760936568499657e-10,7.802061258177414919e-10,8.281435956221562303e-10,8.758715532357528920e-10,9.233741017805096302e-10,9.706368627196002223e-10,1.017647445353846968e-09,1.064395905247144220e-09,1.110875174831458958e-09,1.157081449225637503e-09,1.203014509515622881e-09,1.248677966050120477e-09,1.294079404280266715e-09,1.339230416633368647e-09,1.384146504334764668e-09,1.428846834319386225e-09,1.473353837542942117e-09,1.517692636447375625e-09,1.561890291079088873e-09,1.605974855639023911e-09,1.649974240142322326e-09,1.693914875421897576e-09,1.737820184765864872e-09,1.781708871148312159e-09,1.825593036433528068e-09,1.869471483729064756e-09,1.913305239450022681e-09,1.957000798272413863e-09,2.000396271000776840e-09,2.043246660231920311e-09,2.085208810708190218e-09,2.125826961443457871e-09,2.164520331654888045e-09,2.200574786582199743e-09,2.233141290032060860e-09,2.261244431086717242e-09,2.283804603646338834e-09,2.299677135362879813e-09,2.307710481564130041e-09,2.306823249033490226e-09,2.296096213673963877e-09,2.274870939700508995e-09,2.242841910366596222e-09,2.200125600960996282e-09,2.147289348480952428e-09,2.085326680663240416e-09,2.015574467317243746e-09,1.939579720589012598e-09,1.858936733327456546e-09,1.775125243378442136e-09,1.689382819858991515e-09,1.602640689741451808e-09,1.515544869638882001e-09,1.428578932970276367e-09,1.342305253273849576e-09,1.257743319314869196e-09,1.176888267873514483e-09,1.103299093730773971e-09,1.042491750968934476e-09,1.001547490057912265e-09,9.871981377845692477e-10,1.002471040425250486e-09,1.043805162085061230e-09
1.082452935277057596e-09,1.136819999749161832e-09,1.175056721398779727e-09,1.194306711523325487e-09,1.196462954120631790e-09,1.185367698207412452e-09,1.165415415342727026e-09,1.140877798740339807e-09,1.115594756630687375e-09,1.092855463671120956e-09,1.075371781102135705e-09,1.065281018813824925e-09,1.064137236115139550e-09,1.072873045308746049e-09,1.091739777194999573e-09,1.120257152527005068e-09,1.157213538494308804e-09,1.200747431304478863e-09,1.248514593115017884e-09,1.297917266789107415e-09,1.346354927680605878e-09,1.391454333349422469e-09,1.431246403142861452e-09,1.464272958598135970e-09,1.489621422063520727e-09,1.506897638699369815e-09,1.516153999224371159e-09,1.517792235808441577e-09,1.512458579756865612e-09,1.500944918859244302e-09,1.484104679308415007e-09,1.462787548230390509e-09,1.437793532171297475e-09,1.409844450234572638e-09,1.379569702840761077e-09,1.347502781604922632e-09,1.314085190203663070e-09,1.279674960124717285e-09,1.244557567533248175e-09,1.208957659661301229e-09,1.173050514893698933e-09,1.136972566617345104e-09,1.100832116413227555e-09,1.064721054804685147e-09,1.028718177706154852e-09,9.928905276070278589e-10,9.572946616010423897e-10,9.219778269044395181e-10,8.869790340788634719e-10,8.523300256273556970e-10,8.180561433001241516e-10,7.841771010739132668e-10,7.507076730253441733e-10,7.176583062024183574e-10,6.850356684659306771e-10,6.528431404504390516e-10,6.210812594589412835e-10,5.897481217025512743e-10,5.588397471931447039e-10,5.283504101463373564e-10,4.982729354857153083e-10,4.685989600814321411e-10,4.393191549012975505e-10,4.104234011549808778e-10,3.819009095975914852e-10,3.537402661554176693e-10,3.259293784839977701e-10,2.984552840180380312e-10,2.713037573990378214e-10,2.444586165311193112e-10,2.179005585040141146e-10,1.916052326902579859e-10,1.655400255538138726e-10,1.396585805533242147e-10,1.138911813888101178e-10,8.812731896282928893e-11,6.218308796306551748e-11,3.573875311966145463e-11,3.769487852965917778e-11,3.165825829117797970e-11,1.427476742904066531e-11,2.019158665912101697e-11,3.701068656024047712e-11,3.965840108785508197e-11,2.615554045399147210e-11,1.296866367487261085e-11,3.127505050081747739e-11,4.421307638902077397e-11,3.960851348170890168e-11,1.899433141514733128e-11,1.389430448602954474e-11,3.688334374681291104e-11,4.542117546301325864e-11,3.428314339150819817e-11,7.758055029022270862e-12,2.300916587785613574e-11,4.480246176901338365e-11,4.809252021741877545e-11,3.124513574591333383e-11,5.925027056088697322e-12,3.180748497821382704e-11,5.092568144707431264e-11,2.780695676627769452e-12,3.149371603322641983e-10,6.180666828117953653e-10,9.025519836130035074e-10,1.159820662696654991e-09,1.382175230633189520e-09,1.563040258245557088e-09,1.697175218483841767e-09,1.780847190789873114e-09,1.811960489044412757e-09,1.790143962098563877e-09,1.716802787272273213e-09,1.595153464038443738e-09,1.430288316659598799e-09,1.229390901595166225e-09,1.002461655380161146e-09,7.647898212672772260e-10,5.459144209907221528e-10,4.165881318679562156e-10,4.690356691542815571e-10,6.515240232268217049e-10,8.687540908516500053e-10,1.078649173473165146e-09,1.262822154760334109e-09,1.410993612793972150e-09,1.516664699640285685e-09,1.575839037420715061e-09,1.586592100065558247e-09,1.548887915989296775e-09,1.464453239822489525e-09,1.336642579564979267e-09,1.170279318335355148e-09,9.715186284571262492e-10,7.479898832162130540e-10,5.106741081465559049e-10,2.892941005685409373e-10,2.849290939936718347e-10,2.112828720031200444e-10,3.559885454512344528e-11,1.737742991639546338e-10,3.076781110336133817e-10,3.080733826872989455e-10,1.692035689160199519e-10,5.714777311688777908e-11,2.658689551635205075e-10,3.725435547701412976e-10,3.257804430274411632e-10,1.416381306923148184e-10,1.061047865431004731e-10,3.096525209896480539e-10,3.832472419094199414e-10,2.924947099520887500e-10,7.301455671227638008e-11,1.841116779233100148e-10,3.699937945994092313e-10,4.042872571772330303e-10,2.693860938140884370e-10,2.186550697739749866e-11,2.467643372918358848e-10,4.156893809241037612e-10,2.785779823911597699e-12,4.669066688686649439e-11,9.549824939500272786e-11,1.442961525173110879e-10,1.930652720710980313e-10,2.417933142335383544e-10,2.904690344026665892e-10,3.390814548145395410e-10,3.876196940346088161e-10,4.360729443312448054e-10,4.844305077239043373e-10,5.326818682922981587e-10,5.808167944466262598e-10,6.288254693739208210e-10,6.766986490113069277e-10,7.244278467859410160e-10,7.720055436183027454e-10,8.194254205428204235e-10,8.666826102599202015e-10,9.137739622822498331e-10,9.606983149412110765e-10,1.007456765846451559e-09,1.054052930916494114e-09,1.100493180276152895e-09,1.146786838106278672e-09,1.192946331735514973e-09,1.238987274178028804e-09,1.284928463003929755e-09,1.330791777444492480e-09,1.376601954714353964e-09,1.422386226150505789e-09,1.468173793608508251e-09,1.513995127042397896e-09,1.559881065551865419e-09,1.605861706527566556e-09,1.651965071421439980e-09,1.698215541913692211e-09,1.744632067737340824e-09,1.791226156677695123e-09,1.837999668637852155e-09,1.884937417075963261e-09,1.931980484566521554e-09,1.979007550054046553e-09,2.025819179822769530e-09,2.072121111055134899e-09,2.117507250470712104e-09,2.161443590680849881e-09,2.203254867590393302e-09,2.242116511810042481e-09,2.277055195195764484e-09,2.306961869927317625e-09,2.330621379700407081e-09,2.346762149585214142e-09,2.354127772425616373e-09,2.351569240069095537e-09,2.338152125901333727e-09,2.313267688053847984e-09,2.276731723834839166e-09,2.228851743296792549e-09,2.170443578766232434e-09,2.102784415390510698e-09,2.027500579023243189e-09,1.946403292830654443e-09,1.861299861159106242e-09,1.773816537649519011e-09,1.685268893257177859e-09,1.596606780778231019e-09,1.508449214173842419e-09,1.421216629695259487e-09,1.335368549424536511e-09,1.251758903898541609e-09,1.172111251428378567e-09,1.099555079254226449e-09,1.038998669027640815e-09,9.968320364516095657e-10,9.792979193102673970e-10,9.895025917964062348e-10,1.024619089263068311e-09
1.054249993779485941e-09,1.102735565331949495e-09,1.137147185870293183e-09,1.154337932233596154e-09,1.155838852092243610e-09,1.145156445597871451e-09,1.126393134824661783e-09,1.103577601256885523e-09,1.080363828651891727e-09,1.059921691360961789e-09,1.044918068222183548e-09,1.037522952041761401e-09,1.039396922954647250e-09,1.051637960565462436e-09,1.074692185372821729e-09,1.108261079171323338e-09,1.151254708336142144e-09,1.201834550967353376e-09,1.257561601893169345e-09,1.315630604585981050e-09,1.373146724898622346e-09,1.427394413885620512e-09,1.476056762317028238e-09,1.517360234498263397e-09,1.550137549559627064e-09,1.573816424008882682e-09,1.588351621137983574e-09,1.594121857207276006e-09,1.591812424087315438e-09,1.582300480097504818e-09,1.566554575919240380e-09,1.545554576353515340e-09,1.520233656736837417e-09,1.491440907625980156e-09,1.459921278196997495e-09,1.426308883793268500e-09,1.391129763918969259e-09,1.354810680042910954e-09,1.317691234425964414e-09,1.280037299277313211e-09,1.242054373443354050e-09,1.203899990551793892e-09,1.165696573172012283e-09,1.127545908270884269e-09,1.089533376931347307e-09,1.051729754945756485e-09,1.014192934057437344e-09,9.769695281628458836e-10,9.400963429397888561e-10,9.036016993636149922e-10,8.675066109765173504e-10,8.318258213815009165e-10,7.965687127262456577e-10,7.617400983875433609e-10,7.273409134697247951e-10,6.933688168261207815e-10,6.598187165143088625e-10,6.266832296606487058e-10,5.939530853450754453e-10,5.616174778462756432e-10,5.296643756817743148e-10,4.980807904221432546e-10,4.668530084839459208e-10,4.359667878510443931e-10,4.054075215011505368e-10,3.751603694538448180e-10,3.452103620595191396e-10,3.155424791356592939e-10,2.861417133614750392e-10,2.569931319473594483e-10,2.280819601411454691e-10,1.993937225635392415e-10,1.709144927221167738e-10,1.426313080180848905e-10,1.145327787905479678e-10,8.660977796841692569e-11,5.885565353853868637e-11,3.126444250387900476e-11,3.372927106394584540e-11,2.955045062770891465e-11,1.435263615652579175e-11,1.372397432781238319e-11,2.903016988390185362e-11,3.364182590222832471e-11,2.447206612327122820e-11,9.324467456825419728e-12,1.998482801966351804e-11,3.203051259551404130e-11,3.088161405900517326e-11,1.667553786316104961e-11,7.504848766448736049e-12,2.509760877089013962e-11,3.282451223474441937e-11,2.598086164994556942e-11,7.418826407898353210e-12,1.478627022856363897e-11,3.077976044081610927e-11,3.354164108501762842e-11,2.191960849202102599e-11,4.846747192782629558e-12,2.204424175380559949e-11,3.454636836930963172e-11,2.725689206773295556e-12,3.785039724102605201e-10,7.437605051741368215e-10,1.086686950392743656e-09,1.397007459912429257e-09,1.665484684460192071e-09,1.884213216908854095e-09,2.046872339060836572e-09,2.148930621819812044e-09,2.187798019736727956e-09,2.162924712035791064e-09,2.075851563025836134e-09,1.930227588687332279e-09,1.731833593653296603e-09,1.488715522044457847e-09,1.211738703912936523e-09,9.166819894130031235e-10,6.327802117697730473e-10,4.380833369061925566e-10,4.779137421286559073e-10,7.018921920823670954e-10,9.692622698875977360e-10,1.225536304375975432e-09,1.449262077975730614e-09,1.628693500154624631e-09,1.756369449275585655e-09,1.827681148076684922e-09,1.840431067711661944e-09,1.794659570748795770e-09,1.692526121556016099e-09,1.538172170668408074e-09,1.337542004109178234e-09,1.098171272423645414e-09,8.290387585727015290e-10,5.410822884143598265e-10,2.548764539950254242e-10,2.504921774687964330e-10,1.875156292369632502e-10,3.534677231986345051e-11,1.385262363543435052e-10,2.556237428973424277e-10,2.621221507944372195e-10,1.520216917589704810e-10,2.980700967075744723e-11,2.051837046599967108e-10,2.985650151603882600e-10,2.677411620233023335e-10,1.237406246332976993e-10,7.522489913459063877e-11,2.423161643907687345e-10,3.076976495765655288e-10,2.417397851166063154e-10,7.108902922972223318e-11,1.336890647929042724e-10,2.846306776701907539e-10,3.174525327552972870e-10,2.164926804297461416e-10,2.261228486722620006e-11,1.842277048231490241e-10,3.175095156963955854e-10,2.724520696624864587e-12,4.641689374274423489e-11,9.485971050158316573e-11,1.432867620054557816e-10,1.916762833996068541e-10,2.400139790354249239e-10,2.882873440259887341e-10,3.364850184093885382e-10,3.845967415262411334e-10,4.326134324530930756e-10,4.805273035595419771e-10,5.283319826975855989e-10,5.760226365508808215e-10,6.235960933218379695e-10,6.710509646588800536e-10,7.183877674024145764e-10,7.656090457367717275e-10,8.127194940233255024e-10,8.597260796800567746e-10,9.066381645171452891e-10,9.534676215623069447e-10,1.000228942818219858e-09,1.046939331418072553e-09,1.093618769596781602e-09,1.140290051569013364e-09,1.186978767763714185e-09,1.233713224599533190e-09,1.280524280777497331e-09,1.327445079058914968e-09,1.374510649758813410e-09,1.421757360484754811e-09,1.469222185479212750e-09,1.516941768043463867e-09,1.564951250850748067e-09,1.613282852905363039e-09,1.661964177580777460e-09,1.711016245224156096e-09,1.760451255596322530e-09,1.810270100102369831e-09,1.860459661184110018e-09,1.910984449538450303e-09,1.961756998972881077e-09,2.012616722847451689e-09,2.063311918308944065e-09,2.113480725088166957e-09,2.162632033544955464e-09,2.210127944239171623e-09,2.255170138371498904e-09,2.296793367819466918e-09,2.333870083004737164e-09,2.365130760210429944e-09,2.389204439988320943e-09,2.404682947137199164e-09,2.410209848178798149e-09,2.404591195897966092e-09,2.386919669120987260e-09,2.356697582637179916e-09,2.313938867852032502e-09,2.259227556290591418e-09,2.193712698070144099e-09,2.119028421936906957e-09,2.037142568776126242e-09,1.950154853067082549e-09,1.860080675820476376e-09,1.768662972294818188e-09,1.677249366419683197e-09,1.586756963473948791e-09,1.497730515480103564e-09,1.410490327323578110e-09,1.325368451656017723e-09,1.243039768415866502e-09,1.164950327118637328e-09,1.093796012693022242e-09,1.033865455227752794e-09,9.908213635967289098e-10,9.703421148187899499e-10,9.755164652109217795e-10,1.004203109439966987e-09
1.024480648629752116e-09,1.066572699968641584e-09,1.096714626410479074e-09,1.111494712597560688e-09,1.112061077308153734e-09,1.101551981056743412e-09,1.083748437880205735e-09,1.062414112280881430e-09,1.041001696575438088e-09,1.022550995702562065e-09,1.009677158173687092e-09,1.004582847313484396e-09,1.009048119697996199e-09,1.024369886853811071e-09,1.051247929901790237e-09,1.089646813985748184e-09,1.138690055035459228e-09,1.196646218576971944e-09,1.261040017928806858e-09,1.328879248837068053e-09,1.396953342881270881e-09,1.462144927364896340e-09,1.521701244497293692e-09,1.573429502946141126e-09,1.615800900866764742e-09,1.647966537294611860e-09,1.669701604343242322e-09,1.681301077983536975e-09,1.683451117784191214e-09,1.677097096062339079e-09,1.663323546468670938e-09,1.643255129941522041e-09,1.617982233160172845e-09,1.588510709297881844e-09,1.555732698077426491e-09,1.520414236949804157e-09,1.483195151273920710e-09,1.444597117358572367e-09,1.405036513092270070e-09,1.364839477834095988e-09,1.324257357615407206e-09,1.283481343194542958e-09,1.242658000298102980e-09,1.201907271256875792e-09,1.161327852234297860e-09,1.120999586131501464e-09,1.080985797769503665e-09,1.041335504151859229e-09,1.002085454261483139e-09,9.632619725210969200e-10,9.248825959640086886e-10,8.869575076101762362e-10,8.494907771959464286e-10,8.124814258347269914e-10,7.759243339933411720e-10,7.398110125681168390e-10,7.041302561906156764e-10,6.688686960044521023e-10,6.340112669876922806e-10,5.995416026132291700e-10,5.654423675015538727e-10,5.316955367632801265e-10,4.982826295931886360e-10,4.651849037269728347e-10,4.323835173672714410e-10,3.998596663305700176e-10,3.675947063919225523e-10,3.355702758311174702e-10,3.037684412001312309e-10,2.721719038724737873e-10,2.407643289756712373e-10,2.095309005004365434e-10,1.784592815941790482e-10,1.475413057484002532e-10,1.167760587632567624e-10,8.617603265935907265e-11,5.578303659699584342e-11,2.575423850852745246e-11,2.917632454032456129e-11,2.681179464892206033e-11,1.364905586055510132e-11,8.958847825195101832e-12,2.345654755883190883e-11,2.898707980091117741e-11,2.211401057217965755e-11,6.949197907873990326e-12,1.387172472927885919e-11,2.557989274035708217e-11,2.597212171712410763e-11,1.479771843247693441e-11,3.707478053397982787e-12,1.918482201339925659e-11,2.625934046436766894e-11,2.129225202228214162e-11,6.636973418530033264e-12,1.101010992403578426e-11,2.351289263584918448e-11,2.528592050988364635e-11,1.576802450517479129e-11,4.513225546233454085e-12,1.801199231056380161e-11,2.589472040175272623e-11,2.666840832183295051e-12,4.544554994628036428e-10,8.940364868858517546e-10,1.306913063751102955e-09,1.680782543561245806e-09,2.004569060714603178e-09,2.268771510502370070e-09,2.465764028116771481e-09,2.590039731217519822e-09,2.638391587298528907e-09,2.610027688077281304e-09,2.506623245293905600e-09,2.332320508395522381e-09,2.093707079469115917e-09,1.799854417547928319e-09,1.462665203108633660e-09,1.098454318509063895e-09,7.352625409076436197e-10,4.531949211514447808e-10,4.713738878696379561e-10,7.535825580343688766e-10,1.085729213996606395e-09,1.399913483814146731e-09,1.672372441209578970e-09,1.890085233259918467e-09,2.044620067080526432e-09,2.130709136119925570e-09,2.145856617032061186e-09,2.090196755195865821e-09,1.966387518035436931e-09,1.779469637532050091e-09,1.536666931580706584e-09,1.247124790406448602e-09,9.216122304171111928e-10,5.723686296774814076e-10,2.157896516133056699e-10,2.110933962946742920e-10,1.591630657426549821e-10,3.592349192381556374e-11,1.066269320392957294e-10,2.035795388186516191e-10,2.129920658048087139e-10,1.294279905374209005e-10,1.544165013756677890e-11,1.524428283460781219e-10,2.293189881956212615e-10,2.098651207371331061e-10,1.013053740450360314e-10,5.215334829146639075e-11,1.832789238744058963e-10,2.376027044888742328e-10,1.909381765289144789e-10,6.246185836058928674e-11,9.454603900387109573e-11,2.124583501618022403e-10,2.414550123636753348e-10,1.683998106796006456e-10,2.337713036026547980e-11,1.329280443467306757e-10,2.348154826323368098e-10,2.655358525916407131e-12,4.623033389045869176e-11,9.439178806186279073e-11,1.425350978894585884e-10,1.906377395136280502e-10,2.386851583928323526e-10,2.866652064285552336e-10,3.345676179731939418e-10,3.823840731130088411e-10,4.301083692119714009e-10,4.777366055681363063e-10,5.252673552539636710e-10,5.727018160225816804e-10,6.200439383082272941e-10,6.673005305207328860e-10,7.144813432776559979e-10,7.615991344801516333e-10,8.086697170148181352e-10,8.557119906690437475e-10,9.027479584611502266e-10,9.498027265667698375e-10,9.969044848856304550e-10,1.044084462969657800e-09,1.091376853326442973e-09,1.138818690503384028e-09,1.186449670908594573e-09,1.234311893995939754e-09,1.282449501440292360e-09,1.330908186531623120e-09,1.379734542415952527e-09,1.428975215020120803e-09,1.478675824967891349e-09,1.528879623769518673e-09,1.579625853127562011e-09,1.630947783357085502e-09,1.682870418198643000e-09,1.735407868729537775e-09,1.788560418687819493e-09,1.842311326841634325e-09,1.896623437551464357e-09,1.951429550404815588e-09,2.006598976083591054e-09,2.061913284144954174e-09,2.117045623583300685e-09,2.171539173228387448e-09,2.224786129669071976e-09,2.276009401708628923e-09,2.324250083232952765e-09,2.368364725146544698e-09,2.407037232074617221e-09,2.438810575240336867e-09,2.462143041168406922e-09,2.475491981801999967e-09,2.477424623558760762e-09,2.466750319111047778e-09,2.442662077562582955e-09,2.404868393138278838e-09,2.353691202590623320e-09,2.290104680922224021e-09,2.215694853392266991e-09,2.132532747303458954e-09,2.042972632786063788e-09,1.949407199884828882e-09,1.854026138836869315e-09,1.758626723948856665e-09,1.664512293720554315e-09,1.572491906211797804e-09,1.482973251820864721e-09,1.396131826693119371e-09,1.312145743889388050e-09,1.231499144078596437e-09,1.155358912757959473e-09,1.085990362907749586e-09,1.027062103640497992e-09,9.834903619500669549e-10,9.603310767753159823e-10,9.605627502098289288e-10,9.826623156080005699e-10
9.933159742868888323e-10,1.028507277102719337e-09,1.053905502440788868e-09,1.065875984563313618e-09,1.065172382939439667e-09,1.054537277350545090e-09,1.037403343434552074e-09,1.017247240446068402e-09,9.973019440486828822e-10,9.804593690567711476e-10,9.692644863075271277e-10,9.659367141430177484e-10,9.723711601648986838e-10,9.900840919505435607e-10,1.020086537213410737e-09,1.062704221547037065e-09,1.117401637162911692e-09,1.182687829857313855e-09,1.256162749223098920e-09,1.334714424257565075e-09,1.414827774298018837e-09,1.492938807041825205e-09,1.565767236314582157e-09,1.630577265118060268e-09,1.685339705835014140e-09,1.728791178203843337e-09,1.760403580556465765e-09,1.780287542032683924e-09,1.789057163066658991e-09,1.787681407402211832e-09,1.777342083786597043e-09,1.759311544697011759e-09,1.734856688081850964e-09,1.705170582078107774e-09,1.671329432292698780e-09,1.634270612069394559e-09,1.594786758461258226e-09,1.553531096613482712e-09,1.511029815129323904e-09,1.467698180918036029e-09,1.423857957699206529e-09,1.379754465776550183e-09,1.335575336773559663e-09,1.291473006078679847e-09,1.247571453362107355e-09,1.203969292359876258e-09,1.160742901747727540e-09,1.117949471715797137e-09,1.075629872424772408e-09,1.033811281088461000e-09,9.925095319397330495e-10,9.517311764738794552e-10,9.114752589498169935e-10,8.717348246317699367e-10,8.324981859915820873e-10,7.937499756944114720e-10,7.554720157996171545e-10,7.176440311550539946e-10,6.802442321784516366e-10,6.432497890074330219e-10,6.066372154228910086e-10,5.703826783473665435e-10,5.344622457351297880e-10,4.988520844776233165e-10,4.635286188665502395e-10,4.284686610352886015e-10,3.936495270462396263e-10,3.590491578165727594e-10,3.246462745287554246e-10,2.904206181160259864e-10,2.563533618140936527e-10,2.224278687524028243e-10,1.886311606418602020e-10,1.549569856276283676e-10,1.214130743908803999e-10,8.804235281490995797e-11,5.501272739666150239e-11,2.342649163960663314e-11,2.803444203583147796e-11,2.660493224547832653e-11,1.354265394030620711e-11,6.698684837610920410e-12,2.235777033124121560e-11,2.839923034955170380e-11,2.169707361852704981e-11,5.544138734904989339e-12,1.333893029562547367e-11,2.548221892842730274e-11,2.589290982789534468e-11,1.447326668881601233e-11,3.455214426920364321e-12,1.955594714658818013e-11,2.648963867422267585e-11,2.113529591615403227e-11,6.114964107448900328e-12,1.177589332758021273e-11,2.394500117886827714e-11,2.494487945871766366e-11,1.441269214456240554e-11,4.116298016823693462e-12,1.916410241537041293e-11,2.612012261984214910e-11,2.604851366402837384e-12,5.449219690670373629e-10,1.073101248915060739e-09,1.569409483128503598e-09,2.019141296092286413e-09,2.409030952778975509e-09,2.727664060542004265e-09,2.965835313592289230e-09,3.116840984850147036e-09,3.176697758652396585e-09,3.144282542954658921e-09,3.021392186825877290e-09,2.812729110951404147e-09,2.525833235069465171e-09,2.171017349395749317e-09,1.761481744939058315e-09,1.314277754648781968e-09,8.556489345126395026e-10,4.599741599720216366e-10,4.453967935506404706e-10,8.129910907959206278e-10,1.228367423821813127e-09,1.614256000208815680e-09,1.946291324348883866e-09,2.210493103070231018e-09,2.397451201259943929e-09,2.501182530054729723e-09,2.518870258411368954e-09,2.450779829326952456e-09,2.300170946566006652e-09,2.073149517388721866e-09,1.778441783810214739e-09,1.427087470162410276e-09,1.032055971436413081e-09,6.077993500178743491e-10,1.699342747157718694e-10,1.648452993448673770e-10,1.239405820631466583e-10,2.945958773798680790e-11,7.950796077339958167e-11,1.539121109591389567e-10,1.625490604032806345e-10,1.012595245407977381e-10,8.438511185286373437e-12,1.094487078635957566e-10,1.684306220399869099e-10,1.562933735943526244e-10,7.775676943866463290e-11,3.492169201794428909e-11,1.325334984179050321e-10,1.746039727672194422e-10,1.426844939393947140e-10,5.001613204001204011e-11,6.469917028581392624e-11,1.523562477759576755e-10,1.759514646518013032e-10,1.251317797153763845e-10,2.107458215547880664e-11,9.243627214184838176e-11,1.674828224839639249e-10,2.577496558849143762e-12,4.616362113920128979e-11,9.416229893414917590e-11,1.421449226343737016e-10,1.900905620682577948e-10,2.379865615386951142e-10,2.858231519823743437e-10,3.335930385439287847e-10,3.812915587050444647e-10,4.289169350042493287e-10,4.764705266580361524e-10,5.239570536916196084e-10,5.713847848782890179e-10,6.187656873505126382e-10,6.661155383152521465e-10,7.134540005738814537e-10,7.608046644315900180e-10,8.081950580731956503e-10,8.556566284613386999e-10,9.032246931716075602e-10,9.509383619408713194e-10,9.988404240948067091e-10,1.046977194656968875e-09,1.095398307886511018e-09,1.144156442025128980e-09,1.193306953563677452e-09,1.242907393318420272e-09,1.293016870432703206e-09,1.343695224860696530e-09,1.395001964330057744e-09,1.446994919389419920e-09,1.499728570857723212e-09,1.553252008866897233e-09,1.607606492662787110e-09,1.662822596169782209e-09,1.718916946251414079e-09,1.775888587815829883e-09,1.833715042162150428e-09,1.892348158991342638e-09,1.951709897355733583e-09,2.011681168663060511e-09,2.072063443486098923e-09,2.132550780454093829e-09,2.192706303445729232e-09,2.251938391829135022e-09,2.309478594141443411e-09,2.364364202943927101e-09,2.415429459246226161e-09,2.461310336837860073e-09,2.500468529221879073e-09,2.531240248915575849e-09,2.551914286807501816e-09,2.560841003767567319e-09,2.556569229946906249e-09,2.538001512940646960e-09,2.504550517456129938e-09,2.456272217898021776e-09,2.393947251945235092e-09,2.319083250360569291e-09,2.233820454741507409e-09,2.140740921745114267e-09,2.042605209731481255e-09,1.942062889791571230e-09,1.841395283267234312e-09,1.742343325776755091e-09,1.646049833494352724e-09,1.553113827566100588e-09,1.463730193762191846e-09,1.377882882985874281e-09,1.295574121195732231e-09,1.217093016458173290e-09,1.143334082463255561e-09,1.076145016635955292e-09,1.018587561888203099e-09,9.748311704985137076e-10,9.492720721105375695e-10,9.446952021288890742e-10,9.601129771978592371e-10
9.609472824671033557e-10,9.887525877057189090e-10,1.008915552230915309e-09,1.017637737940225228e-09,1.015279306081483787e-09,1.004167531356078258e-09,9.873642232222278664e-10,9.680381822682393145e-10,9.491813079368006914e-10,9.335112858001312393e-10,9.234684503030416902e-10,9.212483231305675576e-10,9.288247895262159060e-10,9.479217656622975371e-10,9.798988987642872474e-10,1.025546193323970517e-09,1.084834137721599351e-09,1.156711735285479887e-09,1.239047060752344870e-09,1.328755811616602104e-09,1.422095133029224221e-09,1.515052110160916558e-09,1.603743632073843048e-09,1.684758419811171286e-09,1.755398096019652358e-09,1.813801488931796433e-09,1.858958992637835762e-09,1.890639069089389321e-09,1.909256302734971511e-09,1.915710825706083076e-09,1.911224456261893841e-09,1.897191882460457666e-09,1.875057735062358538e-09,1.846223850588056188e-09,1.811986147446599616e-09,1.773497468726534795e-09,1.731751254597306607e-09,1.687580594227775346e-09,1.641667646235116035e-09,1.594559244181875330e-09,1.546685455976412970e-09,1.498378774996250568e-09,1.449896444061489264e-09,1.401448513760713722e-09,1.353205958332642649e-09,1.305304363437533512e-09,1.257847935349751151e-09,1.210913609027246830e-09,1.164555070489314678e-09,1.118806551437879500e-09,1.073686297920762727e-09,1.029199655267858801e-09,9.853417468058277655e-10,9.420997509854998866e-10,8.994548017362141701e-10,8.573835490115229782e-10,8.158594226276589651e-10,7.748536437834092982e-10,7.343360264639525654e-10,6.942756066900784397e-10,6.546411325741744796e-10,6.154014430707352143e-10,5.765257587887665700e-10,5.379839050394799463e-10,4.997464852225083922e-10,4.617850230175790794e-10,4.240720951910101075e-10,3.865814851584890676e-10,3.492884055751234998e-10,3.121698758557776214e-10,2.752054219953837433e-10,2.383784558026926559e-10,2.016791788454672226e-10,1.651112858313121706e-10,1.287097233184645511e-10,9.259887663770688584e-11,5.726353430129527367e-11,2.600211731015664210e-11,3.125312726200132699e-11,2.943494669518905739e-11,1.430813069691241785e-11,7.455503829036795754e-12,2.547895074653729496e-11,3.191635962653480708e-11,2.380970440721461794e-11,4.936454130752309695e-12,1.612904452674497657e-11,2.967059180990418095e-11,2.958668384774663875e-11,1.597052259193260319e-11,4.897125237275151300e-12,2.343380934809595657e-11,3.115396581219994991e-11,2.454643131026884953e-11,6.693734557438196077e-12,1.425473928328492377e-11,2.856754300787188185e-11,2.970881180609065923e-11,1.714887030511785771e-11,3.581073760190986266e-12,2.243581580655018843e-11,3.114279975107818873e-11,2.540387704163024861e-12,6.523278648783799056e-10,1.285702236807226213e-09,1.881128384984820242e-09,2.421061378500398744e-09,2.889631852030839503e-09,3.273131903620607212e-09,3.560441850920524151e-09,3.743384304702492911e-09,3.816994213324843380e-09,3.779695926248595252e-09,3.633381713457096408e-09,3.383391451353535369e-09,3.038402824102050615e-09,2.610263760699398826e-09,2.113867627349961317e-09,1.567459107498891876e-09,9.955362071324372986e-10,4.578249545565705744e-10,4.022838757065919741e-10,8.964332132201963452e-10,1.415958138212868765e-09,1.889147364982221803e-09,2.293135073431139353e-09,2.613163288890359206e-09,2.838734607526923776e-09,2.963041634648426402e-09,2.982909427142814079e-09,2.898788286609180400e-09,2.714684630465758649e-09,2.437998273418197327e-09,2.079259827074904046e-09,1.651772889950275718e-09,1.171174092260124634e-09,6.549532837476896535e-10,1.230391581159066035e-10,1.175968937962075287e-10,8.708254964217656591e-11,1.974214002294610220e-11,5.675689432806719477e-11,1.085996011583310296e-10,1.143748102274679858e-10,7.155064071022953518e-11,4.757668652573813563e-12,7.493980307239762394e-11,1.162640315845634222e-10,1.085478386995057585e-10,5.492596112940120690e-11,2.242526015551172030e-11,9.011317882811190038e-11,1.200620244229269027e-10,9.935348579521417912e-11,3.660589779927104759e-11,4.190411301677250356e-11,1.028799771630048746e-10,1.206205739724412900e-10,8.748439044817394472e-11,1.730948278435126618e-11,6.042472531359862356e-11,1.129160116870888393e-10,2.490252946503418191e-12,4.626511776562862103e-11,9.427167928170106973e-11,1.422698508946011519e-10,1.902432749693982116e-10,2.381839442220143463e-10,2.860870778678433932e-10,3.339508159036636768e-10,3.817764614094651482e-10,4.295688076215126859e-10,4.773364562408322903e-10,5.250921004371338732e-10,5.728527640126183403e-10,6.206399939850049457e-10,6.684800067034099056e-10,7.164037888358767284e-10,7.644471547546624953e-10,8.126507616945459232e-10,8.610600827121271880e-10,9.097253354679191386e-10,9.587013618279732705e-10,1.008047449212652541e-09,1.057827079076202702e-09,1.108107581616023250e-09,1.158959667958058828e-09,1.210456802949609834e-09,1.262674373009259050e-09,1.315688595752984662e-09,1.369575112518223444e-09,1.424407201868376199e-09,1.480253555435189385e-09,1.537175565773064650e-09,1.595224093192469886e-09,1.654435703640311862e-09,1.714828403048141396e-09,1.776396933993897204e-09,1.839107745586990995e-09,1.902893793320244208e-09,1.967649368816637286e-09,2.033225195369246619e-09,2.099415759963837636e-09,2.165914773588266039e-09,2.232283164800829389e-09,2.297923183815471038e-09,2.362053493272016478e-09,2.423688083550712547e-09,2.481622923014216517e-09,2.534435342307648735e-09,2.580502030381703401e-09,2.618041846520045330e-09,2.645188971229204664e-09,2.660099722924761691e-09,2.661092221270752415e-09,2.646811824531118508e-09,2.616407296323268651e-09,2.569694171443024654e-09,2.507274956674693340e-09,2.430583601235358683e-09,2.341827260722009316e-09,2.243813852504327268e-09,2.139678555545022350e-09,2.032551113585699080e-09,1.925228776175625898e-09,1.819925370249336011e-09,1.718148353111460552e-09,1.620717309286926238e-09,1.527896201795326549e-09,1.439588638535846816e-09,1.355550660055516414e-09,1.275602515087846328e-09,1.199850000202459018e-09,1.128936194333972512e-09,1.064317378020510486e-09,1.008476786578499731e-09,9.648567154273472120e-10,9.371793720539491729e-10,9.279671600902271202e-10,9.366748771635456264e-10
9.275763112373935595e-10,9.475523094793591351e-10,9.619882691280571815e-10,9.669985947655355699e-10,9.625663014145385860e-10,9.505946150436467072e-10,9.337589263905786611e-10,9.149025868330703409e-10,8.967537911185758267e-10,8.818216672344602324e-10,8.723889830523822069e-10,8.705533066842101373e-10,8.782805956314133840e-10,8.974285535431981942e-10,9.296854833391771192e-10,9.763810703037098082e-10,1.038179903521010285e-09,1.114748536364087098e-09,1.204533449168015991e-09,1.304755819032086126e-09,1.411640669957942812e-09,1.520815199637551631e-09,1.627774341953118134e-09,1.728318506897274747e-09,1.818897347496614368e-09,1.896826757509109776e-09,1.960375285913303135e-09,2.008737250129437414e-09,2.041922046810773042e-09,2.060593117113443710e-09,2.065887549071902766e-09,2.059240841251504449e-09,2.042233313128047954e-09,2.016466903029692934e-09,1.983474783178239848e-09,1.944661797601365170e-09,1.901271141138646893e-09,1.854371610247206456e-09,1.804859729089587592e-09,1.753471668068194477e-09,1.700800790790062706e-09,1.647317655262287031e-09,1.593395627733889361e-09,1.539345469988409904e-09,1.485424216648054888e-09,1.431838712050530417e-09,1.378750104147236317e-09,1.326278945246946344e-09,1.274510572040621931e-09,1.223500479630474051e-09,1.173279458907171553e-09,1.123858328458415432e-09,1.075232153056563348e-09,1.027383896225710135e-09,9.802875004020943180e-10,9.339104226700909824e-10,8.882156770713620241e-10,8.431634470126355382e-10,7.987123351752067648e-10,7.548203164299688820e-10,7.114454531616558958e-10,6.685464248171324213e-10,6.260829157947124621e-10,5.840158989369682244e-10,5.423078477206319597e-10,5.009229089750926156e-10,4.598270721024478890e-10,4.189883835079808901e-10,3.783772839082098860e-10,3.379672091886988275e-10,2.977357360629726573e-10,2.576668895394496181e-10,2.177561104851522823e-10,1.780220057999572038e-10,1.385382442826482760e-10,9.954012471563391759e-11,6.192181387313267742e-11,3.123498043910117419e-11,3.664830675626683413e-11,3.373642990144888622e-11,1.553643542457591986e-11,9.684233690232388329e-12,3.042200264739037536e-11,3.731140646612480765e-11,2.724884802302159989e-11,4.838010670691124794e-12,1.973361183194549250e-11,3.529287134389226640e-11,3.479078510672300194e-11,1.847492065028639894e-11,6.223915547075946277e-12,2.807165902121549704e-11,3.713566550866753052e-11,2.929692137708397404e-11,8.122208360927508497e-12,1.675883285425058594e-11,3.401926577173799012e-11,3.579457900608676993e-11,2.125608730349577776e-11,3.007996596892591584e-12,2.594576741777673915e-11,3.711584013747703603e-11,2.473356098887608931e-12,7.795314248038330164e-10,1.537374633005855629e-09,2.250122021141910411e-09,2.896871952698700269e-09,3.458658161353765238e-09,3.919022091581179710e-09,4.264523325141039566e-09,4.485171972356098263e-09,4.574767863507175376e-09,4.531132787889654290e-09,4.356224432817680910e-09,4.056124458783878923e-09,3.640899129570222764e-09,3.124341771179826953e-09,2.523633173434175307e-09,1.859057969955000179e-09,1.154559296674207619e-09,4.497475964842917657e-10,3.695075907403892719e-10,1.035235799941524472e-09,1.678769973638218944e-09,2.255808329381451806e-09,2.745402444178326844e-09,3.131596498370452066e-09,3.402444041972233804e-09,3.550090116962997497e-09,3.570923306324935356e-09,3.465638600066945387e-09,3.239174933055499648e-09,2.900521703705955211e-09,2.462400357442061464e-09,1.940834523864531657e-09,1.354633861811070111e-09,7.248926931672137215e-10,8.027355357749384436e-11,7.456817981018682953e-11,5.322371218854011263e-11,9.821756498864848841e-12,3.787778892699309016e-11,6.930562471048910453e-11,7.164966124140082037e-11,4.399779509453346079e-11,2.954817328230267717e-12,4.729631961248687531e-11,7.264167777645018074e-11,6.762191366549152199e-11,3.433592926543883041e-11,1.347143398981450382e-11,5.554144448265713078e-11,7.451677657695150275e-11,6.237044259489778563e-11,2.412089450780485540e-11,2.434612814436198655e-11,6.273426801063742099e-11,7.500351858666396947e-11,5.592809381682248765e-11,1.337088766784909717e-11,3.496521765720018736e-11,6.887162683641871947e-11,2.393030364470096388e-12,4.661173977409774117e-11,9.487861635183927223e-11,1.431518881286856211e-10,1.914235992512325749e-10,2.396939694727380484e-10,2.879666544599096120e-10,3.362485511373957330e-10,3.845501198364939977e-10,4.328857855017280878e-10,4.812743290294173801e-10,5.297392434628858572e-10,5.783090462162289117e-10,6.270175442104567206e-10,6.759040509278343910e-10,7.250135547435600283e-10,7.743968379264459945e-10,8.241105435271777348e-10,8.742171850086953003e-10,9.247850890871209062e-10,9.758882561336018224e-10,1.027606115036517846e-09,1.080023139554295737e-09,1.133228282315148268e-09,1.187314170415694523e-09,1.242375994843885634e-09,1.298510016067407574e-09,1.355811602054301591e-09,1.414372715332931867e-09,1.474278775012697246e-09,1.535604839320203331e-09,1.598411086487060264e-09,1.662737615442473813e-09,1.728598641960120213e-09,1.795976226670233862e-09,1.864813733969304095e-09,1.935009279014011482e-09,2.006409467770708357e-09,2.078803766668565589e-09,2.151919849258157236e-09,2.225410148843251727e-09,2.298800088338001985e-09,2.371452450167143910e-09,2.442540782553957659e-09,2.511026094900291482e-09,2.575640726043090710e-09,2.634884407719712347e-09,2.687038541820075661e-09,2.730205256673320083e-09,2.762377476140192942e-09,2.781544511454098237e-09,2.785834063395678961e-09,2.773685675771534136e-09,2.744042714652677371e-09,2.696540691237771819e-09,2.631661006322746398e-09,2.550813819986442780e-09,2.456315309239931494e-09,2.351236436003145690e-09,2.239124009462485934e-09,2.123627684659836824e-09,2.008099970687075856e-09,1.895256188643078565e-09,1.786973411803890638e-09,1.684267610694560109e-09,1.587430655418657914e-09,1.496261811287025162e-09,1.410316219063660974e-09,1.329118616149037819e-09,1.252334314362930149e-09,1.179924722096429840e-09,1.112322797940586838e-09,1.050635678820554588e-09,9.968122940737469123e-10,9.536067673370300147e-10,9.240760103783940687e-10,9.104285514657004366e-10,9.124636844449694053e-10
8.934053672247067555e-10,9.051728563949910803e-10,9.134134685600196935e-10,9.142470815753074100e-10,9.073137111929892718e-10,8.940978538690148729e-10,8.768830963966606632e-10,8.581764505026515332e-10,8.404225538288464491e-10,8.258840789297850625e-10,8.166178223972049080e-10,8.145129451352503381e-10,8.213736069669766213e-10,8.390164896096849450e-10,8.693187791986244205e-10,9.141247516904848306e-10,9.749486292002887389e-10,1.052517493059830821e-09,1.146320452338065671e-09,1.254363574291802392e-09,1.373238566742234920e-09,1.498474318962224899e-09,1.625051144683129773e-09,1.747944320359569494e-09,1.862595788416724838e-09,1.965256353850011627e-09,2.053178752288277448e-09,2.124670182964609774e-09,2.179030917278679632e-09,2.216414164652630511e-09,2.237643089124996821e-09,2.244016036759116297e-09,2.237123218449155566e-09,2.218689551380514169e-09,2.190450692418784464e-09,2.154063353408005772e-09,2.111047006192355067e-09,2.062751881476857608e-09,2.010347350391356285e-09,1.954824910248807895e-09,1.897010682420378425e-09,1.837583269856584113e-09,1.777101249873678954e-09,1.716044894590624169e-09,1.654823917825764826e-09,1.593778622290655545e-09,1.533183152762207368e-09,1.473250429831042267e-09,1.414138295234119817e-09,1.355956393334833013e-09,1.298773342439577355e-09,1.242623807686441392e-09,1.187515166181677052e-09,1.133433543224637199e-09,1.080349087053874628e-09,1.028220428657921836e-09,9.769983380106716604e-10,9.266286350711779130e-10,8.770544434741369778e-10,8.282178885817712010e-10,7.800613433035519157e-10,7.325283186739461547e-10,6.855640850783147284e-10,6.391160982998127199e-10,5.931342940589276829e-10,5.475713091226116399e-10,5.023826885304338866e-10,4.575271527397405711e-10,4.129670362094453281e-10,3.686690948773070715e-10,3.246060757108317335e-10,2.807599137568652617e-10,2.371286685302378360e-10,1.937430322877112146e-10,1.507113421967384478e-10,1.083700319778057639e-10,6.797593980866778929e-11,3.674434473685508188e-11,4.218024680880660777e-11,3.808513851658527760e-11,1.680739706021805181e-11,1.202606844294293908e-11,3.539140825418184748e-11,4.275032309943999561e-11,3.079830226432630315e-11,4.949458852034258399e-12,2.311642378706414279e-11,4.072417550838835385e-11,3.992914107197248085e-11,2.109733043052036710e-11,7.263159106878776426e-12,3.233977658972071883e-11,4.280702640183772506e-11,3.393327660303207965e-11,9.721843390470668556e-12,1.889924924533126201e-11,3.899582120034011908e-11,4.148270141386281413e-11,2.521957642756483971e-11,2.479609458222860559e-12,2.907496325256229554e-11,4.257733172873192234e-11,2.401572329728941038e-12,9.302064041620089102e-10,1.835156060443556914e-09,2.686511672963680866e-09,3.459369227829930024e-09,4.131057837813236687e-09,4.681814798153835305e-09,5.095398063297225099e-09,5.359616942197949750e-09,5.466761126378200978e-09,5.413908387987562664e-09,5.203092863682023262e-09,4.841318994555802519e-09,4.340410969661178845e-09,3.716693789442993577e-09,2.990509574773894020e-09,2.185581451461839758e-09,1.328250336547338098e-09,4.467104958072424410e-10,4.312282999571294981e-10,1.275258143771486561e-09,2.059005894037241094e-09,2.757071570857408312e-09,3.347200807536729621e-09,3.810913620993447660e-09,4.134103097313680274e-09,4.307479894634262243e-09,4.326844259281837940e-09,4.193180178064674229e-09,3.912574328063882363e-09,3.495969053560311483e-09,2.958763995843845756e-09,2.320285735543599713e-09,1.603152375111494975e-09,8.326101526708783395e-10,4.468861076737594071e-11,3.890482187636746051e-11,2.518831998382883415e-11,1.441742212433809333e-12,2.268664277623372972e-11,3.728035720948907236e-11,3.657890236231602069e-11,2.101594635302108639e-11,2.982662707899143164e-12,2.561417919396027427e-11,3.773481494164312763e-11,3.448029992073899674e-11,1.722771309202607228e-11,7.041042309963336932e-12,2.840048696466452138e-11,3.824928850538878122e-11,3.255775878456354367e-11,1.360490409173546307e-11,1.104885068043195423e-11,3.126235048820202658e-11,3.887327672526431759e-11,3.066466329545106341e-11,9.873409659072858889e-12,1.527871328823781311e-11,3.434456913684973188e-11,2.285297338308224165e-12,4.733173847960721098e-11,9.624534453847390352e-11,1.451894444690302584e-10,1.941694895153068667e-10,2.431986906799752963e-10,2.922938171876571981e-10,3.414751325027859163e-10,3.907668060410476129e-10,4.401974020662160426e-10,4.898003648403589774e-10,5.396144769513232427e-10,5.896842819943649383e-10,6.400604673270154661e-10,6.908002033856564454e-10,7.419674349206070210e-10,7.936331167124883429e-10,8.458753815416496720e-10,8.987796208696460336e-10,9.524384488484611827e-10,1.006951507288923222e-09,1.062425053742543211e-09,1.118971257293161194e-09,1.176707108716075598e-09,1.235752836145213269e-09,1.296229706556857526e-09,1.358257092434139306e-09,1.421948694244803037e-09,1.487407837305836173e-09,1.554721807319424633e-09,1.623955252246868196e-09,1.695142756036745963e-09,1.768280776585382900e-09,1.843319227500137644e-09,1.920153061812578352e-09,1.998614276095955691e-09,2.078464787849437437e-09,2.159390642488396562e-09,2.240997977676808359e-09,2.322811114938561852e-09,2.404260286222262811e-09,2.484621745076887540e-09,2.562980073473908222e-09,2.638204326957132472e-09,2.708931125188035957e-09,2.773559758003249540e-09,2.830265407281467208e-09,2.877037234548504567e-09,2.911747960040136056e-09,2.932260165475823835e-09,2.936571358698342160e-09,2.922994415020052074e-09,2.890362249383455790e-09,2.838235973890382984e-09,2.767085763309792345e-09,2.678405714737325588e-09,2.574721759785310193e-09,2.459459351955324174e-09,2.336658677883995879e-09,2.210559948290559558e-09,2.085124067914859725e-09,1.963590120440295787e-09,1.848179755829147199e-09,1.740023732094266447e-09,1.639313020451007417e-09,1.545599310801776805e-09,1.458130144212215657e-09,1.376121990335677723e-09,1.298932632987350490e-09,1.226154168876817681e-09,1.157680542932153237e-09,1.093800205668996662e-09,1.035329672682615547e-09,9.837417441638084691e-10,9.411576872363220885e-10,9.099982435254703213e-10,8.921251653139579203e-10,8.875847825629942540e-10
8.586292276831048898e-10,8.618965497984817710e-10,8.635269122699756126e-10,8.597510871826350859e-10,8.499194698809170256e-10,8.351200968643985294e-10,8.172529547265677729e-10,7.984889308716793006e-10,7.809785101346572555e-10,7.667062048068437962e-10,7.574321817979404766e-10,7.547035691212340988e-10,7.599440159739766974e-10,7.746247941557567372e-10,8.004713443452226685e-10,8.395820342655385559e-10,8.942940677209663021e-10,9.667067573736776760e-10,1.057973142333200794e-09,1.167658612646802277e-09,1.293459777889902841e-09,1.431377502826955817e-09,1.576228429131068150e-09,1.722298045831184803e-09,1.863969498545861535e-09,1.996229186206561862e-09,2.115007400029134664e-09,2.217351039702226229e-09,2.301449577770367683e-09,2.366548647807958395e-09,2.412790142273053965e-09,2.441015548940795372e-09,2.452562755606693993e-09,2.449078059984301380e-09,2.432356572742341428e-09,2.404216872216884689e-09,2.366410264290026477e-09,2.320561398260657268e-09,2.268135040021446123e-09,2.210423112197702154e-09,2.148546266033781169e-09,2.083464900277251162e-09,2.016005938259037575e-09,1.946912274621573712e-09,1.876845923132287523e-09,1.806382184592436981e-09,1.736007379694184707e-09,1.666119904251704420e-09,1.597034198906733903e-09,1.528987092973593299e-09,1.462145895713600004e-09,1.396617575671435256e-09,1.332458390936327334e-09,1.269683404155162259e-09,1.208275423695834867e-09,1.148193040900996183e-09,1.089377565629217499e-09,1.031758783959828680e-09,9.752595620425085985e-10,9.197993929387148842e-10,8.652970278759768980e-10,8.116723533503131687e-10,7.588476760201130498e-10,7.067485654188990297e-10,6.553043877111467995e-10,6.044486472067813673e-10,5.541192442766925852e-10,5.042587652877348310e-10,4.548149575731552458e-10,4.057416393836488064e-10,3.570005274167193839e-10,3.085650330552650960e-10,2.604285889819565854e-10,2.126245868578818436e-10,1.652809257037732859e-10,1.188025571772260979e-10,7.470774109530163788e-11,4.147794197849890976e-11,4.691458365145487892e-11,4.180072073595208017e-11,1.790377532250347682e-11,1.402133656233282484e-11,3.961945571324536570e-11,4.739024829062734751e-11,3.385133303318906973e-11,5.099333934367691681e-12,2.593486250220294055e-11,4.529891892594355135e-11,4.429046346925698181e-11,2.336636964145222789e-11,8.066601738407671762e-12,3.587129712682782317e-11,4.754920324152432984e-11,3.784592000852514388e-11,1.112150979129555925e-11,2.062179456249500837e-11,4.309905385458531418e-11,4.620508871841506944e-11,2.853222797613885476e-11,2.035900957142889556e-12,3.164139711677578060e-11,4.708305580685751500e-11,2.319000523883006092e-12,1.109708232411027649e-09,2.189244577903310056e-09,3.204760282301006372e-09,4.126463286097470862e-09,4.927184368298139340e-09,5.583180866303844034e-09,6.074873779526914333e-09,6.387495436934637882e-09,6.511622975162393769e-09,6.443572354419117127e-09,6.185629170958400920e-09,5.746096721041822926e-09,5.139149561831917287e-09,4.384494947057133279e-09,3.506876913033250502e-09,2.535576458397359891e-09,1.504864814509149739e-09,4.732345991316454868e-10,6.683815949544711452e-10,1.666970032387397737e-09,2.607146388705397702e-09,3.445410985828042679e-09,4.153040938234921489e-09,4.707150320762987264e-09,5.090483652689164904e-09,5.291751378360228584e-09,5.305890134212324343e-09,5.134142090840241608e-09,4.783933504776048544e-09,4.268557690428300721e-09,3.606678666355885040e-09,2.821677767983624330e-09,1.940869397406654729e-09,9.946205437492415703e-10,1.906494051290132481e-11,1.478965467585652610e-11,9.073617332872541972e-12,5.922926205925673829e-12,1.136027505390323802e-11,1.499373263803741019e-11,1.353017200194760790e-11,7.457820605563870211e-12,3.797020925216233453e-12,1.060778128939874160e-11,1.442610728825774213e-11,1.275192802015175573e-11,6.121920623656565978e-12,2.931944893110749252e-12,1.078947517340314785e-11,1.441940936648715745e-11,1.242950646657850124e-11,5.856530591219650898e-12,4.467400183837322437e-12,1.158851069970837386e-11,1.484967726283209345e-11,1.279307598017954928e-11,7.022157445938565994e-12,6.531475905438233112e-12,1.269084602170514082e-11,2.166563519956133358e-12,4.864504345163820017e-11,9.881764545615428566e-11,1.490574582831342493e-10,1.993900803995700248e-10,2.498482863470113413e-10,3.004685525865577419e-10,3.512911739769328296e-10,4.023608043954946117e-10,4.537270773743541111e-10,5.054452376010945803e-10,5.575767628881779258e-10,6.101899676923896467e-10,6.633605805819534812e-10,7.171722854326954490e-10,7.717172100739139422e-10,8.270963361324420821e-10,8.834197895932217648e-10,9.408069523711529725e-10,9.993863113755170914e-10,1.059294934175899116e-09,1.120677432046077597e-09,1.183684246297133951e-09,1.248469077327979113e-09,1.315185274633007702e-09,1.383981026447731640e-09,1.454993233836397583e-09,1.528340029221593314e-09,1.604112000204014557e-09,1.682362300343500686e-09,1.763095957565749149e-09,1.846258813875557338e-09,1.931726631747098913e-09,2.019294969231243542e-09,2.108670448317134604e-09,2.199464015190558394e-09,2.291186720589423772e-09,2.383248440784948591e-09,2.474959826847294742e-09,2.565537625721219067e-09,2.654096655289771972e-09,2.739580511550119264e-09,2.820724533248008502e-09,2.896040071643703377e-09,2.963810981274363289e-09,3.022108513633164400e-09,3.068831419071237222e-09,3.101777988214323806e-09,3.118755534155822641e-09,3.117729908896090207e-09,3.097012588115364098e-09,3.055475396325397017e-09,2.992773309959481650e-09,2.909544977808207661e-09,2.807550723734010528e-09,2.689702197701241302e-09,2.559941059779835043e-09,2.422941186866398341e-09,2.283643614939783174e-09,2.146684272508540673e-09,2.015829133292358862e-09,1.893563303370179945e-09,1.780958179914884954e-09,1.677853215543387251e-09,1.583270340567549213e-09,1.495897513020329907e-09,1.414481734149684009e-09,1.338049166137134131e-09,1.265964149896958855e-09,1.197899041833033099e-09,1.133797681043849777e-09,1.073889838302850594e-09,1.018770162084774191e-09,9.695010851184787196e-10,9.276360882231610041e-10,8.950033926770406153e-10,8.731013399896440991e-10,8.621301987725835620e-10
8.234308544158406079e-10,8.180173827927855482e-10,8.127121134671770332e-10,8.039698643193846088e-10,7.909239337324258937e-10,7.743069183150264928e-10,7.556594563871901655e-10,7.368311911373899428e-10,7.196836839008310454e-10,7.059110931632088605e-10,6.969295419890908300e-10,6.938293228740462163e-10,6.974235914239902081e-10,7.084419384935349917e-10,7.278803783219285838e-10,7.574194698652317776e-10,7.996904221718471386e-10,8.581004121510563312e-10,9.360619829697271905e-10,1.035838365915761594e-09,1.157549766748378870e-09,1.298817324683832176e-09,1.455103025432247575e-09,1.620463509562915209e-09,1.788393038970645032e-09,1.952555065380061332e-09,2.107322995516314063e-09,2.248118775070157231e-09,2.371569160776930105e-09,2.475513807699250976e-09,2.558905198547316086e-09,2.621640533462835442e-09,2.664361304468964535e-09,2.688249004333687519e-09,2.694837023904736411e-09,2.685850752116771334e-09,2.663081159754830354e-09,2.628292133087404907e-09,2.583158522360269327e-09,2.529230029233374686e-09,2.467915320665477278e-09,2.400480769906135147e-09,2.328073876531935807e-09,2.251783016487559989e-09,2.172632549618607864e-09,2.091563820066955949e-09,2.009420418863446895e-09,1.926938083835604338e-09,1.844739372604845792e-09,1.763332985209669513e-09,1.683117353722467913e-09,1.604387882881018732e-09,1.527347042690808763e-09,1.452116403309526301e-09,1.378749675172660015e-09,1.307245874980964648e-09,1.237561867871647814e-09,1.169623716381115391e-09,1.103336470222313298e-09,1.038592229543567152e-09,9.752764863851914044e-10,9.132728797499809363e-10,8.524665836369802044e-10,7.927465882973393744e-10,7.340071415275150529e-10,6.761486017745003740e-10,6.190779330920822743e-10,5.627090593963963435e-10,5.069633135531901333e-10,4.517703029052982709e-10,3.970697511282126042e-10,3.428154901714183244e-10,2.889844346475275630e-10,2.355983727599475887e-10,1.827841371700591750e-10,1.309767710095056236e-10,8.186293069594940400e-11,4.513829277764152969e-11,5.057553446058121727e-11,4.467491318546904596e-11,1.875491037521101014e-11,1.555964714307047275e-11,4.288455185245271383e-11,5.097715002469904838e-11,3.621666859912118018e-11,5.225583251919726958e-12,2.810137786441050806e-11,4.882530463502828600e-11,4.765867352757551341e-11,2.512670988954009316e-11,8.671780747963658704e-12,3.858090953354699066e-11,5.119671912961542899e-11,4.086112189325913046e-11,1.220666101656515831e-11,2.193441042124171567e-11,4.624371436062338402e-11,4.982823910059808917e-11,3.107431503000620164e-11,1.688044472391057710e-12,3.360822084355616573e-11,5.053634748844964636e-11,2.214426545680313716e-12,1.326639127641029716e-09,2.616030745891391357e-09,3.827867844008173794e-09,4.926125874279930752e-09,5.878025206764737166e-09,6.655010626193411054e-09,7.233639431305720311e-09,7.596351584488227970e-09,7.732094741821126570e-09,7.636777960752855312e-09,7.313531465970596655e-09,6.772757820978103744e-09,6.031976656344419728e-09,5.115505956947952152e-09,4.054153879358602521e-09,2.885698921307930353e-09,1.661560575236345949e-09,5.652664252083490646e-10,1.085220053437368182e-09,2.254441084736412794e-09,3.375205931054406543e-09,4.377706067613875763e-09,5.223555049214074789e-09,5.883824126041037124e-09,6.337025467293966585e-09,6.569096348492922487e-09,6.573594508956457346e-09,6.351766413653189627e-09,5.912404987946608163e-09,5.271480841149271609e-09,4.451555850894582392e-09,3.480999832755255222e-09,2.393037633614740636e-09,1.224658280577456624e-09,1.574133202865625573e-11,1.916855900021120438e-11,1.910800900918137533e-11,1.109965895328993255e-11,5.922417705117674772e-12,1.553127929233455486e-11,1.988948620587062291e-11,1.538622433487646736e-11,4.556586851533646043e-12,1.001795748770468239e-11,1.851258331722873202e-11,1.861369872499935317e-11,1.011593176349839236e-11,3.145613301318995476e-12,1.487059843443142768e-11,1.974057239412185942e-11,1.547168661902681202e-11,4.270099787281895766e-12,9.556788431671864755e-12,1.846482785402150350e-11,1.898065540627478432e-11,1.105425379745309459e-11,4.829836162347674117e-12,1.519287241605008132e-11,2.019293205307114192e-11,2.036343616955142121e-12,5.093448751221044717e-11,1.033661478485007207e-10,1.559198966717326258e-10,2.086510854375412151e-10,2.616216884606436634e-10,3.148977886828746206e-10,3.685499858689059493e-10,4.226541720624053878e-10,4.772923986125752865e-10,5.325537801258387506e-10,5.885354173386617547e-10,6.453433251677982317e-10,7.030933448917599118e-10,7.619120047023626793e-10,8.219372695743961312e-10,8.833190892084282569e-10,9.462196122919408594e-10,1.010812888524677053e-09,1.077283832810794387e-09,1.145826185759225064e-09,1.216639183059894027e-09,1.289922653514815994e-09,1.365870312725774456e-09,1.444661112559089643e-09,1.526448645107497600e-09,1.611348775700556472e-09,1.699425875634836430e-09,1.790678218055308921e-09,1.885023264222455743e-09,1.982283678444337716e-09,2.082174951727581995e-09,2.184295480780529820e-09,2.288119845471637071e-09,2.392995868675266438e-09,2.498145848043145052e-09,2.602672141475596006e-09,2.705567085916823764e-09,2.805727047536018255e-09,2.901970248789723649e-09,2.993035488645439433e-09,3.077500129879782669e-09,3.153747094725310045e-09,3.219964335170793038e-09,3.274163540890201275e-09,3.314224833218026611e-09,3.337973987570620578e-09,3.343297472625734229e-09,3.328297808668205857e-09,3.291486953183099393e-09,3.232008289744466457e-09,3.149868344705188250e-09,3.046148216285695802e-09,2.923153419432301103e-09,2.784452237359700992e-09,2.634751164652290023e-09,2.479567915068484213e-09,2.324695205438304899e-09,2.175507091385763407e-09,2.036237293178055744e-09,1.909424794796543107e-09,1.795721639248295632e-09,1.694150440372942116e-09,1.602716515979260983e-09,1.519132210999728241e-09,1.441398166978955376e-09,1.368101950951075582e-09,1.298444301062422136e-09,1.232099446652331555e-09,1.169034542030801821e-09,1.109379935657550032e-09,1.053392344565293450e-09,1.001507382758898910e-09,9.544379486915700832e-10,9.132339998063205112e-10,8.791803921589456773e-10,8.534065689812177589e-10,8.361801046963141353e-10
7.879827911071100322e-10,7.738413234213219711e-10,7.614057009996589728e-10,7.474692224304624465e-10,7.310376407387927689e-10,7.125474078201592903e-10,6.932193761289479061e-10,6.746101770149484488e-10,6.583134719564375803e-10,6.457476261258417581e-10,6.379880094437923956e-10,6.356407139061564890e-10,6.387992707436111358e-10,6.471599973899663730e-10,6.603709482092638424e-10,6.786337528768952089e-10,7.034540555560978671e-10,7.382426974133918097e-10,7.882745571013302674e-10,8.595728497876509896e-10,9.569122036404698889e-10,1.081984872083178894e-09,1.232782500943289605e-09,1.404255329431552124e-09,1.589544013576188768e-09,1.781152840699858524e-09,1.971822662800669132e-09,2.155098835833297627e-09,2.325653396538146541e-09,2.479419303963980076e-09,2.613584895832639151e-09,2.726490546129904738e-09,2.817464864797685651e-09,2.886632311716511999e-09,2.934717386562003417e-09,2.962863311582117652e-09,2.972476269839849341e-09,2.965100473303832006e-09,2.942324922253995438e-09,2.905719675985426955e-09,2.856797591343587935e-09,2.796996521897599026e-09,2.727698721210967690e-09,2.650308976576082441e-09,2.566243009484625522e-09,2.476892103514407074e-09,2.383590232127794768e-09,2.287584860203148747e-09,2.190012471324915464e-09,2.091879682242097699e-09,1.994050543545589426e-09,1.897240299408270608e-09,1.802015506117627799e-09,1.708800019823130400e-09,1.617885998707724732e-09,1.529448767919735294e-09,1.443564207966752485e-09,1.360227274966213938e-09,1.279370349788316216e-09,1.200880324437504355e-09,1.124613630182565737e-09,1.050408744036590793e-09,9.780960290854160299e-10,9.075050306425006396e-10,8.384695419790618951e-10,7.708308649153356255e-10,7.044397350714283463e-10,6.391573831386694249e-10,5.748561996953232690e-10,5.114205165820090777e-10,4.487482145643444296e-10,3.867544567179501937e-10,3.253805354461593251e-10,2.646160350457145293e-10,2.045612804747149256e-10,1.456424004980630921e-10,8.964394329006000170e-11,4.773966063057291786e-11,5.317889707767182715e-11,4.672001802028117487e-11,1.936158733544066013e-11,1.665210695315021889e-11,4.520606915156165779e-11,5.352835185322865240e-11,3.789954472532385513e-11,5.316089490040629440e-12,2.964184977195184553e-11,5.133319891927744457e-11,5.005419248619481221e-11,2.637865603956189989e-11,9.101892235693302018e-12,4.050762818726932051e-11,5.379000542161172757e-11,4.300415824326928447e-11,1.297635960445924548e-11,2.286814604505813403e-11,4.847933162252134816e-11,5.240251548073703409e-11,3.287824060536839511e-11,1.433229844807995360e-12,3.500819768739931912e-11,5.299098915511212490e-11,2.072429992873388158e-12,1.594745490252798667e-09,3.141847466883414196e-09,4.592678023277519311e-09,5.902848822890533286e-09,7.032338870180629639e-09,7.946736137810290348e-09,8.618307471679440400e-09,9.026866907958894575e-09,9.160419949784431435e-09,9.015569580922021741e-09,8.597680015740594442e-09,7.920809991342894044e-09,7.007460198305756030e-09,5.888270688240069796e-09,4.602140225265735144e-09,3.198957792717373267e-09,1.761705481960610615e-09,7.544804671756612704e-10,1.679465558644271514e-09,3.072189101649568168e-09,4.410201860324051256e-09,5.608642375327085115e-09,6.619484252290671655e-09,7.406801276370777754e-09,7.943749791672580385e-09,8.212382155375229300e-09,8.203896845374640520e-09,7.918812383392763721e-09,7.366915415970145524e-09,6.566933157774481523e-09,5.545918647378163572e-09,4.338357864983054585e-09,2.985022365913598845e-09,1.531603449179814263e-09,2.744165046375315941e-11,3.262509040634009797e-11,3.054384611949850085e-11,1.478748141804341502e-11,8.446848593511752492e-12,2.687834169544407107e-11,3.339631426165378488e-11,2.476811045988563411e-11,5.104237334226108141e-12,1.729127506543768488e-11,3.143695193260924814e-11,3.128648735958952987e-11,1.688902599019427073e-11,5.218388431950525897e-12,2.492378444120471940e-11,3.328282054601427067e-11,2.647602535932517860e-11,7.628231932462892958e-12,1.480802320991027762e-11,3.044302427574547927e-11,3.224579688157324526e-11,1.940346970732592363e-11,3.228293910815153056e-12,2.319255527917087606e-11,3.334704898444787599e-11,1.894112514796286632e-12,5.487203858510043599e-11,1.112377374711429880e-10,1.678091585882733567e-10,2.246864768076257104e-10,2.819764284636291737e-10,3.397910717314332948e-10,3.982487416750642287e-10,4.574753277980032676e-10,5.176056758702175800e-10,5.787850704176173152e-10,6.411707671372855678e-10,7.049335225763927049e-10,7.702590262501214563e-10,8.373490787071062024e-10,9.064222812915265989e-10,9.777139166313367506e-10,1.051474616329253056e-09,1.127967353007563533e-09,1.207462279725355469e-09,1.290228991373201138e-09,1.376525914439942583e-09,1.466586745341173824e-09,1.560604138764009156e-09,1.658711166153433749e-09,1.760961376896634890e-09,1.867308553712266430e-09,1.977587418055714531e-09,2.091496584615041777e-09,2.208584982037098618e-09,2.328242764914872805e-09,2.449697472266249088e-09,2.572015878241437412e-09,2.694111668900572855e-09,2.814758793682095333e-09,2.932610100162313825e-09,3.046220673210544941e-09,3.154075164524362669e-09,3.254618310479841058e-09,3.346287787468744928e-09,3.427518300878471647e-09,3.496639829554563966e-09,3.551852373055518642e-09,3.591248973459580904e-09,3.612866294769601137e-09,3.614768723324255252e-09,3.595170487698950228e-09,3.552597483579579700e-09,3.486085880723009368e-09,3.395407818232936834e-09,3.281305403741777863e-09,3.145703048841402593e-09,2.991855742149857397e-09,2.824379056748228595e-09,2.649099258857755282e-09,2.472666084002840943e-09,2.301899236732324741e-09,2.142908914335027667e-09,2.000146563546449138e-09,1.875667559811359274e-09,1.768921526983127053e-09,1.677225982876323802e-09,1.596764674644438499e-09,1.523701153766352241e-09,1.455001628420874019e-09,1.388780482476087930e-09,1.324224785423917986e-09,1.261282076798178001e-09,1.200298752879452414e-09,1.141733051252867697e-09,1.085994418708691792e-09,1.033409253394688871e-09,9.842843376872457464e-10,9.390216481568058887e-10,8.982181881158390342e-10,8.626595140027542665e-10,8.331048832378882572e-10,8.098094800988639838e-10
7.524552777754322316e-10,7.296930732575923656e-10,7.101083501573810715e-10,6.909420229992684933e-10,6.711746415437608285e-10,6.510200859638101268e-10,6.314274817484234515e-10,6.136901393444525202e-10,5.991532632008422672e-10,5.889825103408388209e-10,5.839630374926725799e-10,5.843228875458367606e-10,5.896042072722706509e-10,5.986347463900311859e-10,6.096744678984438250e-10,6.208217949129662955e-10,6.307521352210388069e-10,6.398063576918999497e-10,6.512839847005746984e-10,6.723927692861084160e-10,7.136840436897194270e-10,7.858997816022515322e-10,8.954419820725430992e-10,1.042019280858730712e-09,1.219904734717411937e-09,1.420649952122373434e-09,1.635179297962479324e-09,1.854914362476762122e-09,2.072292989207782211e-09,2.280987345824060136e-09,2.475963927565814801e-09,2.653444804351759328e-09,2.810801372607909346e-09,2.946404688894770985e-09,3.059453845276902311e-09,3.149800797553056922e-09,3.217785983666360803e-09,3.264094598585729875e-09,3.289639197472174904e-09,3.295470788104233556e-09,3.282717879772300834e-09,3.252551016901947524e-09,3.206200549840515981e-09,3.145068588006358552e-09,3.070722729024434644e-09,2.984851687248123510e-09,2.889218457759799110e-09,2.785612524602270715e-09,2.675802734636909573e-09,2.561492523109055184e-09,2.444279179078715421e-09,2.325618761425351244e-09,2.206798099654704294e-09,2.088915022601357299e-09,1.972867544796545990e-09,1.859352214869346241e-09,1.748871225957018767e-09,1.641747265101557264e-09,1.538144516241024633e-09,1.438093817260370989e-09,1.341519776252616007e-09,1.248267712748571462e-09,1.158128593619878780e-09,1.070860621854019705e-09,9.862067182989085690e-10,9.039077125852804899e-10,8.237115475162716343e-10,7.453791552664220789e-10,6.686878827748062749e-10,5.934334804613630679e-10,5.194318473181710642e-10,4.465222255664319946e-10,3.745751078920094067e-10,3.035132607283416432e-10,2.333734038332195715e-10,1.645260196227970871e-10,9.878906379465025916e-11,4.940535971172136946e-11,5.484717130199112267e-11,4.803160394976682361e-11,1.975161614886650124e-11,1.735122912507201123e-11,4.669361046238965101e-11,5.516363831948530888e-11,3.897841736005060948e-11,5.374129742568224968e-12,3.062962973563608265e-11,5.294118132356297034e-11,5.158983097573254907e-11,2.718062225305933622e-11,9.378613144128419941e-12,4.174393854272047125e-11,5.545311514159792901e-11,4.437759426670471069e-11,1.346809368462091541e-11,2.346850316125155082e-11,4.991410586819935206e-11,5.405323299005106136e-11,3.403341519705774911e-11,1.263875896009418312e-12,3.590799692276088823e-11,5.456610283022961710e-11,1.879792864983017724e-12,1.932910298553992119e-09,3.803269230682416893e-09,5.550804424959227922e-09,7.119605495452360547e-09,8.460075319108499319e-09,9.530573643748731440e-09,1.029871327731316851e-08,1.074227452408034862e-08,1.084973008034153447e-08,1.062039816804282798e-08,1.006426652986941473e-08,9.201559292333500246e-09,8.062173547107051178e-09,6.685274853098548997e-09,5.120001875023282527e-09,3.431987707486353824e-09,1.757533586130669224e-09,1.065703441777796395e-09,2.465412925914840841e-09,4.150368789439663921e-09,5.754805915296803161e-09,7.190329151023338288e-09,8.400932274416311336e-09,9.343173617093522353e-09,9.983581708933614407e-09,1.029876193790446496e-08,1.027598830547822040e-08,9.913729354994914463e-09,9.221907297510363395e-09,8.221793089240067011e-09,6.945486846404154887e-09,5.434965834965492977e-09,3.740712589571982587e-09,1.919969341440550231e-09,3.699055546689735036e-11,4.253220500670607007e-11,3.853507747102164857e-11,1.725565839785841151e-11,1.201964836622953226e-11,3.557756075926392904e-11,4.317774195921227501e-11,3.133355150526834075e-11,5.465126035870409253e-12,2.301601017265812233e-11,4.097818398627105282e-11,4.047094510538118766e-11,2.172035230295852471e-11,6.827622921043727623e-12,3.228600436704348909e-11,4.319110635039196935e-11,3.462143438170484567e-11,1.044390932543555471e-11,1.847614271744803087e-11,3.905864554862827649e-11,4.204443278845700233e-11,2.608331693962429132e-11,2.120151059215701002e-12,2.872336199441204039e-11,4.280651186846015720e-11,1.739252777325256675e-12,6.164931317737896840e-11,1.248180544009277119e-10,1.883279689695630052e-10,2.523511809494184642e-10,3.170679141646999265e-10,3.826671078170188529e-10,4.493485686832481924e-10,5.173254580573300922e-10,5.868269653191842382e-10,6.581010634190424934e-10,7.314171590890153494e-10,8.070683134836411692e-10,8.853725397431472440e-10,9.666725100114129691e-10,1.051332867260061717e-09,1.139734284315842962e-09,1.232263490021582464e-09,1.329298719415275161e-09,1.431190442361534467e-09,1.538237745843023437e-09,1.650661318030571110e-09,1.768574512785362852e-09,1.891954366762089270e-09,2.020614627896749634e-09,2.154182804561560035e-09,2.292082978609544802e-09,2.433525699471468239e-09,2.577505767640844601e-09,2.722808199194408672e-09,2.868022197893999056e-09,3.011562581647054538e-09,3.151697828076703989e-09,3.286583713879492191e-09,3.414301410348735584e-09,3.532898845850396465e-09,3.640434139964475743e-09,3.735019941375015646e-09,3.814867555107428889e-09,3.878329819720380497e-09,3.923901861914258973e-09,3.950089489775281867e-09,3.955396449255780966e-09,3.938379917141898515e-09,3.897741459184854570e-09,3.832456421215011268e-09,3.741941843768650103e-09,3.626258623421123786e-09,3.486337383997299946e-09,3.324208984022675320e-09,3.143209385333243354e-09,2.948114334139523345e-09,2.745141826987117019e-09,2.541741384957752391e-09,2.346077307077993626e-09,2.166133469673191067e-09,2.008467839110529882e-09,1.876865239238201237e-09,1.771403852463907889e-09,1.688498991113928313e-09,1.622077478200628213e-09,1.565386641603748559e-09,1.512632443128556608e-09,1.459899244497726566e-09,1.405286205370185000e-09,1.348512665766753116e-09,1.290312027613818655e-09,1.231854634199132116e-09,1.174323585764983950e-09,1.118671890244654142e-09,1.065535019232060582e-09,1.015256180626633785e-09,9.679851676051821301e-10,9.238158122887585749e-10,8.829195499399107553e-10,8.456133060000068471e-10,8.122829769916421846e-10,7.830986644038140848e-10
7.170304467218575826e-10,6.859309115315254715e-10,6.594045928676269336e-10,6.352395598550032776e-10,6.125007695766225152e-10,5.912591146037370291e-10,5.722332178800242578e-10,5.564571596372649894e-10,5.450028562731310309e-10,5.387545060440366958e-10,5.382301039156792965e-10,5.434459088295534943e-10,5.538120750247332309e-10,5.680426344413239588e-10,5.840826582972787702e-10,5.991031048215298958e-10,6.096620580521328806e-10,6.121500041818504648e-10,6.036345323906233452e-10,5.832484871839110863e-10,5.543618728217812756e-10,5.276804889121562608e-10,5.236279466390267717e-10,5.672120367660465476e-10,6.720532132650240496e-10,8.328041858087204113e-10,1.035133328947085591e-09,1.264985398932582743e-09,1.510868497526153126e-09,1.763541379987502167e-09,2.015493489114590910e-09,2.260618298425710553e-09,2.494016519584566160e-09,2.711849151133755291e-09,2.911200382300795506e-09,3.089938279703835397e-09,3.246574898792141149e-09,3.380132578386920780e-09,3.490023889758343805e-09,3.575951454483409795e-09,3.637831904425713054e-09,3.675746237547570835e-09,3.689959706314893512e-09,3.681085575639755536e-09,3.650108944813757883e-09,3.598356792153353319e-09,3.527458948156600515e-09,3.439300932461315731e-09,3.335969889457347738e-09,3.219695144656101046e-09,3.092785174684676828e-09,2.957563029645146470e-09,2.816302457401889061e-09,2.671167139343038339e-09,2.524155531372850818e-09,2.377053777057156969e-09,2.231398977525225299e-09,2.088454716915420433e-09,1.949200117331678678e-09,1.814332828407634796e-09,1.684285294563090450e-09,1.559252503809101103e-09,1.439228381268849588e-09,1.324047247604696234e-09,1.213426483563479243e-09,1.107006804552240745e-09,1.004387308699390312e-09,9.051535623013330548e-10,8.088982113980926649e-10,7.152347609495156908e-10,6.238061554152500175e-10,5.342907748023563198e-10,4.464101300945441303e-10,3.599474127765337529e-10,2.748046862338123722e-10,1.912183056829481378e-10,1.109364957102061260e-10,5.025998404321596705e-11,5.570462999947417435e-11,4.870709988983492152e-11,1.995398563248046467e-11,1.770906519760326300e-11,4.745764037121879822e-11,5.600458409191616461e-11,3.953389264820549103e-11,5.404822878604740048e-12,3.113702189729878842e-11,5.376790471410287471e-11,5.237959326284047371e-11,2.759305120811580395e-11,9.520994626412051881e-12,4.237998887092237520e-11,5.630851663837181701e-11,4.508359266504486324e-11,1.372004821343413941e-11,2.377816580670422318e-11,5.065269181597816054e-11,5.490212218333100161e-11,3.462644982041193534e-11,1.173297292070898190e-12,3.637224329898929395e-11,5.537688501575998006e-11,1.642319731632635313e-12,2.357727219033412062e-09,4.633593305704737679e-09,6.751325783979764771e-09,8.639834028504887066e-09,1.023707965083758227e-08,1.149227616799800500e-08,1.236748510674218203e-08,1.283856559260827651e-08,1.289548790020992588e-08,1.254207155370455771e-08,1.179525399590642771e-08,1.068404238398598537e-08,9.248377883676972850e-09,7.538373884004582982e-09,5.615424681175468519e-09,3.563416747859168773e-09,1.604691397490819576e-09,1.541183513073091956e-09,3.483492543732619506e-09,5.541474227171210138e-09,7.475834335587596638e-09,9.200344105717505646e-09,1.065226165574243163e-08,1.178026467451414374e-08,1.254328620250320450e-08,1.291132548021458600e-08,1.286664048788417793e-08,1.240483800589827808e-08,1.153562559725353501e-08,1.028307308823857064e-08,8.685281113198022316e-09,6.793401907171156208e-09,4.670011095292556519e-09,2.386913470221102411e-09,4.313986282299888847e-11,4.881214044425253939e-11,4.355308663204823296e-11,1.879471144271688597e-11,1.447175523988710289e-11,4.112981762247795052e-11,4.936244682468966282e-11,3.545907864185666782e-11,5.694313936955034640e-12,2.668601925452764557e-11,4.703298443588603080e-11,4.628140542616405656e-11,2.476874776517955403e-11,7.857392854962556928e-12,3.695267465130741405e-11,4.947158653645419173e-11,3.979550614749635020e-11,1.226521809402207459e-11,2.078011138174164355e-11,4.450369578911620538e-11,4.826752592900790745e-11,3.037924314298992250e-11,1.405414790824518756e-12,3.219079547928547607e-11,4.878548621929343747e-11,1.570985392355013737e-12,7.343876247784164106e-11,1.484647781508209032e-10,2.240761382174076705e-10,3.005745851461354456e-10,3.782762783674143911e-10,4.575159193557952649e-10,5.386520093674560772e-10,6.220724060909477941e-10,7.081996414340370613e-10,7.974951253514381094e-10,8.904609482495722281e-10,9.876376593034287578e-10,1.089596277567574507e-09,1.196923000846544459e-09,1.310195670351824140e-09,1.429951990469617920e-09,1.556650654175815558e-09,1.690627669562724974e-09,1.832051082575938396e-09,1.980877756294743126e-09,2.136815814877409496e-09,2.299295834327104150e-09,2.467453006539421419e-09,2.640121507634011245e-09,2.815841340552863782e-09,2.992877117066509527e-09,3.169247649501177485e-09,3.342764836940540772e-09,3.511080120922884536e-09,3.671736705108126241e-09,3.822225739975309062e-09,3.960044734862845189e-09,4.082756554719293085e-09,4.188047476651334416e-09,4.273782917129329945e-09,4.338059593436816169e-09,4.379253053245061275e-09,4.396059695876172248e-09,4.387532618936319076e-09,4.353061454728931909e-09,4.292204282527242496e-09,4.204696011811525518e-09,4.090545674641178532e-09,3.950174122726913767e-09,3.784590202966951810e-09,3.595599909961658611e-09,3.386037879853670188e-09,3.160002873810679646e-09,2.923066388674604126e-09,2.682401626279145340e-09,2.446740986328316731e-09,2.226007561481424783e-09,2.030398110700612462e-09,1.868721852946025160e-09,1.746134801151984792e-09,1.662138568689431633e-09,1.610226267731462610e-09,1.579818737964675162e-09,1.559481512164377817e-09,1.539691391625409979e-09,1.514204672384465909e-09,1.480128003184780726e-09,1.437229119835174769e-09,1.386981952404697486e-09,1.331666374639424005e-09,1.273686108507429940e-09,1.215149373487125841e-09,1.157675904665547857e-09,1.102356570466925391e-09,1.049796026008089571e-09,1.000197040968814372e-09,9.534728029125443784e-10,9.093835084439596742e-10,8.676828230182301596e-10,8.282361163342626851e-10,7.910493245230892918e-10,7.561436661376814945e-10
6.819195320778074232e-10,6.429705498678120643e-10,6.099967408427050532e-10,5.814248897347998073e-10,5.565160814194384868e-10,5.352703092385720663e-10,5.181835762403355794e-10,5.059667160584118271e-10,4.992897422918184716e-10,4.985941117328402328e-10,5.040031538308281904e-10,5.153326989040572915e-10,5.321557091225710274e-10,5.538334813395882229e-10,5.794284079866863161e-10,6.074746127557866767e-10,6.356791176264978038e-10,6.606999222022123113e-10,6.781448877397336960e-10,6.828563135255661519e-10,6.694479616093455498e-10,6.330115325130217061e-10,5.699589844173275571e-10,4.792349386373393562e-10,3.653304050938366237e-10,2.514548784318623446e-10,2.284652524751725454e-10,3.690016746839562434e-10,5.909238975480078092e-10,8.482686200072729468e-10,1.125428672321354983e-09,1.413768978116084342e-09,1.706765178628010448e-09,1.998919283340655818e-09,2.285466658130831114e-09,2.562266480655317833e-09,2.825727219149042024e-09,3.072730603456030684e-09,3.300549985660847803e-09,3.506768990123185937e-09,3.689208949290185975e-09,3.845873528865935261e-09,3.974970181507859216e-09,4.075129588287672649e-09,4.145487815149376213e-09,4.185705926603682720e-09,4.195976795186673274e-09,4.177018433166665297e-09,4.130053524976488744e-09,4.056775223313771076e-09,3.959299677987612660e-09,3.840106190706767179e-09,3.701966322246684513e-09,3.547863719229160950e-09,3.380906870726221540e-09,3.204237450568746750e-09,3.020937344101634886e-09,2.833937886984212135e-09,2.645935228205626581e-09,2.459316010763590640e-09,2.276097641643017126e-09,2.097887158599431275e-09,1.925861935793587818e-09,1.760774079539287373e-09,1.602978339689303133e-09,1.452480888506989625e-09,1.309003813143315634e-09,1.172058208257056491e-09,1.041017911768029061e-09,9.151865466242494058e-10,7.938526111893203348e-10,6.763306242894172910e-10,5.619906844439251358e-10,4.502857722647349340e-10,3.408050776726601257e-10,2.334708335662235135e-10,1.297194828174338566e-10,5.033953209760796378e-11,5.578737389075076511e-11,4.877499189980700140e-11,1.997739024734314041e-11,1.774038358203536582e-11,4.753003981013188327e-11,5.608649559808884125e-11,3.958959490156599945e-11,5.409993184553245279e-12,3.118455070674533724e-11,5.384744842139254563e-11,5.245645861363444714e-11,2.763371321003345569e-11,9.534019413184197784e-12,4.244125084032918671e-11,5.639116200935092518e-11,4.515155868947891407e-11,1.374353766483350931e-11,2.380885807736939474e-11,5.072459428509011440e-11,5.498376555371859482e-11,3.468214458907032737e-11,1.162022361123405541e-12,3.641900969088047810e-11,5.545587190681274994e-11,1.414315149681110164e-12,2.861622866294006332e-09,5.622148339473864447e-09,8.187301334497450863e-09,1.046924269157338429e-08,1.239131910417598068e-08,1.389079749662006069e-08,1.492086390964295364e-08,1.545183318576743915e-08,1.547158002588191851e-08,1.498526112143849028e-08,1.401444707614113249e-08,1.259582814710632344e-08,1.077973225534650614e-08,8.628939295960300904e-09,6.219487899861968524e-09,3.654484549721984784e-09,1.291116687022388771e-09,2.270365684387450421e-09,4.851460001432485861e-09,7.399232890449871015e-09,9.755741094038335617e-09,1.183436237042953222e-08,1.356516726184339061e-08,1.488988601942047004e-08,1.576216194922980912e-08,1.614880230802461087e-08,1.603116151071866257e-08,1.540633945012177319e-08,1.428799622341995218e-08,1.270662449654190558e-08,1.070915548127211981e-08,8.357821979826984549e-09,5.728265805752288028e-09,2.906978050915334516e-09,4.645805349975113934e-11,5.220446998630409272e-11,4.627398144697657239e-11,1.964854450490923088e-11,1.580294677530795876e-11,4.412836283980029802e-11,5.271017563901657404e-11,3.770111654264877767e-11,5.838161714532293922e-12,2.866586088043594876e-11,5.030881030024893628e-11,4.943205650961444194e-11,2.642850080800254266e-11,8.406664771630978563e-12,3.947572350331667653e-11,5.287502649956334307e-11,4.260487875033028477e-11,1.326160356828016282e-11,2.202405185504615061e-11,4.745332039012884564e-11,5.164356698855015276e-11,3.271595232770933951e-11,1.000585087714449676e-12,3.407068370474594442e-11,5.202766426044629684e-11,1.388251887115852099e-12,9.448715274251388065e-11,1.907344010607159853e-10,2.880826396251036785e-10,3.871117967584395750e-10,4.884397085150372697e-10,5.927354288687923312e-10,7.007315548986333774e-10,8.132321432323450517e-10,9.311120445715352428e-10,1.055303336669319684e-09,1.186765515645296008e-09,1.326438223103338212e-09,1.475178171525689955e-09,1.633684907361223165e-09,1.802422348606122076e-09,1.981544061350868302e-09,2.170829804035042012e-09,2.369639216835220560e-09,2.576886213853206284e-09,2.791035249626192166e-09,3.010118635034541576e-09,3.231772685559183778e-09,3.453289699354479087e-09,3.671682457686638539e-09,3.883757952197837091e-09,4.086197228672240782e-09,4.275638496952750448e-09,4.448760935721787027e-09,4.602366896148364942e-09,4.733460476458402196e-09,4.839320703976277894e-09,4.917567829696662590e-09,4.966221519180239599e-09,4.983750016577925234e-09,4.969109669698857035e-09,4.921774537833458893e-09,4.841756165406776215e-09,4.729614006321830609e-09,4.586457446979226477e-09,4.413888032221119799e-09,4.213816523868051682e-09,3.988520975364792540e-09,3.740812484639797829e-09,3.474251001017085131e-09,3.193411145377366486e-09,2.904197128715497072e-09,2.614197962700731817e-09,2.333041612629929744e-09,2.072604769354537742e-09,1.846684659535063029e-09,1.669334530861823537e-09,1.551019603887889254e-09,1.493408514392513820e-09,1.486701178100768838e-09,1.512844187438863505e-09,1.552221229525465447e-09,1.588828230032433914e-09,1.612192971749373039e-09,1.617132258805689040e-09,1.602645534116568941e-09,1.570609002959798962e-09,1.524532857568515648e-09,1.468510308453001508e-09,1.406446998156511076e-09,1.341613427464950599e-09,1.276493067927400572e-09,1.212833047742246478e-09,1.151778585587789302e-09,1.093998020801927218e-09,1.039761337609855115e-09,9.889869979868870165e-10,9.412959105760386786e-10,8.961041350334838080e-10,8.527586422616155032e-10,8.106879642329664320e-10,7.695136839677294042e-10,7.290589827746738314e-10
6.473773997078945984e-10,6.013174675695380621e-10,5.627595880655289105e-10,5.308640149484800511e-10,5.051964509745459182e-10,4.857246430351547389e-10,4.726489950552364191e-10,4.661688920038594805e-10,4.662816931308325526e-10,4.726874324611197575e-10,4.848305708502308539e-10,5.020612454626612297e-10,5.238626074685072409e-10,5.500717293115897891e-10,5.810049384616196738e-10,6.173846581758823591e-10,6.599899893721961467e-10,7.090575960186666879e-10,7.636147767910962326e-10,8.210145157536406299e-10,8.768673815799013264e-10,9.253825830245922986e-10,9.599834752843996864e-10,9.740236463552948157e-10,9.614660071148932849e-10,9.174455516747120385e-10,8.386964542863895650e-10,7.239095451339107960e-10,5.743326822251822984e-10,3.962597841659839373e-10,2.198805655473985100e-10,2.218110513514247625e-10,4.508862730541768085e-10,7.409218303047331781e-10,1.056493664812127046e-09,1.387279231697047336e-09,1.726878170357026923e-09,2.069988138343061063e-09,2.411765486764539495e-09,2.747597013383949586e-09,3.072973739548038958e-09,3.383399904898229085e-09,3.674380340173926870e-09,3.941643179271682100e-09,4.181272891583576720e-09,4.389794065955323514e-09,4.564250536795300638e-09,4.702276396022833837e-09,4.802155950524523334e-09,4.862870067387495497e-09,4.884126705653669420e-09,4.866373808939454607e-09,4.810793150510293780e-09,4.719274186876527782e-09,4.594367487841774436e-09,4.439217866928166075e-09,4.257477933410353321e-09,4.053203426143866585e-09,3.830732377313552206e-09,3.594550910492655001e-09,3.349149331692930458e-09,3.098873165835042972e-09,2.847774957757889881e-09,2.599473990012939700e-09,2.357032461717088684e-09,2.122857832362189911e-09,1.898641424238084362e-09,1.685342240254262855e-09,1.483221533676460444e-09,1.291927664775700200e-09,1.110622913114477668e-09,9.381362374993031715e-10,7.731216826264937131e-10,6.142053871608821805e-10,4.601238635388861684e-10,3.099415671731884571e-10,1.641231448430193668e-10,4.946304813301607553e-11,5.491453259046770648e-11,4.809353262947851583e-11,1.978037044510520791e-11,1.736861185299645420e-11,4.674919535526757914e-11,5.523248718028082265e-11,3.902962836124674850e-11,5.384631899171543209e-12,3.066430160568555710e-11,5.300555248748449993e-11,5.165491898471036126e-11,2.721708680722910545e-11,9.386491837540482346e-12,4.179333612048125236e-11,5.552135762926716978e-11,4.443380659164947815e-11,1.348639481413920318e-11,2.349493081592273968e-11,4.997454637398273069e-11,5.412006166569984083e-11,3.407613528346912701e-11,1.249450105952709100e-12,3.595103530843605557e-11,5.463303785957390190e-11,1.297043000470662547e-12,3.383855328406147054e-09,6.660234312615256239e-09,9.725220638820158795e-09,1.247998763993050222e-08,1.483401058638168627e-08,1.670786951959273851e-08,1.803597767992177353e-08,1.876909573257306219e-08,1.887643222194922288e-08,1.834732322573302562e-08,1.719242192359696133e-08,1.544428423454702999e-08,1.315724918477389289e-08,1.040668306882275708e-08,7.288535803433694598e-09,3.927677888550239145e-09,8.507868518258386038e-10,3.375699841234215871e-09,6.808018315890432084e-09,1.005951365877431345e-08,1.299581136675007946e-08,1.551673867012112156e-08,1.754214772828383792e-08,1.901160811028413895e-08,1.988485603913854647e-08,2.014173508294261187e-08,1.978155820947249469e-08,1.882203618512873157e-08,1.729792666912243820e-08,1.525949106296838847e-08,1.277075055779649299e-08,9.907444503153583125e-09,6.754820605782877391e-09,3.405331789172208285e-09,4.741825909735899590e-11,5.321766509832368392e-11,4.711556039749684550e-11,1.994458095213857608e-11,1.616614623919151931e-11,4.501227916655231748e-11,5.372344776247447612e-11,3.839950288077039514e-11,5.908558130530028084e-12,2.924303934979839310e-11,5.129219140087333125e-11,5.039163353691990390e-11,2.694436827162328237e-11,8.560634676751384824e-12,4.023366425930949781e-11,5.390615277047633428e-11,4.345849704151261737e-11,1.356361293549181053e-11,2.240479375823502692e-11,4.835211986068429825e-11,5.266711253319138581e-11,3.341557601217397067e-11,8.606829467725566384e-13,3.465820985842979633e-11,5.301933814391652188e-11,1.189461283735424896e-12,1.343109673687208975e-10,2.709290205096554872e-10,4.100192792869891765e-10,5.529371160278061624e-10,7.011704423391876369e-10,8.563495648645785095e-10,1.020215604741571182e-09,1.194540215142435248e-09,1.381000445325681382e-09,1.581023598171185655e-09,1.795624208729080402e-09,2.025256616433963925e-09,2.269702206317028213e-09,2.528002529083977147e-09,2.798441166589933601e-09,3.078570666837032084e-09,3.365277042457081933e-09,3.654872954407221947e-09,3.943210973126910688e-09,4.225809383632549638e-09,4.497984284266636737e-09,4.754982908452770649e-09,4.992114068098585336e-09,5.204872383856126066e-09,5.389053581979421224e-09,5.540858654908325370e-09,5.656985147689634948e-09,5.734704273812402914e-09,5.771922998900079518e-09,5.767230669367332598e-09,5.719930211080147354e-09,5.630054388640904953e-09,5.498368113596827353e-09,5.326358346662034327e-09,5.116213806539403333e-09,4.870797569341551725e-09,4.593616886308118500e-09,4.288796471659761586e-09,3.961064679964533940e-09,3.615728337637548112e-09,3.258665261254191776e-09,2.896674531625590026e-09,2.538082836721480626e-09,2.193655119491478546e-09,1.877881453904745144e-09,1.610318175209702399e-09,1.415087152201881836e-09,1.313866904367304127e-09,1.310962109654849460e-09,1.385274885522661164e-09,1.502264433146825241e-09,1.630405825877920151e-09,1.747510478323399988e-09,1.840073444916578812e-09,1.901181713088982967e-09,1.928815601073222805e-09,1.924602037645391655e-09,1.892768084737552465e-09,1.839131167094354884e-09,1.770097878138174830e-09,1.691750123318323941e-09,1.609151980860421177e-09,1.525994822173257193e-09,1.444612256464427377e-09,1.366278678498180676e-09,1.291621247121872950e-09,1.220972506714553778e-09,1.154562049789604361e-09,1.092540195467601450e-09,1.034895439277387598e-09,9.813513300480946151e-10,9.313150490958621424e-10,8.839163444848773444e-10,8.381367267036070642e-10,7.929955328290382349e-10,7.477379959304042812e-10,7.019642737508386176e-10
6.137075736289348954e-10,5.616045794167820779e-10,5.188205086709947287e-10,4.853668436906997082e-10,4.612009240834215376e-10,4.461976350632901536e-10,4.400145155420479558e-10,4.419700625841817513e-10,4.510313482765827997e-10,4.659192412447632085e-10,4.852681431910915840e-10,5.077771608779049227e-10,5.323424471090665209e-10,5.582123978257615694e-10,5.852205638914418105e-10,6.141085134190890675e-10,6.468466140999063230e-10,6.867168704334741747e-10,7.378407708521489820e-10,8.040091014329600479e-10,8.871569758752303272e-10,9.862314707642922920e-10,1.096991157477470692e-09,1.212651685149499355e-09,1.324919617603615139e-09,1.425025780211968970e-09,1.504580802673742046e-09,1.556212187143046978e-09,1.573995236344419870e-09,1.553710674518721103e-09,1.492981486781214382e-09,1.391376926289584149e-09,1.250653895528674806e-09,1.075544326014770000e-09,8.763100293857605707e-10,6.772424860391930381e-10,5.416913563490918285e-10,5.797618150914288845e-10,8.040335449291005264e-10,1.129842901749193959e-09,1.505751197035156658e-09,1.909156879436369687e-09,2.327476732842454411e-09,2.751565541182724994e-09,3.173581221050162213e-09,3.586247159740395426e-09,3.982617829318006228e-09,4.356043482724676252e-09,4.700222268262179672e-09,5.009293029643336916e-09,5.277946299193407517e-09,5.501540856672848083e-09,5.676217552602420753e-09,5.799004141125179220e-09,5.867905938735249905e-09,5.881977781294517005e-09,5.841373247778323429e-09,5.747367574197801305e-09,5.602351151526832049e-09,5.409791009854074112e-09,5.174158245964643747e-09,4.900819952503984099e-09,4.595894862398591004e-09,4.266072658398700543e-09,3.918397793194014329e-09,3.560019885769980330e-09,3.197914621480671988e-09,2.838582104512136426e-09,2.487734511300807771e-09,2.149992389840369893e-09,1.828619155154234338e-09,1.525334588025455688e-09,1.240255721076316842e-09,9.720099292177827905e-10,7.180467542176255242e-10,4.751745377452484254e-10,2.407713361495476195e-10,4.697421307040876974e-11,5.242937409284321145e-11,4.614698860886847178e-11,1.921020625698455986e-11,1.631865662325530557e-11,4.453010261013442435e-11,5.279978722213874060e-11,3.743011530864013956e-11,5.306267332233008880e-12,2.918823074849033030e-11,5.061048080666658450e-11,4.937151782988130871e-11,2.602778566066938188e-11,8.969825128112868833e-12,3.995031714791844414e-11,5.304488636374839133e-11,4.238953060274529185e-11,1.275440941469224354e-11,2.260021365809138096e-11,4.783713860395005467e-11,5.165974414457837567e-11,3.235199134068246081e-11,1.500653888851262432e-12,3.461338369515787432e-11,5.228610372199220333e-11,1.292182160855865734e-12,3.898467068667670173e-09,7.703052046508702680e-09,1.131737173857395724e-08,1.464435454040500930e-08,1.758516400468957902e-08,2.003993074243267354e-08,2.190980416331722265e-08,2.310055010971065045e-08,2.353155122118894716e-08,2.314477371975187406e-08,2.191271658290861359e-08,1.984446207794671862e-08,1.698914003606265843e-08,1.343638541954808024e-08,9.313734486839390647e-09,4.781964447326942348e-09,2.584066658024182597e-10,4.793397882731580419e-09,9.423372986922665797e-09,1.370439491836325903e-08,1.746817025350940655e-08,2.057761919667464303e-08,2.293234911422935636e-08,2.447214435815865234e-08,2.517734999443624766e-08,2.506609894534307427e-08,2.418871519860085471e-08,2.261992475251855161e-08,2.044974480172700673e-08,1.777407730196285727e-08,1.468607686189235793e-08,1.127658996053863485e-08,7.632057811780963052e-09,3.834133106806906514e-09,4.589756951755254036e-11,5.171241874661574277e-11,4.594745033205548334e-11,1.961253725434495679e-11,1.551917777150377538e-11,4.366517842197254546e-11,5.225271787916799499e-11,3.743454902602607727e-11,5.862138825245746180e-12,2.835146154984846734e-11,4.984434088697242330e-11,4.900745574856154629e-11,2.621662114915296431e-11,8.320882510311910399e-12,3.912787139862997299e-11,5.240794800077867535e-11,4.220945108199333009e-11,1.309886729016506239e-11,2.188501944379471447e-11,4.707006142362783447e-11,5.117130364546304758e-11,3.234656322556626258e-11,1.010986130106747238e-12,3.387592234281362635e-11,5.160662249602345392e-11,9.718474314631135885e-13,2.195639244884119261e-10,4.438296673306568700e-10,6.759261871866835118e-10,9.201311749929168196e-10,1.180595317779952365e-09,1.460858569370052227e-09,1.763376117948573313e-09,2.089166911748071504e-09,2.437637213562121425e-09,2.806575444522781220e-09,3.192281094431030516e-09,3.589781061303757571e-09,3.993092555310604892e-09,4.395502886465937649e-09,4.789847014998642594e-09,5.168771465078244193e-09,5.524978085819789476e-09,5.851443966448722876e-09,6.141615382788984016e-09,6.389574556335074074e-09,6.590178601195738020e-09,6.739170506732805740e-09,6.833262443203428302e-09,6.870192117185759674e-09,6.848753352232495730e-09,6.768802531025126105e-09,6.631243012844780330e-09,6.437990155603175536e-09,6.191920167961841848e-09,5.896806783617292827e-09,5.557250860505364465e-09,5.178609798868549381e-09,4.766936819978633078e-09,4.328946044304894166e-09,3.872030944097303473e-09,3.404387756680305016e-09,2.935346906067257758e-09,2.476128020919256236e-09,2.041471260625170918e-09,1.652990252966229945e-09,1.344898334046195722e-09,1.165905561796462200e-09,1.152818906688224074e-09,1.283610970473432745e-09,1.494478295090869665e-09,1.731044802521230512e-09,1.960502540428539678e-09,2.164189818892377629e-09,2.331258949723093999e-09,2.455557061037504395e-09,2.534296359319544420e-09,2.567516475879050166e-09,2.557827712122719140e-09,2.510166047968998016e-09,2.431407629375646113e-09,2.329764106903166000e-09,2.213950907581836236e-09,2.092205188034381497e-09,1.971323921407403001e-09,1.855960322450274460e-09,1.748398818469169097e-09,1.648886516733489080e-09,1.556381338461904107e-09,1.469416143965062813e-09,1.386779254319633330e-09,1.307852906748153376e-09,1.232619348780452084e-09,1.161446931636867523e-09,1.094788958546645132e-09,1.032899987057874875e-09,9.756357917868131233e-10,9.223721172476686196e-10,8.720527345500405120e-10,8.233532500969109887e-10,7.749240508195412858e-10,7.256607499923153739e-10,6.749502696296668909e-10
5.812545764597708574e-10,5.246284297487521740e-10,4.796584372955585834e-10,4.473591493944864538e-10,4.280696748779613408e-10,4.212554883847934940e-10,4.254784728911558054e-10,4.386594796241834885e-10,4.585118909944816596e-10,4.829119647071159274e-10,5.100754595511275463e-10,5.385485587051131289e-10,5.670792873239468597e-10,5.944421184127874362e-10,6.192951884020580749e-10,6.401692309365433562e-10,6.557030974015203379e-10,6.652304196752322412e-10,6.697654303947488537e-10,6.732808329711183522e-10,6.837708634550346869e-10,7.128586242747756362e-10,7.724991098280461447e-10,8.697004796928859056e-10,1.003501595291225965e-09,1.166422743105373120e-09,1.347797086114336755e-09,1.536251435638893860e-09,1.720937430175016923e-09,1.892054378464388375e-09,2.041070871597809174e-09,2.160813293547864585e-09,2.245477540411516343e-09,2.290589467765506782e-09,2.292938965498128149e-09,2.250521247437358258e-09,2.162534255240340644e-09,2.029512657726636997e-09,1.853756398320362934e-09,1.640419677935437044e-09,1.400214590424491142e-09,1.156295665012574646e-09,9.604091853049715493e-10,9.081606539387513832e-10,1.073181513315091033e-09,1.415245361073965045e-09,1.860656268633342732e-09,2.364057766267536078e-09,2.900228760431755069e-09,3.452570166918260390e-09,4.007984964985206018e-09,4.554865348313236637e-09,5.082321685344019290e-09,5.579927530403380149e-09,6.037697727281886953e-09,6.446180838694319582e-09,6.796610954966405278e-09,7.081090312048910178e-09,7.292785670808103704e-09,7.426126660596198996e-09,7.476996745412604726e-09,7.442908620883990912e-09,7.323156357687196895e-09,7.118936763007223665e-09,6.833432335138150543e-09,6.471847810478510858e-09,6.041391506177585016e-09,5.551191160459323401e-09,5.012131278235429009e-09,4.436594315739374326e-09,3.838080212787054328e-09,3.230666288550916659e-09,2.628251150734163586e-09,2.043503740587519442e-09,1.486424730791196705e-09,9.624710833412609847e-10,4.705400675732269406e-10,4.110969040165248363e-11,4.656692272776968545e-11,4.154416505190493056e-11,1.784201723766403537e-11,1.386941672162312382e-11,3.931187398475776951e-11,4.705815853656618807e-11,3.363669021071349652e-11,5.096200735626830172e-12,2.572426264084965335e-11,4.496375856187923672e-11,4.397655966241379266e-11,2.321167608789828107e-11,7.991676748074357334e-12,3.559965824768037230e-11,4.719824622934336444e-11,3.756861483276268631e-11,1.103862982071473236e-11,2.047375304353911016e-11,4.278332529027860199e-11,4.585572068569788446e-11,2.829670242831105916e-11,2.070076599928945727e-12,3.144241828023856495e-11,4.673945821646406944e-11,1.214151419014712379e-12,5.245127466007768037e-09,1.030603180571251757e-08,1.500488957119739132e-08,1.919120750257802871e-08,2.275635867378908387e-08,2.564584531371207919e-08,2.786604567838869139e-08,2.927352438556034997e-08,2.975452713311210995e-08,2.923068169753826908e-08,2.766569898280614211e-08,2.507069012116519154e-08,2.150687894489269134e-08,1.708517245094677439e-08,1.196279389720141618e-08,6.340355076925681733e-09,7.200301152654737325e-10,5.617153662787783905e-09,1.138118557283115756e-08,1.673505294561651199e-08,2.146341723441942105e-08,2.539237739811047913e-08,2.839195928684569313e-08,3.038065755811213882e-08,3.132717865632505119e-08,3.124891417422534978e-08,3.020744324190564094e-08,2.830191665702528297e-08,2.566191678307869216e-08,2.244280051343456008e-08,1.869927568115219121e-08,1.448157654966983426e-08,9.877431579029437852e-09,5.003560614909270681e-09,4.048728635807760564e-11,4.625910617034837142e-11,4.162120784699883858e-11,1.827142992097035025e-11,1.330462861208739645e-11,3.883665493738000402e-11,4.688909052522994004e-11,3.384613980704711282e-11,5.599305126560628809e-12,2.517564941101790654e-11,4.459396334550825404e-11,4.394741650707753075e-11,2.353209773327901827e-11,7.469390870484174702e-12,3.510506855372498206e-11,4.694973409469652025e-11,3.767197644230106771e-11,1.144115113324994503e-11,1.994683634356749193e-11,4.237114421871956855e-11,4.573687247652373796e-11,2.851817390243808383e-11,1.575286714286991807e-12,3.094600470608372387e-11,4.643051373173577693e-11,7.294953643533013132e-13,4.597625269929025728e-10,9.432360117210143549e-10,1.462811919367714834e-09,2.022396931651603135e-09,2.618674212740679277e-09,3.243296573181315936e-09,3.884761416967512294e-09,4.529847387527936186e-09,5.164668387270082062e-09,5.775438771323749712e-09,6.349030456374885853e-09,6.873379720492933980e-09,7.337782169097306707e-09,7.733100983445205520e-09,8.051905088968525223e-09,8.288548750349755018e-09,8.439201099409500487e-09,8.501832402544465606e-09,8.476162951836523693e-09,8.363580001702507874e-09,8.167027987193126800e-09,7.890877261397816685e-09,7.540776760427219069e-09,7.123496410601801598e-09,6.646765919234178213e-09,6.119118264719327159e-09,5.549749674459517799e-09,4.948415368893088010e-09,4.325397362476308059e-09,3.691621913964146190e-09,3.059113052558934445e-09,2.442284214264997321e-09,1.861577384419224633e-09,1.354249492937384276e-09,1.002886464832239611e-09,9.409674742099845399e-10,1.163985000464276510e-09,1.510648610006634776e-09,1.878678241135048538e-09,2.227477964711600354e-09,2.540044681578218435e-09,2.808143430606875078e-09,3.027351876479698391e-09,3.195285789142833778e-09,3.310954976841051713e-09,3.374585698847430834e-09,3.387659232225231598e-09,3.353048456332405532e-09,3.275176322629030624e-09,3.160129424241845694e-09,3.015656095748923518e-09,2.850970279583372840e-09,2.676278411307276174e-09,2.501963517260629974e-09,2.337429226101081231e-09,2.189759178579933715e-09,2.062564346970141745e-09,1.955525498456727457e-09,1.864970805095307534e-09,1.785340815062621264e-09,1.710933282878619278e-09,1.637267346897661238e-09,1.561733603651947245e-09,1.483578151239750994e-09,1.403472738600458916e-09,1.322938511768192614e-09,1.243807055299332759e-09,1.167800745797713905e-09,1.096240474403208913e-09,1.029858379647958982e-09,9.686994090577497060e-10,9.121160935017877538e-10,8.588712924146475454e-10,8.073520594213084591e-10,7.558723762888597139e-10,7.030234836408555366e-10,6.480341760255832655e-10
5.503946974797575329e-10,4.913746263468308339e-10,4.471874793268296916e-10,4.199818690417969127e-10,4.101584435220996214e-10,4.159744592228601716e-10,4.340795667959210276e-10,4.606519076230597886e-10,4.923264329741344211e-10,5.265801993535058429e-10,5.617383715324574918e-10,5.968341971905151609e-10,6.314374113992938635e-10,6.654640234545213204e-10,6.989355862958566463e-10,7.316617205608438044e-10,7.628681109153301801e-10,7.908601452324036531e-10,8.128547436906869136e-10,8.250926409309259827e-10,8.232711127350332737e-10,8.032708752987444756e-10,7.621589678913643605e-10,6.996009920268518309e-10,6.202406987851318660e-10,5.384497145546886705e-10,4.861812734995518200e-10,5.098162273641446837e-10,6.296705685505411462e-10,8.228410611593857461e-10,1.059761697397358086e-09,1.320219811844065998e-09,1.590636944200795605e-09,1.860779480786900452e-09,2.122172392149750202e-09,2.367403081301665456e-09,2.589790639141695440e-09,2.783201351378249661e-09,2.941929529559156749e-09,3.060620645226679751e-09,3.134239246994334909e-09,3.158097291976584270e-09,3.128027220070183819e-09,3.040878470557624326e-09,2.895043395178917398e-09,2.691245257127733781e-09,2.434023725343670575e-09,2.134869645951689556e-09,1.819377383750514125e-09,1.542973014059332055e-09,1.411054825613399392e-09,1.540567773244911234e-09,1.937985631093382654e-09,2.518971895188706680e-09,3.210642083625745366e-09,3.968857236522043833e-09,4.764992209933288529e-09,5.577052882742944867e-09,6.385665024784645596e-09,7.172375174572287769e-09,7.918968642891924900e-09,8.607257973137301434e-09,9.219107979885979481e-09,9.736590931315135682e-09,1.014221924671234452e-08,1.041922685665776421e-08,1.055188130287739177e-08,1.052581381497474639e-08,1.032835706375349770e-08,9.948881464957117601e-09,9.379121473354316961e-09,8.613483616131273704e-09,7.649328262380755459e-09,6.487217458552981643e-09,5.131121838240281490e-09,3.588581970711703217e-09,1.870839186456374421e-09,2.682802986524516593e-11,3.227653003854904396e-11,3.035489454782085762e-11,1.451989934665153773e-11,8.041448079431765868e-12,2.694300655560948165e-11,3.355081440862342393e-11,2.479837133266207409e-11,4.673576170603338525e-12,1.762944087822855636e-11,3.187210080891217956e-11,3.152627125694730037e-11,1.673961622558411468e-11,5.718400024621294626e-12,2.555741582847762923e-11,3.368996095546781299e-11,2.639634196795005568e-11,7.034372468127399223e-12,1.554100037981565038e-11,3.095987638941914695e-11,3.219308322346729837e-11,1.870519735212046214e-11,3.381671784439600452e-12,2.376768403820537531e-11,3.328952591418773389e-11,8.395393879680032053e-13,8.512977842281387701e-09,1.716122699597761607e-08,2.557042830430880288e-08,3.338608079665791033e-08,4.030070494733620292e-08,4.607859959519848451e-08,4.278913507882882367e-08,3.933061053222174859e-08,3.571345217120459098e-08,3.193975599958792023e-08,2.800671271407241016e-08,2.391141366517361108e-08,1.965569052672649318e-08,1.525039194141150210e-08,1.071938377540472067e-08,6.109678227258529180e-09,1.672129636364262596e-09,3.572563416371388041e-09,8.182586828526484974e-09,1.278399889195777141e-08,1.728955985098412403e-08,2.166538172506881029e-08,2.589413104941438893e-08,2.996939372371925516e-08,3.389142238478736554e-08,3.766229348182906137e-08,4.128089933478692865e-08,4.473858044574053987e-08,4.801667934599520370e-08,3.772826779929062455e-08,3.154485962017022731e-08,2.438275896488270550e-08,1.651952355441773129e-08,8.282603625040148282e-09,2.635858895282793147e-11,3.202763281775968581e-11,3.039104879430328058e-11,1.483384387400989908e-11,7.625587720129051970e-12,2.657677218071695106e-11,3.341859301177893701e-11,2.496394746603444968e-11,5.074796121609523519e-12,1.720601965549582598e-11,3.159890449209772748e-11,3.153233401473232247e-11,1.702372048907216415e-11,5.290160708928508518e-12,2.517604331843479362e-11,3.353154060613066553e-11,2.653124367351906483e-11,7.392260893026975238e-12,1.511119275331730316e-11,3.066870199032309464e-11,3.217085729664584498e-11,1.895707918561994870e-11,2.928804044414920646e-12,2.337858617888955173e-11,3.310971674665853500e-11,4.447525707255530909e-13,1.874707822827694425e-09,3.612730168007422330e-09,5.197667400033705439e-09,6.616660642584172760e-09,7.859964273187417669e-09,8.920913614957445315e-09,9.795846539727588468e-09,1.048398301517233637e-08,1.098726709014715575e-08,1.131017617246430879e-08,1.145950270845362871e-08,1.144411353312244376e-08,1.127469222896951233e-08,1.096346982520783237e-08,1.052394910756886717e-08,9.970627726630844096e-09,9.318725251035170082e-09,8.583919430898612220e-09,7.782097470035148496e-09,6.929129645478847007e-09,6.040676661988215746e-09,5.132052924673725201e-09,4.218198924147177865e-09,3.313917090376112129e-09,2.434923856244008930e-09,1.602345573045576308e-09,8.698532462454068839e-10,5.449667678757585334e-10,9.745029757191020339e-10,1.566578511617687307e-09,2.131964627300457085e-09,2.639653200016579042e-09,3.080385506758203084e-09,3.450667551071225033e-09,3.749616746420691801e-09,3.978017066147944230e-09,4.137925691638804471e-09,4.232453784735927146e-09,4.265612652561413295e-09,4.242138189849756286e-09,4.167204165009432844e-09,4.046388273312647081e-09,3.885774722203070501e-09,3.692118252130881494e-09,3.473044261826815340e-09,3.237249091779077358e-09,2.994640428614233381e-09,2.756310509544831837e-09,2.534158907247480999e-09,2.339907205994348744e-09,2.183302754935944444e-09,2.069721000908318833e-09,1.998156783873415268e-09,1.961013056590931874e-09,1.946207475278478692e-09,1.940509115415038120e-09,1.932444996890912151e-09,1.913898570362435200e-09,1.880465570772892475e-09,1.831010573550159021e-09,1.766837516151128182e-09,1.690761604911797603e-09,1.606271371538171692e-09,1.516895824799938425e-09,1.425819812870102822e-09,1.335719175517090413e-09,1.248734150112407608e-09,1.166484093959043689e-09,1.090052462563073074e-09,1.019922891537080643e-09,9.559003273025332092e-10,8.970823358201938603e-10,8.419419185056207394e-10,7.885480787548205802e-10,7.349061922881450293e-10,6.793767061961894916e-10,6.211476086608970281e-10
