7.533226526028235648e-07,7.540725489296149076e-07,7.500901015371092144e-07,7.425073748625743603e-07,7.323630616023867647e-07,7.205492943675423230e-07,7.077917181264578356e-07,6.946508948050151933e-07,6.815361311338983804e-07,6.687255765121411861e-07,6.563886053379093273e-07,6.446080440933808279e-07,6.334008263457730096e-07,6.227363032506483376e-07,6.125518462506083446e-07,6.027656666633151457e-07,5.932870107923481765e-07,5.840240809540094380e-07,5.748901490418263208e-07,5.658083230369759134e-07,5.567152807941795231e-07,5.475640420944087693e-07,5.383256076240173543e-07,5.289891645339682057e-07,5.195606129841571241e-07,5.100593983032750539e-07,5.005139554098895398e-07,4.909563662282634645e-07,4.814169932369241977e-07,4.719198338076699858e-07,4.624791567511155766e-07,4.530977000883527582e-07,4.437664121461773630e-07,4.344654799099215538e-07,4.251662516597163698e-07,4.158336323627318325e-07,4.064285894660789104e-07,3.969105190059576081e-07,3.872393520667881746e-07,3.773774025711424652e-07,3.672910535745463758e-07,3.569524452119711649e-07,3.463413099082207016e-07,3.354467998965066973e-07,3.242692553100806322e-07,3.128218263697244000e-07,3.011318777094303042e-07,2.892421282019997866e-07,2.772114706018349788e-07,2.651153960440524456e-07,2.530459157071139149e-07,2.411108232112924091e-07,2.294320768579312408e-07,2.181430079572543227e-07,2.073840015313830784e-07,1.972962920964795631e-07,1.880136396293206439e-07,1.796519817280866352e-07,1.722977456585313501e-07,1.659962788945224340e-07,1.607425567158620102e-07,1.564765324479898779e-07,1.530848648674688681e-07,1.504093364071790692e-07,1.482606187297659976e-07,1.464349046827805498e-07,1.447307565070312115e-07,1.429642074478196674e-07,1.409812125959422442e-07,1.386674932940272070e-07,1.359564081584981031e-07,1.328226893757772809e-07,1.293005231098142128e-07,1.254758899166154854e-07,1.214561507847126179e-07,1.173323037836509628e-07,1.131539738873295107e-07,1.089283744215271120e-07,1.046382587871041584e-07,1.002638774588085059e-07,9.579712059610494830e-08,9.124576439403968684e-08,8.663112779152658780e-08,8.198114048938947451e-08,7.731968448835898850e-08,7.265698817955614473e-08,6.798970373966041377e-08,6.331427187488988630e-08,5.864434298522880325e-08,5.401559778963970800e-08,4.947013179266309120e-08,4.503182523758115089e-08,4.069476402756315917e-08,3.643588012659520598e-08,3.224032464206641936e-08,2.810869416041332517e-08,2.405832981631095481e-08,2.012294551237993421e-08,1.635078761599395447e-08,1.280159779289155087e-08,9.542670411893130690e-09,6.644397161651316884e-09,4.176647679015926025e-09,2.215764494430871277e-09,9.695672272748345077e-10,1.111180548402108382e-09,1.899294477890086077e-09,2.936004616221769523e-09,4.464759991790140807e-09,5.206658325469895428e-09,5.251309219874539008e-09,5.064186635344613438e-09,5.109623155300470539e-09,5.261588254259085647e-09,4.959605644521024723e-09,3.850733124707589753e-09,2.195035077030006257e-09,1.951790654723774677e-09,3.672135567909166597e-09,5.016792105738583128e-09,5.355552735876820612e-09,4.807256964765617781e-09,4.122489658539084922e-09,4.214773479961837306e-09,4.796809011669656661e-09,4.902082769591165389e-09,4.147097687070609889e-09,3.020378766240283343e-09,3.006633110514865323e-09,4.172427062214826928e-09,4.958756453000438080e-09,4.651252392861090495e-09,3.276456172408276977e-09,2.681331202495234421e-09,3.441448364358844446e-09,5.375448990107432079e-09,8.076718980642856862e-09,1.137659473876055663e-08,1.518318764625909103e-08,1.941332347157300726e-08,2.398078163568838790e-08,2.879835217028053611e-08,3.378311043130077340e-08,3.886226133882769228e-08,4.397870851591869483e-08,4.909588528389707967e-08,5.420141777134155435e-08,5.930914964784005684e-08,6.445904366821994327e-08,6.975408232451000531e-08,7.531191975039565014e-08,8.121510461473472698e-08,8.748668675598256366e-08,9.409500805141407842e-08,1.009721584839883162e-07,1.080318452936217124e-07,1.151850201182877029e-07,1.223569561339179613e-07,1.295033322535499738e-07,1.366163904010923045e-07,1.437153106045127499e-07,1.508248516065535349e-07,1.579525536388297654e-07,1.650721939526478933e-07,1.721151403822140168e-07,1.789697322266283513e-07,1.854917209462522370e-07,1.915286665038153824e-07,1.969538674412615477e-07,2.016963100560916281e-07,2.057513787037256617e-07,2.091655698551241302e-07,2.120012461620177218e-07,2.143663462585003601e-07,2.164072111927212354e-07,2.183002146991570334e-07,2.202417755135347931e-07,2.224365927303077283e-07,2.250843839695731694e-07,2.283659684839787289e-07,2.324300768623149124e-07,2.373825668015851987e-07,2.432795854724516006e-07,2.501256022138891713e-07,2.578763194796997636e-07,2.664455810286776417e-07,2.757148324345917771e-07,2.855435720234735478e-07,2.957794836528001889e-07,3.062673813042464305e-07,3.168565400016961722e-07,3.274063303634520104e-07,3.377902843849876254e-07,3.478988163846389632e-07,3.576408422978372739e-07,3.669445178363506999e-07,3.757572768580912168e-07,3.840453107818702610e-07,3.917925954638540683e-07,3.989995462576276718e-07,4.056813650834870004e-07,4.118661341646432996e-07,4.175926651118604432e-07,4.229083388023226037e-07,4.278676621323955063e-07,4.325311697617981142e-07,4.369643341756118618e-07,4.412362574290695426e-07,4.454179918941370242e-07,4.495804497196160778e-07,4.537920058250125353e-07,4.581160576596071273e-07,4.626089411893582995e-07,4.673186692034200653e-07,4.722849084592462364e-07,4.775404205871334488e-07,4.831138736867402304e-07,4.890335552982170708e-07,4.953311949019059841e-07,5.020449589924258878e-07,5.092208007430620815e-07,5.169117315732030445e-07,5.251751294991386825e-07,5.340687217139424022e-07,5.436461752386853837e-07,5.539531741681114561e-07,5.650244682851100406e-07,5.768817943979815645e-07,5.895320102110123161e-07,6.029644159794381417e-07,6.171461443504086156e-07,6.320146447508268566e-07,6.474665989281570060e-07,6.633430199097391691e-07,6.794108079122191565e-07,6.953417318215491245e-07,7.106907972571910715e-07,7.248774069945599645e-07,7.371747684757624855e-07,7.467157536654024597e-07
7.566315882771621071e-07,7.554375879779980865e-07,7.494385640451619951e-07,7.398660506598569684e-07,7.277982084724111362e-07,7.141292297396447456e-07,6.995670409045023523e-07,6.846477678851440623e-07,6.697585045000751854e-07,6.551628116937466432e-07,6.410256250685118117e-07,6.274358345503623981e-07,6.144258383933186045e-07,6.019879971832946403e-07,5.900882293859248800e-07,5.786770774077912298e-07,5.676985002906544254e-07,5.570964946082965189e-07,5.468195059367845848e-07,5.368225670562835458e-07,5.270672437776420746e-07,5.175197644500779797e-07,5.081480492412434248e-07,4.989185899394292999e-07,4.897941367046576825e-07,4.807328914008875607e-07,4.716894634324826562e-07,4.626173621204411588e-07,4.534724328647093382e-07,4.442164875443363054e-07,4.348204421391894175e-07,4.252664943714105899e-07,4.155491568550999775e-07,4.056752200189259340e-07,3.956628991247406545e-07,3.855405032218572732e-07,3.753449613451988225e-07,3.651204777987150244e-07,3.549174915849070166e-07,3.447920075897152768e-07,3.348052639690022907e-07,3.250236094172763260e-07,3.155176463111311824e-07,3.063582349673048474e-07,2.976132415737501880e-07,2.893446658197291085e-07,2.816057259785856828e-07,2.744381012912425988e-07,2.678695672396779715e-07,2.619122694744123733e-07,2.565618554459264457e-07,2.517976145188684468e-07,2.475836733689700205e-07,2.438711706878434099e-07,2.406012176544652920e-07,2.377083619973659026e-07,2.351242296132949385e-07,2.327810222413691046e-07,2.306145945753600603e-07,2.285669043024067039e-07,2.265877075934060966e-07,2.246354477610195106e-07,2.226773489846355087e-07,2.206887782969744766e-07,2.186519790288519221e-07,2.165543104910034872e-07,2.143861541598156098e-07,2.121386667115889882e-07,2.098015737006754224e-07,2.073612018907813661e-07,2.047989403240310780e-07,2.020902983451215634e-07,1.992047127000185508e-07,1.961066107399684444e-07,1.927578285916100257e-07,1.891210295466950116e-07,1.851634259497836106e-07,1.808599945859062663e-07,1.761955299028553404e-07,1.711652470169396601e-07,1.657740952517935798e-07,1.600353094225276149e-07,1.539688780894819383e-07,1.476004972340015349e-07,1.409612567662486255e-07,1.340879046713589213e-07,1.270232029803732743e-07,1.198157551683383257e-07,1.125188004465071769e-07,1.051878024209530327e-07,9.787709047919571371e-08,9.063617719246389692e-08,8.350652416781034434e-08,7.651939633426403525e-08,6.969508722439878841e-08,6.304337293012889464e-08,5.656459928820260147e-08,5.025133184327640320e-08,4.409050471822957855e-08,3.806608100713984672e-08,3.216247705658335954e-08,2.636970479030716616e-08,2.069350517238161823e-08,1.518316037882506889e-08,1.003962618732614134e-08,6.187666348320540533e-09,6.537957493894609741e-09,1.067900334177631538e-08,1.586921436624447664e-08,1.601490007314772321e-08,1.103918314293253751e-08,3.862912434980581152e-09,8.324106129488930635e-09,1.481274165109020376e-08,1.675408377532382516e-08,1.331279762945801407e-08,5.980523264986174409e-09,5.427989572540113190e-09,1.281725406003801935e-08,1.649411247652521950e-08,1.479079980303246954e-08,8.392895964626556859e-09,3.379413914177531198e-09,1.077474654148663064e-08,1.601235882689405702e-08,1.611088356497267011e-08,1.101285253819012656e-08,3.313884238047672192e-09,7.928530136435208408e-09,1.452096355116065079e-08,1.646055483523640979e-08,1.298644187400878064e-08,5.534256618626074212e-09,4.454688743167460082e-09,1.169221818747730260e-08,1.955163337321478094e-08,2.754695594267677164e-08,3.564447678196514442e-08,4.385955916496881050e-08,5.222044893850273585e-08,6.075931508786406382e-08,6.950798751498760984e-08,7.849491668650611071e-08,8.774260980778778466e-08,9.726539277289629291e-08,1.070675150541364470e-07,1.171416686328185972e-07,1.274680054226858836e-07,1.380137309815269637e-07,1.487333329981333539e-07,1.595704665904364805e-07,1.704612646842931539e-07,1.813384059611607031e-07,1.921350422783322601e-07,2.027877621100463478e-07,2.132381291607737204e-07,2.234328526488924116e-07,2.333231224346276633e-07,2.428638998514098322e-07,2.520139005319616822e-07,2.607366615422942645e-07,2.690025791323123415e-07,2.767913219643907979e-07,2.840937493132029711e-07,2.909125057138758046e-07,2.972608191963996858e-07,3.031595767482427204e-07,3.086332894131590055e-07,3.137058926076178626e-07,3.183973349501774821e-07,3.227215939427177881e-07,3.266862399283468773e-07,3.302931413725271948e-07,3.335395548340802561e-07,3.364197207390970022e-07,3.389268194712714301e-07,3.410551342386355869e-07,3.428022683765365795e-07,3.441712732836097682e-07,3.451725565933148363e-07,3.458254560754092269e-07,3.461593813556700365e-07,3.462144419902648859e-07,3.460414969722019381e-07,3.457015786749013324e-07,3.452646656749679357e-07,3.448078063396245941e-07,3.444126306609786229e-07,3.441623323844489003e-07,3.441382553946430059e-07,3.444162726490144707e-07,3.450631942533205949e-07,3.461334726822083674e-07,3.476664768503883796e-07,3.496845754723806043e-07,3.521922035113219504e-07,3.551759915638672892e-07,3.586059320363998314e-07,3.624374564794356214e-07,3.666142220276775305e-07,3.710713617212309395e-07,3.757389454239245709e-07,3.805461351499042498e-07,3.854268046061820185e-07,3.903219911233101960e-07,3.951815336065800644e-07,3.999659348732755848e-07,4.046485644589394900e-07,4.092181908211359270e-07,4.136816787233624127e-07,4.180665217186209163e-07,4.224227254005673651e-07,4.268234524202174209e-07,4.313638342162130517e-07,4.361574960049480804e-07,4.413306586257802651e-07,4.470141522431677576e-07,4.533342108682168398e-07,4.604033542330832016e-07,4.683128237354744325e-07,4.771278004375236441e-07,4.868860140213895217e-07,4.975995350826249037e-07,5.092588105937297758e-07,5.218376018111260022e-07,5.352975076344134285e-07,5.495911040999655788e-07,5.646631782967647850e-07,5.804498623509833635e-07,5.968755711292408789e-07,6.138475495394050437e-07,6.312476735875869877e-07,6.489210781429058496e-07,6.666613258878157879e-07,6.841922654693898175e-07,7.011475092065823545e-07,7.170496462066927332e-07,7.312929399887545820e-07,7.431353300726891609e-07,7.517079232782331531e-07
7.650278513833602317e-07,7.617865209876086229e-07,7.536038514094315515e-07,7.418373396482940962e-07,7.276317515709130281e-07,7.119062207947854401e-07,6.953676482276010388e-07,6.785379422661602370e-07,6.617863501201540521e-07,6.453614864902025772e-07,6.294201467842952096e-07,6.140516337294260924e-07,5.992973167753303685e-07,5.851656755899449210e-07,5.716433160930656941e-07,5.587025291132022565e-07,5.463060028622561699e-07,5.344093747692211502e-07,5.229624242200226024e-07,5.119098024382941337e-07,5.011921669036452667e-07,4.907483581181028591e-07,4.805188347299038777e-07,4.704500788315153556e-07,4.604992629108950465e-07,4.506382764972498019e-07,4.408562978558799475e-07,4.311604124788279532e-07,4.215742031581947671e-07,4.121346313512135716e-07,4.028877984830015686e-07,3.938842794738707176e-07,3.851746730191326856e-07,3.768058605641401566e-07,3.688182650000615118e-07,3.612442004000062929e-07,3.541072396577164008e-07,3.474224146770251682e-07,3.411970065472820723e-07,3.354316740660639815e-07,3.301216962123331128e-07,3.252581546576027795e-07,3.208280007633504787e-07,3.168111769791161618e-07,3.131807274918763133e-07,3.099040987938836200e-07,3.069446055897131753e-07,3.042629553796148867e-07,3.018187277737740999e-07,2.995717171490481094e-07,2.974830670575725077e-07,2.955161486992837643e-07,2.936371607471494942e-07,2.918154513806908494e-07,2.900235837941196192e-07,2.882371826718271870e-07,2.864346107098167316e-07,2.845965311403255760e-07,2.827054145577137652e-07,2.807450464584499107e-07,2.787000862179613454e-07,2.765557192708423498e-07,2.742974327150337314e-07,2.719109312468412230e-07,2.693821961961307099e-07,2.666976764801037930e-07,2.638445875264021000e-07,2.608112835288680091e-07,2.575876605173638076e-07,2.541655431577917404e-07,2.505390072406046485e-07,2.467045925611225215e-07,2.426613672859404950e-07,2.384108179048131685e-07,2.339565638811134087e-07,2.293039254480723218e-07,2.244593970716045614e-07,2.194300898821621089e-07,2.142232003591055037e-07,2.088455421513705274e-07,2.033031507585524338e-07,1.976009470333338865e-07,1.917424341023402512e-07,1.857294078005946595e-07,1.795616811799193910e-07,1.732368513204147698e-07,1.667501606113662053e-07,1.600945147331718560e-07,1.532607101931588411e-07,1.462378965853210306e-07,1.390142602851364827e-07,1.315778783038780953e-07,1.239176645184606187e-07,1.160243225263720920e-07,1.078912310662558177e-07,9.951521493638779963e-08,9.089718973417769919e-08,8.204269671250407551e-08,7.296239294950226275e-08,6.367266181674644209e-08,5.419675110009104669e-08,4.456754740281691107e-08,3.483555013815458479e-08,2.509656550699585535e-08,1.562355396069143919e-08,7.931939048493880210e-09,9.511417609978991808e-09,1.811941811062123821e-08,2.784476775003315350e-08,2.841859596595277432e-08,1.959223565986252823e-08,5.446090946123703903e-09,1.362412157922350685e-08,2.567655412700435073e-08,2.937128856809028838e-08,2.328416133678195447e-08,9.734846381620706707e-09,8.743265767417380121e-09,2.260956551798489582e-08,2.932004403740678280e-08,2.623429932832653833e-08,1.444682118503254187e-08,4.114148430637373413e-09,1.878227666330921897e-08,2.829307144195315829e-08,2.834984601221849952e-08,1.890032646943465763e-08,3.924966282084520699e-09,1.429225300632299618e-08,2.628282890622405886e-08,2.950673042706517845e-08,2.278708350629435409e-08,8.528781798342329789e-09,6.954857419637420883e-09,2.118481128597888348e-08,3.569134505663372720e-08,5.020449722321524453e-08,6.467194208101179251e-08,7.905966846799899905e-08,9.333775150305104934e-08,1.074780220993065315e-07,1.214538281630729882e-07,1.352403330281041319e-07,1.488149497882692422e-07,1.621577602390937021e-07,1.752518412561610990e-07,1.880834520920353468e-07,2.006420544894147518e-07,2.129201522051137652e-07,2.249129498686301142e-07,2.366178435131707499e-07,2.480337887427268828e-07,2.591606184906151061e-07,2.699983916163088443e-07,2.805468423100699497e-07,2.908049714476495703e-07,3.007707837688581001e-07,3.104411411804095232e-07,3.198116835075528029e-07,3.288767693921405170e-07,3.376294102411708904e-07,3.460612008879617135e-07,3.541622798645387341e-07,3.619213684069068857e-07,3.693259337834704332e-07,3.763624996884203922e-07,3.830170916930235444e-07,3.892757707592463043e-07,3.951251842554627730e-07,4.005530592631543985e-07,4.055485779594499968e-07,4.101026034064048915e-07,4.142077556677754278e-07,4.178583618689480664e-07,4.210503122858525450e-07,4.237808603304831358e-07,4.260484069206957183e-07,4.278523092875873472e-07,4.291927510262550772e-07,4.300707045019542112e-07,4.304880090608723034e-07,4.304475794239937757e-07,4.299537487707166011e-07,4.290127409515745358e-07,4.276332565612597843e-07,4.258271487130235731e-07,4.236101566147199765e-07,4.210026586461017286e-07,4.180304016375083004e-07,4.147251594179274564e-07,4.111252713648358847e-07,4.072760106185791717e-07,4.032297319186481753e-07,3.990457509946095968e-07,3.947899117066039355e-07,3.905338045993648267e-07,3.863536123831601599e-07,3.823285753202741444e-07,3.785390935146685930e-07,3.750645137893496701e-07,3.719806848616072800e-07,3.693574025884613359e-07,3.672570797690312313e-07,3.657376275829500568e-07,3.648525351309396722e-07,3.646495115862786711e-07,3.651688678836293760e-07,3.664418946313627741e-07,3.684895912797625796e-07,3.713221506714639114e-07,3.749395741482513436e-07,3.793336653675917615e-07,3.844914239908606215e-07,3.903995569041596873e-07,3.970494961660943167e-07,4.044420355945788113e-07,4.125905613474167978e-07,4.215219381752969832e-07,4.312744663287821092e-07,4.418929155979871896e-07,4.534213480882556575e-07,4.658950522029423251e-07,4.793331991158885617e-07,4.937336527117708126e-07,5.090707358401386924e-07,5.252958824203386869e-07,5.423402846114344345e-07,5.601181287468431914e-07,5.785288967896971267e-07,5.974574121390886200e-07,6.167706573639581304e-07,6.363107378208030218e-07,6.558836648459797386e-07,6.752439588981283183e-07,6.940755760758130202e-07,7.119705043953962145e-07,7.284076800013736730e-07,7.427366623480113284e-07,7.541726390551374776e-07,7.618114048588101210e-07
7.779687311396275315e-07,7.725391179489751964e-07,7.620045639606247269e-07,7.478734210265630669e-07,7.313812384005339479e-07,7.134913748389213095e-07,6.949227173922264818e-07,6.761895932330404967e-07,6.576440691157980278e-07,6.395150765514877239e-07,6.219417229584433717e-07,6.049999576628865888e-07,5.887227991375801561e-07,5.731148932134928439e-07,5.581624696964526439e-07,5.438399142946428827e-07,5.301142090473220319e-07,5.169483939410174738e-07,5.043049283483396181e-07,4.921493892467232574e-07,4.804544180846597020e-07,4.692033691995708468e-07,4.583928736135033794e-07,4.480335964488519079e-07,4.381488055528171073e-07,4.287708563622453152e-07,4.199361660519742616e-07,4.116795571755994315e-07,4.040289265287723021e-07,3.970010481767011954e-07,3.905990204212472283e-07,3.848115118051672764e-07,3.796136417066582749e-07,3.749691081336019464e-07,3.708330724011892865e-07,3.671553169135413019e-07,3.638832761171632635e-07,3.609646627453152436e-07,3.583495374815332979e-07,3.559917771391906353e-07,3.538499736772885671e-07,3.518878429404761563e-07,3.500735355695674755e-07,3.483768538417213818e-07,3.467689098019072014e-07,3.452224159031889445e-07,3.437118503042424153e-07,3.422135138172272640e-07,3.407055005134786450e-07,3.391676067378993531e-07,3.375812038713947851e-07,3.359290988468422869e-07,3.341954034826090011e-07,3.323654295180566198e-07,3.304256212196725142e-07,3.283635319878117363e-07,3.261678459368033317e-07,3.238284403194411261e-07,3.213364802446376541e-07,3.186845336511424677e-07,3.158666921284372997e-07,3.128786820111234119e-07,3.097179502243215602e-07,3.063837105566858084e-07,3.028769382503942481e-07,2.992003038369508396e-07,2.953580407879995184e-07,2.913557455401375645e-07,2.872001125270156017e-07,2.828986107440062775e-07,2.784591118235750294e-07,2.738894823796816184e-07,2.691971552924959928e-07,2.643886955125242621e-07,2.594693759009359958e-07,2.544427778903378334e-07,2.493104307705458441e-07,2.440715025385829185e-07,2.387225546444756684e-07,2.332573724713867606e-07,2.276668826291463925e-07,2.219391666442395811e-07,2.160595780333846074e-07,2.100109659653778156e-07,2.037740040164150718e-07,1.973276174890721308e-07,1.906494981309030743e-07,1.837166915287146775e-07,1.765062403755008521e-07,1.689958662288005963e-07,1.611646729432470778e-07,1.529938560642161424e-07,1.444674034886374770e-07,1.355727732235193848e-07,1.263015341003263066e-07,1.166499553580070228e-07,1.066195322399541447e-07,9.621743924228351576e-08,8.545691425645056830e-08,7.435760584353788385e-08,6.294599385107341458e-08,5.125623437142028230e-08,3.933268690558512351e-08,2.723994761346551858e-08,1.512392948009278947e-08,4.426442076462628316e-09,1.105010450700231044e-08,2.320579711951996293e-08,3.557504179440375524e-08,3.590786698837347385e-08,2.406939782263742179e-08,4.513179109139193138e-09,1.764066624430319315e-08,3.304584772950613762e-08,3.729398473081933652e-08,2.889084853413348897e-08,1.078587482966591572e-08,1.150045365851944110e-08,2.940415521344389481e-08,3.744040573744206742e-08,3.277366711347345294e-08,1.701623492044559731e-08,5.138447521260863435e-09,2.477603979176704068e-08,3.634061022042797874e-08,3.557992457280247757e-08,2.275119514155884176e-08,2.895776398817856534e-09,1.932152129451818525e-08,3.402858826839470526e-08,3.720781834891153840e-08,2.775631739877688024e-08,9.004224741501667588e-09,1.044011069271227251e-08,2.921335560871086942e-08,4.800276545490051767e-08,6.665226212934950572e-08,8.509380245522684996e-08,1.032715931132828407e-07,1.211363610090913034e-07,1.386446007400259118e-07,1.557585911067854807e-07,1.724464974816329765e-07,1.886823990590574530e-07,2.044461992884346076e-07,2.197234144832578210e-07,2.345048498171287693e-07,2.487861782686423745e-07,2.625674408652636697e-07,2.758524873150669747e-07,2.886483754806748545e-07,3.009647465545790202e-07,3.128131910357813597e-07,3.242066193044700497e-07,3.351586500180885123e-07,3.456830295672884962e-07,3.557930959491346583e-07,3.655013000025322990e-07,3.748187954707458532e-07,3.837551065866369916e-07,3.923178780185664199e-07,4.005127076499012790e-07,4.083430585774608383e-07,4.158102436409090648e-07,4.229134741872525897e-07,4.296499646555885335e-07,4.360150855358675269e-07,4.420025586321363761e-07,4.476046896245313949e-07,4.528126331562364034e-07,4.576166849191172305e-07,4.620065937171494661e-07,4.659718847730648832e-07,4.695021842020782881e-07,4.725875340365526745e-07,4.752186875535997087e-07,4.773873759097713233e-07,4.790865391251102363e-07,4.803105171254114999e-07,4.810551996462223425e-07,4.813181370987437027e-07,4.810986177607953575e-07,4.803977196554087609e-07,4.792183480042201979e-07,4.775652710114151509e-07,4.754451678040921656e-07,4.728667025291415080e-07,4.698406378356770528e-07,4.663799992538075671e-07,4.625002993559487530e-07,4.582198271307727193e-07,4.535600038084034312e-07,4.485458015508510338e-07,4.432062160564793043e-07,4.375747782912225147e-07,4.316900842929041089e-07,4.255963153162437471e-07,4.193437135160332409e-07,4.129889709817616010e-07,4.065954824591374090e-07,4.002334050099305560e-07,3.939794620791007462e-07,3.879174242035561205e-07,3.821421844817623111e-07,3.767619866941621329e-07,3.718990387173170968e-07,3.676888610227118946e-07,3.642779457132438156e-07,3.618193935943492168e-07,3.604664227068498304e-07,3.603640176038957319e-07,3.616394762734074713e-07,3.643930979618135949e-07,3.686905651097802207e-07,3.745585302408932071e-07,3.819844397005037569e-07,3.909207880702700739e-07,4.012930315633010492e-07,4.130095903261307254e-07,4.259719747809652866e-07,4.400831764938182898e-07,4.552530126942461740e-07,4.713999309357624113e-07,4.884496284032740639e-07,5.063314775978921481e-07,5.249739976335360318e-07,5.443004120332663016e-07,5.642247817326773960e-07,5.846485016148009177e-07,6.054563338394349118e-07,6.265107921398787339e-07,6.476436530376333670e-07,6.686436369592575516e-07,6.892398460220390762e-07,7.090813844714415301e-07,7.277148006152044145e-07,7.445626638885453073e-07,7.589087196137272737e-07,7.698973935846570784e-07,7.765572867688419216e-07
7.949126609978640809e-07,7.871341008292045761e-07,7.740745927598000716e-07,7.574196614915697508e-07,7.385191728803450448e-07,7.183985775288585736e-07,6.978005788365982364e-07,6.772382832577662210e-07,6.570482897817342885e-07,6.374377803112402078e-07,6.185232754576468498e-07,6.003608086001682951e-07,5.829683772966314945e-07,5.663420444965808250e-07,5.504672124609425481e-07,5.353264918345196697e-07,5.209052915802179807e-07,5.071958206712203202e-07,4.941997198314335696e-07,4.819291688413672772e-07,4.704061688436554672e-07,4.596598329650862062e-07,4.497218763055754030e-07,4.406209295267157047e-07,4.323766309041451651e-07,4.249945470331496132e-07,4.184627950878227886e-07,4.127508532795938339e-07,4.078105797114205168e-07,4.035790509050335412e-07,3.999825765625012258e-07,3.969411777260968529e-07,3.943729024605639434e-07,3.921975331872486792e-07,3.903394451404234365e-07,3.887295552686633805e-07,3.873064292196151640e-07,3.860166865964758442e-07,3.848148709306615690e-07,3.836629456601123351e-07,3.825295553072998990e-07,3.813891631874027941e-07,3.802206805323643145e-07,3.790050045346929751e-07,3.777244686110788751e-07,3.763628232249110039e-07,3.749052206336945556e-07,3.733382091419757399e-07,3.716497396244385937e-07,3.698291843602290585e-07,3.678673657661810005e-07,3.657565905754087303e-07,3.634906834808123468e-07,3.610650133114595254e-07,3.584765044547014625e-07,3.557236264628581194e-07,3.528063555434352758e-07,3.497261028536762172e-07,3.464856061123314150e-07,3.430887828996840513e-07,3.395405460301190659e-07,3.358465834372571206e-07,3.320131070001193928e-07,3.280465765569715931e-07,3.239534069087331097e-07,3.197396668270560284e-07,3.154107798911362689e-07,3.109712373395084062e-07,3.064243330183059256e-07,3.017719299395710232e-07,2.970142669604163018e-07,2.921498127075954805e-07,2.871751721736724765e-07,2.820850494865962283e-07,2.768722682982439920e-07,2.715278491467714101e-07,2.660411411218587408e-07,2.604000033029722900e-07,2.545910298510795735e-07,2.485998114111556609e-07,2.424112247073148142e-07,2.360097419348391294e-07,2.293797517794460741e-07,2.225058845759200381e-07,2.153733351541885075e-07,2.079681781664802597e-07,2.002776719767611380e-07,1.922905483578696064e-07,1.839972861446583596e-07,1.753903675414656184e-07,1.664645159439788753e-07,1.572169139287651412e-07,1.476473995540727753e-07,1.377586384011532620e-07,1.275562679847929530e-07,1.170490104075605447e-07,1.062487485759703337e-07,9.517056113459795051e-08,8.383271182653392029e-08,7.225659094789685449e-08,6.046661192793457265e-08,4.849008218570260249e-08,3.635712895115293740e-08,2.410109818663199707e-08,1.176336057979284120e-08,1.063396437745793173e-09,1.312935486567063670e-08,2.552950117897299020e-08,3.788449387574622459e-08,3.737172813049437699e-08,2.415812095057106730e-08,2.737323024696084275e-09,1.964075689412023865e-08,3.534009883207763654e-08,3.903491450005699540e-08,2.946452563469586956e-08,9.877354067999872886e-09,1.307218108510652309e-08,3.158473587810813713e-08,3.936723796526562811e-08,3.377249155146675000e-08,1.670020609680099661e-08,6.055328840182496948e-09,2.674842459015586784e-08,3.835642169994272592e-08,3.693156735928452301e-08,2.295882961033297404e-08,1.262884662175190083e-09,2.099969703985134719e-08,3.603721441412279461e-08,3.883170099966195499e-08,2.843534285208703669e-08,8.398678230396496587e-09,1.173490038152582451e-08,3.176250488224135929e-08,5.171709384334750592e-08,7.153971023998026047e-08,9.118146110677316737e-08,1.105964092833062177e-07,1.297412958375821324e-07,1.485757240700175941e-07,1.670623681125210236e-07,1.851671341385016554e-07,2.028592593642781823e-07,2.201113486686007683e-07,2.368993540852813116e-07,2.532025049244537124e-07,2.690031973997175378e-07,2.842868528761994438e-07,2.990417534378358991e-07,3.132588625612169144e-07,3.269316374193562041e-07,3.400558378534674087e-07,3.526293354747537860e-07,3.646519248240025622e-07,3.761251371560964282e-07,3.870520563501279064e-07,3.974371357679705484e-07,4.072860146465155617e-07,4.166053328083221954e-07,4.254025430520541956e-07,4.336857214297340166e-07,4.414633765960563980e-07,4.487442603858950039e-07,4.555371826208043270e-07,4.618508337827880663e-07,4.676936195867235495e-07,4.730735116324550084e-07,4.779979182484254296e-07,4.824735793824922504e-07,4.865064889773827936e-07,4.901018477007404090e-07,4.932640481860986751e-07,4.959966940846474628e-07,4.983026532429393697e-07,5.001841442423531400e-07,5.016428544149043858e-07,5.026800863544323007e-07,5.032969289484186489e-07,5.034944481412795956e-07,5.032738920763433600e-07,5.026369050091304882e-07,5.015857444782892769e-07,5.001234966786290168e-07,4.982542857935164900e-07,4.959834741757189707e-07,4.933178516559287216e-07,4.902658138237252086e-07,4.868375307651946594e-07,4.830451093392482563e-07,4.789027535058523255e-07,4.744269283540486222e-07,4.696365341852095133e-07,4.645530971595018348e-07,4.592009824882794989e-07,4.536076348361763045e-07,4.478038483763145125e-07,4.418240657225769112e-07,4.357067006612126812e-07,4.294944741616478668e-07,4.232347465496207497e-07,4.169798210419532819e-07,4.107880773140793406e-07,4.047285611723387723e-07,3.988842897838702593e-07,3.933546602644896658e-07,3.882573501620261063e-07,3.837292932216632667e-07,3.799262139470131316e-07,3.770201507200114484e-07,3.751944479743931899e-07,3.746359194481243601e-07,3.755243221200244875e-07,3.780199130982040948e-07,3.822505612570051968e-07,3.883004178859997783e-07,3.962022528711304298e-07,4.059350786331919954e-07,4.174276794906012689e-07,4.305674305963734699e-07,4.452127149701478618e-07,4.612066355398364986e-07,4.783896870685196851e-07,4.966095252452278657e-07,5.157267500649555051e-07,5.356164656984727015e-07,5.561660610264719914e-07,5.772700080548101350e-07,5.988224389843369492e-07,6.207079030566178203e-07,6.427901950871334521e-07,6.648987119162014071e-07,6.868116381841672038e-07,7.082355448567523625e-07,7.287818121006766423e-07,7.479417423887809018e-07,7.650643406219903917e-07,7.793433859198296450e-07,7.898231445752416050e-07,7.954338515355033511e-07
8.152992476939562759e-07,8.050023323881200363e-07,7.892379292367413115e-07,7.698974335998913228e-07,7.484683144565663789e-07,7.260547451481937877e-07,7.034340033550693378e-07,6.811241882163834589e-07,6.594494178739265561e-07,6.385960564870815327e-07,6.186579539224153276e-07,5.996710514584367534e-07,5.816387911876876457e-07,5.645500922965637834e-07,5.483915453193429043e-07,5.331551282743165960e-07,5.188423228796348333e-07,5.054651486435181023e-07,4.930444558494611662e-07,4.816058774684160046e-07,4.711740885648410184e-07,4.617663240928424255e-07,4.533862931804756275e-07,4.460195755337276492e-07,4.396312708460829215e-07,4.341661816352799444e-07,4.295512950715558785e-07,4.256999368563429905e-07,4.225167850008585061e-07,4.199029566455198624e-07,4.177605567304174830e-07,4.159963182351364557e-07,4.145241951814394395e-07,4.132669464060731338e-07,4.121568559301988568e-07,4.111357820001516318e-07,4.101547290910665292e-07,4.091731139943814953e-07,4.081578634614863670e-07,4.070824465273179213e-07,4.059259148189629475e-07,4.046720008458686861e-07,4.033079980597825465e-07,4.018230546529660473e-07,4.002078289112565379e-07,3.984544993903937127e-07,3.965567637743830464e-07,3.945098228559344096e-07,3.923103461445074023e-07,3.899564159918432331e-07,3.874474477903825850e-07,3.847840846968285153e-07,3.819680664029995331e-07,3.790020726555625171e-07,3.758895434497159930e-07,3.726344790244289238e-07,3.692412239064018363e-07,3.657142402294769869e-07,3.620578763457245694e-07,3.582761373025526171e-07,3.543724640561022288e-07,3.503495283060026618e-07,3.462090495646236054e-07,3.419516405234952480e-07,3.375766859728337261e-07,3.330822595024990179e-07,3.284650810111434326e-07,3.237205167304441117e-07,3.188426220941979487e-07,3.138242264101250060e-07,3.086570569851893417e-07,3.033318991662876125e-07,2.978387877307703358e-07,2.921672242270353663e-07,2.863064142430496878e-07,2.802455181759197224e-07,2.739739088827273913e-07,2.674814295963882278e-07,2.607586456683447513e-07,2.537970840273440431e-07,2.465894546956290549e-07,2.391298492592842821e-07,2.314139118325657617e-07,2.234389787776037141e-07,2.152041842375295368e-07,2.067105294133260743e-07,1.979609144641400818e-07,1.889601329374733500e-07,1.797148297366257826e-07,1.702334248030567594e-07,1.605260059294098486e-07,1.506041954390587961e-07,1.404809969254264929e-07,1.301706299860010758e-07,1.196883632581638891e-07,1.090503598562425172e-07,9.827355635172295478e-08,8.737561118458804643e-08,7.637499250776277232e-08,6.529136261912093357e-08,5.414666644610043777e-08,4.296816922689287159e-08,3.179816155861479389e-08,2.073504055021537689e-08,1.023719667048184886e-08,6.032878793052798293e-09,1.496950136091670297e-08,2.580563364869665066e-08,3.686093516793540319e-08,3.551204320463847269e-08,2.222559410665348478e-08,2.915434986397242791e-09,2.015124647245404890e-08,3.453539723606129492e-08,3.731114091449223342e-08,2.750969718172119337e-08,8.630268584202487897e-09,1.381846206094515057e-08,3.099966106227872027e-08,3.780056407775652817e-08,3.184376117985381148e-08,1.519201349914838181e-08,7.092832340897488361e-09,2.637898612906894788e-08,3.696179850099343795e-08,3.506437889916694858e-08,2.133549923890004347e-08,1.858503573890010725e-09,2.083773700941727252e-08,3.482411920613730258e-08,3.705372050206431264e-08,2.675835252579371693e-08,7.521755368118198579e-09,1.217977270173109468e-08,3.147253037720105193e-08,5.077262085630847292e-08,7.000470662333334858e-08,8.913319051181856897e-08,1.081266144582500278e-07,1.269542936232383099e-07,1.455856380687464393e-07,1.639900087678397116e-07,1.821367438363023426e-07,1.999952634000160074e-07,2.175352219511372435e-07,2.347266935290633495e-07,2.515403800344455906e-07,2.679478345196193412e-07,2.839216918026072970e-07,2.994358990401288605e-07,3.144659392635245714e-07,3.289890414297829807e-07,3.429843712823428076e-07,3.564331982255286398e-07,3.693190344427679616e-07,3.816277435721956129e-07,3.933476173320228299e-07,4.044694195053135237e-07,4.149863976034524687e-07,4.248942632981391273e-07,4.341911433282901338e-07,4.428775030520864389e-07,4.509560451406788940e-07,4.584315861236603969e-07,4.653109136273064122e-07,4.716026272251443895e-07,4.773169658735612687e-07,4.824656249537526000e-07,4.870615659988853953e-07,4.911188222578314638e-07,4.946523033331339175e-07,4.976776022237098487e-07,5.002108081895224804e-07,5.022683289191764706e-07,5.038667255019978379e-07,5.050225636618999586e-07,5.057522845798470044e-07,5.060720983962806769e-07,5.059979031309903841e-07,5.055452312795874002e-07,5.047292257463715932e-07,5.035646460668412850e-07,5.020659050839459581e-07,5.002471354046495354e-07,4.981222841194423292e-07,4.957052334637252358e-07,4.930099443840312395e-07,4.900506193880750199e-07,4.868418806421928794e-07,4.833989590577691655e-07,4.797378900894886624e-07,4.758757121447945714e-07,4.718306638486738949e-07,4.676223768742886584e-07,4.632720615730671851e-07,4.588026831366328173e-07,4.542391264041220950e-07,4.496083475918559072e-07,4.449395110680856585e-07,4.402641087332102204e-07,4.356160585261234242e-07,4.310317770263225048e-07,4.265511621887576902e-07,4.222219986046258025e-07,4.181025652067549774e-07,4.142633457200783415e-07,4.107884991843111358e-07,4.077768958277031017e-07,4.053424664054790664e-07,4.036135616032716874e-07,4.027309913267118858e-07,4.028444389561926024e-07,4.041070542753756959e-07,4.066682453872009032e-07,4.106650151671618262e-07,4.162125801447471653e-07,4.233953778097123099e-07,4.322597869430774825e-07,4.428098383262306374e-07,4.550068272400233825e-07,4.687731018161519332e-07,4.839995343133409360e-07,5.005554747319751384e-07,5.182995101318000189e-07,5.370892123903123064e-07,5.567882615669954802e-07,5.772697969945711393e-07,5.984154182590118586e-07,6.201097533809922593e-07,6.422307908089636417e-07,6.646361939994149770e-07,6.871456714212285602e-07,7.095193657176813707e-07,7.314324248654492277e-07,7.524467032433832665e-07,7.719821364374707863e-07,7.892928314762653923e-07,8.034561220573421030e-07,8.133860382748467138e-07,8.178843237709071586e-07
8.385570961517608948e-07,8.255716547371366342e-07,8.069175124498179613e-07,7.847224556939990945e-07,7.606338883434506555e-07,7.358492984088136850e-07,7.111891416566706156e-07,6.871809168654647851e-07,6.641379075549571350e-07,6.422255461402634586e-07,6.215136938282559348e-07,6.020157631167570558e-07,5.837166435692266153e-07,5.665915503291358847e-07,5.506176547067864760e-07,5.357799717116437284e-07,5.220726639426344731e-07,5.094967797934472262e-07,4.980554837625022624e-07,4.877479708673755600e-07,4.785633440756084628e-07,4.704756455759549215e-07,4.634409209052193741e-07,4.573967145568003348e-07,4.522638768972640451e-07,4.479501464430574025e-07,4.443547503455164427e-07,4.413732532441465357e-07,4.389020290793602052e-07,4.368419511678608827e-07,4.351011185229463402e-07,4.335966138008708300e-07,4.322554030440563354e-07,4.310145439008183302e-07,4.298208820638660096e-07,4.286304018921703465e-07,4.274073702319442784e-07,4.261233816535267245e-07,4.247563840820096888e-07,4.232897387025685430e-07,4.217113478744443081e-07,4.200128694041814560e-07,4.181887989164024527e-07,4.162351399280862406e-07,4.141490645832683488e-07,4.119288193237002723e-07,4.095736104557057374e-07,4.070834708782014343e-07,4.044591100556604516e-07,4.017017501111698971e-07,3.988129516374157120e-07,3.957944334398428346e-07,3.926478909039155320e-07,3.893748179911375530e-07,3.859763379975175813e-07,3.824530481429433005e-07,3.788048827988695471e-07,3.750309997122984484e-07,3.711296929627226227e-07,3.670983356201579718e-07,3.629333541882922198e-07,3.586302359540281190e-07,3.541835693633590177e-07,3.495871165443750152e-07,3.448339161404541718e-07,3.399164137356693969e-07,3.348266163798021565e-07,3.295562670748122318e-07,3.240970345832827011e-07,3.184407135697457836e-07,3.125794298884208866e-07,3.065058457803286514e-07,3.002133598289732204e-07,2.936962967336954390e-07,2.869500822786389971e-07,2.799713992878608426e-07,2.727583208488943112e-07,2.653104176446800736e-07,2.576288368454457904e-07,2.497163506676785745e-07,2.415773733980990494e-07,2.332179463990421517e-07,2.246456913514400077e-07,2.158697327472227875e-07,2.069005914102080835e-07,1.977500516013548859e-07,1.884310050523397208e-07,1.789572760795627321e-07,1.693434327807262438e-07,1.596045902538637951e-07,1.497562128946556103e-07,1.398139242973553095e-07,1.297933354481699504e-07,1.197099054310638324e-07,1.095788551389664834e-07,9.941516642195351302e-08,8.923372326539455132e-08,7.904970366038722999e-08,6.887945136561224163e-08,5.874236107652678985e-08,4.866516722084192035e-08,3.869280235769862966e-08,2.892082950597084272e-08,1.961884436447794807e-08,1.187268650586815905e-08,1.013323532052020302e-08,1.636857672789959265e-08,2.518739145131952416e-08,3.463624278501163079e-08,3.263079501601936536e-08,1.992147998060501113e-08,4.760180124062106261e-09,2.009904405488220708e-08,3.265968889300690696e-08,3.448186452052166492e-08,2.488861605784321366e-08,7.949020366692626797e-09,1.442081636950381116e-08,2.954146008938618654e-08,3.511276190901521653e-08,2.902094961025198660e-08,1.358166748220411605e-08,8.573208243089477844e-09,2.540169897067778873e-08,3.450000019319500476e-08,3.214065001063114759e-08,1.919048042867874166e-08,4.344586171885069639e-09,2.040539020519251881e-08,3.266711641474622290e-08,3.412409249315396183e-08,2.424226531405007612e-08,7.140337507517994576e-09,1.333189802703962146e-08,3.108339073633710953e-08,4.910915561327968645e-08,6.713345808428412270e-08,8.509650500480457135e-08,1.029656843135876002e-07,1.207148023163733727e-07,1.383194082913134046e-07,1.557553197376692410e-07,1.729980671434105427e-07,1.900226809310829786e-07,2.068036373957735078e-07,2.233148947926916784e-07,2.395299893648890233e-07,2.554221755654813615e-07,2.709646004964971463e-07,2.861305049571225709e-07,3.008934444815814712e-07,3.152275241825986140e-07,3.291076414651667043e-07,3.425097309023851088e-07,3.554110058437691410e-07,3.677901916846848864e-07,3.796277461679485759e-07,3.909060626068388149e-07,4.016096524975412397e-07,4.117253046094695408e-07,4.212422182836451597e-07,4.301521093120811344e-07,4.384492873959174069e-07,4.461307047701662405e-07,4.531959761247172067e-07,4.596473704347594648e-07,4.654897757331552957e-07,4.707306382107639446e-07,4.753798773205157746e-07,4.794497787927718683e-07,4.829548676515537768e-07,4.859117634636674013e-07,4.883390201664583152e-07,4.902569529153872407e-07,4.916874544788527191e-07,4.926538037913174350e-07,4.931804693601372138e-07,4.932929103059340200e-07,4.930173778960255624e-07,4.923807204962557294e-07,4.914101949056309976e-07,4.901332870346865495e-07,4.885775448250475018e-07,4.867704261668749344e-07,4.847391643374520728e-07,4.825106531468179517e-07,4.801113535298600443e-07,4.775672227711104084e-07,4.749036669000324421e-07,4.721455160714278955e-07,4.693170219772771435e-07,4.664418755598085865e-07,4.635432425530877800e-07,4.606438137163149999e-07,4.577658660792846542e-07,4.549313311368043662e-07,4.521618657329968313e-07,4.494789213847899972e-07,4.469038080082176567e-07,4.444577484171089152e-07,4.421619205309610810e-07,4.400374849123757624e-07,4.381066379060745056e-07,4.363971234550796836e-07,4.349441368734049182e-07,4.337911195224708905e-07,4.329903625453884783e-07,4.326033674238500264e-07,4.327008967563208251e-07,4.333626343975602970e-07,4.346763624062876749e-07,4.367365569182454217e-07,4.396423116084378514e-07,4.434945231169508501e-07,4.483923259934692442e-07,4.544288524450236375e-07,4.616865160772490489e-07,4.702321692361042691e-07,4.801126340375726362e-07,4.913512131170889861e-07,5.039457918397756098e-07,5.178689998454409882e-07,5.330705876276297683e-07,5.494817261324429007e-07,5.670204426539596945e-07,5.855969876767509808e-07,6.051176986391801367e-07,6.254859436686403160e-07,6.465989607680904484e-07,6.683397526064752873e-07,6.905635353574979543e-07,7.130785165957067245e-07,7.356210641988106637e-07,7.578258438686159941e-07,7.791925732715998911e-07,7.990530031900636975e-07,8.165447743850374985e-07,8.306026827851628294e-07,8.399816110613545161e-07,8.433268464620269479e-07
8.641197161449502734e-07,8.482820375423120509e-07,8.265547010326605906e-07,8.013327372632017424e-07,7.744437988454419064e-07,7.471904944439865611e-07,7.204421938463804924e-07,6.947374152777950223e-07,6.703774344176278551e-07,6.475035198838609881e-07,6.261564653238971187e-07,6.063199953795151509e-07,5.879506501709732259e-07,5.709968322671626225e-07,5.554093981613579848e-07,5.411458205138887243e-07,5.281696938867134187e-07,5.164472274988677256e-07,5.059422906741158147e-07,4.966114393030713830e-07,4.884000728089893118e-07,4.812404452458154327e-07,4.750517561559304270e-07,4.697420925173549010e-07,4.652116825366257411e-07,4.613567986115852917e-07,4.580736907214070721e-07,4.552620823116540173e-07,4.528279495299908812e-07,4.506854783721866762e-07,4.487582247573779700e-07,4.469795833022655790e-07,4.452927083383073566e-07,4.436500373441121714e-07,4.420125541827919060e-07,4.403489066940407953e-07,4.386344668370661274e-07,4.368503958522296013e-07,4.349827541453001169e-07,4.330216768803542049e-07,4.309606218458304435e-07,4.287956857790492814e-07,4.265247916897701093e-07,4.241465126416041074e-07,4.216597196169923694e-07,4.190634450242785034e-07,4.163567452146814554e-07,4.135385658683090567e-07,4.106076142017539001e-07,4.075622418993280808e-07,4.044003424740447067e-07,4.011192664282041844e-07,3.977157571185948345e-07,3.941859096554630468e-07,3.905251545001574316e-07,3.867282667000540226e-07,3.827894009396510725e-07,3.787021518228868871e-07,3.744596380621969310e-07,3.700546085605977395e-07,3.654795677565932595e-07,3.607269170758961255e-07,3.557891089118033649e-07,3.506588092454640722e-07,3.453290648213119732e-07,3.397934707104465965e-07,3.340463341210635004e-07,3.280828304428714469e-07,3.218991477326861132e-07,3.154926161509361243e-07,3.088618192331385744e-07,3.020066843159904362e-07,2.949285499243535941e-07,2.876302084532573378e-07,2.801159230385399763e-07,2.723914180915555014e-07,2.644638435681237296e-07,2.563417136400986669e-07,2.480348210298496492e-07,2.395541288437189739e-07,2.309116422903424547e-07,2.221202631844001124e-07,2.131936306081319674e-07,2.041459515267513021e-07,1.949918255293471561e-07,1.857460682012643287e-07,1.764235379468219319e-07,1.670389714118526100e-07,1.576068330754327766e-07,1.481411852151270843e-07,1.386555855203968705e-07,1.291630215260308860e-07,1.196758944760370477e-07,1.102060715592154337e-07,1.007650373436330259e-07,9.136419818486412049e-08,8.201543940849971884e-08,7.273213205005511567e-08,6.353100327419879175e-08,5.443580976889513116e-08,4.548514361336315518e-08,3.675080366557716464e-08,2.838686981769703905e-08,2.078039088367251879e-08,1.503441425640514869e-08,1.363509701901377257e-08,1.758085141444685433e-08,2.435844444975661603e-08,3.219691066111207223e-08,2.966411212713391742e-08,1.782644834791715269e-08,6.772031703256970263e-09,1.997332288578699057e-08,3.061837602637502840e-08,3.152230614715103788e-08,2.232146013584588632e-08,8.047256239130675345e-09,1.511483858263774846e-08,2.800502797867191615e-08,3.228798281995497010e-08,2.614323940423597020e-08,1.233162084581366200e-08,1.026333205626180500e-08,2.447264953424844309e-08,3.193396476278845492e-08,2.909422562382555924e-08,1.714733081722135857e-08,6.783947639046698912e-09,2.018933554192217096e-08,3.047895995053143455e-08,3.104435392998165950e-08,2.166247605571825596e-08,7.597832942163540813e-09,1.513967881609338654e-08,3.131241765244853504e-08,4.801462205970353626e-08,6.476979840619261045e-08,8.147399215970900481e-08,9.808043394013381712e-08,1.145579981737191570e-07,1.308813301938530970e-07,1.470276505164215477e-07,1.629754912743439623e-07,1.787041178288359640e-07,1.941932325076145022e-07,2.094228103942955121e-07,2.243730056126489368e-07,2.390241012894405078e-07,2.533564911931940440e-07,2.673506876831478206e-07,2.809873535804652831e-07,2.942473567890324410e-07,3.071118468102569220e-07,3.195623521430499874e-07,3.315808971677005393e-07,3.431501366167189872e-07,3.542535052232740150e-07,3.648753796659138393e-07,3.750012495351178164e-07,3.846178937570108604e-07,3.937135587351523215e-07,4.022781344161303269e-07,4.103033245444023710e-07,4.177828075357978816e-07,4.247123846519394103e-07,4.310901124809222922e-07,4.369164171025720339e-07,4.421941877187952947e-07,4.469288479412272384e-07,4.511284033319510151e-07,4.548034641738513835e-07,4.579672427942375607e-07,4.606355250719633835e-07,4.628266160220470789e-07,4.645612595748310082e-07,4.658625328554080289e-07,4.667557154334971150e-07,4.672681341675078414e-07,4.674289844247907994e-07,4.672691286397804902e-07,4.668208733894981325e-07,4.661177264366283888e-07,4.651941355256029654e-07,4.640852111231866094e-07,4.628264357713445789e-07,4.614533632575865998e-07,4.600013113877202069e-07,4.585050527390737197e-07,4.569985083401014268e-07,4.555144497180913180e-07,4.540842151286420078e-07,4.527374459759652972e-07,4.515018494038803674e-07,4.504029927462064968e-07,4.494641349513497301e-07,4.487060992400038571e-07,4.481471901424450249e-07,4.478031567431445017e-07,4.476872025076025150e-07,4.478100405675914019e-07,4.481799918918050980e-07,4.488031224618046835e-07,4.496845153552274140e-07,4.508329532074746714e-07,4.522623484645851790e-07,4.539919278594275337e-07,4.560462770287204042e-07,4.584552769137905851e-07,4.612539628974268052e-07,4.644823337190051150e-07,4.681851287395254818e-07,4.724115776729754945e-07,4.772151055978660420e-07,4.826529485748802529e-07,4.887856049122235275e-07,4.956760212690444724e-07,5.033884027651157390e-07,5.119865561053899251e-07,5.215317366438305204e-07,5.320800770832737135e-07,5.436798115560609415e-07,5.563686345704582866e-07,5.701715901089357693e-07,5.850998101554808026e-07,6.011501787528557646e-07,6.183056055972597405e-07,6.365351317023579470e-07,6.557926766473820313e-07,6.760129818467858687e-07,6.971032642828910547e-07,7.189292654855763279e-07,7.412947350319839242e-07,7.639139548201308755e-07,7.863778442844165036e-07,8.081157867876613634e-07,8.283579492835837840e-07,8.461067468276238746e-07,8.601309096824842260e-07,8.689999619749791038e-07,8.711779610318275921e-07
8.914399729030137764e-07,8.726003193386857113e-07,8.476273163912394678e-07,8.192124441005019015e-07,7.893808708750560507e-07,7.595490503729853900e-07,7.306382727145598149e-07,7.031972657251733102e-07,6.775118295767948152e-07,6.536935558935300837e-07,6.317468334877832741e-07,6.116165275038925101e-07,5.932197773595689264e-07,5.764653918460135791e-07,5.612639620809117207e-07,5.475313918657376549e-07,5.351881777662553007e-07,5.241564447986968743e-07,5.143563916804471817e-07,5.057033720673269811e-07,4.981063427340560866e-07,4.914679116326682167e-07,4.856858061638789946e-07,4.806553209463213365e-07,4.762722121141165067e-07,4.724355513970530155e-07,4.690501817150674403e-07,4.660285699963182113e-07,4.632919915853238912e-07,4.607710833943141397e-07,4.584058656082055181e-07,4.561453595704431440e-07,4.539469315234035184e-07,4.517754774495809913e-07,4.496025412217496342e-07,4.474054325333022739e-07,4.451663866330891814e-07,4.428717870601380869e-07,4.405114563861706912e-07,4.380780085352960132e-07,4.355662491243713571e-07,4.329726067940016128e-07,4.302944161299785840e-07,4.275288796040165220e-07,4.246727869391758366e-07,4.217224443732180345e-07,4.186736208857724015e-07,4.155215135240313195e-07,4.122607334327719223e-07,4.088853136017331541e-07,4.053887387100921054e-07,4.017639967987402197e-07,3.980036518609525569e-07,3.940999358342821808e-07,3.900448579219642416e-07,3.858303286882607836e-07,3.814482959724284726e-07,3.768908893594861073e-07,3.721505697375300696e-07,3.672202803618930122e-07,3.620935958334344152e-07,3.567648654764133557e-07,3.512293477633712014e-07,3.454833326715650006e-07,3.395242491582761729e-07,3.333507553010178703e-07,3.269628090535826520e-07,3.203617180105281726e-07,3.135501670418943775e-07,3.065322231477586473e-07,2.993133173798715261e-07,2.919002041763259607e-07,2.843008989461950412e-07,2.765245952153651508e-07,2.685815630933537168e-07,2.604830312346786279e-07,2.522410548385207948e-07,2.438683725487505561e-07,2.353782553756852679e-07,2.267843509557125684e-07,2.181005265921032971e-07,2.093407145803947209e-07,2.005187633197898621e-07,1.916482976596842564e-07,1.827425918480745687e-07,1.738144583689704810e-07,1.648761559297145662e-07,1.559393199643061908e-07,1.470149193767240647e-07,1.381132440521199744e-07,1.292439292314213619e-07,1.204160257180404396e-07,1.116381300233288808e-07,1.029185977272353476e-07,9.426587992337125196e-08,8.568905342770229958e-08,7.719867471756108657e-08,6.880820682008071219e-08,6.053652109193238101e-08,5.241254426562924881e-08,4.448448584807283463e-08,3.683957678191682771e-08,2.964959048969184491e-08,2.328061463243545388e-08,1.852746292373593582e-08,1.675051857023557423e-08,1.875617173840006609e-08,2.355901025466807155e-08,2.981046936527677867e-08,2.681303584246573024e-08,1.603080616883109421e-08,8.653532820423508768e-09,1.990364156258914776e-08,2.864280325898673976e-08,2.865853033786221680e-08,1.996319919720152437e-08,8.724708861463624174e-09,1.587047139449030269e-08,2.656075811626475583e-08,2.955704076869140672e-08,2.342015823747215665e-08,1.155746069956944601e-08,1.190760087943631147e-08,2.367285041650495140e-08,2.947683949208890084e-08,2.617478769059694625e-08,1.541606200436526084e-08,8.964071723672826938e-09,2.014299196028378436e-08,2.843103193470052136e-08,2.808621372627873509e-08,1.929540813000368820e-08,8.652036899594430534e-09,1.707458281516521342e-08,3.190555877682679945e-08,4.739609403353811061e-08,6.297502435965499447e-08,7.850046450480808888e-08,9.390890630812256845e-08,1.091602352883105185e-07,1.242237994674945036e-07,1.390737900709193135e-07,1.536874185129742165e-07,1.680440978671517270e-07,1.821250304703228270e-07,1.959129723591181929e-07,2.093920776111417239e-07,2.225477789793393918e-07,2.353666848161258906e-07,2.478364835992069639e-07,2.599458531513362929e-07,2.716843747256056320e-07,2.830424537751506375e-07,2.940112500439785909e-07,3.045826199083920828e-07,3.147490738321557747e-07,3.245037514736358650e-07,3.338404164689538129e-07,3.427534722662358659e-07,3.512379996494351505e-07,3.592898158086859662e-07,3.669055540267333261e-07,3.740827622925071439e-07,3.808200184531706774e-07,3.871170588988033993e-07,3.929749172565029111e-07,3.983960691634305618e-07,4.033845788947779046e-07,4.079462434402484186e-07,4.120887295437903624e-07,4.158216992345617892e-07,4.191569194688533263e-07,4.221083516589083190e-07,4.246922170725233532e-07,4.269270343372856207e-07,4.288336255701771348e-07,4.304350879776739098e-07,4.317567281406935346e-07,4.328259566269207288e-07,4.336721410807133749e-07,4.343264165534782420e-07,4.348214525831351720e-07,4.351911774369567714e-07,4.354704610185809903e-07,4.356947592165195785e-07,4.358997239290870736e-07,4.361207846063398552e-07,4.363927088415099566e-07,4.367491512298633351e-07,4.372222012703970410e-07,4.378419423719742661e-07,4.386360348878063360e-07,4.396293363962738294e-07,4.408435720563351647e-07,4.422970667259135169e-07,4.440045486416926651e-07,4.459770318941149597e-07,4.482217818420208694e-07,4.507423642090318733e-07,4.535387751392141265e-07,4.566076462229055555e-07,4.599425156731134114e-07,4.635352364854345394e-07,4.673805401859721124e-07,4.714770456211709352e-07,4.758270168995025304e-07,4.804360456093999509e-07,4.853127295407409059e-07,4.904684225225865229e-07,4.959171277007369805e-07,5.016755975700458603e-07,5.077636861073797620e-07,5.142049695508772056e-07,5.210276119860228652e-07,5.282654011998515456e-07,5.359588235388359413e-07,5.441559919269179342e-07,5.529132011203970088e-07,5.622948741629671668e-07,5.723726990111880143e-07,5.832238428018005055e-07,5.949282660244081584e-07,6.075653092856674305e-07,6.212098361425620798e-07,6.359282183072605649e-07,6.517742882405775363e-07,6.687850454990723624e-07,6.869754364693261220e-07,7.063310378928168273e-07,7.267970928704712052e-07,7.482621920097384060e-07,7.705350589612887808e-07,7.933135001047846908e-07,8.161458040731157103e-07,8.383870434384059353e-07,8.591562187569404755e-07,8.773051873812087892e-07,8.914163267171544053e-07,8.998509691693091497e-07,9.008709793093947690e-07
9.200000817149875604e-07,8.980307287667391959e-07,8.696618765392062410e-07,8.379068665666083736e-07,8.050017343126882067e-07,7.724824992214340581e-07,7.413233351019120904e-07,7.120810259279375311e-07,6.850215695363441237e-07,6.602209472988924228e-07,6.376399700643510861e-07,6.171765376379189450e-07,5.986997397516452720e-07,5.820701890178637868e-07,5.671504880019448039e-07,5.538091292536557398e-07,5.419205278868365911e-07,5.313632984322097454e-07,5.220182933034423671e-07,5.137673290558602608e-07,5.064929865943018309e-07,5.000794454631337534e-07,4.944140445263913748e-07,4.893891566000362067e-07,4.849039902704909478e-07,4.808660358402803549e-07,4.771920024879782846e-07,4.738082127475842959e-07,4.706505083442412164e-07,4.676637729003066790e-07,4.648011959123573723e-07,4.620233969311774529e-07,4.592975082866339937e-07,4.565962872466499889e-07,4.538973005088624621e-07,4.511821995058307950e-07,4.484360862301698219e-07,4.456469566298733329e-07,4.428052015224691271e-07,4.399031423598980829e-07,4.369345798914117259e-07,4.338943368604306612e-07,4.307776446889145808e-07,4.275792775632046928e-07,4.242933866906478452e-07,4.209135273461374838e-07,4.174327065594040854e-07,4.138434507186737596e-07,4.101378917929085656e-07,4.063078703440449235e-07,4.023450530303336272e-07,3.982410619065252942e-07,3.939876125167083778e-07,3.895766575575227718e-07,3.850005327656770645e-07,3.802521016530606338e-07,3.753248957710729090e-07,3.702132473264979059e-07,3.649124111859910322e-07,3.594186735855756632e-07,3.537294451954218070e-07,3.478433365684224775e-07,3.417602144136309041e-07,3.354812375727372333e-07,3.290088720300595487e-07,3.223468847449932677e-07,3.155003165517762880e-07,3.084754348163046306e-07,3.012796669652435564e-07,2.939215164006546517e-07,2.864104626758250530e-07,2.787568481272604969e-07,2.709717534267073560e-07,2.630668647291615815e-07,2.550543352427466721e-07,2.469466441302023312e-07,2.387564556675118911e-07,2.304964815332511794e-07,2.221793489857294165e-07,2.138174775103954499e-07,2.054229662976235366e-07,1.970074946556469948e-07,1.885822371950675058e-07,1.801577953663903103e-07,1.717441467249351392e-07,1.633506131839993165e-07,1.549858495595362441e-07,1.466578539958551388e-07,1.383740025219661861e-07,1.301411112233401479e-07,1.219655316488563422e-07,1.138532886530508148e-07,1.058102758484869562e-07,9.784253391959891968e-08,8.995665440327195439e-08,8.216038228421686148e-08,7.446354707749828239e-08,6.687955923695319448e-08,5.942792111829065162e-08,5.213864064199148214e-08,4.506037820103216187e-08,3.827622579852900877e-08,3.193540909389715819e-08,2.631642049448746548e-08,2.193258934542186224e-08,1.958241968599113652e-08,1.995620404587019477e-08,2.289196463857598087e-08,2.756441796196237954e-08,2.410436191345493956e-08,1.450826305301607613e-08,1.036330496080172015e-08,1.993690035516203942e-08,2.681279506785339812e-08,2.593997958465540205e-08,1.782059271270447389e-08,9.688692771008042106e-09,1.665518357473639023e-08,2.526059831934522304e-08,2.697737898474939910e-08,2.088506656554678544e-08,1.121072285068314904e-08,1.341743971565833859e-08,2.300409589539052729e-08,2.717679411513188425e-08,2.343299214143950000e-08,1.403084487447936571e-08,1.086345693072911898e-08,2.019295986832304865e-08,2.654328620242335143e-08,2.530447265191655639e-08,1.720509166492575398e-08,9.932306439736854268e-09,1.887779091246791459e-08,3.261731618037551556e-08,4.703392558590142009e-08,6.155212233473981074e-08,7.600855540303057447e-08,9.032684906947989610e-08,1.044584441246094296e-07,1.183665921433449931e-07,1.320208820953984987e-07,1.453950708440873655e-07,1.584661363481914231e-07,1.712138356601313662e-07,1.836204847937191926e-07,1.956708370011878809e-07,2.073520012358143892e-07,2.186533718304018408e-07,2.295665546644656664e-07,2.400852825956261167e-07,2.502053172057896932e-07,2.599243365422359431e-07,2.692418102626670300e-07,2.781588647825545816e-07,2.866781418493187217e-07,2.948036545163899168e-07,3.025406448011827508e-07,3.098954474032197015e-07,3.168753637425744918e-07,3.234885502640569374e-07,3.297439244520654347e-07,3.356510913331629447e-07,3.412202924328041713e-07,3.464623782297672595e-07,3.513888041520794993e-07,3.560116491201657808e-07,3.603436546065084420e-07,3.643982811855894900e-07,3.681897786302513870e-07,3.717332648040659195e-07,3.750448079324531187e-07,3.781415063318802475e-07,3.810415593555710045e-07,3.837643231908707765e-07,3.863303452297668719e-07,3.887613710398023879e-07,3.910803184957510934e-07,3.933112143990298390e-07,3.954790899150511445e-07,3.976098323966567388e-07,3.997299926243737313e-07,4.018665481593668761e-07,4.040466253342837309e-07,4.062971843423943094e-07,4.086446738461200533e-07,4.111146634100276402e-07,4.137314637506152393e-07,4.165177461557491390e-07,4.194941733324436530e-07,4.226790542815715194e-07,4.260880354934701104e-07,4.297338397775268267e-07,4.336260624067170652e-07,4.377710320595340481e-07,4.421717414161885374e-07,4.468278493941893516e-07,4.517357540931562570e-07,4.568887327618730651e-07,4.622771426812105676e-07,4.678886749127702714e-07,4.737086514808844284e-07,4.797213447222968259e-07,4.859140165743364052e-07,4.922774617718169637e-07,4.988054227816216428e-07,5.054940034783634692e-07,5.123411615075350184e-07,5.193463631422706089e-07,5.265104843223524466e-07,5.338360351612381589e-07,5.413277699231130736e-07,5.489937179051229216e-07,5.568466312314383804e-07,5.649057932696925704e-07,5.731990685887111702e-07,5.817650075897100495e-07,5.906547552867068903e-07,5.999334668187607071e-07,6.096809169609459397e-07,6.199910208477370724e-07,6.309700650314267377e-07,6.427335737009676506e-07,6.554018741079240951e-07,6.690945241133134380e-07,6.839237557449205992e-07,6.999869138033687515e-07,7.173575099066408025e-07,7.360740154568133443e-07,7.561249944788801162e-07,7.774287925030003573e-07,7.998059469661655087e-07,8.229430033181589391e-07,8.463478199070865058e-07,8.692991387608251419e-07,8.907976339364779316e-07,9.095319853764600014e-07,9.238809711376633550e-07,9.319784474326421843e-07,9.318672931366512627e-07
9.493175297625665203e-07,9.241210328682394004e-07,8.922398388580432065e-07,8.570287361072651417e-07,8.209434011401010957e-07,7.856424087385851346e-07,7.521525591932092082e-07,7.210363290805468256e-07,6.925360599439909861e-07,6.666872500134934729e-07,6.434016877347138730e-07,6.225247646462191322e-07,6.038724149523084906e-07,5.872529913559402031e-07,5.724787086087615999e-07,5.593704379576468830e-07,5.477587751949223247e-07,5.374834853795679129e-07,5.283926749808497475e-07,5.203423930739083474e-07,5.131968600528451758e-07,5.068291939112406688e-07,5.011223486097816895e-07,4.959699633170527817e-07,4.912768943547355968e-07,4.869593117829187500e-07,4.829443497512361765e-07,4.791693804418467922e-07,4.755810270208827444e-07,4.721340435211902067e-07,4.687901769815295577e-07,4.655170995342132645e-07,4.622874649144729739e-07,4.590781123205421347e-07,4.558694151608396591e-07,4.526447548348242862e-07,4.493900901525193845e-07,4.460935899404825872e-07,4.427452979771294296e-07,4.393368038980448831e-07,4.358608997635877796e-07,4.323112087537957683e-07,4.286816708418294857e-07,4.249658538991172327e-07,4.211568841932273463e-07,4.172475382351985204e-07,4.132303486034986336e-07,4.090977213286905217e-07,4.048420621184927423e-07,4.004559084822190926e-07,3.959320646804288674e-07,3.912637363804254962e-07,3.864446619382272986e-07,3.814692373474173120e-07,3.763326320873856371e-07,3.710308933590037622e-07,3.655610365048240647e-07,3.599211197631841422e-07,3.541103018906918501e-07,3.481288815952474788e-07,3.419783181421475692e-07,3.356612329194672857e-07,3.291813921668716917e-07,3.225436714757624755e-07,3.157540030501960399e-07,3.088193070697469256e-07,3.017474088103729706e-07,2.945469434508913365e-07,2.872272507151183012e-07,2.797982616681673248e-07,2.722703800960236692e-07,2.646543609478338030e-07,2.569611883094504783e-07,2.492019553055488509e-07,2.413877481990131998e-07,2.335295367753966826e-07,2.256380728745271553e-07,2.177237986705393454e-07,2.097967660178887344e-07,2.018665678886382606e-07,1.939422826421322571e-07,1.860324316109946264e-07,1.781449502786403177e-07,1.702871731878684008e-07,1.624658326869789976e-07,1.546870717260338211e-07,1.469564712104283393e-07,1.392790929715747977e-07,1.316595403299209489e-07,1.241020396681624497e-07,1.166105486694868866e-07,1.091889003532249618e-07,1.018409975220416462e-07,9.457108105904629248e-08,8.738411008300508514e-08,8.028631671248144914e-08,7.328604148243537249e-08,6.639503357812082538e-08,5.963054539698347455e-08,5.301882898259708100e-08,4.660118388968281999e-08,4.044475712976663319e-08,3.466218618065285370e-08,2.944655173508738356e-08,2.512518064034192900e-08,2.220017519191591080e-08,2.123545316332851267e-08,2.247164744403482533e-08,2.558601394534450369e-08,2.159923098293390530e-08,1.323699697356028879e-08,1.190747413216726989e-08,2.014079244723965761e-08,2.525210023582689855e-08,2.345583305776651353e-08,1.590875137073630593e-08,1.073290124001723200e-08,1.748327889104420784e-08,2.420433289289136677e-08,2.465017632784167915e-08,1.858239031929035571e-08,1.118603402859756041e-08,1.479074000416546623e-08,2.252364107116543358e-08,2.512868748965458860e-08,2.093230825612070798e-08,1.298366769697557848e-08,1.250285647855357421e-08,2.034110303049716290e-08,2.488616452399520242e-08,2.276731424448264880e-08,1.541965177708076409e-08,1.121015709952657930e-08,2.049070844144043943e-08,3.337819353942085048e-08,4.688474209852061540e-08,6.048227808742809499e-08,7.400205317605326711e-08,8.736059167205258575e-08,1.005033726300914606e-07,1.133886404763171738e-07,1.259816874605851489e-07,1.382525621245668754e-07,1.501750854427308837e-07,1.617264218187047710e-07,1.728869014996352381e-07,1.836399593168777044e-07,1.939721244950284855e-07,2.038730277613952500e-07,2.133354072422678523e-07,2.223551025231685046e-07,2.309310306088561446e-07,2.390651401045607466e-07,2.467623416032935414e-07,2.540304134337211245e-07,2.608798828212492506e-07,2.673238832579303646e-07,2.733779895237234237e-07,2.790600323792934350e-07,2.843898954665224643e-07,2.893892974030598506e-07,2.940815624302292083e-07,2.984913832541605561e-07,3.026445798915074736e-07,3.065678583779268149e-07,3.102885731072474137e-07,3.138344963349229177e-07,3.172335980011500238e-07,3.205138385159369286e-07,3.237029765190703820e-07,3.268283929108250757e-07,3.299169316818370280e-07,3.329947572974536886e-07,3.360872276620714316e-07,3.392187810521774559e-07,3.424128349093593425e-07,3.456916940649788863e-07,3.490764658534111462e-07,3.525869796726633892e-07,3.562417088648333653e-07,3.600576932918561127e-07,3.640504616357457787e-07,3.682339532051485230e-07,3.726204398206066989e-07,3.772204491150097893e-07,3.820426912610752141e-07,3.870939916701954757e-07,3.923792325554173346e-07,3.979013063909746413e-07,4.036610842252849469e-07,4.096574015252950780e-07,4.158870637751572656e-07,4.223448734613814439e-07,4.290236793974500581e-07,4.359144486235648824e-07,4.430063604097024503e-07,4.502869212342110606e-07,4.577420990384825716e-07,4.653564745929259751e-07,4.731134074619901958e-07,4.809952138279569498e-07,4.889833533182272759e-07,4.970594700410617371e-07,5.052086411714565704e-07,5.134194699873860225e-07,5.216832628787239151e-07,5.299932854703301860e-07,5.383441645610419132e-07,5.467315079558409336e-07,5.551518170232323319e-07,5.636027647330159187e-07,5.720839024538158393e-07,5.805978392942478046e-07,5.891519060486271393e-07,5.977602706887216429e-07,6.064464144358382049e-07,6.152458098912536764e-07,6.242085717685548750e-07,6.334017860658347499e-07,6.429111774216417903e-07,6.528417602417820540e-07,6.633171475629725210e-07,6.744772646386206658e-07,6.864743184353030682e-07,6.994669749504876299e-07,7.136127381532894333e-07,7.290584430560881476e-07,7.459285218044135761e-07,7.643102729235362486e-07,7.842348301994610916e-07,8.056520455287210076e-07,8.283973147589132283e-07,8.521488283745524115e-07,8.763752772454578494e-07,9.002772623022321349e-07,9.227311162438045403e-07,9.422516888613836364e-07,9.569997116695039640e-07,9.648659812453295567e-07,9.636620954481753140e-07
9.789484465493767176e-07,9.504655163025864270e-07,9.149992957280318173e-07,8.762581043330973383e-07,8.369210573323980975e-07,7.987698983765849711e-07,7.628832993784649241e-07,7.298277137285936339e-07,6.998193029893416673e-07,6.728500245172358261e-07,6.487794624762197873e-07,6.273976728800584894e-07,6.084654482988963276e-07,5.917381726781848335e-07,5.769785562715264419e-07,5.639624409365112173e-07,5.524807653814145987e-07,5.423397800981476867e-07,5.333607558758445532e-07,5.253797729035470685e-07,5.182477271842856614e-07,5.118304395283134038e-07,5.060086652588953993e-07,5.006778279870412064e-07,4.957473834428210015e-07,4.911398137783595915e-07,4.867893289790005523e-07,4.826403960371419114e-07,4.786462271088753250e-07,4.747673418541416696e-07,4.709702870467396719e-07,4.672265588864111287e-07,4.635117385825629014e-07,4.598048248108443153e-07,4.560877294986595958e-07,4.523448955618177447e-07,4.485629947404863100e-07,4.447306681163056445e-07,4.408382789664007171e-07,4.368776556185256352e-07,4.328418098826959999e-07,4.287246240214356859e-07,4.245204217158827969e-07,4.202234292307089427e-07,4.158277576293771392e-07,4.113275105612620154e-07,4.067168967124234721e-07,4.019903442534094331e-07,3.971426145891254181e-07,3.921689127623119387e-07,3.870649919792369224e-07,3.818272499075582672e-07,3.764528146341311131e-07,3.709396184558838812e-07,3.652864580001488923e-07,3.594930395220605093e-07,3.535600085957854786e-07,3.474889637936330723e-07,3.412824543229873253e-07,3.349439619565153196e-07,3.284778679377807011e-07,3.218894058644236898e-07,3.151846018373931381e-07,3.083702034110818675e-07,3.014535990803134623e-07,2.944427301917033933e-07,2.873459972659370846e-07,2.801721627622813793e-07,2.729302523069939201e-07,2.656294563446571394e-07,2.582790340589823952e-07,2.508882212521826169e-07,2.434661436761732004e-07,2.360217370827916932e-07,2.285636750134573353e-07,2.211003050919065514e-07,2.136395943282846211e-07,2.061890837008729430e-07,1.987558520650895609e-07,1.913464892599589894e-07,1.839670781515166057e-07,1.766231852818474492e-07,1.693198597930626034e-07,1.620616403799326084e-07,1.548525702082163079e-07,1.476962200383947645e-07,1.405957202466504758e-07,1.335538030832885704e-07,1.265728574280000724e-07,1.196549996123536727e-07,1.128021657808232235e-07,1.060162340807861938e-07,9.929918926044083872e-08,9.265334895189577931e-08,8.608168165941509356e-08,7.958826416007651077e-08,7.317895591188900791e-08,6.686241987454238501e-08,6.065171116176696432e-08,5.456682176437648849e-08,4.863887557137761490e-08,4.291722341645310695e-08,3.748162953570013296e-08,3.246295459530334757e-08,2.807537363915597229e-08,2.465238087771893925e-08,2.263640712922285579e-08,2.241807279774450281e-08,2.406037263527808982e-08,1.943127405450312751e-08,1.222886583385312270e-08,1.330469547259853171e-08,2.058432501389907804e-08,2.412885836846594116e-08,2.136935710672906199e-08,1.429725450139368912e-08,1.175956779982719564e-08,1.838361475979207789e-08,2.352444269410031287e-08,2.274570248347397373e-08,1.662351356396805318e-08,1.140128336106682375e-08,1.605531126349129722e-08,2.231709385070259884e-08,2.348786616979241156e-08,1.880686464188180955e-08,1.229590047651136222e-08,1.392837392217257710e-08,2.062718296233446856e-08,2.358309770955511383e-08,2.061083916237133565e-08,1.401574789800741152e-08,1.241210336672180971e-08,2.194154385740172119e-08,3.421826890211710966e-08,4.701922521409659827e-08,5.988064611444702042e-08,7.263868660446751862e-08,8.520744702567895206e-08,9.752885080724392976e-08,1.095574872485058209e-07,1.212551095081349140e-07,1.325884089473308533e-07,1.435280736711775651e-07,1.540484047041680960e-07,1.641271917357977244e-07,1.737457142577642963e-07,1.828888028922086956e-07,1.915449270498327868e-07,1.997062901872728650e-07,2.073689215797220151e-07,2.145327574984748111e-07,2.212017067506497465e-07,2.273836965627391785e-07,2.330906952134714251e-07,2.383387078846003641e-07,2.431477420413448081e-07,2.475417383711038846e-07,2.515484629750869965e-07,2.551993561958899765e-07,2.585293332559688456e-07,2.615765318718910942e-07,2.643820023061889094e-07,2.669893360424204264e-07,2.694442305404485260e-07,2.717939894529130613e-07,2.740869603254820168e-07,2.763719151586889136e-07,2.786973831743245260e-07,2.811109494767044868e-07,2.836585376676079966e-07,2.863836983846536177e-07,2.893269286374795744e-07,2.925250481741014509e-07,2.960106584900402373e-07,2.998117072750190852e-07,3.039511761438285201e-07,3.084469028016552988e-07,3.133115410085230268e-07,3.185526536675011301e-07,3.241729269371010807e-07,3.301704872171219845e-07,3.365392987048615003e-07,3.432696171952995558e-07,3.503484758390646279e-07,3.577601803688991141e-07,3.654867943987118445e-07,3.735085992716711677e-07,3.818045170938819206e-07,3.903524896309048946e-07,3.991298093718922473e-07,4.081134021036209538e-07,4.172800627105648766e-07,4.266066476334042960e-07,4.360702285369155436e-07,4.456482123491771525e-07,4.553184330390624698e-07,4.650592203979094363e-07,4.748494507738863686e-07,4.846685842497433865e-07,4.944966922169407602e-07,5.043144787277594707e-07,5.141039869756339738e-07,5.238510078905111707e-07,5.335448253299908324e-07,5.431772893919264164e-07,5.527420417751813166e-07,5.622339391920938054e-07,5.716487273693131427e-07,5.809830229254276024e-07,5.902346616864069449e-07,5.994034677498573147e-07,6.084924855392614407e-07,6.175096948886107543e-07,6.264701949605474718e-07,6.353987956302469959e-07,6.443328957101596422e-07,6.533254593812010165e-07,6.624478317804022381e-07,6.717920712174928656e-07,6.814724303140979228e-07,6.916256024309670689e-07,7.024093693794879543e-07,7.139993373851597428e-07,7.265835096611072653e-07,7.403544748306105258e-07,7.554989341402536805e-07,7.721840906068224337e-07,7.905400524062720609e-07,8.106368978662795790e-07,8.324545465287804802e-07,8.558433449745495486e-07,8.804737291168139660e-07,9.057750689193108555e-07,9.308676005283429942e-07,9.544979417599464983e-07,9.749982049638218819e-07,9.902995400351881764e-07,9.980381665664085758e-07,9.957869841162386125e-07
1.008489835819486202e-06,9.767060724167636168e-07,9.376337402566565154e-07,8.953381643568143026e-07,8.527206397991810024e-07,8.116847118466961615e-07,7.733602177747631210e-07,7.383170494662280029e-07,7.067444077312624820e-07,6.785896769794154945e-07,6.536592378509035997e-07,6.316872416790752187e-07,6.123795742683371507e-07,5.954399513773552140e-07,5.805840368875413493e-07,5.675461516099207748e-07,5.560818358259204655e-07,5.459683893903790001e-07,5.370046064118158618e-07,5.290102687408568541e-07,5.218255528945595090e-07,5.153103010826205002e-07,5.093430532397574839e-07,5.038197727414912535e-07,4.986522701268847520e-07,4.937663978277729135e-07,4.891001328727327288e-07,4.846016771243145061e-07,4.802276898197912434e-07,4.759417346934234717e-07,4.717129847306285494e-07,4.675151908310829087e-07,4.633258922015548063e-07,4.591258284964491497e-07,4.548985060964712398e-07,4.506298712836741012e-07,4.463080486405780274e-07,4.419231111714404595e-07,4.374668574545538186e-07,4.329325793954796146e-07,4.283148113593061188e-07,4.236090576101271360e-07,4.188114344820647045e-07,4.139182429043233098e-07,4.089259628702853909e-07,4.038313420260034694e-07,3.986314815074909915e-07,3.933239169572362699e-07,3.879066927967296210e-07,3.823784280276939295e-07,3.767383720731426130e-07,3.709864494424164770e-07,3.651232923034037676e-07,3.591502603612688959e-07,3.530694477671319357e-07,3.468836771032239786e-07,3.405964808043763239e-07,3.342120706709457206e-07,3.277352963977348334e-07,3.211715942801651687e-07,3.145269274568422119e-07,3.078077192017388286e-07,3.010207808857695659e-07,2.941732362841732860e-07,2.872724439120451864e-07,2.803259190263862300e-07,2.733412568417003334e-07,2.663260583717270501e-07,2.592878601382741123e-07,2.522340687867559808e-07,2.451719014256763331e-07,2.381083322736410250e-07,2.310500459628644633e-07,2.240033976230058435e-07,2.169743796637270166e-07,2.099685949980170220e-07,2.029912363093374151e-07,1.960470708707946278e-07,1.891404303789463772e-07,1.822752052719327397e-07,1.754548430633342331e-07,1.686823503404214566e-07,1.619602982489281847e-07,1.552908315177530511e-07,1.486756813702471356e-07,1.421161830332302959e-07,1.356132990084487938e-07,1.291676498456484252e-07,1.227795549057733471e-07,1.164490866162792624e-07,1.101761431441429146e-07,1.039605464845023110e-07,9.780217607707918531e-08,9.170115287460683813e-08,8.565809641064052988e-08,7.967448977388244374e-08,7.375320789045596742e-08,6.789929925846337287e-08,6.212117145430452227e-08,5.643243697961298470e-08,5.085486613715656245e-08,4.542323347645086526e-08,4.019343014798929462e-08,3.525609349370699837e-08,3.075868432848525608e-08,2.693636447294545252e-08,2.413559343832364302e-08,2.277061046649375472e-08,2.313983829663179382e-08,1.777348634002289661e-08,1.154219090736888855e-08,1.457459638742903368e-08,2.127279033821822150e-08,2.355608506079810914e-08,1.985929977927184213e-08,1.311937177736297594e-08,1.276478324965357350e-08,1.936242105979730020e-08,2.329545081067876862e-08,2.142653365690735678e-08,1.518056881904949332e-08,1.186280843716749492e-08,1.726137383384366948e-08,2.243218366801676974e-08,2.238778998252906295e-08,1.723412202498463291e-08,1.206736914206142773e-08,1.524670046169698447e-08,2.109505658400754429e-08,2.273787324396467351e-08,1.899631099239409085e-08,1.315333019183105851e-08,1.362442862348484153e-08,2.335062296273170577e-08,3.524643477024654801e-08,4.757428847097129484e-08,5.992410252012371846e-08,7.213876229041823456e-08,8.413152867904652466e-08,9.584175672697953369e-08,1.072209641877051939e-07,1.182276707067062419e-07,1.288253025303585634e-07,1.389813240004848234e-07,1.486669108374209578e-07,1.578568804901058862e-07,1.665297507752366241e-07,1.746678646162702250e-07,1.822575492893291651e-07,1.892892934658698408e-07,1.957579328605652149e-07,2.016628391141009981e-07,2.070081083556578232e-07,2.118027465013029627e-07,2.160608481312740623e-07,2.198017649176563468e-07,2.230502581013457038e-07,2.258366274483884144e-07,2.281968064433573200e-07,2.301724102187676558e-07,2.318107189595737082e-07,2.331645754650811254e-07,2.342921715817876001e-07,2.352566949651303590e-07,2.361258059941553045e-07,2.369709158340203979e-07,2.378662419741798136e-07,2.388876283575059936e-07,2.401111342861434343e-07,2.416114194826341488e-07,2.434599803224804956e-07,2.457233208415960865e-07,2.484611665447547715e-07,2.517248434588086031e-07,2.555559442503621845e-07,2.599853850801290806e-07,2.650329225503203729e-07,2.707071549544444735e-07,2.770059841411957937e-07,2.839174722384522738e-07,2.914209979660742844e-07,2.994886035637906405e-07,3.080864249854036668e-07,3.171761115828555601e-07,3.267161622275900279e-07,3.366631279318457335e-07,3.469726528047840831e-07,3.576003433012494376e-07,3.685024692400859374e-07,3.796365090406756527e-07,3.909615567080305339e-07,4.024386101945298872e-07,4.140307607920456459e-07,4.257033019448132829e-07,4.374237739239361641e-07,4.491619585926595187e-07,4.608898362893346298e-07,4.725815148181809405e-07,4.842131387408301238e-07,4.957627856256601235e-07,5.072103546270725337e-07,5.185374517067787978e-07,5.297278081088900646e-07,5.407689464924197245e-07,5.516517105819394833e-07,5.623693520084122062e-07,5.729168244117484243e-07,5.832903125374524610e-07,5.934870309114837657e-07,6.035053318410290582e-07,6.133451649862602326e-07,6.230089293306439673e-07,6.325027514586893109e-07,6.418382097334861130e-07,6.510345002192681290e-07,6.601210052204918914e-07,6.691401781405293624e-07,6.781505996193501436e-07,6.872299925635887415e-07,6.964779135358817999e-07,7.060177734072299225e-07,7.159977906908226375e-07,7.265904540427439848e-07,7.379900666201676998e-07,7.504079521777857469e-07,7.640648914063620792e-07,7.791802805213575964e-07,7.959573092290505410e-07,8.145631058476208907e-07,8.351023123475431001e-07,8.575820529836807088e-07,8.818660248080836968e-07,9.076159556007929137e-07,9.342206867138841960e-07,9.607176095277720399e-07,9.857190398903195830e-07,1.007367472783916752e-06,1.023356322134127428e-06,1.031060334238803221e-06,1.027811543943050248e-06
1.037581503227863883e-06,1.002532269320211690e-06,9.598891250418353314e-07,9.140688568600837773e-07,8.681888907520966914e-07,8.242716408092794465e-07,7.834978136024881850e-07,7.464416287071932954e-07,7.132663951701336409e-07,6.838758409492664928e-07,6.580240224469568303e-07,6.353903179623648598e-07,6.156273628376164030e-07,5.983895355517982445e-07,5.833484441920603395e-07,5.702003613229289782e-07,5.586690811326605142e-07,5.485064186621305344e-07,5.394916128984496932e-07,5.314302396317658846e-07,5.241528503374714327e-07,5.175133700552672343e-07,5.113872415165438516e-07,5.056693302584180054e-07,5.002716556529355464e-07,4.951210532619705193e-07,4.901568897803272836e-07,4.853289417527761685e-07,4.805955202873324786e-07,4.759218863894739035e-07,4.712789648478028169e-07,4.666423353848095046e-07,4.619914610180299190e-07,4.573091051542276459e-07,4.525808887966888412e-07,4.477949445293793422e-07,4.429416319179414716e-07,4.380132875437920832e-07,4.330039907784430192e-07,4.279093330537584687e-07,4.227261837611223113e-07,4.174524502902943535e-07,4.120867797988193506e-07,4.066282076546488849e-07,4.010761406776207091e-07,3.954304109699997307e-07,3.896913226888117673e-07,3.838596905566053455e-07,3.779368691318024353e-07,3.719247721087467587e-07,3.658258811835888605e-07,3.596432442975180709e-07,3.533804633456243732e-07,3.470416717099159313e-07,3.406315022309589344e-07,3.341550464668382366e-07,3.276178062938000484e-07,3.210256390739196847e-07,3.143846977462646454e-07,3.077013672852619740e-07,3.009821990106478083e-07,2.942338442262736049e-07,2.874629886106550038e-07,2.806762886826621050e-07,2.738803115251771343e-07,2.670814787735741155e-07,2.602860156718316006e-07,2.534999057756263886e-07,2.467288516485715932e-07,2.399782416651997300e-07,2.332531228128116748e-07,2.265581791840611300e-07,2.198977156823660894e-07,2.132756463308337015e-07,2.066954864884790054e-07,2.001603482391455967e-07,1.936729382304959853e-07,1.872355573022375858e-07,1.808501013518126239e-07,1.745180630377612234e-07,1.682405341103189023e-07,1.620182083794974440e-07,1.558513855773647924e-07,1.497399766396049101e-07,1.436835112210414840e-07,1.376811485752523491e-07,1.317316932823606856e-07,1.258336177263849366e-07,1.199850937472974302e-07,1.141840365943297170e-07,1.084281653009981998e-07,1.027150850737848887e-07,9.704239953528229350e-08,9.140786418188681590e-08,8.580959803101463712e-08,8.024637955336777695e-08,7.471806807428933196e-08,6.922621727914316900e-08,6.377499127440919495e-08,5.837257065380350775e-08,5.303337381089863316e-08,4.778166805850355058e-08,4.265759298042431736e-08,3.772738051099310606e-08,3.310061354820357362e-08,2.895766455658105399e-08,2.558456672913718527e-08,2.338504134626394917e-08,2.278736870225043178e-08,1.674155980029794443e-08,1.129338154256171298e-08,1.573386059038251565e-08,2.208169072061290194e-08,2.344373272293221649e-08,1.897989222208571964e-08,1.254794433769844511e-08,1.383096906447722654e-08,2.037116613673872323e-08,2.341454703176118061e-08,2.068924123660060298e-08,1.441643643730764887e-08,1.270658820890773132e-08,1.849070654162198872e-08,2.280844205400374701e-08,2.179359846489439445e-08,1.632487248162782525e-08,1.249981894166942480e-08,1.667055258597288344e-08,2.177505290993178234e-08,2.232449372956625624e-08,1.798391131615738569e-08,1.306408045334030459e-08,1.512909745618608822e-08,2.499399935198974422e-08,3.669437605739490450e-08,4.877170445522616433e-08,6.084262046650689855e-08,7.275039109441472783e-08,8.440504806023814681e-08,9.574213596799052067e-08,1.067092721177822079e-07,1.172610714954555772e-07,1.273570723703219211e-07,1.369608843145892351e-07,1.460398836078157835e-07,1.545651722147882820e-07,1.625116715504740770e-07,1.698582894106844547e-07,1.765881297795487578e-07,1.826887307854974087e-07,1.881523242193418687e-07,1.929761144463302839e-07,1.971625769387622749e-07,2.007197778069339295e-07,2.036617159296886847e-07,2.060086886309719503e-07,2.077876801823905836e-07,2.090327694519573772e-07,2.097855483515385236e-07,2.100955358362417324e-07,2.100205625020748597e-07,2.096270878120361395e-07,2.089903954696575851e-07,2.081945929865597032e-07,2.073323208963911877e-07,2.065040592057391509e-07,2.058169100099718413e-07,2.053827448112171431e-07,2.053156432723497186e-07,2.057286250271264072e-07,2.067297880508409267e-07,2.084181024266171767e-07,2.108792369230129418e-07,2.141818758593722601e-07,2.183749766467748906e-07,2.234863081656624647e-07,2.295224165703126657e-07,2.364699401068414206e-07,2.442980011068745792e-07,2.529612888908636435e-07,2.624034268864726615e-07,2.725602742255874143e-07,2.833629123350069232e-07,2.947401758345273565e-07,3.066206800238525607e-07,3.189343632840286849e-07,3.316136012950843379e-07,3.445939663928281830e-07,3.578147067736794412e-07,3.712190130717445157e-07,3.847541288843459065e-07,3.983713501817654486e-07,4.120259478813018681e-07,4.256770389180138710e-07,4.392874240545970812e-07,4.528234052918113912e-07,4.662545917957244166e-07,4.795537004507215880e-07,4.926963552041110885e-07,5.056608880593818616e-07,5.184281437181747823e-07,5.309812893262252879e-07,5.433060260572177072e-07,5.553916650139920879e-07,5.672305556914068751e-07,5.788172616579559313e-07,5.901479784040445074e-07,6.012202092771107430e-07,6.120327218092676978e-07,6.225858110418995070e-07,6.328818983684977557e-07,6.429264934884177107e-07,6.527295425123563880e-07,6.623071758739688883e-07,6.716838537980928036e-07,6.808948826176597923e-07,6.899892401786956779e-07,6.990326014998664273e-07,7.081103967630777544e-07,7.173306648262440638e-07,7.268263915645971052e-07,7.367569502107218803e-07,7.473081970301355369e-07,7.586907225583029717e-07,7.711357091998198969e-07,7.848877786790613596e-07,8.001940899534374680e-07,8.172887226969689419e-07,8.363710171872838030e-07,8.575760508691470701e-07,8.809349323476502586e-07,9.063223800527889822e-07,9.333896804117173835e-07,9.614834702770953858e-07,9.895560322834400748e-07,1.016082049041535847e-06,1.039010104439347246e-06,1.055791755603546305e-06,1.063538599186073451e-06,1.059345131523824113e-06
1.065907924019278874e-06,1.027680795270275958e-06,9.815599785856272861e-07,9.322994914448896661e-07,8.832226423902932395e-07,8.364666267831368200e-07,7.932633198836649185e-07,7.541936136232196673e-07,7.193977583759832773e-07,6.887384935597803029e-07,6.619199882971797593e-07,6.385692374380832349e-07,6.182881705787677052e-07,6.006846319091381110e-07,5.853892018001609394e-07,5.720632032738889775e-07,5.604016233466180845e-07,5.501333230990793502e-07,5.410198984941052982e-07,5.328538804201585203e-07,5.254565717034454014e-07,5.186756346813913408e-07,5.123824879839321674e-07,5.064695798621429725e-07,5.008476308487827258e-07,4.954429538080288930e-07,4.901949546446413017e-07,4.850538939754257308e-07,4.799789567911597543e-07,4.749366425670030986e-07,4.698994594168063202e-07,4.648448864149023217e-07,4.597545586370679730e-07,4.546136281100809817e-07,4.494102580102902145e-07,4.441352144036238602e-07,4.387815274460984210e-07,4.333442009421091431e-07,4.278199549091490701e-07,4.222069902865837577e-07,4.165047684241544898e-07,4.107138008677768073e-07,4.048354010263066303e-07,3.988713821882666860e-07,3.928240205769464507e-07,3.866960732414044270e-07,3.804907872016777875e-07,3.742118994403260214e-07,3.678636275705154298e-07,3.614506512537515658e-07,3.549780846812592335e-07,3.484514406649783121e-07,3.418765871003926167e-07,3.352596967573798118e-07,3.286071915208702091e-07,3.219256823348736599e-07,3.152219061967645014e-07,3.085026616000367180e-07,3.017747438307809077e-07,2.950448814850069870e-07,2.883196754914280442e-07,2.816055417998682633e-07,2.749086587332915304e-07,2.682349198074822427e-07,2.615898926041614768e-07,2.549787840496133207e-07,2.484064122116016350e-07,2.418771844928966727e-07,2.353950818806363330e-07,2.289636487170964570e-07,2.225859872983249623e-07,2.162647564900830455e-07,2.100021734812426646e-07,2.038000177765343096e-07,1.976596365641024106e-07,1.915819506769315047e-07,1.855674604965992284e-07,1.796162513165430903e-07,1.737279978818979033e-07,1.679019680445836387e-07,1.621370257058688211e-07,1.564316334546549396e-07,1.507838555401586665e-07,1.451913620369555007e-07,1.396514352668361843e-07,1.341609797395679013e-07,1.287165370753330871e-07,1.233143075984299057e-07,1.179501805840246893e-07,1.126197755605748514e-07,1.073184977199680639e-07,1.020416115235863885e-07,9.678433826860187362e-08,9.154198610786005277e-08,8.631012548773537510e-08,8.108483035922577946e-08,7.586301789348769291e-08,7.064294050908261707e-08,6.542492064897505098e-08,6.021248388383259993e-08,5.501416453524558355e-08,4.984647875202281200e-08,4.473897641359715542e-08,3.974306253868539329e-08,3.494764128393147014e-08,3.050642808011657768e-08,2.668103678549793003e-08,2.388645609225081428e-08,2.266195678321237691e-08,1.627842638864649496e-08,1.166543636476559731e-08,1.681766277320132726e-08,2.274810954319694632e-08,2.342157769328859956e-08,1.853316181129521732e-08,1.273722451704056807e-08,1.511387450590361143e-08,2.128939972932149761e-08,2.353067207438342455e-08,2.022516207578286929e-08,1.437940804248836239e-08,1.418188763196007158e-08,1.985959018503477629e-08,2.324047846325076121e-08,2.138504777041381870e-08,1.599389493306581250e-08,1.385033829451899232e-08,1.851585235407600882e-08,2.266323554757964371e-08,2.208986755219591099e-08,1.738776983685833694e-08,1.398258372009180499e-08,1.739062565685608714e-08,2.733441924001219173e-08,3.894959923342507748e-08,5.094303464285098262e-08,6.293061721445112314e-08,7.474500920634546285e-08,8.628720484139677267e-08,9.748531013475774256e-08,1.082805022902129384e-07,1.186215586656592114e-07,1.284625578476589423e-07,1.377619031404475969e-07,1.464819495698959178e-07,1.545889269479167997e-07,1.620530178338109060e-07,1.688485225110184101e-07,1.749540779154978867e-07,1.803529152177511105e-07,1.850331505392983351e-07,1.889881091629842496e-07,1.922166875088171742e-07,1.947237600259933700e-07,1.965206404148809274e-07,1.976256083393248725e-07,1.980645138560939241e-07,1.978714717184398993e-07,1.970896556611084667e-07,1.957721973627643202e-07,1.939831838979100336e-07,1.917987281190056427e-07,1.893080546095787757e-07,1.866144951797603777e-07,1.838362188009629866e-07,1.811064319166327799e-07,1.785726864049179788e-07,1.763948516823406531e-07,1.747412959780562396e-07,1.737829516115229762e-07,1.736852763858528940e-07,1.745986726619516577e-07,1.766485657976191025e-07,1.799268140281557795e-07,1.844861275754846259e-07,1.903385868068068248e-07,1.974583499313832831e-07,2.057876518192654014e-07,2.152446150251186288e-07,2.257313624641862984e-07,2.371412996201915072e-07,2.493649609861520708e-07,2.622942754888278467e-07,2.758254022269408249e-07,2.898604229645037364e-07,3.043081996507639601e-07,3.190846666979311744e-07,3.341127676574421423e-07,3.493221863823309748e-07,3.646489733125035478e-07,3.800351304026240583e-07,3.954281922119793593e-07,4.107808234251030166e-07,4.260504421793085588e-07,4.411988720564753307e-07,4.561920219614449528e-07,4.709995913054388310e-07,4.855947972267988219e-07,4.999541205452090518e-07,5.140570674606626669e-07,5.278859444891223533e-07,5.414256446610140029e-07,5.546637252234294818e-07,5.675910441327447710e-07,5.802011682774293058e-07,5.924896740023827720e-07,6.044537067246410138e-07,6.160918101837577175e-07,6.274040413766463961e-07,6.383923900581478872e-07,6.490615220695781768e-07,6.594198638409902579e-07,6.694810411196067178e-07,6.792656778036617986e-07,6.888035495980113324e-07,6.981360702430319782e-07,7.073190628800943328e-07,7.164257330525786140e-07,7.255497107031659782e-07,7.348079654457000845e-07,7.443433235494470231e-07,7.543262297684815316e-07,7.649553065263932387e-07,7.764561690157010582e-07,7.890778526855037767e-07,8.030860827489247227e-07,8.187524327798983107e-07,8.363381405526628585e-07,8.560709417160417248e-07,8.781127594885139924e-07,9.025155737731394797e-07,9.291626062323769447e-07,9.576927255040046477e-07,9.874087229528846910e-07,1.017176216263876695e-06,1.045330713304274242e-06,1.069625792641393741e-06,1.087271711235659528e-06,1.095120938865984082e-06,1.090039248025429634e-06
1.093199891257852178e-06,1.051934374989183295e-06,1.002485016858863455e-06,9.499211595384393570e-07,8.977583907483222122e-07,8.482438196221889122e-07,8.026614066071975075e-07,7.616023673031120643e-07,7.251882784858490965e-07,6.932450676356413596e-07,6.654307394814384172e-07,6.413232575429197277e-07,6.204769840753338128e-07,6.024562525378290417e-07,5.868535229352807656e-07,5.732978714682836320e-07,5.614578409969123561e-07,5.510412273314673323e-07,5.417933032265420325e-07,5.334942750552131454e-07,5.259563571436722457e-07,5.190206478250647930e-07,5.125539163970192561e-07,5.064453956600047471e-07,5.006036768493058706e-07,4.949537996212102958e-07,4.894346124221800776e-07,4.839964510136593424e-07,4.785991521286541984e-07,4.732103919493885963e-07,4.678043195609118256e-07,4.623604449826939971e-07,4.568627386736118537e-07,4.512989021587953960e-07,4.456597750454813409e-07,4.399388500702660596e-07,4.341318736183811166e-07,4.282365137973162214e-07,4.222520816124318109e-07,4.161792933768501344e-07,4.100200645882810929e-07,4.037773274680053685e-07,3.974548237272658511e-07,3.910568350413124597e-07,3.845881261572139832e-07,3.780539330458109830e-07,3.714599422778943248e-07,3.648122618012924188e-07,3.581173835116907137e-07,3.513821382179872514e-07,3.446136437968282391e-07,3.378192475049344568e-07,3.310064635664275861e-07,3.241829072706018724e-07,3.173562268991079495e-07,3.105340348468069325e-07,3.037238393051321566e-07,2.969329778394248960e-07,2.901685541125257389e-07,2.834373788876160628e-07,2.767459162872157385e-07,2.701002360973547632e-07,2.635059726927864029e-07,2.569682909287186821e-07,2.504918591060575598e-07,2.440808288805829546e-07,2.377388217621544967e-07,2.314689216481975192e-07,2.252736726658446431e-07,2.191550814674874978e-07,2.131146230415975450e-07,2.071532490687843482e-07,2.012713978738796701e-07,1.954690050973219745e-07,1.897455143294327335e-07,1.840998871128356159e-07,1.785306119124110967e-07,1.730357118680903441e-07,1.676127513714498912e-07,1.622588417299686293e-07,1.569706463907339654e-07,1.517443863774289438e-07,1.465758467419640678e-07,1.414603849399562872e-07,1.363929421068761793e-07,1.313680582447354140e-07,1.263798923413304312e-07,1.214222484596344481e-07,1.164886088929182035e-07,1.115721756416722057e-07,1.066659218234817802e-07,1.017626553195982914e-07,9.685509821910933223e-08,9.193598781440328200e-08,8.699820865484685857e-08,8.203497156336169964e-08,7.704006650084798256e-08,7.200823529577466471e-08,6.693574431958708850e-08,6.182129946397195255e-08,5.666756310583258910e-08,5.148376096214593833e-08,4.629032438788883549e-08,4.112745192474657551e-08,3.607138942409775077e-08,3.126581721704372381e-08,2.698002274591011517e-08,2.369596940327150866e-08,2.214222877556668363e-08,1.614485300611164656e-08,1.290289024853733496e-08,1.796129757499457830e-08,2.297887044264084811e-08,2.295046626928900909e-08,1.814045952260880313e-08,1.379446276408800790e-08,1.681119041050043775e-08,2.194747298340633653e-08,2.308606697615771717e-08,1.944894849341011621e-08,1.498881507974913799e-08,1.654226762487014408e-08,2.150315444792738100e-08,2.341580633239978331e-08,2.059412732683369757e-08,1.599340301965136200e-08,1.631317370033530859e-08,2.108998723466887140e-08,2.368236183746462734e-08,2.152512204198245848e-08,1.676029130129758937e-08,1.607438246508469977e-08,2.089726702505292925e-08,3.091568326407654224e-08,4.248536511792444984e-08,5.448079601306158332e-08,6.650987172899469726e-08,7.838620127457443756e-08,8.999498446845362393e-08,1.012517298036236158e-07,1.120871959065495410e-07,1.224411905390206445e-07,1.322598125686163681e-07,1.414941859831367877e-07,1.500998984706603171e-07,1.580367970704383656e-07,1.652689766604244832e-07,1.717648798556841060e-07,1.774974671533564710e-07,1.824444372339333073e-07,1.865884893578551975e-07,1.899176274913528184e-07,1.924255114975227795e-07,1.941118656936744803e-07,1.949829600377361452e-07,1.950521846239681417e-07,1.943407443127562790e-07,1.928785072515560281e-07,1.907050484737352056e-07,1.878709367368833085e-07,1.844393170841283312e-07,1.804878388245183773e-07,1.761109603948462563e-07,1.714226143761796819e-07,1.665591146380273220e-07,1.616820007962436918e-07,1.569802082465059704e-07,1.526705137770510170e-07,1.489947086263169843e-07,1.462116387326341296e-07,1.445826044343731442e-07,1.443501838437240074e-07,1.457134060038773128e-07,1.488052144889082610e-07,1.536791103794783683e-07,1.603092082055600433e-07,1.686028184836275093e-07,1.784203523800825682e-07,1.895962382178252317e-07,2.019563331626831883e-07,2.153300424376366485e-07,2.295574214533724666e-07,2.444924804986966669e-07,2.600040303319918701e-07,2.759751425361400590e-07,2.923019534316349477e-07,3.088922504035481660e-07,3.256640772119902032e-07,3.425444688694443309e-07,3.594683547833382271e-07,3.763776312799420285e-07,3.932203871915023944e-07,4.099502598480149510e-07,4.265258981695101304e-07,4.429105115522972860e-07,4.590714862416245502e-07,4.749800540507075938e-07,4.906110012350117284e-07,5.059424079101231234e-07,5.209554105792826565e-07,5.356339821354691868e-07,5.499647251672349789e-07,5.639368675382268865e-07,5.775425866075325608e-07,5.907764480239326308e-07,6.036348406450052069e-07,6.161156735430670358e-07,6.282183450390340593e-07,6.399439982708069638e-07,6.512960791166531455e-07,6.622812109213190275e-07,6.729103969778787478e-07,6.832005565277389892e-07,6.931763932339748610e-07,7.028725861346721543e-07,7.123362806229065902e-07,7.216298386899927528e-07,7.308337803236535002e-07,7.400498079975631435e-07,7.494037504255595416e-07,7.590481882174951402e-07,7.691644325088990060e-07,7.799634189590119884e-07,7.916849536713623636e-07,8.045945997313891144e-07,8.189773088976632507e-07,8.351266560046525209e-07,8.533281887019422617e-07,8.738349353870488383e-07,8.968325393677695459e-07,9.223909422623950497e-07,9.503993781699188398e-07,9.804823672756895961e-07,1.011897584686112277e-06,1.043423518893409495e-06,1.073257202556926629e-06,1.098959826526522184e-06,1.117506063669663154e-06,1.125499209038062540e-06,1.119590297455237329e-06
1.119235604105564654e-06,1.075120109664113303e-06,1.022542511205016172e-06,9.668594340657175029e-07,9.117627795570917452e-07,8.596042335239262976e-07,8.117212556484540319e-07,7.687200582507028688e-07,7.307091805456313076e-07,6.974831571451307177e-07,6.686586110451843876e-07,6.437686015530026195e-07,6.223235148087101246e-07,6.038473409354064719e-07,5.878972124408379415e-07,5.740723654076113729e-07,5.620168753196262870e-07,5.514189780412621997e-07,5.420086443928583001e-07,5.335543228585627245e-07,5.258593216008295304e-07,5.187580724281447298e-07,5.121124188207643191e-07,5.058080319352560926e-07,4.997510410749728210e-07,4.938649477457831304e-07,4.880878692922494194e-07,4.823701316252178845e-07,4.766722057890986441e-07,4.709629642887003623e-07,4.652182220380554848e-07,4.594195230097037523e-07,4.535531351823669065e-07,4.476092207923839155e-07,4.415811541095404363e-07,4.354649636247572216e-07,4.292588790646733250e-07,4.229629660381598230e-07,4.165788327155252988e-07,4.101093941953188986e-07,4.035586815216924378e-07,3.969316839230962530e-07,3.902341743313316758e-07,3.834724622364732447e-07,3.766533213765423600e-07,3.697839565578962095e-07,3.628719624671687297e-07,3.559252750052883418e-07,3.489521158537371142e-07,3.419609311477276962e-07,3.349603252755745898e-07,3.279589909436606350e-07,3.209656367379722606e-07,3.139889134726148927e-07,3.070373406401917509e-07,3.001192342665047728e-07,2.932426374218176771e-07,2.864152545532444754e-07,2.796443906793819108e-07,2.729368963322174631e-07,2.662991189472352764e-07,2.597368611965844526e-07,2.532553465395872361e-07,2.468591920382758924e-07,2.405523882624301302e-07,2.343382858985206840e-07,2.282195884897525203e-07,2.221983505791762358e-07,2.162759804125461569e-07,2.104532462884796267e-07,2.047302856245460943e-07,1.991066158405728292e-07,1.935811462431771422e-07,1.881521902237809205e-07,1.828174772486188061e-07,1.775741643132932790e-07,1.724188467437971813e-07,1.673475684365469029e-07,1.623558318270040563e-07,1.574386080452118578e-07,1.525903478435721890e-07,1.478049939562391252e-07,1.430759955628077184e-07,1.383963254781469538e-07,1.337585005772966151e-07,1.291546057977714075e-07,1.245763218573996409e-07,1.200149566091005244e-07,1.154614797616711319e-07,1.109065605810463315e-07,1.063406082280230494e-07,1.017538147055961792e-07,9.713620117201700433e-08,9.247766994068910861e-08,8.776806738224786411e-08,8.299726814901725378e-08,7.815530047779225747e-08,7.323254928500416341e-08,6.822010528567607091e-08,6.311038876130874482e-08,5.789829667108029703e-08,5.258337081623782757e-08,4.717402583623054496e-08,4.169610942256762131e-08,3.621099890316325160e-08,3.085547222538636059e-08,2.593058535151017213e-08,2.207794786279874557e-08,2.044526982627385236e-08,1.609855523970016747e-08,1.525736416039742043e-08,1.949832710028401115e-08,2.266528650636454449e-08,2.159700231347646343e-08,1.757869187199526518e-08,1.588087406710029036e-08,1.916839579028027419e-08,2.225088684566955368e-08,2.147109778555792503e-08,1.769523549260189637e-08,1.616869073661507676e-08,1.988040966260218504e-08,2.352485676876607488e-08,2.302346928523800191e-08,1.879353511996509442e-08,1.620369173783864924e-08,1.995703544732179450e-08,2.453944041478372296e-08,2.466887138568238978e-08,1.991371448251842994e-08,1.558045563541028270e-08,1.943668035907375156e-08,2.591451931053278000e-08,3.610617086749567551e-08,4.765453754699207968e-08,5.968100535342293069e-08,7.181095137230756275e-08,8.384156735938568506e-08,9.563887850224271456e-08,1.071013155496578164e-07,1.181449948146708970e-07,1.286971113374655328e-07,1.386927398871906100e-07,1.480732117152773723e-07,1.567852801320440396e-07,1.647807083955948510e-07,1.720160975430780372e-07,1.784528586168056907e-07,1.840572775305868551e-07,1.888006444790159815e-07,1.926594336535466014e-07,1.956155280856118480e-07,1.976564912901783876e-07,1.987758935403596807e-07,1.989737070886679529e-07,1.982567923170374041e-07,1.966395065119828981e-07,1.941444797177922748e-07,1.908036191066942421e-07,1.866594258735660266e-07,1.817667380900712782e-07,1.761950496787126936e-07,1.700315973551516676e-07,1.633854444453573765e-07,1.563927964936072761e-07,1.492236966793916496e-07,1.420899410364405699e-07,1.352532949167165293e-07,1.290315685604250111e-07,1.237976577262120165e-07,1.199640131344352681e-07,1.179450141707816940e-07,1.180971266691725148e-07,1.206526720039871593e-07,1.256765193544003552e-07,1.330682629454416933e-07,1.426058514989793424e-07,1.540050006559227879e-07,1.669695377447304852e-07,1.812224069960893287e-07,1.965192977569357531e-07,2.126512126256750917e-07,2.294415952588989397e-07,2.467415470747325503e-07,2.644249182525698003e-07,2.823839999284856130e-07,3.005260083316111520e-07,3.187703198140397243e-07,3.370463367427970336e-07,3.552918532006897914e-07,3.734518042883132118e-07,3.914773045375528069e-07,4.093249018696310509e-07,4.269559911421375504e-07,4.443363452693073989e-07,4.614357325942194047e-07,4.782275972662130120e-07,4.946887854286284013e-07,5.107993045474621276e-07,5.265421065984917935e-07,5.419028883719176048e-07,5.568699040671792472e-07,5.714339109596842244e-07,5.855882806990729134e-07,5.993284976808522377e-07,6.126517233890311949e-07,6.255566159834846090e-07,6.380434174137670402e-07,6.501143240964877511e-07,6.617741572308634033e-07,6.730313459105292310e-07,6.838992311214141188e-07,6.943976922354485470e-07,7.045550902037695850e-07,7.144105132739243249e-07,7.240163008023644721e-07,7.334408065770298073e-07,7.427713417481586000e-07,7.521172047066331166e-07,7.616126562959790419e-07,7.714196291629400083e-07,7.817298663867008116e-07,7.927660642435221711e-07,8.047814440439562795e-07,8.180569918951524636e-07,8.328953689671390754e-07,8.496101842349953961e-07,8.685089058112692422e-07,8.898671448136727430e-07,9.138914058169967362e-07,9.406668127990608605e-07,9.700861829369585116e-07,1.001757922046587154e-06,1.034893875385736209e-06,1.068186278488476684e-06,1.099696932944079334e-06,1.126801291228624227e-06,1.146249537057914129e-06,1.154411576696084871e-06,1.147742228330886977e-06
1.143840855275819162e-06,1.097107184345337302e-06,1.041645599033433909e-06,9.830676830711769597e-07,9.252243479759990754e-07,8.705662795419937723e-07,8.204861244198862813e-07,7.756104103900371786e-07,7.360411651402753887e-07,7.015479063339817092e-07,6.717115138072966267e-07,6.460249139096199916e-07,6.239584963854000775e-07,6.049992196761636943e-07,5.886716307230438143e-07,5.745473559227738992e-07,5.622477546385075184e-07,5.514428032342364498e-07,5.418480616684784073e-07,5.332207636765099365e-07,5.253555848928400746e-07,5.180803803830633907e-07,5.112520544082121913e-07,5.047526648937624238e-07,4.984858322380275148e-07,4.923734966729478081e-07,4.863530441001438996e-07,4.803747979626682341e-07,4.743998570674827149e-07,4.683982482263453447e-07,4.623473581543072800e-07,4.562306097411881224e-07,4.500363513973947948e-07,4.437569326147493941e-07,4.373879427553013174e-07,4.309275927378045628e-07,4.243762207287968276e-07,4.177359035558423907e-07,4.110101558805907570e-07,4.042036996854747046e-07,3.973222876647062976e-07,3.903725657882521509e-07,3.833619236778140291e-07,3.762982642674719386e-07,3.691899216568200692e-07,3.620456143687638016e-07,3.548743915773053049e-07,3.476855729969908561e-07,3.404886832672550818e-07,3.332933817892236081e-07,3.261093890759881797e-07,3.189464107565855857e-07,3.118140604259761462e-07,3.047217825558295817e-07,2.976787766721477583e-07,2.906939239647561878e-07,2.837757174204891169e-07,2.769321964675498560e-07,2.701708869853073977e-07,2.634987473751975897e-07,2.569221212092355260e-07,2.504466967789340939e-07,2.440774736663568931e-07,2.378187362586773129e-07,2.316740339367090411e-07,2.256461674953439193e-07,2.197371812083723275e-07,2.139483598396516471e-07,2.082802298335139769e-07,2.027325638941960024e-07,1.973043881889375900e-07,1.919939914813096497e-07,1.867989356161471512e-07,1.817160669277022065e-07,1.767415283176506600e-07,1.718707719359488089e-07,1.670985725796896710e-07,1.624190420862568460e-07,1.578256451202941725e-07,1.533112168234445139e-07,1.488679827979238241e-07,1.444875818197273896e-07,1.401610915190012200e-07,1.358790570233619002e-07,1.316315222396863791e-07,1.274080630615493732e-07,1.231978213487502005e-07,1.189895380530265128e-07,1.147715833863486941e-07,1.105319814785982029e-07,1.062584265952182521e-07,1.019382877496524725e-07,9.755859855937566595e-08,9.310602965034474943e-08,8.856684216941442202e-08,8.392682370468445559e-08,7.917121350573018607e-08,7.428463514244213524e-08,6.925107760526113416e-08,6.405401355343688173e-08,5.867684676177738090e-08,5.310411582822330070e-08,4.732444878220836237e-08,4.133773785538870379e-08,3.517317861845972722e-08,2.893777253190309500e-08,2.295745020680070472e-08,1.818610485017065004e-08,1.685620505837338941e-08,1.630170167317953737e-08,1.882955489785577837e-08,2.177003187691015413e-08,2.196153377365814422e-08,1.929359308686101178e-08,1.729987821810812209e-08,1.946126659506608964e-08,2.268559922045871441e-08,2.257992572872570512e-08,1.836800323848798313e-08,1.449278793131106394e-08,1.793922670132440930e-08,2.398047444292650746e-08,2.586095376115085464e-08,2.183460259404750146e-08,1.549498892918690137e-08,1.704681373783243101e-08,2.484356101306287230e-08,2.891850645832377763e-08,2.559042969963689006e-08,1.652669926172149399e-08,1.369565394402331440e-08,2.410520037062204607e-08,3.233486488171528801e-08,4.285419125786205398e-08,5.444974055647664259e-08,6.654317929732299367e-08,7.881709442763038739e-08,9.106647061643448805e-08,1.031411014264645778e-07,1.149210804637469647e-07,1.263052795440633684e-07,1.372054564422053853e-07,1.475430381311230216e-07,1.572472811943378317e-07,1.662541910691039975e-07,1.745058844109043818e-07,1.819502234718739548e-07,1.885406249686809140e-07,1.942359855988003781e-07,1.990006890538175417e-07,2.028046732533839771e-07,2.056235457873745434e-07,2.074387425277797966e-07,2.082377304783572395e-07,2.080142621961235669e-07,2.067686964719370054e-07,2.045084094455593897e-07,2.012483333412034465e-07,1.970116785461008428e-07,1.918309218265422908e-07,1.857491836606078313e-07,1.788221778747564861e-07,1.711210071003175131e-07,1.627362116073115918e-07,1.537836713830169897e-07,1.444132149999798266e-07,1.348210534592829630e-07,1.252672081498887727e-07,1.160982442234079806e-07,1.077721427262003682e-07,1.008730458355225343e-07,9.608759787474347177e-08,9.410442570465005719e-08,9.543266333003202813e-08,1.002296319442024656e-07,1.082725312059417134e-07,1.190919164126124117e-07,1.321477568145546483e-07,1.469451742275387443e-07,1.630768008799489528e-07,1.802223845747034645e-07,1.981331029436853002e-07,2.166142668964358217e-07,2.355110144323129057e-07,2.546976554019352798e-07,2.740700764313282642e-07,2.935404165547762927e-07,3.130333450762182501e-07,3.324834467859090149e-07,3.518333674670408704e-07,3.710324816114002476e-07,3.900359201480544112e-07,4.088038475899792397e-07,4.273009128221405491e-07,4.454958212654032621e-07,4.633609921109709378e-07,4.808722752408514210e-07,4.980087099921507339e-07,5.147523131841556033e-07,5.310878875345057264e-07,5.470028442294508041e-07,5.624870353093751782e-07,5.775326678499167739e-07,5.921342770615814650e-07,6.062882989129599880e-07,6.199927522764318084e-07,6.332471631387715401e-07,6.460527470076757632e-07,6.584128687729548391e-07,6.703337983648488086e-07,6.818257764615053603e-07,6.929043981505758126e-07,7.035923147488174576e-07,7.139212456549134269e-07,7.239342834374329306e-07,7.336884658312073454e-07,7.432575762627177452e-07,7.527351168580961710e-07,7.622373700676794316e-07,7.719064213894048376e-07,7.819129499763167990e-07,7.924585000748853906e-07,8.037768184804013135e-07,8.161336751857310120e-07,8.298243669745029990e-07,8.451678216255389408e-07,8.624958502468914508e-07,8.821356091275010006e-07,9.043827150852964868e-07,9.294617487505125908e-07,9.574702523727946826e-07,9.883022211802295914e-07,1.021548376942439374e-06,1.056374665500146125e-06,1.091389412010474163e-06,1.124525111900408859e-06,1.152982243051117038e-06,1.173302879297925435e-06,1.181644713389628309e-06,1.174288494273142825e-06
1.166888089020001298e-06,1.117803945984426066e-06,1.059737694103991649e-06,9.985212086008897372e-07,9.381467185260940950e-07,8.811582426902904127e-07,8.290052968781555509e-07,7.823402723130443028e-07,7.412657103718404977e-07,7.055331436100382221e-07,6.746940018743721234e-07,6.482063808445232446e-07,6.255050021528406589e-07,6.060432682363322925e-07,5.893158979191503693e-07,5.748690602982857130e-07,5.623030364079521382e-07,5.512707446152554950e-07,5.414741752369733966e-07,5.326599057808554602e-07,5.246143320101305422e-07,5.171589490333384285e-07,5.101458593119893517e-07,5.034536040436128487e-07,4.969833696305902866e-07,4.906555910255325062e-07,4.844069508570781046e-07,4.781877560598203074e-07,4.719596627778103348e-07,4.656937155506547552e-07,4.593686670182724580e-07,4.529695476123551736e-07,4.464864588946444962e-07,4.399135678175484139e-07,4.332482814403715323e-07,4.264905824598963233e-07,4.196425057150578542e-07,4.127077352228422291e-07,4.056913009039220946e-07,3.985993544113249911e-07,3.914390046105077880e-07,3.842181952746680611e-07,3.769455730482506285e-07,3.696302707747140503e-07,3.622818204692607758e-07,3.549100990338498534e-07,3.475252678059063469e-07,3.401377066562266697e-07,3.327579434603086460e-07,3.253965798600296291e-07,3.180642143066360025e-07,3.107713634290501834e-07,3.035283828015425921e-07,2.963453881902375936e-07,2.892321783376703355e-07,2.821981602982189345e-07,2.752522782650104947e-07,2.684029467319834141e-07,2.616579887152998776e-07,2.550245796193987756e-07,2.485091971789055795e-07,2.421175777437116553e-07,2.358546790071160465e-07,2.297246491131574058e-07,2.237308019268674167e-07,2.178755981180352150e-07,2.121606316027705899e-07,2.065866208143877881e-07,2.011534042410728140e-07,1.958599396754579521e-07,1.907043066708430630e-07,1.856837117873569027e-07,1.807944963322674639e-07,1.760321464417572730e-07,1.713913055032744431e-07,1.668657890618316936e-07,1.624486024723534154e-07,1.581319616348123035e-07,1.539073171617324327e-07,1.497653822632473852e-07,1.456961644814464292e-07,1.416890011559597257e-07,1.377325981544330628e-07,1.338150709574765674e-07,1.299239866547313167e-07,1.260464047964530620e-07,1.221689143636764209e-07,1.182776633780717172e-07,1.143583768742722544e-07,1.103963581004403791e-07,1.063764668868090408e-07,1.022830681084706673e-07,9.809994204460846045e-08,9.381014718402605533e-08,8.939582466016076216e-08,8.483793212560232018e-08,8.011589384673510582e-08,7.520715406572175870e-08,7.008662469196233430e-08,6.472603244485589740e-08,5.909321130264803808e-08,5.315149984855619128e-08,4.685972957028639909e-08,4.017429940263189591e-08,3.305835738500864385e-08,2.551790111221498984e-08,1.776541013938603674e-08,1.119455582386057832e-08,1.179946315878965085e-08,1.791899829643846234e-08,2.331382956273141535e-08,2.435783446694750119e-08,2.069666169814942128e-08,1.643440778647791085e-08,1.907580110997847098e-08,2.565381953355592124e-08,2.855657050027439164e-08,2.457787813299737215e-08,1.478583819067164821e-08,9.970489890493259477e-09,2.021870604150477275e-08,2.820010882097695226e-08,2.805011231657596571e-08,1.959153496300919605e-08,1.046627060603775783e-08,1.972732588546089607e-08,3.131825008827747254e-08,3.464502233200827231e-08,2.730677804931700739e-08,1.164010215872298416e-08,1.242613092699996293e-08,2.994669143386984422e-08,3.963882742530419248e-08,5.060156072396646241e-08,6.238035380088647658e-08,7.464916132020043455e-08,8.716290444229134954e-08,9.972794104649177478e-08,1.121848175408676404e-07,1.243980149721580549e-07,1.362496480589125041e-07,1.476354667054069551e-07,1.584622502735540417e-07,1.686460761329289282e-07,1.781111560132011766e-07,1.867890524391179430e-07,1.946181563098684876e-07,2.015433478322523629e-07,2.075157884506186845e-07,2.124928077150191404e-07,2.164378599488519326e-07,2.193205333455542731e-07,2.211166001294285523e-07,2.218081015977759191e-07,2.213834669474559699e-07,2.198376704631273675e-07,2.171724387017454966e-07,2.133965288385176424e-07,2.085261130004381644e-07,2.025853238765527776e-07,1.956070486259513406e-07,1.876341087656261121e-07,1.787210467123387052e-07,1.689368787732858451e-07,1.583694121925837593e-07,1.471321358511870717e-07,1.353754084770828940e-07,1.233048726524651815e-07,1.112118566240999741e-07,9.952241012489056221e-08,8.886950611075130062e-08,8.017146069399356031e-08,7.462659638747978849e-08,7.343321740499121410e-08,7.720378238473279141e-08,8.560825357712065686e-08,9.769966612145444041e-08,1.124683394530679681e-07,1.291167543066226033e-07,1.470818012322074775e-07,1.659753687109805437e-07,1.855252399056877905e-07,2.055336574469397859e-07,2.258510623416149142e-07,2.463598878451849372e-07,2.669645342588611954e-07,2.875850758034470916e-07,3.081532312109091235e-07,3.286097263156425805e-07,3.489025272000697800e-07,3.689856272553599357e-07,3.888181924244121213e-07,4.083639413968355586e-07,4.275906817975149922e-07,4.464699509559002698e-07,4.649767273007779163e-07,4.830891896859056180e-07,5.007885093359973941e-07,5.180586640190060883e-07,5.348862673701711907e-07,5.512604085633514210e-07,5.671724990956782229e-07,5.826161654253674758e-07,5.975871390805859114e-07,6.120829091865824885e-07,6.261025084737817581e-07,6.396465245890192775e-07,6.527173572506420044e-07,6.653197444431109421e-07,6.774615792634078077e-07,6.891550341340225790e-07,7.004180018440636427e-07,7.112758542329752962e-07,7.217635101280624874e-07,7.319277948600755159e-07,7.418300640714998907e-07,7.515490532434289929e-07,7.611838985534039427e-07,7.708572497951884248e-07,7.807183559728591430e-07,7.909459414075497090e-07,8.017505966207493997e-07,8.133762752866976060e-07,8.261003066172038620e-07,8.402310894502399729e-07,8.561023127317780927e-07,8.740621232411464202e-07,8.944551094976256854e-07,9.175942811630019792e-07,9.437194468422897594e-07,9.729377276865631798e-07,1.005141875711236716e-06,1.039903558277619473e-06,1.076343425927923798e-06,1.112989728343249284e-06,1.147654231720550737e-06,1.177377151651193173e-06,1.198513699325430986e-06,1.207035150749104791e-06,1.199072866649601555e-06
1.188294259783257454e-06,1.137154431780815797e-06,1.076788130399070403e-06,1.013212323063559461e-06,9.505432654477413765e-07,8.914126353811903852e-07,8.373282123542311572e-07,7.889736228866220098e-07,7.464590580073305401e-07,7.095254463087478757e-07,6.777015073394396136e-07,6.504162218516354330e-07,6.270732760688591612e-07,6.070961668632854370e-07,5.899526055446619698e-07,5.751654452906249734e-07,5.623154826567919325e-07,5.510397371485487623e-07,5.410274520710817771e-07,5.320151208577306043e-07,5.237812543006863649e-07,5.161412632945094287e-07,5.089426460424056652e-07,5.020605700012452842e-07,4.953938845824866625e-07,4.888615682017193296e-07,4.823995927592656505e-07,4.759581764309909398e-07,4.694993902317949330e-07,4.629950836864708188e-07,4.564250981437796843e-07,4.497757407073832077e-07,4.430384957181827407e-07,4.362089532036015479e-07,4.292859344670873940e-07,4.222707943717388355e-07,4.151668785427053205e-07,4.079791124037081177e-07,4.007136982788494009e-07,3.933778971124644164e-07,3.859798728165771678e-07,3.785285797467677737e-07,3.710336417808341266e-07,3.635051472050367413e-07,3.559535605138436479e-07,3.483896647362256955e-07,3.408244982039298144e-07,3.332692864148497084e-07,3.257353697282626624e-07,3.182341276994165981e-07,3.107769009169921102e-07,3.033749112467422029e-07,2.960391814067469050e-07,2.887804548031048408e-07,2.816091165387282684e-07,2.745351164718731480e-07,2.675678951452944669e-07,2.607163133322971006e-07,2.539885858540250079e-07,2.473922202155429388e-07,2.409339604899825592e-07,2.346197367545875210e-07,2.284546202551679751e-07,2.224427843523083322e-07,2.165874711902614608e-07,2.108909639345664474e-07,2.053545643534537809e-07,1.999785754765066302e-07,1.947622890556073656e-07,1.897039775793134788e-07,1.848008906508165602e-07,1.800492556263345937e-07,1.754442825161584620e-07,1.709801732618817609e-07,1.666501356046671882e-07,1.624464018325193517e-07,1.583602527202448313e-07,1.543820469354663571e-07,1.505012560613002320e-07,1.467065051683849841e-07,1.429856185479192742e-07,1.393256697905137772e-07,1.357130348651702883e-07,1.321334462244396560e-07,1.285720452432508946e-07,1.250134294963164179e-07,1.214416904940409367e-07,1.178404365226862789e-07,1.141927941517554579e-07,1.104813807436511703e-07,1.066882388689945117e-07,1.027947218087641000e-07,9.878131718896144490e-08,9.462739307581701958e-08,9.031084732955755198e-08,8.580763636002224821e-08,8.109115322125857866e-08,7.613141663352719761e-08,7.089402118911213217e-08,6.533878343361753403e-08,5.941799673510463896e-08,5.307417643965200708e-08,4.623712932528863408e-08,3.882010488554099693e-08,3.071465468076043559e-08,2.178360273650981577e-08,1.185144327555748001e-08,7.630147000485218809e-10,1.204637600529809336e-08,2.270389650066304592e-08,2.775871240161306995e-08,2.538746841238202163e-08,1.742728966084941175e-08,1.527424051512742335e-08,2.628894142501981722e-08,3.646991841172466525e-08,3.869573139382459541e-08,3.096590783743717663e-08,1.501699420376409485e-08,5.609404784537612036e-09,2.241471801570306967e-08,3.153259998089734908e-08,2.928334048128017076e-08,1.606599464674677692e-08,5.789744208003395530e-09,2.593477232473165030e-08,4.029370138374554773e-08,4.295606936412156695e-08,3.235468902371590774e-08,1.168753082182603511e-08,1.531243439133897684e-08,3.644695838005058940e-08,4.687897999917422163e-08,5.833078849544548573e-08,7.051183922798622473e-08,8.318708487010690826e-08,9.615094901593605022e-08,1.092208324736142325e-07,1.222339555154713796e-07,1.350447736905538008e-07,1.475226835588741965e-07,1.595500623517045795e-07,1.710206613977868364e-07,1.818383299300057726e-07,1.919160252812385966e-07,2.011750611371146059e-07,2.095445488085632679e-07,2.169609923930565638e-07,2.233680049016912753e-07,2.287161180805739025e-07,2.329626635601198210e-07,2.360717072127258864e-07,2.380140223775765069e-07,2.387670911474184040e-07,2.383151264586342551e-07,2.366491115834768418e-07,2.337668581897474430e-07,2.296730899905039436e-07,2.243795670722215685e-07,2.179052777894624376e-07,2.102767432848985706e-07,2.015285089522229443e-07,1.917039462183164389e-07,1.808565735123798406e-07,1.690522600841527638e-07,1.563729677744745758e-07,1.429232569557517611e-07,1.288419473191410004e-07,1.143237825939274739e-07,9.966122856676341804e-08,8.532743393647017948e-08,7.213865855074403687e-08,6.152395179015088294e-08,5.568532180768506245e-08,5.674262775175419223e-08,6.482361086528556766e-08,7.809727311237812308e-08,9.461846437970093790e-08,1.131122922221048909e-07,1.328396640529602742e-07,1.533647553545384334e-07,1.744133018180419954e-07,1.957991688853582425e-07,2.173867866658484219e-07,2.390713579049654829e-07,2.607679981056057010e-07,2.824055236791819449e-07,3.039227550466553944e-07,3.252662322874111336e-07,3.463887512163525326e-07,3.672483900496763574e-07,3.878078367473342195e-07,4.080339044428161808e-07,4.278971665019249934e-07,4.473716686870084429e-07,4.664346915479982866e-07,4.850665458193243843e-07,5.032503896841923899e-07,5.209720606644675361e-07,5.382199174268082832e-07,5.549846884607848870e-07,5.712593256898675535e-07,5.870388807512224645e-07,6.023203527310161838e-07,6.171024206754628015e-07,6.313853192642274855e-07,6.451709214948905984e-07,6.584630533340124527e-07,6.712680675721985268e-07,6.835957020769032660e-07,6.954602422225496875e-07,7.068819994538861909e-07,7.178891086646181800e-07,7.285196372085529266e-07,7.388239884547174699e-07,7.488675727661656946e-07,7.587337074897204818e-07,7.685266923729743134e-07,7.783749833344275844e-07,7.884343493102671361e-07,7.988908357888543705e-07,8.099632649516289328e-07,8.219048651567109289e-07,8.350034293609064423e-07,8.495791377485169880e-07,8.659788245785038079e-07,8.845649983918016007e-07,9.056973140657542821e-07,9.297034408689965694e-07,9.568354363338270116e-07,9.872070446928005107e-07,1.020707325218820186e-06,1.056887727000744591e-06,1.094824883400437192e-06,1.132972242271469500e-06,1.169031889849179014e-06,1.199902040385637510e-06,1.221776449499795717e-06,1.230469368290086937e-06,1.221988814767512632e-06
1.208017575965796527e-06,1.155134488127606700e-06,1.092788141506878293e-06,1.027146382774567572e-06,9.624331915398383478e-07,9.013622616884418720e-07,8.455005047763101654e-07,7.955676286718937922e-07,7.516883656301869819e-07,7.136004728414731841e-07,6.808169314236079685e-07,6.527436058429966316e-07,6.287580236083735812e-07,6.082575923069913904e-07,5.906859231577540479e-07,5.755447227336093664e-07,5.623968923836825874e-07,5.508646976784942910e-07,5.406254482588649642e-07,5.314061265537123143e-07,5.229777620788934128e-07,5.151499670992800336e-07,5.077658360354314769e-07,5.006972953626196336e-07,4.938409282853727701e-07,4.871142642900729261e-07,4.804525054503990481e-07,4.738056532510890864e-07,4.671359984399222057e-07,4.604159394347755287e-07,4.536260997183610756e-07,4.467537194429083313e-07,4.397912998084092473e-07,4.327354801371017695e-07,4.255861271117964054e-07,4.183456140053458983e-07,4.110182657141962542e-07,4.036099437822323897e-07,3.961277449269974199e-07,3.885797871645125631e-07,3.809750595177468615e-07,3.733233143098899829e-07,3.656349517796778789e-07,3.579208246031987269e-07,3.501921509324978883e-07,3.424604559442704967e-07,3.347375081513026414e-07,3.270352510195539943e-07,3.193657305000436264e-07,3.117410191420684437e-07,3.041731375016546814e-07,2.966739735955003013e-07,2.892552011750266460e-07,2.819281976066581870e-07,2.747039621423731794e-07,2.675930353484415354e-07,2.606054204299598647e-07,2.537505071446010098e-07,2.470369989418503810e-07,2.404728438954833096e-07,2.340651699195943186e-07,2.278202246754155520e-07,2.217433204916243003e-07,2.158387845397492085e-07,2.101099144340594654e-07,2.045589393674723427e-07,1.991869868566172021e-07,1.939940551542066337e-07,1.889789913973467635e-07,1.841394755958059211e-07,1.794720106206607622e-07,1.749719184235410446e-07,1.706333427884491706e-07,1.664492589769609655e-07,1.624114906560153858e-07,1.585107344767304685e-07,1.547365925843479068e-07,1.510776131673327322e-07,1.475213388854861220e-07,1.440543626454002650e-07,1.406623897150541505e-07,1.373303045914528956e-07,1.340422403636372534e-07,1.307816475577808334e-07,1.275313586204210420e-07,1.242736432955780434e-07,1.209902491809000623e-07,1.176624206983984246e-07,1.142708885699588703e-07,1.107958206239219052e-07,1.072167233549707435e-07,1.035122821099092065e-07,9.966012611830579402e-08,9.563650297972320426e-08,9.141584604122375683e-08,8.697021822031692298e-08,8.226861914974126507e-08,7.727615318411654317e-08,7.195308308663334448e-08,6.625385995108910213e-08,6.012637964641714125e-08,5.351212611483269685e-08,4.634902289214687565e-08,3.858261116801103041e-08,3.020632057863874782e-08,2.143064319353300656e-08,1.363239205062056676e-08,1.317238229896364182e-08,2.326427072078929641e-08,3.060771562768999725e-08,3.054492473922676484e-08,2.212042635525997034e-08,1.259857325229340256e-08,2.465846893741174502e-08,4.285443031528141832e-08,5.445298408511506472e-08,5.468262304805359817e-08,4.266780126359352453e-08,2.140767923974690773e-08,3.626696848204377137e-09,2.367091085300100750e-08,3.363511985906623940e-08,3.001745795366849932e-08,1.474890805181411120e-08,1.468520591393783443e-08,3.727772008285019982e-08,5.306130648242515283e-08,5.537248148624866569e-08,4.319433609644459819e-08,2.297530797598978356e-08,2.305666606671994352e-08,4.252364795853103155e-08,5.273336195355004595e-08,6.472695142480994797e-08,7.765335357573038266e-08,9.112330905214097653e-08,1.048972012231827036e-07,1.187883033235914330e-07,1.326336115076260116e-07,1.462850264789300351e-07,1.596065454119399932e-07,1.724731438800564867e-07,1.847700903974422998e-07,1.963923677468533122e-07,2.072441440322257844e-07,2.172383010962040792e-07,2.262960338141075234e-07,2.343465260845349752e-07,2.413267011817793072e-07,2.471810384822454771e-07,2.518614454539757064e-07,2.553271725852017316e-07,2.575447590256693536e-07,2.584879976955459955e-07,2.581379102249723176e-07,2.564827242110191601e-07,2.535178479335432097e-07,2.492458410080870334e-07,2.436763838038903604e-07,2.368262544355070463e-07,2.287193308650738267e-07,2.193866491755583002e-07,2.088665712424705322e-07,1.972051533370401243e-07,1.844568768358930036e-07,1.706860354805648492e-07,1.559693428615710056e-07,1.404009010988934516e-07,1.241019952711072581e-07,1.072414505575694879e-07,9.008107369451958079e-08,7.308618061045402582e-08,5.721649068755518369e-08,4.466730801134735409e-08,3.976381727972082115e-08,4.579518969640486465e-08,5.998657200559319906e-08,7.828803056930305530e-08,9.860181196448100153e-08,1.200018509184766856e-07,1.420373279956987554e-07,1.644547342048598024e-07,1.870911411180142943e-07,2.098298781101466038e-07,2.325804093892965379e-07,2.552684412097464722e-07,2.778307156265837222e-07,3.002121037857243501e-07,3.223638936656791926e-07,3.442427277984233773e-07,3.658099081811797669e-07,3.870309148696513994e-07,4.078750518290463259e-07,4.283151699431598165e-07,4.483274374805231793e-07,4.678911401316157337e-07,4.869884997511297096e-07,5.056045051949965246e-07,5.237267512597529353e-07,5.413452833564667769e-07,5.584524465623900730e-07,5.750427383200953642e-07,5.911126711044806189e-07,6.066606078582123915e-07,6.216865711678522897e-07,6.361921949924160932e-07,6.501808650382419267e-07,6.636580768659059634e-07,6.766320427703288071e-07,6.891145760958881902e-07,7.011222759143467232e-07,7.126780268533810217e-07,7.238128192423076211e-07,7.345678844651725942e-07,7.449971300269416091e-07,7.551698483168012109e-07,7.651736613836930684e-07,7.751176487713917004e-07,7.851355822720608576e-07,7.953891538727722423e-07,8.060710224982079638e-07,8.174074106197730415e-07,8.296598406696010195e-07,8.431253985376619342e-07,8.581346292804626989e-07,8.750457864519628615e-07,8.942336455141179977e-07,9.160704310664781087e-07,9.408955993754241510e-07,9.689703392389020819e-07,1.000411955419390200e-06,1.035103361407055514e-06,1.072574853945899748e-06,1.111860986017263837e-06,1.151346998653617751e-06,1.188638510773442807e-06,1.220512946955240090e-06,1.243031235249073546e-06,1.251882395246717632e-06,1.242977374919850550e-06
1.226053331321900058e-06,1.171747651204278826e-06,1.107747236097683898e-06,1.040338717192575655e-06,9.738388533159817354e-07,9.110377576732054813e-07,8.535616526222022245e-07,8.021703850644938920e-07,7.570095791446554746e-07,7.178210316641253798e-07,6.841089759596425798e-07,6.552622990597503732e-07,6.306374117868402644e-07,6.096095846622930402e-07,5.916013245810057483e-07,5.760954058361307181e-07,5.626384390885997684e-07,5.508390802172755703e-07,5.403635114237224418e-07,5.309297676745888501e-07,5.223017886527067404e-07,5.142836560658424096e-07,5.067142356918101618e-07,4.994623116409473091e-07,4.924222300708689183e-07,4.855100335346465859e-07,4.786600504793165644e-07,4.718218992315165034e-07,4.649578673824883094e-07,4.580406324361980461e-07,4.510512953057825384e-07,4.439777028985712074e-07,4.368130386405342167e-07,4.295546601959492088e-07,4.222031622963466965e-07,4.147616403059959557e-07,4.072351277946419916e-07,3.996301797108903474e-07,3.919545722625473654e-07,3.842170915519372741e-07,3.764273853678744889e-07,3.685958560711320875e-07,3.607335460798068358e-07,3.528519498402366351e-07,3.449629294226360066e-07,3.370786567979475400e-07,3.292115509309992495e-07,3.213742100994458474e-07,3.135793399033489557e-07,3.058396774810416945e-07,2.981679124925740890e-07,2.905766054718832378e-07,2.830781041821762154e-07,2.756844586350741912e-07,2.684073354520761219e-07,2.612579322561609355e-07,2.542468927813246233e-07,2.473842233783318734e-07,2.406792115761648390e-07,2.341403473313971596e-07,2.277752475635425697e-07,2.215905845356443545e-07,2.155920185990987819e-07,2.097841357836988191e-07,2.041703906822973935e-07,1.987530550584110949e-07,1.935331725979505264e-07,1.885105202351216477e-07,1.836835765072730132e-07,1.790494974310377626e-07,1.746041004360599315e-07,1.703418569327511046e-07,1.662558941133327065e-07,1.623380065746763086e-07,1.585786782896348199e-07,1.549671153235404676e-07,1.514912894795460678e-07,1.481379927498538864e-07,1.448929020445046605e-07,1.417406531663491020e-07,1.386649224071414602e-07,1.356485134672394999e-07,1.326734466651440199e-07,1.297210466191071366e-07,1.267720237669034941e-07,1.238065442565411914e-07,1.208042819067972507e-07,1.177444451269106139e-07,1.146057709467360045e-07,1.113664777381285209e-07,1.080041679989925266e-07,1.044956731046942548e-07,1.008168339439791355e-07,9.694221625772213376e-08,9.284476999023570332e-08,8.849546328288106355e-08,8.386296427063548676e-08,7.891352883954965883e-08,7.361142542846653715e-08,6.792059160466333860e-08,6.180902006332724126e-08,5.525926253380414326e-08,4.829324962062796662e-08,4.103283510737451329e-08,3.385481312503714188e-08,2.778091491962055547e-08,2.509921587111059431e-08,2.847080248854451024e-08,3.782117717347486735e-08,3.888030277495204327e-08,2.996548475911665084e-08,1.610788819169458567e-08,2.589147099495685645e-08,5.092819650311651472e-08,7.191227198568255876e-08,8.164082377587129013e-08,7.669909147047786288e-08,5.766794823075685554e-08,2.911487530230737195e-08,2.365538121496791572e-09,2.634590058104636515e-08,3.857294514833860667e-08,3.662359474185416681e-08,2.784250718999111953e-08,3.439653823554483957e-08,5.487648405684430493e-08,7.033988488513065879e-08,7.206998465773871673e-08,5.899654595738535852e-08,3.850474075253736554e-08,3.229430022120237049e-08,4.653134983790008943e-08,5.576462998065806674e-08,6.852801223934789368e-08,8.271001606538573818e-08,9.751333806920917246e-08,1.125883946862359335e-07,1.277286388189958942e-07,1.427745584257018627e-07,1.575844167131023380e-07,1.720260172102178182e-07,1.859749010122557537e-07,1.993142958017781659e-07,2.119353724416925543e-07,2.237374267775764544e-07,2.346279366111842541e-07,2.445225309317834518e-07,2.533449172132654920e-07,2.610268002720358950e-07,2.675078116260576072e-07,2.727354567456212657e-07,2.766650797510734762e-07,2.792598403889389236e-07,2.804906956946732918e-07,2.803363779420568297e-07,2.787833607913406613e-07,2.758258066618398164e-07,2.714654900991621272e-07,2.657116942461156061e-07,2.585810805693321667e-07,2.500975360524193270e-07,2.402920077868496326e-07,2.292023435380167629e-07,2.168731709268979042e-07,2.033558724104717396e-07,1.887087590217758656e-07,1.729976369689232133e-07,1.562971554358817448e-07,1.386937705796336692e-07,1.202922833222291178e-07,1.012310521383221529e-07,8.172105495420628405e-08,6.216220496226195601e-08,4.356687631983931246e-08,2.937233861645532095e-08,2.880119440271548841e-08,4.310337101585819853e-08,6.320693672048448876e-08,8.529880311296358461e-08,1.082704814474045106e-07,1.317005963670662403e-07,1.553765336894963886e-07,1.791650458488948392e-07,2.029691874614998522e-07,2.267114598399294329e-07,2.503263546388764018e-07,2.737567237339663922e-07,2.969518642772720075e-07,3.198664311038818565e-07,3.424597708634503220e-07,3.646954799595329928e-07,3.865410846195465068e-07,4.079677887920820977e-07,4.289502600881951646e-07,4.494664372052467833e-07,4.694973496342689456e-07,4.890269446464027224e-07,5.080419189739223583e-07,5.265315539974319711e-07,5.444875540425553539e-07,5.619038878191832324e-07,5.787766332483116398e-07,5.951038281572156060e-07,6.108853160182933064e-07,6.261226264431027813e-07,6.408189902157912047e-07,6.549795255256053612e-07,6.686116281990442515e-07,6.817256003682670333e-07,6.943355493561721229e-07,7.064605826184418178e-07,7.181263162939867288e-07,7.293667051558149772e-07,7.402261912872497886e-07,7.507621581261048097e-07,7.610476655747296447e-07,7.711744296962824852e-07,7.812559947463746977e-07,7.914310216925451869e-07,8.018665794506238551e-07,8.127612638142976208e-07,8.243478729096356732e-07,8.368952228365958225e-07,8.507084760547227782e-07,8.661270577896019485e-07,8.835188282371381993e-07,9.032686342919054827e-07,9.257586634386944239e-07,9.513371733314226671e-07,9.802712653902261849e-07,1.012678686244512191e-06,1.048433803287667956e-06,1.087045095005610248e-06,1.127507602611543864e-06,1.168146108082542148e-06,1.206484728743916519e-06,1.239203518194788126e-06,1.262261338527842886e-06,1.271254916048638058e-06,1.262023615230364962e-06
1.242429095030908167e-06,1.187020960941078207e-06,1.121689987089155498e-06,1.052812331385412115e-06,9.847841152884201772e-07,9.204663307557034836e-07,8.615439257077064246e-07,8.088199949827390509e-07,7.624666430189007159e-07,7.222364624626402550e-07,6.876317464562454606e-07,6.580305351582626057e-07,6.327732369104113473e-07,6.112170255899133411e-07,5.927663713515175594e-07,5.768873764535267287e-07,5.631119879420970689e-07,5.510364017912560499e-07,5.403164730964214406e-07,5.306618387909573664e-07,5.218297190135631626e-07,5.136189051084327253e-07,5.058641754079194824e-07,4.984312320375227847e-07,4.912121737700745616e-07,4.841214813815384163e-07,4.770924758324889389e-07,4.700742061331882917e-07,4.630287269857039621e-07,4.559287322481584584e-07,4.487555162087835527e-07,4.414972389304416737e-07,4.341474738405897248e-07,4.267040154081022561e-07,4.191679228144201605e-07,4.115427728850745615e-07,4.038340930869875918e-07,3.960489438313299954e-07,3.881956191084844710e-07,3.802834358064743439e-07,3.723225848671916345e-07,3.643240214530116404e-07,3.562993475085123598e-07,3.482606285281527545e-07,3.402203122008352493e-07,3.321911722159504958e-07,3.241862467108496710e-07,3.162187716260268550e-07,3.083021092836478307e-07,3.004496725541821534e-07,2.926748450246313860e-07,2.849908976298418785e-07,2.774109022551013199e-07,2.699476428629125664e-07,2.626135247386362008e-07,2.554204824876453331e-07,2.483798874498302056e-07,2.415024552250007469e-07,2.347981540245597851e-07,2.282761145808697466e-07,2.219445423567101904e-07,2.158106328045574357e-07,2.098804904311622179e-07,2.041590524296236857e-07,1.986500176515898397e-07,1.933557817087167029e-07,1.882773790164855482e-07,1.834144326245116307e-07,1.787651127127098096e-07,1.743261046661286024e-07,1.700925876635912573e-07,1.660582247139524864e-07,1.622151650338420533e-07,1.585540595661595819e-07,1.550640902739749247e-07,1.517330135972693152e-07,1.485472181222375315e-07,1.454917960829416428e-07,1.425506277981403401e-07,1.397064775539930354e-07,1.369410987935349220e-07,1.342353457878846280e-07,1.315692882661906296e-07,1.289223247975685313e-07,1.262732900787581309e-07,1.236005507252327378e-07,1.208820837512021477e-07,1.180955317579627280e-07,1.152182291135827276e-07,1.122271944305311425e-07,1.090990870267191391e-07,1.058101298575345384e-07,1.023360105485306690e-07,9.865178909625629915e-08,9.473187182725291418e-08,9.055016791684938365e-08,8.608064897193769154e-08,8.129872572510381243e-08,7.618422097020125859e-08,7.072741914040496867e-08,6.494104152480734903e-08,5.888366796766286266e-08,5.270506539604224397e-08,4.673083607331967222e-08,4.160034937355555610e-08,3.839256011847212642e-08,3.841319969418527141e-08,4.234454678394965949e-08,4.972302565008465071e-08,4.314363229061165819e-08,2.670945553303082643e-08,3.044116839509306716e-08,6.222002447734980314e-08,9.407686852866028824e-08,1.147788661564831450e-07,1.184618776413651117e-07,1.036311767951643817e-07,7.347865318722808751e-08,3.614327408091037659e-08,1.900444765687043369e-08,4.232052264914324581e-08,5.753516917214941081e-08,5.938915036702460196e-08,5.628697154356638745e-08,6.256927593761193843e-08,7.860029108132114429e-08,9.120635181947449768e-08,9.089278500424046495e-08,7.593306795167943478e-08,5.290685947059544820e-08,3.915554078519368134e-08,4.659513690786036017e-08,5.497437479788743381e-08,6.910077512994923604e-08,8.517803218053506092e-08,1.018980640062030051e-07,1.187900941385753483e-07,1.356321345182120468e-07,1.522749364655871821e-07,1.685901572657203401e-07,1.844561317303625691e-07,1.997550905148842103e-07,2.143735945298184673e-07,2.282035911816629661e-07,2.411433463303928924e-07,2.530981091533421126e-07,2.639805460028276415e-07,2.737110146008328216e-07,2.822177406582140066e-07,2.894369399654931420e-07,2.953129114581054216e-07,2.997981135222678712e-07,3.028532268216168681e-07,3.044472013441401833e-07,3.045572822911793374e-07,3.031690081139467721e-07,3.002761739005801737e-07,2.958807540495540830e-07,2.899927794892225007e-07,2.826301664835813834e-07,2.738184962672714492e-07,2.635907474625426727e-07,2.519869867084911736e-07,2.390540277570420590e-07,2.248450766743075872e-07,2.094193933089026458e-07,1.928420225633074570e-07,1.751836966490212590e-07,1.565211153471037747e-07,1.369380692515530000e-07,1.165285721333090561e-07,9.540535528648688842e-08,7.372527273234116647e-08,5.178312099465456373e-08,3.051804055232988445e-08,1.621792419820341238e-08,2.722007997797654507e-08,4.914795815329274479e-08,7.295962768674111695e-08,9.739623038499802882e-08,1.221187891503929088e-07,1.469683878461206899e-07,1.718416177172715478e-07,1.966583309013068670e-07,2.213508348141499781e-07,2.458595957356524218e-07,2.701312992827079909e-07,2.941178737868118192e-07,3.177759406521519149e-07,3.410664639259013532e-07,3.639544949047680594e-07,3.864089616912773196e-07,4.084024789893410667e-07,4.299111659986557693e-07,4.509144667450009531e-07,4.713949705988131884e-07,4.913382325374993117e-07,5.107325936287090445e-07,5.295690026384321079e-07,5.478408398124215798e-07,5.655437438643486226e-07,5.826754431018364554e-07,5.992355954120109801e-07,6.152256616543122728e-07,6.306488509770996306e-07,6.455101873152113515e-07,6.598167311971010084e-07,6.735779929157237150e-07,6.868065744172861825e-07,6.995190743423571473e-07,7.117372845588535323e-07,7.234896981834147591e-07,7.348133393274796025e-07,7.457559143138325660e-07,7.563782732957313191e-07,7.667571599581208246e-07,7.769882142902396024e-07,7.871891769506294958e-07,7.975032193088244189e-07,8.081022843261066955e-07,8.191902608234194244e-07,8.310057152612622785e-07,8.438237557592856915e-07,8.579563842937480084e-07,8.737503828416205207e-07,8.915813522425370595e-07,9.118419523237122007e-07,9.349216606495199482e-07,9.611744918040980208e-07,9.908702068103681046e-07,1.024123896617566996e-06,1.060799111005571492e-06,1.100382158132995135e-06,1.141831728510382160e-06,1.183420837371413211e-06,1.222608340343530015e-06,1.256001718706413205e-06,1.279489520253775607e-06,1.288609042531226045e-06,1.279151942867505435e-06
1.257199551315574162e-06,1.201000858317792531e-06,1.134653215846438888e-06,1.064596224440547558e-06,9.952934872948409561e-07,9.296714062218323214e-07,8.694723171251256693e-07,8.155446638368387832e-07,7.680917176185101540e-07,7.268829859046792401e-07,6.914252669627448719e-07,6.610917309930918954e-07,6.352118691512425355e-07,6.131288268330570771e-07,5.942321468246896975e-07,5.779735546502254851e-07,5.638719822389025947e-07,5.515123230909709705e-07,5.405409014350175739e-07,5.306594919045989690e-07,5.216189438717468396e-07,5.132129709533407188e-07,5.052723738399532369e-07,4.976598006787652861e-07,4.902650625245118015e-07,4.830009793572429498e-07,4.757997154416043699e-07,4.686095599021025300e-07,4.613921122983460897e-07,4.541198392290602522e-07,4.467739737662719909e-07,4.393427333022303318e-07,4.318198327025837444e-07,4.242032687909929790e-07,4.164943498976280177e-07,4.086969414139421107e-07,4.008168958793212854e-07,3.928616347532566427e-07,3.848398491108753739e-07,3.767612881885304828e-07,3.686366079151202857e-07,3.604772560155139987e-07,3.522953486589984200e-07,3.441034888455986733e-07,3.359146880140744653e-07,3.277423117871953774e-07,3.196000199954888047e-07,3.115017010981572282e-07,3.034614011664529777e-07,2.954932476454857261e-07,2.876113681653882174e-07,2.798298047319269554e-07,2.721624236896147572e-07,2.646228219164612327e-07,2.572242297777044233e-07,2.499794114350304042e-07,2.429005631766508010e-07,2.359992105009812782e-07,2.292861047516019398e-07,2.227711201631318640e-07,2.164631522365581104e-07,2.103700184189632840e-07,2.044983621174547489e-07,1.988535611316329541e-07,1.934396416441645711e-07,1.882591989651648956e-07,1.833133262818974218e-07,1.786015527172730216e-07,1.741217920424909733e-07,1.698703034115142408e-07,1.658416654756136183e-07,1.620287651805712206e-07,1.584228024322466949e-07,1.550133116243658820e-07,1.517882007453814695e-07,1.487338084145080188e-07,1.458349787431335912e-07,1.430751533871491155e-07,1.404364795660874098e-07,1.378999322001561111e-07,1.354454476843215574e-07,1.330520662102862197e-07,1.306980789956525956e-07,1.283611763226419934e-07,1.260185919753693281e-07,1.236472395674386364e-07,1.212238364888588068e-07,1.187250119742649188e-07,1.161273974492673363e-07,1.134077004427019047e-07,1.105427689761460915e-07,1.075096631928079488e-07,1.042857680236459343e-07,1.008490099563532808e-07,9.717829108717187481e-08,9.325433926609501126e-08,8.906131904214526084e-08,8.458979497445986810e-08,7.984204935843948842e-08,7.484141037608098079e-08,6.964817893511133727e-08,6.438565360129369763e-08,5.927897261907350660e-08,5.470112606381118909e-08,5.119069639169385671e-08,4.934711415236029793e-08,4.949976582430853665e-08,5.127938620866823688e-08,5.362516379424609992e-08,3.860459963295961238e-08,3.106379892875794301e-08,6.799690120280047450e-08,1.147845751773358753e-07,1.520148730822258731e-07,1.696000228899315764e-07,1.630494557144732994e-07,1.340377670046062983e-07,9.090030880184202454e-08,5.277208299193170113e-08,5.577491125421844624e-08,8.159846425300862506e-08,9.770080903998181246e-08,9.992875050073657708e-08,9.604013306632928176e-08,9.741022027840231337e-08,1.061685659868345437e-07,1.127717209647565797e-07,1.078813154654116524e-07,8.903078033306000636e-08,6.153039417927667620e-08,3.989157729848296074e-08,4.137517292525406442e-08,5.068009036702392563e-08,6.712303941529884530e-08,8.560444991383071090e-08,1.046131386678594155e-07,1.236629312999533999e-07,1.425382327834727034e-07,1.610977181692904273e-07,1.792203081424041502e-07,1.967904730848259284e-07,2.136951801933361171e-07,2.298242355492541332e-07,2.450714153795236548e-07,2.593355815054953422e-07,2.725215796708723998e-07,2.845409168115442980e-07,2.953122665519712730e-07,3.047618552442261111e-07,3.128237687951501424e-07,3.194402063221928174e-07,3.245616946719952760e-07,3.281472690058571566e-07,3.301646187683539190e-07,3.305901948293722705e-07,3.294092718326684188e-07,3.266159592985678392e-07,3.222131554320906519e-07,3.162124385994411406e-07,3.086338928550595520e-07,2.995058655906893267e-07,2.888646572509831806e-07,2.767541450807035400e-07,2.632253450629420757e-07,2.483359187050682944e-07,2.321496344585695756e-07,2.147357980850659635e-07,1.961686739956178716e-07,1.765269349151184368e-07,1.558932119425357031e-07,1.343539059650619983e-07,1.119996814771208127e-07,8.892796432126322772e-08,6.525271270596652799e-08,4.115193647282868334e-08,1.733067445107242090e-08,1.218269097742326132e-08,3.593909643217388413e-08,6.138319323318762754e-08,8.717479340957501436e-08,1.131071308161504205e-07,1.390744578643735466e-07,1.649964175640288977e-07,1.908036739465471929e-07,2.164338804609198397e-07,2.418302619087867671e-07,2.669410204920347961e-07,2.917190342536138512e-07,3.161216621252738914e-07,3.401105836052808404e-07,3.636516437899670487e-07,3.867146921619700372e-07,4.092734113925581044e-07,4.313051360485463701e-07,4.527906627704334675e-07,4.737140541980238225e-07,4.940624391280869176e-07,5.138258113289892782e-07,5.329968292345184951e-07,5.515706184640621146e-07,5.695445788111178371e-07,5.869181970329435349e-07,6.036928773750886704e-07,6.198718562531337455e-07,6.354602053287020967e-07,6.504649385284763843e-07,6.648952604286883932e-07,6.787629948452278995e-07,6.920832334058134475e-07,7.048752406843144116e-07,7.171636462372647697e-07,7.289799455267763735e-07,7.403643220309898665e-07,7.513677924409458392e-07,7.620546660278119658e-07,7.725052978198202799e-07,7.828191020779702194e-07,7.931177753245771752e-07,8.035486526601126804e-07,8.142880807567140800e-07,8.255446263912613182e-07,8.375618381779465748e-07,8.506201253880611630e-07,8.650370919165477283e-07,8.811653423975962985e-07,8.993863349966810091e-07,9.200982658211218320e-07,9.436952191377625845e-07,9.705339310521596685e-07,1.000883615625770350e-06,1.034853720923199923e-06,1.072294918994048090e-06,1.112671352592024789e-06,1.154909060874101355e-06,1.197238693392161447e-06,1.237070845881155875e-06,1.270965760609705621e-06,1.294773302846355116e-06,1.304003038599892807e-06,1.294420583539836825e-06
1.270441260574974757e-06,1.213749281994607327e-06,1.146683528530742091e-06,1.075724158103537597e-06,1.005391801867637183e-06,9.386728993432739272e-07,8.773651664685495246e-07,8.223635182318322457e-07,7.739061166977220744e-07,7.317847397326253095e-07,6.955166265930842245e-07,6.644757677573424571e-07,6.379856921401703478e-07,6.153795451967167177e-07,5.960350544276019126e-07,5.793918797244104116e-07,5.649576005751661031e-07,5.523069721062619522e-07,5.410775816911715644e-07,5.309638668947731860e-07,5.217106378652065278e-07,5.131067212915633886e-07,5.049790262094841386e-07,4.971871519587434199e-07,4.896185626960503148e-07,4.821843064014943019e-07,4.748152378842277983e-07,4.674587019277216544e-07,4.600756364824664459e-07,4.526380618148724456e-07,4.451269268613457749e-07,4.375302872838815138e-07,4.298417905312948230e-07,4.220594419714360865e-07,4.141846236750663149e-07,4.062213346239600069e-07,3.981756188204056415e-07,3.900551466215112800e-07,3.818689149851054012e-07,3.736270343210421418e-07,3.653405731985839910e-07,3.570214369869459797e-07,3.486822363279262454e-07,3.403361034545073320e-07,3.319966163016705343e-07,3.236777464356880460e-07,3.153938007465177055e-07,3.071593568702708185e-07,2.989891923543582846e-07,2.908982076319253288e-07,2.829013429351408608e-07,2.750134893490637890e-07,2.672493942889444711e-07,2.596235617733391667e-07,2.521501479622732573e-07,2.448428525325644845e-07,2.377148065697591927e-07,2.307784577663748374e-07,2.240454538278319487e-07,2.175265250994482693e-07,2.112313675393547426e-07,2.051685272727643096e-07,1.993452880723988724e-07,1.937675632176416165e-07,1.884397932899390623e-07,1.833648515615470205e-07,1.785439587241451363e-07,1.739766087756290798e-07,1.696605079269908835e-07,1.655915283932895998e-07,1.617636788781628524e-07,1.581690934348775528e-07,1.547980401754788300e-07,1.516389509948459168e-07,1.486784730771896342e-07,1.459015424662647025e-07,1.432914794240254077e-07,1.408301047005986370e-07,1.384978752223932354e-07,1.362740371094909414e-07,1.341367933938207117e-07,1.320634833617899149e-07,1.300307701265892801e-07,1.280148328910912580e-07,1.259915604548197139e-07,1.239367429463161378e-07,1.218262596876937761e-07,1.196362627913070972e-07,1.173433589953841726e-07,1.149247970955284518e-07,1.123586763026076255e-07,1.096242038458396347e-07,1.067020511344454480e-07,1.035748914326190613e-07,1.002282552439315403e-07,9.665192217471569183e-08,9.284219157959405647e-08,8.880554651535008058e-08,8.456442949031433540e-08,8.016598045429669626e-08,7.569429218759339581e-08,7.128503234350600912e-08,6.713592157213820241e-08,6.349388990241603141e-08,6.057847006178542783e-08,5.838528062045018426e-08,5.634288213264968647e-08,5.290502273819251232e-08,4.550421244185477973e-08,2.234384702896699052e-08,5.502851889137526216e-08,1.182735224281290352e-07,1.781095894663691569e-07,2.189028689600338218e-07,2.307064759352883579e-07,2.112342983164990155e-07,1.673941507547294755e-07,1.175737239531250206e-07,9.605723500165240571e-08,1.172158026267523466e-07,1.451304276740946444e-07,1.579793387369079934e-07,1.542166375468818896e-07,1.425821852460078373e-07,1.343649070116967897e-07,1.329435794223023948e-07,1.307103710555244982e-07,1.186278917478246205e-07,9.379600954453145654e-08,6.052723101380637314e-08,3.144931587242694578e-08,3.178598112314318655e-08,4.571267057435988718e-08,6.496077908146499596e-08,8.562275422624187104e-08,1.067319368356032156e-07,1.278995170500749421e-07,1.488890278637673762e-07,1.695219732192300821e-07,1.896482315441452640e-07,2.091338377935673172e-07,2.278552891342886173e-07,2.456968977276567327e-07,2.625496866941314343e-07,2.783110704887942578e-07,2.928849222146495574e-07,3.061818227483566773e-07,3.181193889891725892e-07,3.286226308776994030e-07,3.376243118302409388e-07,3.450652980443413233e-07,3.508948861036203759e-07,3.550710993661646457e-07,3.575609437292501172e-07,3.583406134319077823e-07,3.573956379451966143e-07,3.547209618006271698e-07,3.503209503933874402e-07,3.442093162965216082e-07,3.364089623508041738e-07,3.269517396708701132e-07,3.158781206563410583e-07,3.032367890501719912e-07,2.890841509856104602e-07,2.734837727554334899e-07,2.565057526775233451e-07,2.382260358838562486e-07,2.187256821046087349e-07,1.980900975612595191e-07,1.764082429892947296e-07,1.537718308154444425e-07,1.302745263850983361e-07,1.060111737116494091e-07,8.107708833648422899e-08,5.556757790182547624e-08,2.957892311801567280e-08,3.291960373972516764e-09,2.351998063745380039e-08,5.041299059799359384e-08,7.744292434369088723e-08,1.045258490652668538e-07,1.315854857906220179e-07,1.585504451898749287e-07,1.853540409807936303e-07,2.119343355838021276e-07,2.382341888600251701e-07,2.642012701247930973e-07,2.897880267998347782e-07,3.149516113595337408e-07,3.396537708216426761e-07,3.638607039235483313e-07,3.875428913670408627e-07,4.106749044470619900e-07,4.332351971363195514e-07,4.552058863432205725e-07,4.765725246350775461e-07,4.973238692504959799e-07,5.174516507365757956e-07,5.369503440561105108e-07,5.558169445318851165e-07,5.740507505408805145e-07,5.916531544492926261e-07,6.086274650666446387e-07,6.249788745611822706e-07,6.407145120577309932e-07,6.558435811243275440e-07,6.703776268358244936e-07,6.843309735806338557e-07,6.977213753207086323e-07,7.105709165159908492e-07,7.229071955254179736e-07,7.347648139345255069e-07,7.461871856882379264e-07,7.572286696586941665e-07,7.679570185516473972e-07,7.784561255142542654e-07,7.888290362649483595e-07,7.992011765604804710e-07,8.097237180949734778e-07,8.205769638984803532e-07,8.319735675119791919e-07,8.441612959100844875e-07,8.574248879591862540e-07,8.720863279848550939e-07,8.885025239759690325e-07,9.070589258557920509e-07,9.281570169838655044e-07,9.521928522440474249e-07,9.795229338461176993e-07,1.010412851701549558e-06,1.044963622573409665e-06,1.083011269116855347e-06,1.123998162309580652e-06,1.166821857292487228e-06,1.209680497312505943e-06,1.249953671178084304e-06,1.284179447070446679e-06,1.308199520350657433e-06,1.317525350026393904e-06,1.307915592035653125e-06
1.282247570014944795e-06,1.225340043333686125e-06,1.157835150681649320e-06,1.086233723054001009e-06,1.015104215080471698e-06,9.474878621634578203e-07,8.852352118107589167e-07,8.292878893641671532e-07,7.799217172449686448e-07,7.369552668600708316e-07,6.999215359045855997e-07,6.682006259999017001e-07,6.411148339480649298e-07,6.179912257269141333e-07,5.981987844650939123e-07,5.811674065151623373e-07,5.663949839585357308e-07,5.534473005470899207e-07,5.419539995534818804e-07,5.316027000498088950e-07,5.221324931160667755e-07,5.133274949413119693e-07,5.050107938770095608e-07,4.970389325147655856e-07,4.892969601170334879e-07,4.816940388407518315e-07,4.741595660269978180e-07,4.666397700996989686e-07,4.590947405682574693e-07,4.514958579683202758e-07,4.438235942953757153e-07,4.360656571819209538e-07,4.282154514549896982e-07,4.202708302184490928e-07,4.122331050342841548e-07,4.041062820213029278e-07,3.958964885417590010e-07,3.876115541963900287e-07,3.792607104466758936e-07,3.708543754471288972e-07,3.624039945098454878e-07,3.539219117668758164e-07,3.454212288601742794e-07,3.369156150551424840e-07,3.284192331722862325e-07,3.199466899342834385e-07,3.115129794386911961e-07,3.031334195647471506e-07,2.948235811677923123e-07,2.865992099726096859e-07,2.784761411485267709e-07,2.704702066350640825e-07,2.625971353873516266e-07,2.548724468250284978e-07,2.473113378959390299e-07,2.399285643052328594e-07,2.327383166097649210e-07,2.257540920351019062e-07,2.189885630361357285e-07,2.124534437905800233e-07,2.061593559859545602e-07,2.001156954335727354e-07,1.943305012157785046e-07,1.888103292426617676e-07,1.835601322575798469e-07,1.785831484805176213e-07,1.738808012050677484e-07,1.694526117556298805e-07,1.652961282502488841e-07,1.614068725833825567e-07,1.577783079240790380e-07,1.544018288040185164e-07,1.512667755385864073e-07,1.483604742840401758e-07,1.456683034978039549e-07,1.431737869615217586e-07,1.408587128821942561e-07,1.387032779464110550e-07,1.366862546093017210e-07,1.347851793942063938e-07,1.329765595975026280e-07,1.312360955676178200e-07,1.295389156899372824e-07,1.278598214001152237e-07,1.261735400282181096e-07,1.244549841455024792e-07,1.226795175093313458e-07,1.208232299439921002e-07,1.188632269675206274e-07,1.167779453005871520e-07,1.145475134901570369e-07,1.121541890438270566e-07,1.095829214126426755e-07,1.068221158492420841e-07,1.038647080775081570e-07,1.007097025051507802e-07,9.736436710444910715e-08,9.384728181460645488e-08,9.019231191475437730e-08,8.645310112915246936e-08,8.270637024355175585e-08,7.904925764296561195e-08,7.557980303485447194e-08,7.233942334273956964e-08,6.918334122397393192e-08,6.553507070833543144e-08,5.997704488727068737e-08,4.961319395731639308e-08,2.908860166934116308e-08,2.149934433154214877e-08,9.413790393364525354e-08,1.744550565063184184e-07,2.437232795212829728e-07,2.852160811459878560e-07,2.893015166540203668e-07,2.573572315842448768e-07,2.048321546007545909e-07,1.645794237342563139e-07,1.700963253176668997e-07,2.044135658753234277e-07,2.309205251808995339e-07,2.343593311055200003e-07,2.167145211971928715e-07,1.896716103540500781e-07,1.667190320161789207e-07,1.527284894598677295e-07,1.403422430485851299e-07,1.198472546201996640e-07,8.801592657985691319e-08,4.871218096628405321e-08,1.230555976767087142e-08,2.671619791354942790e-08,4.576661058719215418e-08,6.577232912287821328e-08,8.711227286735226193e-08,1.094520221145250286e-07,1.323055272645679602e-07,1.552498571954817853e-07,1.779577478972011932e-07,2.001795143559248794e-07,2.217193573188009929e-07,2.424170590984800690e-07,2.621358619518541853e-07,2.807550273726915789e-07,2.981655118894279497e-07,3.142676016722897332e-07,3.289697412851301105e-07,3.421880762052381786e-07,3.538464137527981167e-07,3.638764214471788557e-07,3.722179505906227950e-07,3.788194137021687022e-07,3.836381686314110602e-07,3.866408767357900733e-07,3.878038115571534694e-07,3.871131004077473662e-07,3.845648855648682029e-07,3.801653951623982587e-07,3.739309167882911608e-07,3.658876694774166385e-07,3.560715723390950519e-07,3.445279105214813041e-07,3.313109015976544893e-07,3.164831677515033929e-07,3.001151213360655627e-07,2.822842734830649538e-07,2.630744775222076442e-07,2.425751212058062178e-07,2.208802846011443924e-07,1.980878852219608543e-07,1.742988418077597851e-07,1.496163129177896341e-07,1.241451394597345227e-07,9.799187656053332564e-08,7.126694781935072451e-08,4.409807678331580034e-08,1.678513501531845629e-08,1.232053752271300129e-08,3.994581425638119583e-08,6.807448777831853532e-08,9.627463236145010331e-08,1.244319598212875882e-07,1.524623465807038354e-07,1.802924338606155372e-07,2.078559886627438976e-07,2.350928791612055476e-07,2.619486782743176106e-07,2.883744383728592837e-07,3.143265049379359476e-07,3.397663265764909858e-07,3.646602482564877015e-07,3.889792855282699184e-07,4.126988818011279440e-07,4.357986524086712734e-07,4.582621197020762145e-07,4.800764433678306839e-07,5.012321498541788439e-07,5.217228643466176898e-07,5.415450482327599539e-07,5.606977444845778681e-07,5.791823328884418116e-07,5.970022965873258987e-07,6.141630380306215619e-07,6.306719070357481829e-07,6.465382977699280485e-07,6.617738075493738386e-07,6.763925156698012042e-07,6.904114253099857167e-07,7.038511116780221865e-07,7.167366157403717005e-07,7.290986162909802683e-07,7.409749047366372360e-07,7.524121775214128439e-07,7.634681510487796310e-07,7.742139933776646491e-07,7.847370554020033542e-07,7.951438703535188566e-07,8.055633717179321767e-07,8.161502516888520555e-07,8.270883384429221402e-07,8.385938012672450004e-07,8.509178850041143067e-07,8.643487127829462430e-07,8.792114581317888415e-07,8.958658504023095959e-07,9.146995154663453637e-07,9.361150451938425035e-07,9.605079306323356365e-07,9.882316308791180117e-07,1.019545239697809070e-06,1.054538830692671419e-06,1.093032356165259527e-06,1.134447211748578647e-06,1.177657018354592669e-06,1.220837479033804588e-06,1.261354201998356119e-06,1.295747167009234604e-06,1.319878461187996382e-06,1.329288307409503333e-06,1.319744736579657162e-06
1.292723846070826168e-06,1.235855525386322856e-06,1.168168006215886759e-06,1.096165577286846805e-06,1.024456355158172037e-06,9.561312977298812687e-07,8.930908490978583728e-07,8.363228402625343606e-07,7.861426313073949654e-07,7.423992606664100993e-07,7.046461151819436191e-07,6.722742123795314853e-07,6.446090409040629458e-07,6.209753353655331090e-07,6.007363195161321736e-07,5.833143914716022100e-07,5.681994082466176551e-07,5.549493457843154871e-07,5.431866941041658425e-07,5.325927687263525787e-07,5.229012558672726971e-07,5.138917303003100589e-07,5.053835236101487597e-07,4.972301088396922761e-07,4.893140514132331327e-07,4.815425180468088783e-07,4.738433105546381826e-07,4.661613845949779958e-07,4.584558149755488089e-07,4.506971734806292000e-07,4.428652891352288679e-07,4.349473629496844200e-07,4.269364092048887800e-07,4.188299936639206501e-07,4.106292364969554474e-07,4.023380450282258282e-07,3.939625394037459444e-07,3.855106334929657992e-07,3.769917341111692425e-07,3.684165241013084260e-07,3.597967988673360730e-07,3.511453313518616371e-07,3.424757199325871019e-07,3.338021878185538767e-07,3.251395100121002704e-07,3.165029663979580694e-07,3.079082872252295966e-07,2.993715906213976214e-07,2.909093118210723315e-07,2.825381238528782767e-07,2.742748495073788705e-07,2.661363645083876051e-07,2.581394919299748508e-07,2.503008880418449660e-07,2.426369199258074892e-07,2.351635353845051086e-07,2.278961258586916095e-07,2.208493832792074514e-07,2.140371520023364824e-07,2.074722772103563101e-07,2.011664514006583211e-07,1.951300608342413802e-07,1.893720340641111835e-07,1.838996949107515837e-07,1.787186224870878372e-07,1.738325210870891236e-07,1.692431029237643136e-07,1.649499868129280459e-07,1.609506159249877480e-07,1.572401976442400484e-07,1.538116683637366878e-07,1.506556856922755988e-07,1.477606500601454766e-07,1.451127570996281765e-07,1.426960814791452288e-07,1.404926921342868107e-07,1.384827981208507352e-07,1.366449236712693249e-07,1.349561105167351324e-07,1.333921451816488931e-07,1.319278087903519974e-07,1.305371469641017412e-07,1.291937576417613721e-07,1.278710951513545384e-07,1.265427896325482694e-07,1.251829820374221051e-07,1.237666765415184219e-07,1.222701144625761132e-07,1.206711769625763002e-07,1.189498282150123268e-07,1.170886166900400430e-07,1.150732599709124561e-07,1.128933478402999273e-07,1.105432077866764457e-07,1.080229820605122602e-07,1.053399545745046038e-07,1.025101131991756640e-07,9.955978229896384169e-08,9.652679833090953747e-08,9.345991509404242901e-08,9.041355664099125200e-08,8.743219103021263589e-08,8.451407547729355554e-08,8.153838353071975430e-08,7.813605080124701976e-08,7.349581675382383309e-08,6.618621016137067073e-08,5.470808330068483707e-08,4.485052850252683757e-08,6.793122662326236763e-08,1.422172817676627795e-07,2.289116930094951103e-07,3.011879620246283610e-07,3.395559575715759298e-07,3.353538722737925066e-07,2.957709495010945890e-07,2.484794714745842478e-07,2.361634245726994613e-07,2.701822793619336412e-07,3.134972726500995857e-07,3.338518674801466460e-07,3.210329173490858921e-07,2.813226362638540589e-07,2.309055231270543399e-07,1.876627552196622079e-07,1.594233383366430204e-07,1.379495329556140056e-07,1.108307993328490152e-07,7.412332791161153631e-08,3.335937052371550816e-08,1.708644306485649936e-08,4.113456661925135314e-08,5.451255048830016268e-08,7.085178529503899832e-08,9.070278230884370232e-08,1.132008927427882858e-07,1.372431178785866527e-07,1.619523360866818259e-07,1.867110229060292789e-07,2.110932114883380464e-07,2.347983968519905679e-07,2.576050698563728041e-07,2.793410918120059634e-07,2.998655924149540778e-07,3.190582067210375939e-07,3.368128560967748313e-07,3.530343067559484056e-07,3.676364126418157995e-07,3.805413702160652255e-07,3.916795707746963858e-07,4.009897929573600268e-07,4.084195735546567482e-07,4.139256529113131710e-07,4.174744270149197545e-07,4.190423607273256025e-07,4.186163309678964495e-07,4.161938782452648040e-07,4.117833517046155058e-07,4.054039379719564945e-07,3.970855682206698515e-07,3.868687014567031406e-07,3.748039852419308185e-07,3.609517980747189702e-07,3.453816804952810151e-07,3.281716647426939539e-07,3.094075155568745596e-07,2.891818976974853085e-07,2.675934894076847725e-07,2.447460664640499527e-07,2.207475912399033527e-07,1.957093621284096773e-07,1.697453298598840695e-07,1.429718296818301093e-07,1.155084391696671799e-07,8.748249909405425957e-08,5.904970819585994679e-08,3.053690152328154505e-08,7.448977534276364963e-09,2.996152052989245601e-08,5.897671562457956732e-08,8.828787769738453290e-08,1.175785580062786532e-07,1.467222174403656545e-07,1.756295596331758489e-07,2.042262654048871753e-07,2.324474019238428104e-07,2.602355091282414970e-07,2.875397513482351393e-07,3.143154256875674531e-07,3.405235961851545228e-07,3.661307697783052172e-07,3.911085823818182634e-07,4.154334839989634373e-07,4.390864204303271810e-07,4.620525128376857715e-07,4.843207378917487811e-07,5.058836116537646428e-07,5.267368802495439813e-07,5.468792200553291585e-07,5.663119496664459689e-07,5.850387554375026683e-07,6.030654319097331408e-07,6.203996929625460772e-07,6.370512683103042179e-07,6.530320370268284940e-07,6.683561994285230339e-07,6.830405616881400787e-07,6.971049776524552024e-07,7.105729920342980485e-07,7.234727249650217654e-07,7.358380311011064131e-07,7.477099580575624232e-07,7.591385195966444308e-07,7.701847891295421880e-07,7.809233086797418918e-07,7.914447969110303414e-07,8.018591256782392496e-07,8.122985151040690629e-07,8.229208679754113598e-07,8.339131185513748418e-07,8.454943990858903108e-07,8.579187165265335700e-07,8.714766652796141435e-07,8.864954592048470259e-07,9.033362236237833302e-07,9.223870219220636382e-07,9.440494829603236172e-07,9.687161479664575593e-07,9.967348261090843328e-07,1.028355510639886536e-06,1.063655157198515450e-06,1.102436619196661974e-06,1.144101509848420442e-06,1.187504350579403110e-06,1.230808437457495772e-06,1.271381778390999922e-06,1.305788787694724289e-06,1.329937923874153029e-06,1.339421844073374948e-06,1.330031552383001271e-06
1.301983144145451901e-06,1.245383724693461435e-06,1.177745994479311111e-06,1.105562764093163753e-06,1.033474489493863652e-06,9.646169840321597592e-07,9.009374241401035298e-07,8.434687575148407197e-07,7.925669666294133101e-07,7.481144076161757507e-07,7.096887714193946917e-07,6.766962521610795948e-07,6.484695842493053104e-07,6.243346909006254090e-07,6.036518934333507579e-07,5.858382918909424517e-07,5.703773309455879888e-07,5.568203304282743223e-07,5.447834135154247675e-07,5.339421049023182958e-07,5.240249981698426277e-07,5.148072939173498269e-07,5.061046300307620917e-07,4.977673985368148868e-07,4.896756166791350362e-07,4.817343546962404144e-07,4.738696935846156739e-07,4.660251764792914977e-07,4.581587170188272916e-07,4.502399311260959435e-07,4.422478616946314998e-07,4.341690672029211219e-07,4.259960449494514324e-07,4.177259577779797714e-07,4.093596305538297285e-07,4.009007800451129421e-07,3.923554399578034951e-07,3.837315421983726190e-07,3.750386163190702810e-07,3.662875716679592333e-07,3.574905309632252978e-07,3.486606896093481019e-07,3.398121523381558230e-07,3.309597170838433704e-07,3.221188021570326264e-07,3.133054025548340969e-07,3.045360378614379832e-07,2.958276911940501242e-07,2.871977386887859419e-07,2.786638690825577480e-07,2.702439930324982675e-07,2.619561419258692966e-07,2.538183560719358590e-07,2.458485623333446475e-07,2.380644414478899179e-07,2.304832855112252412e-07,2.231218463357000168e-07,2.159961756683439324e-07,2.091214585402288298e-07,2.025118413279813607e-07,1.961802564336700984e-07,1.901382458281845256e-07,1.843957860500186953e-07,1.789611175970290399e-07,1.738405819791502514e-07,1.690384699947223682e-07,1.645568850247367656e-07,1.603956252749649126e-07,1.565520889001689249e-07,1.530212057849821789e-07,1.497953994102628337e-07,1.468645816970270393e-07,1.442161830110921624e-07,1.418352186744292278e-07,1.397043924304502695e-07,1.378042364305328612e-07,1.361132865303003302e-07,1.346082910776120211e-07,1.332644509894613380e-07,1.320556887753961759e-07,1.309549442700401444e-07,1.299344951706140081e-07,1.289663010176892490e-07,1.280223699994269809e-07,1.270751489129382504e-07,1.260979378198665939e-07,1.250653324514815064e-07,1.239536993299955322e-07,1.227416909396842585e-07,1.214108110853321409e-07,1.199460435870284331e-07,1.183365599785520288e-07,1.165765222208412743e-07,1.146659909800859871e-07,1.126119313636438611e-07,1.104292617953227732e-07,1.081417912323111995e-07,1.057826881285597968e-07,1.033937451450821663e-07,1.010220406928700548e-07,9.871155681603704197e-08,9.648598355977142346e-08,9.431817974186312504e-08,9.208504129431776745e-08,8.952638117630164554e-08,8.630985415461596124e-08,8.263549780028396944e-08,8.196252898605364508e-08,9.827433661505202214e-08,1.293689739915067049e-07,1.940651789124978952e-07,2.741112397283157263e-07,3.404477410397797567e-07,3.713151331342852610e-07,3.601559332957944742e-07,3.226442964779052025e-07,2.994748048274510579e-07,3.271125202765690205e-07,3.872374977766421186e-07,4.357885062537732351e-07,4.455957904927453179e-07,4.110200517978543833e-07,3.429529371044770641e-07,2.625984709947862421e-07,1.935341334635082049e-07,1.493761113568696773e-07,1.221324211893635492e-07,9.463848744045658650e-08,6.299540042206226140e-08,4.385381499490145795e-08,5.397170446836882704e-08,6.785086796373007649e-08,6.878417067122924434e-08,7.813884568433177765e-08,9.505745795311477674e-08,1.172248612983271526e-07,1.423744107370658426e-07,1.689227337697364470e-07,1.958616711255487933e-07,2.225507978766299694e-07,2.485701719664638979e-07,2.736309503518343526e-07,2.975228672494602596e-07,3.200835010607697294e-07,3.411803287819848011e-07,3.607003507467548802e-07,3.785442416052650003e-07,3.946232245644028463e-07,4.088575843521330835e-07,4.211761571006563126e-07,4.315163877851824544e-07,4.398246985219786794e-07,4.460570044062369980e-07,4.501792713466392085e-07,4.521680466048427333e-07,4.520109159351440337e-07,4.497068564693900825e-07,4.452664649269357363e-07,4.387120482527502970e-07,4.300775695555913761e-07,4.194084469292750777e-07,4.067612068068133924e-07,3.922029971618905986e-07,3.758109692819283481e-07,3.576715401031493699e-07,3.378795503571172044e-07,3.165373372809022533e-07,2.937537449247498834e-07,2.696431013559832749e-07,2.443242031380792941e-07,2.179193704445071672e-07,1.905536903037690839e-07,1.623547090329361385e-07,1.334532705900142169e-07,1.039877754575580749e-07,7.412151856076105545e-08,4.413558283355205200e-08,1.563536430816950642e-08,2.063638322660845149e-08,5.008675927918040146e-08,8.053090597988770370e-08,1.110198434718963060e-07,1.413467727709204676e-07,1.713988060176179638e-07,2.010913122701728093e-07,2.303537960010654884e-07,2.591255187324850941e-07,2.873537366493656217e-07,3.149927959085200924e-07,3.420035437644976397e-07,3.683528629650355874e-07,3.940132550866679027e-07,4.189624434960553251e-07,4.431829852259647302e-07,4.666618891033708895e-07,4.893902409418500145e-07,5.113628379767694522e-07,5.325778350762508090e-07,5.530364051243576350e-07,5.727424156071376037e-07,5.917021229746172379e-07,6.099238858770123110e-07,6.274179732955858004e-07,6.441967353935830964e-07,6.602747671878074305e-07,6.756690862525911883e-07,6.903994180406747285e-07,7.044886342845920045e-07,7.179633892044787461e-07,7.308549936930043103e-07,7.432005606248024758e-07,7.550444459559084918e-07,7.664400010288548422e-07,7.774516418183781275e-07,7.881572306297148872e-07,7.986507542658402881e-07,8.090452683010604925e-07,8.194760569803023749e-07,8.301039278395877985e-07,8.411185125946628747e-07,8.527413715377416673e-07,8.652285846690289978e-07,8.788723424978743261e-07,8.940008027785759387e-07,9.109751337576853137e-07,9.301821976247152908e-07,9.520207255418965877e-07,9.768781083397492716e-07,1.005094143915719646e-06,1.036907433801773797e-06,1.072380017738051498e-06,1.111297033096276083e-06,1.153041873880582200e-06,1.196454977476456190e-06,1.239697017222435771e-06,1.280153791728890723e-06,1.314434673355803557e-06,1.338517469255242077e-06,1.348067515724165166e-06,1.338909794822033151e-06
1.310142380288198257e-06,1.254015635526568034e-06,1.186635429815135677e-06,1.114470049597455502e-06,1.042185625366625084e-06,9.729581986844483874e-07,9.087784295506000901e-07,8.507228706035311106e-07,7.991885400039782451e-07,7.540931998113758334e-07,7.150420501858173242e-07,6.814601492719471540e-07,6.526911171049223735e-07,6.280653131397794184e-07,6.069428484711916852e-07,5.887376333644790246e-07,5.729282758831214462e-07,5.590605697553852305e-07,5.467450490514771922e-07,5.356519577909944260e-07,5.255051093220229655e-07,5.160754990731834125e-07,5.071751376578123589e-07,4.986513300683833410e-07,4.903814890950388727e-07,4.822684984508220573e-07,4.742366068820512086e-07,4.662278215686899237e-07,4.581987666199630386e-07,4.501179740173467774e-07,4.419635764016615115e-07,4.337213719976241214e-07,4.253832312898055291e-07,4.169458130949540776e-07,4.084095550488450708e-07,3.997779009626280127e-07,3.910567256570306333e-07,3.822539172561323271e-07,3.733790778406680365e-07,3.644433059693630579e-07,3.554590288479491217e-07,3.464398576596305420e-07,3.374004130011153369e-07,3.283560882242942786e-07,3.193229760331779884e-07,3.103178286862393044e-07,3.013580089439873231e-07,2.924614310135674719e-07,2.836464907746851649e-07,2.749319846297976743e-07,2.663370164096531546e-07,2.578808918856125251e-07,2.495830005947652197e-07,2.414626848738478810e-07,2.335390962238102866e-07,2.258310393882809237e-07,2.183568048254771282e-07,2.111339905833769554e-07,2.041793149512809372e-07,1.975084216561779377e-07,1.911356797978865591e-07,1.850739811692646492e-07,1.793345380797078939e-07,1.739266852784113538e-07,1.688576900363886441e-07,1.641325748601701582e-07,1.597539576314515927e-07,1.557219141433002420e-07,1.520338679803325246e-07,1.486845124212419661e-07,1.456657685015112221e-07,1.429667825691144648e-07,1.405739656437363884e-07,1.384710757375110879e-07,1.366393431290550089e-07,1.350576375298326851e-07,1.337026752573961621e-07,1.325492640150959628e-07,1.315705827076030654e-07,1.307384938841689933e-07,1.300238868490837830e-07,1.293970501462462999e-07,1.288280729509660773e-07,1.282872758469908148e-07,1.277456725203630834e-07,1.271754650826991535e-07,1.265505770785166524e-07,1.258472297552225287e-07,1.250445688408560260e-07,1.241253507041843153e-07,1.230766979101596892e-07,1.218909338743801847e-07,1.205665027251776661e-07,1.191089702816152096e-07,1.175320795786344960e-07,1.158587905676130151e-07,1.141221555654857080e-07,1.123657553357902769e-07,1.106432420019767743e-07,1.090163543842386578e-07,1.075508184833072948e-07,1.063105874916538310e-07,1.053552229832609690e-07,1.047595990368245664e-07,1.047187131358571669e-07,1.059235843889968130e-07,1.106821771267863581e-07,1.255132679468646833e-07,1.644871667794199211e-07,1.976371935831278650e-07,2.446428297751727804e-07,3.043780786620009749e-07,3.543501905369902955e-07,3.734143860361600302e-07,3.589690535907089688e-07,3.375995502930699729e-07,3.562393542292968529e-07,4.268480592501508396e-07,5.088063284729768272e-07,5.591915352098848939e-07,5.558040629113620871e-07,4.973773083991749170e-07,3.992400804891356852e-07,2.869210201629748286e-07,1.885542998917263047e-07,1.253027232037779108e-07,9.570587892479463922e-08,7.897863711392798490e-08,7.094144177739882995e-08,7.986365450278516050e-08,9.428226839964617480e-08,9.744951484979801983e-08,8.351443629556582987e-08,8.410699454099896874e-08,9.775981735187866985e-08,1.200663619610616845e-07,1.469301610479259790e-07,1.758282985093532310e-07,2.053360334619505345e-07,2.346251778661870142e-07,2.631859589170071512e-07,2.906841927219296410e-07,3.168859421935714046e-07,3.416161972228104615e-07,3.647356049869142551e-07,3.861272621102206897e-07,4.056893274126684389e-07,4.233310812717675268e-07,4.389710468688070957e-07,4.525363403803152115e-07,4.639627373797629428e-07,4.731951340097915481e-07,4.801881982428148472e-07,4.849070790306494217e-07,4.873280868575534163e-07,4.874392885688359745e-07,4.852409786629949457e-07,4.807460023837587750e-07,4.739799153205883874e-07,4.649809712963674054e-07,4.537999359905288811e-07,4.404997285566870198e-07,4.251548977651897069e-07,4.078509431211154631e-07,3.886834951035043385e-07,3.677573722713705644e-07,3.451855367032064243e-07,3.210879735331109210e-07,2.955905262296762832e-07,2.688237290756361464e-07,2.409216977686299144e-07,2.120211832341456801e-07,1.822610063295494594e-07,1.517824161366998175e-07,1.207320129565046129e-07,8.927350846885639818e-08,5.764220370562715222e-08,2.659740452562913061e-08,1.288796903854358513e-08,4.136862667321021715e-08,7.299730323839518871e-08,1.047770814194387132e-07,1.363755830364840640e-07,1.676523015041210335e-07,1.985121977426826945e-07,2.288796053997609766e-07,2.586909305201187095e-07,2.878919217791655964e-07,3.164363585770862638e-07,3.442852488359802676e-07,3.714062274391766704e-07,3.977730386427002280e-07,4.233650562596052991e-07,4.481668237372903382e-07,4.721676082961512303e-07,4.953609684977756677e-07,5.177443367318536536e-07,5.393186187852783732e-07,5.600878126406321792e-07,5.800586483149278953e-07,5.992402500829366137e-07,6.176438219326019701e-07,6.352824544523426622e-07,6.521713747585469131e-07,6.683281344853424776e-07,6.837727870565637876e-07,6.985281695456567957e-07,7.126203351364665722e-07,7.260791810325264831e-07,7.389393117303284435e-07,7.512411703045747884e-07,7.630324617947964827e-07,7.743698836129640387e-07,7.853211683934645343e-07,7.959674346732588532e-07,8.064058293621562322e-07,8.167524313819504315e-07,8.271453651141487143e-07,8.377480407065195297e-07,8.487523889496392430e-07,8.603818817007333898e-07,8.728940118446536527e-07,8.865817332272013697e-07,9.017731113662553159e-07,9.188280886679578229e-07,9.381308037281561064e-07,9.600753136321360792e-07,9.850418695658709897e-07,1.013360170938119533e-06,1.045255476922087085e-06,1.080773508871197661e-06,1.119681479372648012e-06,1.161346453726792019e-06,1.204599876638677507e-06,1.247609150605163404e-06,1.287792009037373318e-06,1.321821020185483283e-06,1.345763095584836604e-06,1.355373038267772951e-06,1.346518452212364248e-06
1.317319027932488788e-06,1.261842963613936498e-06,1.194903619086355100e-06,1.122933247418011272e-06,1.050617497837238063e-06,9.811682787629324662e-07,9.166165228233174488e-07,8.580806027826159111e-07,8.059984431765802779e-07,7.603246208401772729e-07,7.206943748034650282e-07,6.865547385761216865e-07,6.572634198107588789e-07,6.321581585702853723e-07,6.106013540294617810e-07,5.920057198006558821e-07,5.758465396177391200e-07,5.616651791150178177e-07,5.490673468713688261e-07,5.377185118773631576e-07,5.273380202426628427e-07,5.176928347701473255e-07,5.085914109359406583e-07,4.998779684248682200e-07,4.914272691383327558e-07,4.831399321262702606e-07,4.749382762175130145e-07,4.667626643921070701e-07,4.585683188781044411e-07,4.503225757751946490e-07,4.420025489242562981e-07,4.335931729495471467e-07,4.250855943470661470e-07,4.164758773595585051e-07,4.077639887071119524e-07,3.989530226826291588e-07,3.900486262794461425e-07,3.810585833759193039e-07,3.719925178861123569e-07,3.628616783629951823e-07,3.536787708152878063e-07,3.444578123065276242e-07,3.352139457187969357e-07,3.259631774202695040e-07,3.167223025627195944e-07,3.075088700580866699e-07,2.983411374408428024e-07,2.892380146436739521e-07,2.802189957345515887e-07,2.713040777143720963e-07,2.625136655603638509e-07,2.538684628251622015e-07,2.453893472677883704e-07,2.370972312028401045e-07,2.290129065092936643e-07,2.211568745411064769e-07,2.135491615287916612e-07,2.062091204549599800e-07,1.991552208286878444e-07,1.924048282750173236e-07,1.859739763980594680e-07,1.798771339677279385e-07,1.741269711140873793e-07,1.687341288725454689e-07,1.637069970755879898e-07,1.590515061816200321e-07,1.547709390985335631e-07,1.508657693140950154e-07,1.473335315997199007e-07,1.441687311373211426e-07,1.413627960978078948e-07,1.389040775002303144e-07,1.367778986971967988e-07,1.349666552226863509e-07,1.334499641991789991e-07,1.322048612292885468e-07,1.312060418491255755e-07,1.304261442796351945e-07,1.298360703754597562e-07,1.294053422602569970e-07,1.291024930281923553e-07,1.288954909499958581e-07,1.287521977406783922e-07,1.286408625650310582e-07,1.285306545712853055e-07,1.283922378933574325e-07,1.281983943131358722e-07,1.279247001862895966e-07,1.275502658257360069e-07,1.270585472364251044e-07,1.264382416924465072e-07,1.256842797336324495e-07,1.247989260969158696e-07,1.237930001172679285e-07,1.226872218225969464e-07,1.215136848572386394e-07,1.203174594988057668e-07,1.191583645042280173e-07,1.181130888228816509e-07,1.172782861675110934e-07,1.167764947696459971e-07,1.167699593485722189e-07,1.174955862346846418e-07,1.193541826139800603e-07,1.231329307056244287e-07,1.305303984776996949e-07,1.452619323910051907e-07,1.749177205502611321e-07,2.331490393402682505e-07,2.653301375865114752e-07,2.894221433617754994e-07,3.174175626775605439e-07,3.408171340745797523e-07,3.447211720322303403e-07,3.335902650315955662e-07,3.446994115627336347e-07,4.144419736193666452e-07,5.228852449368461254e-07,6.208792605840097361e-07,6.703673950210984924e-07,6.538972774944091818e-07,5.744139760291373411e-07,4.513186163240460094e-07,3.134265106064977858e-07,1.905431518518414006e-07,1.062992962114791588e-07,7.169138138595110063e-08,7.414261372649155946e-08,9.467520099735429949e-08,1.195662230418945027e-07,1.332827186673678351e-07,1.253581267492429773e-07,9.545263220554264583e-08,8.597502024351381337e-08,9.668450144921883968e-08,1.204545455996120222e-07,1.502729746359350752e-07,1.824181891553961715e-07,2.151055122847993939e-07,2.474116272904010000e-07,2.788072811691262513e-07,3.089591221954238680e-07,3.376383841149278247e-07,3.646750337184929334e-07,3.899333379837712030e-07,4.132984977248991366e-07,4.346694067589078278e-07,4.539549541517294182e-07,4.710724202745812273e-07,4.859471103244131745e-07,4.985127007667031836e-07,5.087119691425670827e-07,5.164976962383087553e-07,5.218336034727999758e-07,5.246952352766637310e-07,5.250707266358109510e-07,5.229614161608878935e-07,5.183822789212353283e-07,5.113621632760397316e-07,5.019438235584676201e-07,4.901837466507435394e-07,4.761517757872702916e-07,4.599305396607811087e-07,4.416146992606280087e-07,4.213100289437055597e-07,3.991323521113607549e-07,3.752063556774337593e-07,3.496643115671167122e-07,3.226447384829234114e-07,2.942910447409207347e-07,2.647502070455354802e-07,2.341715707276406517e-07,2.027059325574504418e-07,1.705052771590878780e-07,1.377242108622223560e-07,1.045267605964585354e-07,7.111596763936976972e-08,3.792604459731288319e-08,1.044003811552824151e-08,3.281070723679708431e-08,6.570763698503504731e-08,9.889600499851509091e-08,1.318680821497538961e-07,1.644577641060718120e-07,1.965619586343267647e-07,2.281012979822945311e-07,2.590103007449402953e-07,2.892339253195536617e-07,3.187259771915650911e-07,3.474481553360573921e-07,3.753693445803125506e-07,4.024650107946911626e-07,4.287166437217660806e-07,4.541112264635683553e-07,4.786407247966940793e-07,5.023015954254825498e-07,5.250943146254086602e-07,5.470229294221948587e-07,5.680946333813543743e-07,5.883193686726165818e-07,6.077094555367658525e-07,6.262792497279135881e-07,6.440449498833992427e-07,6.610249302040260062e-07,6.772399476088263327e-07,6.927133133790292057e-07,7.074711683089561376e-07,7.215429074848752207e-07,7.349617992380248071e-07,7.477658375136719257e-07,7.599988593830884575e-07,7.717119507820856365e-07,7.829651544607965903e-07,7.938294848067431265e-07,8.043892443592349603e-07,8.147446254846117926e-07,8.250145659246380428e-07,8.353398056130852481e-07,8.458860594616091969e-07,8.568471697753022803e-07,8.684480229430572037e-07,8.809468953581598051e-07,8.946367172437978652e-07,9.098444915076229132e-07,9.269277581848360052e-07,9.462665368767132960e-07,9.682486057465588784e-07,9.932453132790730254e-07,1.021574461713239108e-06,1.053446367803594877e-06,1.088889426462894229e-06,1.127653103304204520e-06,1.169090297787933143e-06,1.212028530138340964e-06,1.254650706727436496e-06,1.294419222588007205e-06,1.328085649802664907e-06,1.351822496339550514e-06,1.361487485902712903e-06,1.352997411154776674e-06
1.323628331581822784e-06,1.268956148871207061e-06,1.202617561659031865e-06,1.130998518743579281e-06,1.058798427713615136e-06,9.892609854388484369e-07,9.244543193845600452e-07,8.655366941440875356e-07,8.129863944718447570e-07,7.667956370207623256e-07,7.266316092847252042e-07,6.919658748627148986e-07,6.621729881955711649e-07,6.366006938204799950e-07,6.146159629030855614e-07,5.956321718438054153e-07,5.791227145096543363e-07,5.646255845616480815e-07,5.517424085793131917e-07,5.401343786485825568e-07,5.295166862636974917e-07,5.196524379597205401e-07,5.103466127434461176e-07,5.014403553041770880e-07,4.928057405275313079e-07,4.843410564284877369e-07,4.759666071439399286e-07,4.676210167981973494e-07,4.592580071619209037e-07,4.508436199343648280e-07,4.423538541575271557e-07,4.337726887273455596e-07,4.250904585015721186e-07,4.163025501739390373e-07,4.074083813304037531e-07,3.984106235005714468e-07,3.893146281241497146e-07,3.801280136306419118e-07,3.708603726124249905e-07,3.615230605467724796e-07,3.521290317312547097e-07,3.426926939134526470e-07,3.332297133712746491e-07,3.237567217093841631e-07,3.142912392252239283e-07,3.048516457558034407e-07,2.954571405678331811e-07,2.861276900719740505e-07,2.768839621450952623e-07,2.677472458822610052e-07,2.587393556782102173e-07,2.498825186612119050e-07,2.411992446742759452e-07,2.327121782227622107e-07,2.244439320855098945e-07,2.164169026204154630e-07,2.086530671868198271e-07,2.011737645591867627e-07,1.939994597242434643e-07,1.871494950438956820e-07,1.806418304366137231e-07,1.744927759862680947e-07,1.687167212275468069e-07,1.633258662634592020e-07,1.583299608004205417e-07,1.537360580645370214e-07,1.495482912779625241e-07,1.457676807874909674e-07,1.423919799026120451e-07,1.394155668977829228e-07,1.368293894125257402e-07,1.346209656962493337e-07,1.327744449655179186e-07,1.312707268462296656e-07,1.300876377903907424e-07,1.292001607938115281e-07,1.285807139087481876e-07,1.281994730123016354e-07,1.280247349752443783e-07,1.280233185809212909e-07,1.281610020240130524e-07,1.284029973473110675e-07,1.287144635965607080e-07,1.290610617326326804e-07,1.294095554779244099e-07,1.297284634087307135e-07,1.299887689071777052e-07,1.301646962546372518e-07,1.302345634065122384e-07,1.301817251052637778e-07,1.299956243533711415e-07,1.296729765617640742e-07,1.292191202628044912e-07,1.286495839550732702e-07,1.279919464368497134e-07,1.272881207055604256e-07,1.265972965378504834e-07,1.259999927877830595e-07,1.256041226590535294e-07,1.255549325518404098e-07,1.260527127252092125e-07,1.273865117450689482e-07,1.300011900832878778e-07,1.346335630433530680e-07,1.425873172963206759e-07,1.562663230726386189e-07,1.801231342532263368e-07,2.221396974179356534e-07,2.959170632314232770e-07,3.251122003081267277e-07,3.248783750349650068e-07,3.152302381425285540e-07,3.047717815632588549e-07,2.927424153762765314e-07,2.954606567917752416e-07,3.520556600900086031e-07,4.684384707809620346e-07,6.032901565905693515e-07,7.102491682313980159e-07,7.570950308351296930e-07,7.308494228971779106e-07,6.384378223609304585e-07,5.028612037644644542e-07,3.553423743357372713e-07,2.253399857031360024e-07,1.314656233801044234e-07,8.092923208842248812e-08,8.217367655483534759e-08,1.179231843343824246e-07,1.532578359566864630e-07,1.667431944129055747e-07,1.489442385501172240e-07,1.032834343084952742e-07,8.243658060280082785e-08,9.076237211157503299e-08,1.179782070409971581e-07,1.523697436658676360e-07,1.888218303937016951e-07,2.253668897375723651e-07,2.611337184781234142e-07,2.956659742824347788e-07,3.286869436768023953e-07,3.600066533037794603e-07,3.894802210932717991e-07,4.169874464842893705e-07,4.424224193697754630e-07,4.656883597359215072e-07,4.866953771048485929e-07,5.053599137346734136e-07,5.216051576087950624e-07,5.353619903204005520e-07,5.465701953615538655e-07,5.551797492830364978e-07,5.611520788323439529e-07,5.644612060800281434e-07,5.650947291092633741e-07,5.630546031510717383e-07,5.583576992591149980e-07,5.510361267207419947e-07,5.411373126375769762e-07,5.287238382385238276e-07,5.138730369537525175e-07,4.966763643172519191e-07,4.772385544857755653e-07,4.556765825980940970e-07,4.321184563597358374e-07,4.067018641606477865e-07,3.795727108545933388e-07,3.508835764339009166e-07,3.207921381725747863e-07,2.894596057034310535e-07,2.570492368225238605e-07,2.237250456774062394e-07,1.896509334345341261e-07,1.549908365684924379e-07,1.199118299971797913e-07,8.459852805016328675e-08,4.933468687346339662e-08,1.572391194496935546e-08,2.442458800612396519e-08,5.870998977375262711e-08,9.344531353400441526e-08,1.279010853274470214e-07,1.618959340378572192e-07,1.953233301759477889e-07,2.281024293957754112e-07,2.601671471050257924e-07,2.914625375612436424e-07,3.219431392737317607e-07,3.515719643042620117e-07,3.803197262906546630e-07,4.081641663794815547e-07,4.350894254370624816e-07,4.610854443431684619e-07,4.861473874560033038e-07,5.102750896004497583e-07,5.334725287748526479e-07,5.557473271000905764e-07,5.771102821967479409e-07,5.975749305716857368e-07,6.171571439198720248e-07,6.358747585977183716e-07,6.537473851422833548e-07,6.707968265024433465e-07,6.870472999882437129e-07,7.025255991940204685e-07,7.172613601295647158e-07,7.312874773483586964e-07,7.446407139059154171e-07,7.573625433199025465e-07,7.695002539484913673e-07,7.811083374770009798e-07,7.922501741727971692e-07,8.030000184187547089e-07,8.134452783821581230e-07,8.236890724164322155e-07,8.338530298838615642e-07,8.440802822358123205e-07,8.545385564599283327e-07,8.654232303744588601e-07,8.769601281402680475e-07,8.894077122971520024e-07,9.030581502191001071e-07,9.182364804837321899e-07,9.352967604618679717e-07,9.546136273361917420e-07,9.765671524319062897e-07,1.001518249230979835e-06,1.029771314127067003e-06,1.061520466673434010e-06,1.096776144296633367e-06,1.135270593746423334e-06,1.176344922504576439e-06,1.218827683432955625e-06,1.260925380679073539e-06,1.300156292319136299e-06,1.333364352028864428e-06,1.356840994465092157e-06,1.366557222271269511e-06,1.358483809663284845e-06
1.329181007640745215e-06,1.275442672545705737e-06,1.209842762603494828e-06,1.138711649714853466e-06,1.066757052783760808e-06,9.972506691779114929e-07,9.322949443282780279e-07,8.730860683606680274e-07,8.201418385461856189e-07,7.734924520386103298e-07,7.328384032773235303e-07,6.976778207577268931e-07,6.674044334029689839e-07,6.413782892845734544e-07,6.189729896154691541e-07,5.996042864224651259e-07,5.827450290080794442e-07,5.679308446651688011e-07,5.547599954854458128e-07,5.428898837061025056e-07,5.320318565930738245e-07,5.219453437750137390e-07,5.124319326905109569e-07,5.033297117107357161e-07,4.945080424380214267e-07,4.858628263833375900e-07,4.773122797571364264e-07,4.687932049342339634e-07,4.602577362094692490e-07,4.516705333001716898e-07,4.430063943871961142e-07,4.342482591242665609e-07,4.253855701198490708e-07,4.164129588274385252e-07,4.073292189010192315e-07,3.981365273785298573e-07,3.888398720573889094e-07,3.794466425654648172e-07,3.699663432461297146e-07,3.604103882823934927e-07,3.507919435601939619e-07,3.411257855311430684e-07,3.314280980298122044e-07,3.217161430093395801e-07,3.120081814460925670e-07,3.023234513588402620e-07,2.926821340782119085e-07,2.831053072781087841e-07,2.736148832604709472e-07,2.642335310031552258e-07,2.549845805444076248e-07,2.458919083923969857e-07,2.369798028192126976e-07,2.282728081290440273e-07,2.197955472822902099e-07,2.115725226131490430e-07,2.036278948007899392e-07,1.959852407492321820e-07,1.886672916087189848e-07,1.816956528475332223e-07,1.750905090785767137e-07,1.688703172811959741e-07,1.630514931493205104e-07,1.576480965336055185e-07,1.526715232796315120e-07,1.481302120906242056e-07,1.440293761892665867e-07,1.403707702886814739e-07,1.371525034541653097e-07,1.343689076302821763e-07,1.320104698249265349e-07,1.300638332712949342e-07,1.285118696332188631e-07,1.273338209597757087e-07,1.265055071868182447e-07,1.259995930135139037e-07,1.257859072392651477e-07,1.258318081480980758e-07,1.261025900359280102e-07,1.265619280890574102e-07,1.271723611024989621e-07,1.278958136206977292e-07,1.286941607963049900e-07,1.295298405795481724e-07,1.303665189128769911e-07,1.311698146689563300e-07,1.319080924686646882e-07,1.325533336510282522e-07,1.330820990408036833e-07,1.334766024705061395e-07,1.337259223554311687e-07,1.338273918544113852e-07,1.337882296038495931e-07,1.336275087858178489e-07,1.333786236852371887e-07,1.330925209847906455e-07,1.328421573833631743e-07,1.327290004683246987e-07,1.328930484960538206e-07,1.335290787538851534e-07,1.349141602146508917e-07,1.374558447149132776e-07,1.417785661438763307e-07,1.488802043355632120e-07,1.604142775907808856e-07,1.791859455660153538e-07,2.099868793695878950e-07,2.609411233774222144e-07,3.456643709244777615e-07,3.706492985834495239e-07,3.487662263946819768e-07,3.041859118118663260e-07,2.607331719326611964e-07,2.390397690699245394e-07,2.691382888809993094e-07,3.689942259196669200e-07,5.131209401327110576e-07,6.587301479465688745e-07,7.667379580153526307e-07,8.103233286005313460e-07,7.805794073208896824e-07,6.878548889043275842e-07,5.574456796609262044e-07,4.200865807418635168e-07,2.993638547629408989e-07,2.022525495617199672e-07,1.263432094106052552e-07,9.400444013612217222e-08,1.298362071059908558e-07,1.756550717044228933e-07,1.919133310510164129e-07,1.670497458122505766e-07,1.071990195894350562e-07,7.355271999826818854e-08,8.013056282497307662e-08,1.133662825359166089e-07,1.539723115879382614e-07,1.956513355195349973e-07,2.366019645104213047e-07,2.761787302465556482e-07,3.140847293938713455e-07,3.501467248657972384e-07,3.842403785582938677e-07,4.162616360185392237e-07,4.461148234163519923e-07,4.737077676212604685e-07,4.989502597807487985e-07,5.217542529300028839e-07,5.420349905329308292e-07,5.597126192322853903e-07,5.747140168390038150e-07,5.869746647078338280e-07,5.964404519914734597e-07,6.030693357698312239e-07,6.068328047582232852e-07,6.077171102635163341e-07,6.057242393240723951e-07,6.008726134421531132e-07,5.931975031942455521e-07,5.827511550216317471e-07,5.696026320866401782e-07,5.538373764462568190e-07,5.355565050208354093e-07,5.148758569076299139e-07,4.919248144400312004e-07,4.668449249365720967e-07,4.397883542448156637e-07,4.109162069477231199e-07,3.803967515827659848e-07,3.484035928443466648e-07,3.151138376075190980e-07,2.807063105775136133e-07,2.453598961298845232e-07,2.092521382561167146e-07,1.725583974564005822e-07,1.354524523216037319e-07,9.811205348070621159e-08,6.075003202405753066e-08,2.394669904690314843e-08,1.624855724014510991e-08,5.208302961844246168e-08,8.851559909872126437e-08,1.245665998515240293e-07,1.600584810703088043e-07,1.948870951780684449e-07,2.289724963823715502e-07,2.622492794159013175e-07,2.946634774306249125e-07,3.261710862784578302e-07,3.567370885871762903e-07,3.863346532064499707e-07,4.149444045061316960e-07,4.425537266284449437e-07,4.691560930357725992e-07,4.947504210371734686e-07,5.193404541742598197e-07,5.429341760190689479e-07,5.655432585558561933e-07,5.871825475308007889e-07,6.078695862564911420e-07,6.276241784924755099e-07,6.464679902536500568e-07,6.644243631341487513e-07,6.815188202212062922e-07,6.977792993628236946e-07,7.132363024248778461e-07,7.279231510477700819e-07,7.418763939241182012e-07,7.551364083188646173e-07,7.677482325599598444e-07,7.797626582496639100e-07,7.912376021484045859e-07,8.022397687281442179e-07,8.128466054190463061e-07,8.231485431146627619e-07,8.332515033411563627e-07,8.432796384589566250e-07,8.533782489253763280e-07,8.637167869662177842e-07,8.744918019182060148e-07,8.859295995182626879e-07,8.982882633466005130e-07,9.118585067213052471e-07,9.269625711761477467e-07,9.439500476348042272e-07,9.631890591896516948e-07,9.850507177726477346e-07,1.009884195951662068e-06,1.037979256184297623e-06,1.069512893659403038e-06,1.104477304472378643e-06,1.142588349294585416e-06,1.183177866100042981e-06,1.225080213683865855e-06,1.266532843952002659e-06,1.305119618254823953e-06,1.337787819712241094e-06,1.360958187604059660e-06,1.370722578780009364e-06,1.363109067586250652e-06
1.334081388890951286e-06,1.281385622168321820e-06,1.216642153268202443e-06,1.146117315359589993e-06,1.074521947679034905e-06,1.005152248697430967e-06,9.401423482805052246e-07,8.807244386223114200e-07,8.274547807058577438e-07,7.804015051457104524e-07,7.392992964325274714e-07,7.036744114872882744e-07,6.729416742362664207e-07,6.464754175758865314e-07,6.236577021325025711e-07,6.039082147513113345e-07,5.867005085644900422e-07,5.715687928756045738e-07,5.581086517345289091e-07,5.459741700110851702e-07,5.348731566332059231e-07,5.245615452532053320e-07,5.148376218695926333e-07,5.055364446754632777e-07,4.965246445510317383e-07,4.876956906415669365e-07,4.789656479271195871e-07,4.702694239990179348e-07,4.615574880914839573e-07,4.527930390489818831e-07,4.439495958043875001e-07,4.350089816933104814e-07,4.259596714920701935e-07,4.167954672150095671e-07,4.075144656581792471e-07,3.981182778447414758e-07,3.886114583729673790e-07,3.790011016135991531e-07,3.692965620932303497e-07,3.595092584749969950e-07,3.496525244237988613e-07,3.397414752817465580e-07,3.297927984504472267e-07,3.198243829366764839e-07,3.098552373715870313e-07,2.999054766947896183e-07,2.899962963768292219e-07,2.801499324011731693e-07,2.703896051771827996e-07,2.607394455484890275e-07,2.512244011047777363e-07,2.418701211060729269e-07,2.327028184922225627e-07,2.237491076794674815e-07,2.150358171419121037e-07,2.065897761389904639e-07,1.984375753827161539e-07,1.906053019475694435e-07,1.831182493271397569e-07,1.760006042635494923e-07,1.692751128606065920e-07,1.629627295920658371e-07,1.570822541824334250e-07,1.516499629937317009e-07,1.466792434620988979e-07,1.421802421599608463e-07,1.381595389542619245e-07,1.346198611078512451e-07,1.315598515797162944e-07,1.289739048135675720e-07,1.268520807508249886e-07,1.251801037855563974e-07,1.239394484135758466e-07,1.231075082583864824e-07,1.226578409428680689e-07,1.225604787163730268e-07,1.227822942393734713e-07,1.232874123646496390e-07,1.240376615960313595e-07,1.249930623889375972e-07,1.261123528408144459e-07,1.273535550827665974e-07,1.286745876157291239e-07,1.300339300245089471e-07,1.313913472648188455e-07,1.327086815034666776e-07,1.339507208312194472e-07,1.350861566698869974e-07,1.360886461142416711e-07,1.369380028433229023e-07,1.376215522484997757e-07,1.381357057755762177e-07,1.384878408093772416e-07,1.386986238189835561e-07,1.388050000963701987e-07,1.388642181134954420e-07,1.389595037374350286e-07,1.392084253238268017e-07,1.397757292956224296e-07,1.408937138888909419e-07,1.428954602056250411e-07,1.462701645708472254e-07,1.517565866468041331e-07,1.605020592416936707e-07,1.743332079653103118e-07,1.962143377905019328e-07,2.310179970518341549e-07,2.868195128593916345e-07,3.770982611967630538e-07,3.973561840741242573e-07,3.601269757806023449e-07,2.936998377183674585e-07,2.351618972024676306e-07,2.245701321272583434e-07,2.844433272604426960e-07,4.011007610016987438e-07,5.454391750992000692e-07,6.841069031873088341e-07,7.849325771791040637e-07,8.256624978293481714e-07,8.008014031015301647e-07,7.227336493597962652e-07,6.156927064731627673e-07,5.034970633828876538e-07,3.967873740887702686e-07,2.914883408344653458e-07,1.841590482702173442e-07,1.023792646988235802e-07,1.249667837196252592e-07,1.849217888379651866e-07,2.082575802141120847e-07,1.799689464104246044e-07,1.084731245904209355e-07,6.043708014755882992e-08,6.609773762200421834e-08,1.084877986469731025e-07,1.564985185030749722e-07,2.038925338268802184e-07,2.495041999259366496e-07,2.930525094356910794e-07,3.344498233053924090e-07,3.736486094574663456e-07,4.106015562293310640e-07,4.452514355176387325e-07,4.775299375401743493e-07,5.073594657572527784e-07,5.346559454635359273e-07,5.593319461643935686e-07,5.812998339297892047e-07,6.004748207291085347e-07,6.167778378581250919e-07,6.301381874261529077e-07,6.404959395646213999e-07,6.478040509363074053e-07,6.520301852855901602e-07,6.531582206531761250e-07,6.511894313279470138e-07,6.461433361244819924e-07,6.380582084321566284e-07,6.269912477974249823e-07,6.130184175795652421e-07,5.962339583864565029e-07,5.767495924186697794e-07,5.546934393573316289e-07,5.302086698324356284e-07,5.034519276072819926e-07,4.745915562278973343e-07,4.438056698650004888e-07,4.112801113402487341e-07,3.772063429304458330e-07,3.417793178113411407e-07,3.051953829101268270e-07,2.676502701622560609e-07,2.293372505153553768e-07,1.904455790134925648e-07,1.511595485018092772e-07,1.116592746726824999e-07,7.212911737959168536e-08,3.283578236150385517e-08,8.383857152092508000e-09,4.594256484439878381e-08,8.421824412265704627e-08,1.219697731439689163e-07,1.590463679975886214e-07,1.953510581363858160e-07,2.308064704906275755e-07,2.653487998641962846e-07,2.989257719507619809e-07,3.314955001859423190e-07,3.630255895213707248e-07,3.934923170354359401e-07,4.228798421357259602e-07,4.511794364033496909e-07,4.783887351860722287e-07,5.045110165454585549e-07,5.295545134942505405e-07,5.535317645952156642e-07,5.764590067263895771e-07,5.983556124934410386e-07,6.192435735404920634e-07,6.391470299409505559e-07,6.580918449611489888e-07,6.761054239448340753e-07,6.932173096409003745e-07,7.094594243246278418e-07,7.248662046325861743e-07,7.394748465633865938e-07,7.533257044720534900e-07,7.664628852857743370e-07,7.789350728775980547e-07,7.907966093605756737e-07,8.021088512156104780e-07,8.129418093011897984e-07,8.233760730065975932e-07,8.335050095554048018e-07,8.434372184194250471e-07,8.532992056642173224e-07,8.632382202682284355e-07,8.734251589104234818e-07,8.840573903242631100e-07,8.953612656949489505e-07,9.075939559004099886e-07,9.210440756464972148e-07,9.360303036877829565e-07,9.528968741850407057e-07,9.720043915283508980e-07,9.937139236994060222e-07,1.018361811274102535e-06,1.046222217430117457e-06,1.077454386791197784e-06,1.112032299563897852e-06,1.149656517720287917e-06,1.189652222019986724e-06,1.230864111443488116e-06,1.271567165901822674e-06,1.309419052606721002e-06,1.341479177337313664e-06,1.364305290883518607e-06,1.374115248982765470e-06,1.366996550804441143e-06
1.338425961686109195e-06,1.286862486900719155e-06,1.223075114433056740e-06,1.153258341900961638e-06,1.082121153392241004e-06,1.012981026818805017e-06,9.480014069846800200e-07,8.884486654024277548e-07,8.349163605408337055e-07,7.875102108775101022e-07,7.459995756060484506e-07,7.099399879099141013e-07,6.787689137269588902e-07,6.518766505419664697e-07,6.286553238926656236e-07,6.085299596206737885e-07,5.909759622539057279e-07,5.755270098961806265e-07,5.617766601193033193e-07,5.493761353614605325e-07,5.380300054148608284e-07,5.274908888225258611e-07,5.175538641724291866e-07,5.080509918405822038e-07,4.988461620553337484e-07,4.898303738516552218e-07,4.809174859162097344e-07,4.720404460171154259e-07,4.631479881947359139e-07,4.542017782002177521e-07,4.451739830318189558e-07,4.360452372136592673e-07,4.268029754580663939e-07,4.174400981718988739e-07,4.079539330065814690e-07,3.983454526397384513e-07,3.886187066218553391e-07,3.787804238263322100e-07,3.688397421539149688e-07,3.588080239285459949e-07,3.486987190369924212e-07,3.385272433172155386e-07,3.283107647192883335e-07,3.180677866354324746e-07,3.078180627142125932e-07,2.975825938728210022e-07,2.873836122455958231e-07,2.772445499784690057e-07,2.671899906943595623e-07,2.572456014170651345e-07,2.474380427606452104e-07,2.377948552755148266e-07,2.283443199963737122e-07,2.191152914619636800e-07,2.101370017700725672e-07,2.014388345884525702e-07,1.930500684596629760e-07,1.849995892182335326e-07,1.773155718997225026e-07,1.700251332049696597e-07,1.631539564623725274e-07,1.567258922114918734e-07,1.507625391360163721e-07,1.452828122088439647e-07,1.403025076040991805e-07,1.358338770496854714e-07,1.318852274767744070e-07,1.284605644481410793e-07,1.255592991061613315e-07,1.231760374739578076e-07,1.213004673789782976e-07,1.199173521657773518e-07,1.190066326005182785e-07,1.185436304482109123e-07,1.184993408382929672e-07,1.188407970868892783e-07,1.195314916701939293e-07,1.205318401480401955e-07,1.217996798928963062e-07,1.232908010795291226e-07,1.249595123141491728e-07,1.267592468018806080e-07,1.286432169117800517e-07,1.305651257104270552e-07,1.324799440924501930e-07,1.343447622489093797e-07,1.361197251158163623e-07,1.377690638981322062e-07,1.392622406640697976e-07,1.405752315770570150e-07,1.416919884538608519e-07,1.426061410260155137e-07,1.433230385113745669e-07,1.438622872226002885e-07,1.442610352279308934e-07,1.445784100879819650e-07,1.449017727899323416e-07,1.453558782766909907e-07,1.461167471227295612e-07,1.474332538353189964e-07,1.496614673020469520e-07,1.533202267831261626e-07,1.591823228055805369e-07,1.684257699615376516e-07,1.828872362195354792e-07,2.054906897858755078e-07,2.409797698882557515e-07,2.971818446981045278e-07,3.872075495104028243e-07,4.027886295014994870e-07,3.590957794785240842e-07,2.925046704254714307e-07,2.532217682020715099e-07,2.747100861081800276e-07,3.456216312995789645e-07,4.470468818454388689e-07,5.653157283330593872e-07,6.797338853116725726e-07,7.654029035478847930e-07,8.043399848769035207e-07,7.933842260596757525e-07,7.441290208064113900e-07,6.740993310221200963e-07,5.935536972903667937e-07,4.990912731283852237e-07,3.818320650699795841e-07,2.424591274974224523e-07,1.073826772894449975e-07,1.023467874612147385e-07,1.834177822961240534e-07,2.178221287905295145e-07,1.893177970366658921e-07,1.090174948135696613e-07,4.523534479782483110e-08,5.159543568359073647e-08,1.061150346328765337e-07,1.616822350310105481e-07,2.146615230211210943e-07,2.648271630180920434e-07,3.122870982203512344e-07,3.571548222784719418e-07,3.994993027632431839e-07,4.393432253665286935e-07,4.766707738236123185e-07,5.114364948557742411e-07,5.435733499590098179e-07,5.729996748221573277e-07,5.996251570159194926e-07,6.233560024086553806e-07,6.440994360065527223e-07,6.617676434642595018e-07,6.762812245481499184e-07,6.875722036270354682e-07,6.955866236763951185e-07,7.002867375388698158e-07,7.016528019989434185e-07,6.996844756945886786e-07,6.944018202932499089e-07,6.858459051169323015e-07,6.740790180168182060e-07,6.591844893454558582e-07,6.412661409731857973e-07,6.204473780909876887e-07,5.968699476965421818e-07,5.706923938493100187e-07,5.420882456948693995e-07,5.112439796121065049e-07,4.783568013742632475e-07,4.436322977243439607e-07,4.072820090931084688e-07,3.695209762633517908e-07,3.305653136754388088e-07,2.906298611295513876e-07,2.499259649642668459e-07,2.086594428441281846e-07,1.670288058135970235e-07,1.252239060101725613e-07,8.342572705481791868e-08,4.181352509716528403e-08,2.099867035162179754e-09,4.045210842340742992e-08,8.068364069747150673e-08,1.202269152623296155e-07,1.589687299369005971e-07,1.968196881232088745e-07,2.337050143235308898e-07,2.695627371047679323e-07,3.043426944434904793e-07,3.380056643892225330e-07,3.705225023289479800e-07,4.018732688231201293e-07,4.320463554136562891e-07,4.610376208757145947e-07,4.888495502381744900e-07,5.154904471198312855e-07,5.409736676968993952e-07,5.653169023799690482e-07,5.885415092217420777e-07,6.106719012782008400e-07,6.317349886304083951e-07,6.517596745390621334e-07,6.707764042310509544e-07,6.888169913756653460e-07,7.059153044754358042e-07,7.221075165092627715e-07,7.374322248142944098e-07,7.519306859371651745e-07,7.656472076774301208e-07,7.786297376959903798e-07,7.909306815134218587e-07,8.026079743882973411e-07,8.137264226943037606e-07,8.243593216621687773e-07,8.345903477689942656e-07,8.445157150202555903e-07,8.542465734528215627e-07,8.639116129745718453e-07,8.736598124903352060e-07,8.836632379426517992e-07,8.941197363450459224e-07,9.052552868871204165e-07,9.173256433232373482e-07,9.306167209318742202e-07,9.454429328294643945e-07,9.621423537644917807e-07,9.810671836118693719e-07,1.002567518030738038e-06,1.026965972525027751e-06,1.054520384745796058e-06,1.085371891232884523e-06,1.119476549079706851e-06,1.156520913318882506e-06,1.195826157923569538e-06,1.236251580224508660e-06,1.276115504912394103e-06,1.313156238550867930e-06,1.344552073451865722e-06,1.367003128690566179e-06,1.376856336622079531e-06,1.370259804438654560e-06
1.342302242201691385e-06,1.291944155793283252e-06,1.229196596703067372e-06,1.160174978593827056e-06,1.089581638456014381e-06,1.020752370458434824e-06,9.558778319063408977e-07,8.962568894628194352e-07,8.425191822743768419e-07,7.948074513918971831e-07,7.529258907569567369e-07,7.164601001755055873e-07,6.848714006170855387e-07,6.575674554680989517e-07,6.339518479447724086e-07,6.134561957809940799e-07,5.955588014624586137e-07,5.797936352725500393e-07,5.657528427688593035e-07,5.530852192938453704e-07,5.414923862843641405e-07,5.307238265188487471e-07,5.205715077983766445e-07,5.108645299804047709e-07,5.014640388634515975e-07,4.922585322593845277e-07,4.831596141157773562e-07,4.740982135955651901e-07,4.650212650643512641e-07,4.558888338307197179e-07,4.466716662367657435e-07,4.373491384706000493e-07,4.279075748517602505e-07,4.183389027873404310e-07,4.086396080853431148e-07,3.988099510829952428e-07,3.888534014561944158e-07,3.787762480006001256e-07,3.685873394662299918e-07,3.582979139751128773e-07,3.479214778502808080e-07,3.374736998903140957e-07,3.269721958902334710e-07,3.164360608666305315e-07,3.058857804498807310e-07,2.953432400407521283e-07,2.848317204335105980e-07,2.743758774814811866e-07,2.640017032558127564e-07,2.537364660765664707e-07,2.436086267894853049e-07,2.336477287314123889e-07,2.238842589770499415e-07,2.143494786877307158e-07,2.050752206796467487e-07,1.960936526782566202e-07,1.874370051082802494e-07,1.791372626714577564e-07,1.712258193937528271e-07,1.637330973259950382e-07,1.566881297638739504e-07,1.501181108972589801e-07,1.440479154580678243e-07,1.384995944895295751e-07,1.334918570126725915e-07,1.290395520913823205e-07,1.251531711552653155e-07,1.218383954532750033e-07,1.190957167220981802e-07,1.169201589539242914e-07,1.153011243811623987e-07,1.142223774237472568e-07,1.136621678385996615e-07,1.135934814321990126e-07,1.139843966300329304e-07,1.147985203731093580e-07,1.159954780107750011e-07,1.175314380287661217e-07,1.193596612917183249e-07,1.214310734199164751e-07,1.236948659933958567e-07,1.260991365568951917e-07,1.285915789689554740e-07,1.311202352591535461e-07,1.336343188771950555e-07,1.360851180804213531e-07,1.384269881268679683e-07,1.406184427348780402e-07,1.426233598024739300e-07,1.444123248020178515e-07,1.459641493334801607e-07,1.472676248024588755e-07,1.483236064396603380e-07,1.491475778164758175e-07,1.497729323235055915e-07,1.502553470470177195e-07,1.506788535611640838e-07,1.511645831091128918e-07,1.518837789189223283e-07,1.530777017561608075e-07,1.550888231570111488e-07,1.584107899068581469e-07,1.637701568253242341e-07,1.722629071963692815e-07,1.855871492429441013e-07,2.064467177321204356e-07,2.392590634429694079e-07,2.913998082907145391e-07,3.753806579408837392e-07,3.866970491450274236e-07,3.466151580034833448e-07,3.033974249062977280e-07,3.083579707327085773e-07,3.611166252154382573e-07,4.292783737904107178e-07,5.002484109120674476e-07,5.758449754920675327e-07,6.521472445453633622e-07,7.156604501642156359e-07,7.538682217736070678e-07,7.643627658130205192e-07,7.535019840006154368e-07,7.261002356915363617e-07,6.764737120705237917e-07,5.913729288372555544e-07,4.622502064151815697e-07,2.955304916578104796e-07,1.159549790995341253e-07,6.784613067546748846e-08,1.785417447587249014e-07,2.249792164261972884e-07,1.976391745717941005e-07,1.109434080173059822e-07,3.278915176238144246e-08,4.316135116864561096e-08,1.092495036707387616e-07,1.711101093314831410e-07,2.289416068464842681e-07,2.832294769100049573e-07,3.343461077900481036e-07,3.825417418093165276e-07,4.279652396462569966e-07,4.706864598423917966e-07,5.107155737009699422e-07,5.480188141284205103e-07,5.825311297207934679e-07,6.141663804438509791e-07,6.428256455676397362e-07,6.684040944513145641e-07,6.907967535583400767e-07,7.099034049577893183e-07,7.256327754579845482e-07,7.379061217365892004e-07,7.466602785872416885e-07,7.518502103392627085e-07,7.534510872259263313e-07,7.514598971813459727e-07,7.458965976860194676e-07,7.368048105683998295e-07,7.242520640843975817e-07,7.083295903361094883e-07,6.891516915043263747e-07,6.668546949013310412e-07,6.415955240061962483e-07,6.135499199710327032e-07,5.829103551661874809e-07,5.498836867859467591e-07,5.146886040285565281e-07,4.775529266120637952e-07,4.387108151684468820e-07,3.983999552231042063e-07,3.568587759570642581e-07,3.143237628432834629e-07,2.710269198893853419e-07,2.271934336624763238e-07,1.830395911194315151e-07,1.387710220359060900e-07,9.458146757888425133e-08,5.065348757058836936e-08,7.229645142081679019e-09,3.583500447982841929e-08,7.805797974896075929e-08,1.194636691111157480e-07,1.599423840887546868e-07,1.994044763055183085e-07,2.377753626626694099e-07,2.749942526434165713e-07,3.110131726830407998e-07,3.457959948826790182e-07,3.793174393652943525e-07,4.115620611577609709e-07,4.425232395831773318e-07,4.722021875581032314e-07,5.006069955544485889e-07,5.277517218680956327e-07,5.536555377752902684e-07,5.783419333696792713e-07,6.018379874461907497e-07,6.241737027597627115e-07,6.453814063303518401e-07,6.654952131643450609e-07,6.845505507794817077e-07,7.025839958088942515e-07,7.196340533817643444e-07,7.357414142110160142e-07,7.509490602464319168e-07,7.653024909802324088e-07,7.788501106329836366e-07,7.916438134014490167e-07,8.037397971926427950e-07,8.151996278149664678e-07,8.260915667400983435e-07,8.364921669378579777e-07,8.464881329281782851e-07,8.561784323924675917e-07,8.656766359192222593e-07,8.751134462031369890e-07,8.846393545194501530e-07,8.944273252978014123e-07,9.046753520805197453e-07,9.156086410436539321e-07,9.274810506277729513e-07,9.405752353915748567e-07,9.552006970670965146e-07,9.716886281104528717e-07,9.903820460258615722e-07,1.011619287103466513e-06,1.035708526498800869e-06,1.062890762239750950e-06,1.093288899154736873e-06,1.126841588877701086e-06,1.163222828734361628e-06,1.201752432123207830e-06,1.241308257116651544e-06,1.280257058457831816e-06,1.316423345728239848e-06,1.347109285080748389e-06,1.369160704302953111e-06,1.379054976399622311e-06,1.373001279081646254e-06
1.345787938734965162e-06,1.296694091951385782e-06,1.235056331430689494e-06,1.166904187736621191e-06,1.096928711779320391e-06,1.028481281953529708e-06,9.637779218519443030e-07,9.041484689401632746e-07,8.502574267631366350e-07,8.022838412058909107e-07,7.600666442342271141e-07,7.232219925520133437e-07,6.912359834619910669e-07,6.635347966698737762e-07,6.395346690290855821e-07,6.186749197729483455e-07,6.004376981300755238e-07,5.843580272304165356e-07,5.700272175220124220e-07,5.570920521027474257e-07,5.452514854253149122e-07,5.342520413316731163e-07,5.238826750406767645e-07,5.139695670490679902e-07,5.043711199142421979e-07,4.949733044322013793e-07,4.856854265508630411e-07,4.764363427798196804e-07,4.671711274094975810e-07,4.578481812591726062e-07,4.484367637437162834e-07,4.389149247441037522e-07,4.292678084801707169e-07,4.194862976190112746e-07,4.095659620568755598e-07,3.995062733366484689e-07,3.893100428050696944e-07,3.789830397266823061e-07,3.685337450064177151e-07,3.579731972406385385e-07,3.473148907499936316e-07,3.365746901515748734e-07,3.257706161787082777e-07,3.149223220732224738e-07,3.040510014438461686e-07,2.931794115269526064e-07,2.823318825915878863e-07,2.715343107028837298e-07,2.608141308857097592e-07,2.502002676213575549e-07,2.397230595810356547e-07,2.294141555642032978e-07,2.193063787732767459e-07,2.094335568138785675e-07,1.998303151417853888e-07,1.905318320480290986e-07,1.815735536326947821e-07,1.729908675130238854e-07,1.648187342077453417e-07,1.570912752555213904e-07,1.498413172800612366e-07,1.430998916782926080e-07,1.368956908337148075e-07,1.312544843508992280e-07,1.261985033894912671e-07,1.217458080945686895e-07,1.179096620383453335e-07,1.146979470917349573e-07,1.121126596388111656e-07,1.101495312557020775e-07,1.087978111404635880e-07,1.080402330119545381e-07,1.078531683294259167e-07,1.082069457784428626e-07,1.090663002349331327e-07,1.103909074302810168e-07,1.121359643514713526e-07,1.142527874277345578e-07,1.166894160605933560e-07,1.193912233464325067e-07,1.223015458415714338e-07,1.253623489865462613e-07,1.285149451088986010e-07,1.317007784142151631e-07,1.348622878319770051e-07,1.379438554693223852e-07,1.408928467745359932e-07,1.436607490357302001e-07,1.462044181648172965e-07,1.484874506738433657e-07,1.504817097034337977e-07,1.521690531277027614e-07,1.535433413790696175e-07,1.546128468641179790e-07,1.554032514151097668e-07,1.559615177305951384e-07,1.563610974919088395e-07,1.567092178349384784e-07,1.571574492139428637e-07,1.579175579958345398e-07,1.592860937258242076e-07,1.616838807456092704e-07,1.657218660449508178e-07,1.723152077112259062e-07,1.828879128545581084e-07,1.997485584265270228e-07,2.267828746787225701e-07,2.707061946440985483e-07,3.432508447536052637e-07,3.508237705829070356e-07,3.241491011709712401e-07,3.214433315015199079e-07,3.739836995173109620e-07,4.495639326805668654e-07,5.119278419663442170e-07,5.526638178149219839e-07,5.826279672426745758e-07,6.144900120672181880e-07,6.511776371905092402e-07,6.886844404853126714e-07,7.236646502384002184e-07,7.524729532411307246e-07,7.642655219577288298e-07,7.401980268451667849e-07,6.623298764483243241e-07,5.248122900654663769e-07,3.399050350646747440e-07,1.368490220540043429e-07,5.350642900687983048e-08,1.817218895983225394e-07,2.350750908379102315e-07,2.076669610753201484e-07,1.161747836984193491e-07,3.418225619531994468e-08,4.994921497229754113e-08,1.199736593049605741e-07,1.858360487275397720e-07,2.474018622473837376e-07,3.051698151705703494e-07,3.595583308286291997e-07,4.108579064572495494e-07,4.592445761880629709e-07,5.048024796039382103e-07,5.475454363549458913e-07,5.874352847796252879e-07,6.243968667021496222e-07,6.583301411301459521e-07,6.891200111801153684e-07,7.166443835581047227e-07,7.407808704466328756e-07,7.614124332838253068e-07,7.784321719677486453e-07,7.917473992831227417e-07,8.012830919122494302e-07,8.069847728180256584e-07,8.088208544322001892e-07,8.067844562458953517e-07,8.008947019416342189e-07,7.911974982607555664e-07,7.777657989422754622e-07,7.606993612281988159e-07,7.401240087641001299e-07,7.161904225264692040e-07,6.890724900558295778e-07,6.589652521999116464e-07,6.260824952576569966e-07,5.906540444017053392e-07,5.529228211520866912e-07,5.131417331751169557e-07,4.715704686152694172e-07,4.284722695686583716e-07,3.841107606125911884e-07,3.387469098914145586e-07,2.926362060661551858e-07,2.460261565945527733e-07,1.991542942740684873e-07,1.522472054797084036e-07,1.055227394831736435e-07,5.921070617723994902e-08,1.400771053522595040e-08,3.237634320059538649e-08,7.649810937578117700e-08,1.198135714186243775e-07,1.620921019180645369e-07,2.032250215628840637e-07,2.431328097483033223e-07,2.817543215803648957e-07,3.190435499112594718e-07,3.549678174573979806e-07,3.895063469377912355e-07,4.226489644624867556e-07,4.543948747814274195e-07,4.847514971443753104e-07,5.137333647637578117e-07,5.413610939064229992e-07,5.676604279371433854e-07,5.926613597712483478e-07,6.163973341353822333e-07,6.389045291604610229e-07,6.602212152741712561e-07,6.803871881509015501e-07,6.994432715964421430e-07,7.174311675927401941e-07,7.343943312533211786e-07,7.503782366476324778e-07,7.654304702264062985e-07,7.796009511868464435e-07,7.929423166480474799e-07,8.055105063206278584e-07,8.173655744395070311e-07,8.285727482044271962e-07,8.392037431715060359e-07,8.493383376031902769e-07,8.590661996777786700e-07,8.684889529148032859e-07,8.777224545769043023e-07,8.868992465433531584e-07,8.961711143789766505e-07,9.057116527502190789e-07,9.157186769837676345e-07,9.264162326254849649e-07,9.380558268952467209e-07,9.509163266477795714e-07,9.653017266549508712e-07,9.815356846869423443e-07,9.999513535611745627e-07,1.020874647944976086e-06,1.044598743422332655e-06,1.071347468473007598e-06,1.101225571849704538e-06,1.134155002142128437e-06,1.169798764522015363e-06,1.207477921823671712e-06,1.246092555183213875e-06,1.284062253984341321e-06,1.319302161483557258e-06,1.349241769657724195e-06,1.370874264783827457e-06,1.380807438712954049e-06,1.375311470804814797e-06
1.348950350114592352e-06,1.301167656639516775e-06,1.240698123922409674e-06,1.173478958267573660e-06,1.104185403545343360e-06,1.036181886249259420e-06,9.717081847424400358e-07,9.121237506661906605e-07,8.581267733683697738e-07,8.099317888042993687e-07,7.674121735363239596e-07,7.302148853803805903e-07,6.978514699835596769e-07,6.697675527651914148e-07,6.453930425149102245e-07,6.241759375559684449e-07,6.056030909723625449e-07,5.892112797080234593e-07,5.745915197484910564e-07,5.613889767210388784e-07,5.493002100011212559e-07,5.380689584863679383e-07,5.274812640900304322e-07,5.173604322866595080e-07,5.075621277049689650e-07,4.979697726549020239e-07,4.884903358784623691e-07,4.790505506858475287e-07,4.695935736798850793e-07,4.600760791360568826e-07,4.504657744349963170e-07,4.407393155068017472e-07,4.308805962502932554e-07,4.208793814782952312e-07,4.107302488325074693e-07,4.004318013657670524e-07,3.899861093443972773e-07,3.793983376029766280e-07,3.686765138369418137e-07,3.578313938749912212e-07,3.468763825023354814e-07,3.358274729616873783e-07,3.247030373706362542e-07,3.135232427340645060e-07,3.023099552755138847e-07,2.910867799147126369e-07,2.798790857227996886e-07,2.687140141665276612e-07,2.576204667231253642e-07,2.466290682952011858e-07,2.357721028053409016e-07,2.250834174243643885e-07,2.145982920975876195e-07,2.043532713750733431e-07,1.943859559947828629e-07,1.847347521491071470e-07,1.754385767867536993e-07,1.665365175352472124e-07,1.580674457413754684e-07,1.500695806324111616e-07,1.425800017501453488e-07,1.356341059099991986e-07,1.292650046810438986e-07,1.235028599123729453e-07,1.183741596218902195e-07,1.139009459741858616e-07,1.101000214960987897e-07,1.069821774546129638e-07,1.045515050137040003e-07,1.028048586757344311e-07,1.017315359542820568e-07,1.013132143419285767e-07,1.015241503251954347e-07,1.023316059423088436e-07,1.036964390247157417e-07,1.055737829080318062e-07,1.079137512413362098e-07,1.106621271885282649e-07,1.137610239035365823e-07,1.171495260416901159e-07,1.207643357231958895e-07,1.245404505549920476e-07,1.284118985410425061e-07,1.323125483208654539e-07,1.361770060724987520e-07,1.399416045211993997e-07,1.435454857972845235e-07,1.469317787567015922e-07,1.500488729485672181e-07,1.528517959496308142e-07,1.553037090817853742e-07,1.573775503551677211e-07,1.590578756496652349e-07,1.603429813983026114e-07,1.612474282329018785e-07,1.618051161046071488e-07,1.620731908751894598e-07,1.621372249500537363e-07,1.621183818486250005e-07,1.621837741772009261e-07,1.625622202263761469e-07,1.635697000614767234e-07,1.656533977053412149e-07,1.694734207452958859e-07,1.760637523856957986e-07,1.871609826492559207e-07,2.058763397468908845e-07,2.380090613158579311e-07,2.943853866877753173e-07,2.985416413450538485e-07,2.934597223479415266e-07,3.377467789322072738e-07,4.293240770674785637e-07,5.203054157079232136e-07,5.782091444406792198e-07,5.973351100480187977e-07,5.920778461786606495e-07,5.853584025938332219e-07,5.957475459964310957e-07,6.302098212364236930e-07,6.842488668220192886e-07,7.429691916349586268e-07,7.824165044506059222e-07,7.758862905626152547e-07,7.041021756069412601e-07,5.640912720125207608e-07,3.732986101696170518e-07,1.718806147130575128e-07,9.793470460813926361e-08,2.017761392478234912e-07,2.519133946526219059e-07,2.213727352736523881e-07,1.261484071663809280e-07,5.275411754395507395e-08,7.143077661246054728e-08,1.387120698754524284e-07,2.062445834306955288e-07,2.703352551117838548e-07,3.308645599043855019e-07,3.880865244060311394e-07,4.422334416476088850e-07,4.934516554070017494e-07,5.418024846210038517e-07,5.872774413816330073e-07,6.298150020883382168e-07,6.693155884501612685e-07,7.056541548796273075e-07,7.386905929082987171e-07,7.682783522971491623e-07,7.942716620236924362e-07,8.165316516454950896e-07,8.349315635589817957e-07,8.493612030348764226e-07,8.597307234986362906e-07,8.659738018286125105e-07,8.680502292115887021e-07,8.659479257158061946e-07,8.596843780441725351e-07,8.493074974592038238e-07,8.348958969760770209e-07,8.165585924404620845e-07,7.944341401340999634e-07,7.686892332984570949e-07,7.395167907194715818e-07,7.071335816108364597e-07,6.717774418622853429e-07,6.337041467499537284e-07,5.931840140088918583e-07,5.504983184680538888e-07,5.059356052212366229e-07,4.597879929961627706e-07,4.123475644383647106e-07,3.639029493876829299e-07,3.147362318180842307e-07,2.651203841552359377e-07,2.153176702471431343e-07,1.655803513262367054e-07,1.161593160302864666e-07,6.735807590638475180e-08,2.037422437558241221e-08,3.038743012975633280e-08,7.616485743854198264e-08,1.214174016133113116e-07,1.655517435363890069e-07,2.084107992888623867e-07,2.499026947822633681e-07,2.899637551322917759e-07,3.285495599130628735e-07,3.656312550487547652e-07,4.011932874545567571e-07,4.352316391230516823e-07,4.677522906092827484e-07,4.987698271883016908e-07,5.283061595314915622e-07,5.563893503134381819e-07,5.830525441590885503e-07,6.083329993838818117e-07,6.322712192784117470e-07,6.549101795157159505e-07,6.762946471235095254e-07,6.964705855554929353e-07,7.154846397649778397e-07,7.333840040775376465e-07,7.502173963417644874e-07,7.660353352544768755e-07,7.808902248488877559e-07,7.948365725238182984e-07,8.079313757980339117e-07,8.202347097040363312e-07,8.318105397176252966e-07,8.427277765759140679e-07,8.530615806368444785e-07,8.628949152107429698e-07,8.723203404696871621e-07,8.814420312762141014e-07,8.903779918730123752e-07,8.992624251343122963e-07,9.082481900941158909e-07,9.175092434247570280e-07,9.272429015424591413e-07,9.376716715304875016e-07,9.490442712124501717e-07,9.616352812174039313e-07,9.757426363480129170e-07,9.916818678292301606e-07,1.009775663988035528e-06,1.030336963467598869e-06,1.053643517405112727e-06,1.079901811892361843e-06,1.109198682181694063e-06,1.141440225303842899e-06,1.176280102238923531e-06,1.213043177432952949e-06,1.250655125683779312e-06,1.287592157807181523e-06,1.321863491291809432e-06,1.351028095229648651e-06,1.372226776049672028e-06,1.382196630007241424e-06,1.377268398309540418e-06
1.351845955016113600e-06,1.305411559001331673e-06,1.246159219499012529e-06,1.179927645186119964e-06,1.111371826455776714e-06,1.043866854439273946e-06,9.796748556028194448e-07,9.201837042917382255e-07,8.661241599678896480e-07,8.177453810475490418e-07,7.749547500398278726e-07,7.374300729797058912e-07,7.047088071652965495e-07,6.762567624388776829e-07,6.515183810732805295e-07,6.299511995773448644e-07,6.110475486720116493e-07,5.943466053710514032e-07,5.794395985198110735e-07,5.659704526778205700e-07,5.536335955493557972e-07,5.421701527272605950e-07,5.313633533061408433e-07,5.210336751208518463e-07,5.110340539377683100e-07,5.012453458638997227e-07,4.915721465487570212e-07,4.819390181957127570e-07,4.722871439412740067e-07,4.625714104472918133e-07,4.527579080911034431e-07,4.428218305215611842e-07,4.327457496040281336e-07,4.225182368885463573e-07,4.121327982941485067e-07,4.015870846709164755e-07,3.908823374568539143e-07,3.800230260811033544e-07,3.690166324215415799e-07,3.578735378496506830e-07,3.466069704927388897e-07,3.352329745166446822e-07,3.237702088190138453e-07,3.122392983147501276e-07,3.006627348984354708e-07,2.890649354441488500e-07,2.774722857781866780e-07,2.659131669700304694e-07,2.544179599805102841e-07,2.430190244957055661e-07,2.317506477004107617e-07,2.206489588441400775e-07,2.097518057541636909e-07,1.990985899610069143e-07,1.887300577918342898e-07,1.786880455696608875e-07,1.690151777704589340e-07,1.597545173907453629e-07,1.509491675477695441e-07,1.426418221399585929e-07,1.348742610180962909e-07,1.276867816842153710e-07,1.211175558477330333e-07,1.152018970565250084e-07,1.099714280862000582e-07,1.054531475223042341e-07,1.016684168945886405e-07,9.863192222948580358e-08,9.635070011973828206e-08,9.482334467999329074e-08,9.403951179106858043e-08,9.397980102392586626e-08,9.461602916539086347e-08,9.591183446506195624e-08,9.782349608917078586e-08,1.003008380750584223e-07,1.032881115846417118e-07,1.067247972390978424e-07,1.105463193377857761e-07,1.146847000775900258e-07,1.190691989249525231e-07,1.236269827889800752e-07,1.282838631057260355e-07,1.329651227801590002e-07,1.375964435603258759e-07,1.421049350278280930e-07,1.464202605311805026e-07,1.504758527148134561e-07,1.542102111311243004e-07,1.575682761623402639e-07,1.605028770547699661e-07,1.629762588077687607e-07,1.649617080902766305e-07,1.664453297350452471e-07,1.674280513824468455e-07,1.679278042423434818e-07,1.679820072372805841e-07,1.676505118636653092e-07,1.670192214977365735e-07,1.662047591793737561e-07,1.653609683806512966e-07,1.646891074206255676e-07,1.644564780409195667e-07,1.650359713142996189e-07,1.669996631403561337e-07,1.713530576961242678e-07,1.801239774762968714e-07,1.977604229457290551e-07,2.339743824565386724e-07,2.344186474290159603e-07,2.564773992124459406e-07,3.439841801422377523e-07,4.621999635963490146e-07,5.624905659195874480e-07,6.190458188237305396e-07,6.293227647137490778e-07,6.089179755643770887e-07,5.831285427725353006e-07,5.764868296321964679e-07,6.029329030186249926e-07,6.597341663531643159e-07,7.276464876740738977e-07,7.772018626160779023e-07,7.786450124116320314e-07,7.124048743084023124e-07,5.771645227016641008e-07,3.942054589202846433e-07,2.149937964414110245e-07,1.623805734937568821e-07,2.371266928188890840e-07,2.755822151788623074e-07,2.392458299716539258e-07,1.416152998846636438e-07,8.056946531396835692e-08,1.015314240507154895e-07,1.646419185418789451e-07,2.321459850596996149e-07,2.976812551958667894e-07,3.602882444362964951e-07,4.199216529368164028e-07,4.766750208837224357e-07,5.306121390753729505e-07,5.817345477481440067e-07,6.299846257452820845e-07,6.752575077871621528e-07,7.174139764720873413e-07,7.562921230947805281e-07,7.917173677936819179e-07,8.235109791016125585e-07,8.514973678988039178e-07,8.755104182589862697e-07,8.953989318720248372e-07,9.110313307444365907e-07,9.222997069990346366e-07,9.291232565502436172e-07,9.314511039312536154e-07,9.292645109150353456e-07,9.225784557006800011e-07,9.114425694260973988e-07,8.959414211876136494e-07,8.761941506536880741e-07,8.523534579400848362e-07,8.246039728805418033e-07,7.931600394048675335e-07,7.582629646757086953e-07,7.201777962404910036e-07,6.791897031250299149e-07,6.356000480792164958e-07,5.897222478755966593e-07,5.418775268764284361e-07,4.923906770800369882e-07,4.415859484629785651e-07,3.897832142889450661e-07,3.372946080323665694e-07,2.844219745457209501e-07,2.314559352655709618e-07,1.786790386613203783e-07,1.263832518161270028e-07,7.496688735387444306e-08,2.617033318876426918e-08,3.011136229309387448e-08,7.721669292035846226e-08,1.244237695893299349e-07,1.704662713372824477e-07,2.151034989852259727e-07,2.582227341799686768e-07,2.997554092478218833e-07,3.396583684572624992e-07,3.779070900502224952e-07,4.144921256870379860e-07,4.494166563951081033e-07,4.826945362280639715e-07,5.143486076568486654e-07,5.444092072736783283e-07,5.729128283432963136e-07,5.999009243708296828e-07,6.254188440641533623e-07,6.495148898563899058e-07,6.722394923055859821e-07,6.936444923511886995e-07,7.137825230489624980e-07,7.327064822007402421e-07,7.504694238217896655e-07,7.671256364893553515e-07,7.827309364896775048e-07,7.973427479533580587e-07,8.110203231438247909e-07,8.238251351072324324e-07,8.358214715952592511e-07,8.470772521076475873e-07,8.576650813924008507e-07,8.676635441918861755e-07,8.771587380538902236e-07,8.862460335143229527e-07,8.950320429993593131e-07,9.036367696152405709e-07,9.121958918128492910e-07,9.208631157755395272e-07,9.298124889750476421e-07,9.392405088834523214e-07,9.493677720816592186e-07,9.604397816861859856e-07,9.727263559525002110e-07,9.865188515255164820e-07,1.002124131824011524e-06,1.019853890645505591e-06,1.040007627830975348e-06,1.062847359234705173e-06,1.088562188151315339e-06,1.117221417420564510e-06,1.148716263161305912e-06,1.182692746493864962e-06,1.218482015702823199e-06,1.255038435922730622e-06,1.290898077068429156e-06,1.324166820898829737e-06,1.352534181059632577e-06,1.373287727141865628e-06,1.383291906630654172e-06,1.378937347241846432e-06
1.354520152852126954e-06,1.309463409408977635e-06,1.251469732481014873e-06,1.186273334473749569e-06,1.118504525710566801e-06,1.051546779713790196e-06,9.876833326267785239e-07,9.283294444336270261e-07,8.742474072082015990e-07,8.257201153390144602e-07,7.826884162160450183e-07,7.448608570038524640e-07,7.118010985678598550e-07,6.829957125114965924e-07,6.579044007543986263e-07,6.359949933664378609e-07,6.167659990452304758e-07,5.997595929520937466e-07,5.845676951218969375e-07,5.708333499894919865e-07,5.582491104722384045e-07,5.465536594828023400e-07,5.355275158606435660e-07,5.249883807245450391e-07,5.147864739946971373e-07,5.048000715578034492e-07,4.949313631445088698e-07,4.851026941575067837e-07,4.752532197682755601e-07,4.653359782910437813e-07,4.553153775546146105e-07,4.451650791559773038e-07,4.348662589522916213e-07,4.244062167574043261e-07,4.137773034183952072e-07,4.029761291223062764e-07,3.920030130356337105e-07,3.808616314666274042e-07,3.695588199971075309e-07,3.581044848164169120e-07,3.465115801424428420e-07,3.347961123866016512e-07,3.229769512248693557e-07,3.110751120340443789e-07,2.991136538574191059e-07,2.871177585133898055e-07,2.751147958509379376e-07,2.631343709363066972e-07,2.512083485351412021e-07,2.393708499502604436e-07,2.276582171493270704e-07,2.161089392365840414e-07,2.047635367520869371e-07,1.936644000639186163e-07,1.828555792520523232e-07,1.723825242848124293e-07,1.622917757530769155e-07,1.526306075723790623e-07,1.434466232973586283e-07,1.347873062249599330e-07,1.266995194216024622e-07,1.192289445738297200e-07,1.124194384039472693e-07,1.063122744669055980e-07,1.009452315687366188e-07,9.635149623535306709e-08,9.255837540400366461e-08,8.958587230044718339e-08,8.744525575665647573e-08,8.613782412139322524e-08,8.565408876838852766e-08,8.597354704015253539e-08,8.706508508200214277e-08,8.888789748781257928e-08,9.139270195219005330e-08,9.452300704205477986e-08,9.821625364894383902e-08,1.024047520299227059e-07,1.070164285058832289e-07,1.119754513411183559e-07,1.172028213361054196e-07,1.226170013449895272e-07,1.281346354279006649e-07,1.336713839390454937e-07,1.391428813254841716e-07,1.444658103390278922e-07,1.495590789971488521e-07,1.543450833389514372e-07,1.587510380164719276e-07,1.627103562260217424e-07,1.661640585770537190e-07,1.690621867292610314e-07,1.713652012852250447e-07,1.730454004584933431e-07,1.740885728942520700e-07,1.744953511291501090e-07,1.742824519841444137e-07,1.734837626945437271e-07,1.721510983906892640e-07,1.703543310222379775e-07,1.681804205663378779e-07,1.657307329820611933e-07,1.631163182785590717e-07,1.604532144928822214e-07,1.578704580575405269e-07,1.555837137870968594e-07,1.542283303821843122e-07,1.560885045744359764e-07,1.688225701804863670e-07,1.637683607326996427e-07,2.152831256466278765e-07,3.344997307030069167e-07,4.662942344051115410e-07,5.707495310544722569e-07,6.300513982199345360e-07,6.458546555515758656e-07,6.339684447515193668e-07,6.153743633385835619e-07,6.077752100174335215e-07,6.219347350018213674e-07,6.598035636769986267e-07,7.103253982604072738e-07,7.492388787372899398e-07,7.480648248440443690e-07,6.867753742953204331e-07,5.637147680503694440e-07,4.017059937992039994e-07,2.576584407009574019e-07,2.252687932650830841e-07,2.783513714687529544e-07,3.025539804050850937e-07,2.602407303426375400e-07,1.625366890865388995e-07,1.138956465572110581e-07,1.370714776197817699e-07,1.964641264780241939e-07,2.629319055041608537e-07,3.290714176812920249e-07,3.931895828248295218e-07,4.548894057800914879e-07,5.140691695101092341e-07,5.706652948292834672e-07,6.245856673545605950e-07,6.756980689469496172e-07,7.238349912752338700e-07,7.688027086809539582e-07,8.103907472667123605e-07,8.483806189170029467e-07,8.825535986115024664e-07,9.126976451705575953e-07,9.386137712979143846e-07,9.601215236086945682e-07,9.770638206614787092e-07,9.893112145542291348e-07,9.967655665427358918e-07,9.993631078222481456e-07,9.970768522372685873e-07,9.899183282653460236e-07,9.779386018860664901e-07,9.612285698400241557e-07,9.399185140197341980e-07,9.141769217420409887e-07,8.842085926821098908e-07,8.502520704720480981e-07,8.125764545381942416e-07,7.714776648754608752e-07,7.272742484606925157e-07,6.803028304280972998e-07,6.309133258683590339e-07,5.794640397239012657e-07,5.263167946156898076e-07,4.718322444385097486e-07,4.163655676896197903e-07,3.602628225992515019e-07,3.038584875462194001e-07,2.474754521866661126e-07,1.914313939862923751e-07,1.360676647350826639e-07,8.189963276851632888e-08,3.130228877804248143e-08,3.162216234036780420e-08,7.980682136081583286e-08,1.289912689934875771e-07,1.769945431183682363e-07,2.234597540136922593e-07,2.682455222708963221e-07,3.112764173610878605e-07,3.525105389319324004e-07,3.919284786857849006e-07,4.295280140135185972e-07,4.653207791477235590e-07,4.993297817748430405e-07,5.315873675906652325e-07,5.621334763316347613e-07,5.910141206485613877e-07,6.182800532880753051e-07,6.439856016621586515e-07,6.681876543123996374e-07,6.909447859046596278e-07,7.123165082585607251e-07,7.323626353843667738e-07,7.511427509181457683e-07,7.687161306250213844e-07,7.851429316153117249e-07,8.004845072527091259e-07,8.148034888121346246e-07,8.281640135998657398e-07,8.406321285241254795e-07,8.522763948345113662e-07,8.631687126939655761e-07,8.733853758276706929e-07,8.830083581427061949e-07,8.921268265367563176e-07,9.008388669452446980e-07,9.092534030470132686e-07,9.174922771137454538e-07,9.256924474023438348e-07,9.340082322600273384e-07,9.426134924562945405e-07,9.517035835233820876e-07,9.614968211687815151e-07,9.722350764792255738e-07,9.841829456189027330e-07,9.976247163143303964e-07,1.012858084225050371e-06,1.030183276658776913e-06,1.049885968925242700e-06,1.072212226971411866e-06,1.097333842248398771e-06,1.125303081322524634e-06,1.155997345794121796e-06,1.189056759379110484e-06,1.223821162461209165e-06,1.259276457183877297e-06,1.294021330012054228e-06,1.326260195399471364e-06,1.353813286510732471e-06,1.374113191267136188e-06,1.384149130011402265e-06,1.380370820824854847e-06
1.357007123516819475e-06,1.313351357515509377e-06,1.256652128560091387e-06,1.192533231538795718e-06,1.125595822923146434e-06,1.059229517613849420e-06,9.957375487060583890e-07,9.365616618845779012e-07,8.824947296330701600e-07,8.338525019477994132e-07,7.906086821533215862e-07,7.525023337331873658e-07,7.191234747712260914e-07,6.899798817639118374e-07,6.645471278006821519e-07,6.423040032828282085e-07,6.227558325274676069e-07,6.054483463412352636e-07,5.899746107113675731e-07,5.759771393746993687e-07,5.631468637396052536e-07,5.512201958233555189e-07,5.399750504662850057e-07,5.292264077109529992e-07,5.188217894142540236e-07,5.086368814461727476e-07,4.985714381290532239e-07,4.885455446591788268e-07,4.784962749326713531e-07,4.683747582906387682e-07,4.581436535545792197e-07,4.477750186332552087e-07,4.372485566437899102e-07,4.265502135780603841e-07,4.156710973954343384e-07,4.046066838022622858e-07,3.933562699329906333e-07,3.819226338968741561e-07,3.703118560204639401e-07,3.585332569707262015e-07,3.465994091559634026e-07,3.345261811756238993e-07,3.223325658700564563e-07,3.100398900517579617e-07,2.976717101687873029e-07,2.852539155500421828e-07,2.728148182033805247e-07,2.603852242569118201e-07,2.479984815348697470e-07,2.356904972880992694e-07,2.234997198482708025e-07,2.114670780570198380e-07,1.996358728611640382e-07,1.880516165835064443e-07,1.767618171608975374e-07,1.658157070860998964e-07,1.552639197311224744e-07,1.451581187234648558e-07,1.355505882308021662e-07,1.264937919590648904e-07,1.180399043339604339e-07,1.102403062553043973e-07,1.031450179559825174e-07,9.680201321450459857e-08,9.125632852820273674e-08,8.654886346139508125e-08,8.271479019176996895e-08,7.978157877979418527e-08,7.776680539851988766e-08,7.667609741831591532e-08,7.650167880250984059e-08,7.722190558769327095e-08,7.880190972899077380e-08,8.119512359819806958e-08,8.434522316064517859e-08,8.818801375616510833e-08,9.265295068196333177e-08,9.766421114594231237e-08,1.031414040069560132e-07,1.090000784101869825e-07,1.151521894257368730e-07,1.215066362412081237e-07,1.279699380494185364e-07,1.344470713560157619e-07,1.408424648196441374e-07,1.470611323515965719e-07,1.530099183809792585e-07,1.585988273707242029e-07,1.637424099442161998e-07,1.683611774958787247e-07,1.723830110710915838e-07,1.757445078714596319e-07,1.783921570482613572e-07,1.802832585355785983e-07,1.813878770587248074e-07,1.816893827130518855e-07,1.811848245238309703e-07,1.798849030853643953e-07,1.778131492460076600e-07,1.750037072279137682e-07,1.714966236058876428e-07,1.673285042054993281e-07,1.625143537846406380e-07,1.570127638223186882e-07,1.506617895843202308e-07,1.430746279339037191e-07,1.335387694608536046e-07,1.213172016109647473e-07,1.087425805727183840e-07,9.222705455020607313e-08,1.722497914120167905e-07,3.067135764625061148e-07,4.396582917723996587e-07,5.440829751994637431e-07,6.108881835635898483e-07,6.462243244393208255e-07,6.636333481400441287e-07,6.734549448288681401e-07,6.787527752730990601e-07,6.810205903645704605e-07,6.855531593559090224e-07,6.960693191480350779e-07,7.040643657435830907e-07,6.888918844694536924e-07,6.309613587166655598e-07,5.261784262715440707e-07,3.954281881649958036e-07,2.918759364460615445e-07,2.766711576839179234e-07,3.151157179659234512e-07,3.275857683098037677e-07,2.823017325805613744e-07,1.880571135366630428e-07,1.511429758247432827e-07,1.763766888183056642e-07,2.327222038093743450e-07,2.976678115313224778e-07,3.638625254663218970e-07,4.291084476474396259e-07,4.926616011476197405e-07,5.541909702538631722e-07,6.134709481760367378e-07,6.702874218580163876e-07,7.244115783634524869e-07,7.755962847644045690e-07,8.235800031909468800e-07,8.680930203595470462e-07,9.088641455289653536e-07,9.456271898180166146e-07,9.781269843518884585e-07,1.006126018373909068e-06,1.029409646058057005e-06,1.047790962887131894e-06,1.061115271573921268e-06,1.069264018962813878e-06,1.072158120602352230e-06,1.069760607148680378e-06,1.062078535868134786e-06,1.049164119539048822e-06,1.031115036951670187e-06,1.008073904494371759e-06,9.802269065968381914e-07,9.478016033080930359e-07,9.110639550890022584e-07,8.703146270195489563e-07,8.258846561379849853e-07,7.781305857791665481e-07,7.274291890970703123e-07,6.741719204922290942e-07,6.187592494195865505e-07,5.615950489713781078e-07,5.030812391050829308e-07,4.436129400913895187e-07,3.835745260771286427e-07,3.233373319526302569e-07,2.632608720333655571e-07,2.037033708944428370e-07,1.450652071386893818e-07,8.800715122282085141e-08,3.570328886195630257e-08,3.483511899964093294e-08,8.408644130315465450e-08,1.352922146990127752e-07,1.853126664936339330e-07,2.336540480212715097e-07,2.801410173486391870e-07,3.246902956957498875e-07,3.672617971279563719e-07,4.078424144416692894e-07,4.464385922438099575e-07,4.830719340602780656e-07,5.177760967522383613e-07,5.505943509874590580e-07,5.815775578632403694e-07,6.107824487616646325e-07,6.382701501073051236e-07,6.641049176674863874e-07,6.883530551525116810e-07,7.110819966119034565e-07,7.323595346129438829e-07,7.522531777738202497e-07,7.708296224791544479e-07,7.881547157995245410e-07,8.042947641062945161e-07,8.193168773334844492e-07,8.332890593163401709e-07,8.462804502750095449e-07,8.583617470174509457e-07,8.696058232437735988e-07,8.800885653447060637e-07,8.898899308115467606e-07,8.990952282719273794e-07,9.077966108231763708e-07,9.160947675392035722e-07,9.241007907501012265e-07,9.319381870265471311e-07,9.397449848451772007e-07,9.476758676539840428e-07,9.559042222619244968e-07,9.646239326572001986e-07,9.740506609652974631e-07,9.844222323240146861e-07,9.959975720905886437e-07,1.009053429156768379e-06,1.023877864688141863e-06,1.040759215659803747e-06,1.059969012012065399e-06,1.081737236846463665e-06,1.106218535397792184e-06,1.133448731257654589e-06,1.163292556886103444e-06,1.195386008095847162e-06,1.229079953941246126e-06,1.263394457010856164e-06,1.296993162012051589e-06,1.328180275732517022e-06,1.354906194604612500e-06,1.374746082224068617e-06,1.384810902844068981e-06,1.381608646377869504e-06
1.359329780312696062e-06,1.317093799864835582e-06,1.261720752384223912e-06,1.198718070640015729e-06,1.132653156978764869e-06,1.066919499075162961e-06,1.003839291700335037e-06,9.448799806601589053e-07,8.908641523511797520e-07,8.421395554705508064e-07,7.987120994350588069e-07,7.603510516026813624e-07,7.266728311129213310e-07,6.972067525145388504e-07,6.714447762037246020e-07,6.488772457381094695e-07,6.290168869438682787e-07,6.114135113542889716e-07,5.956617682700938021e-07,5.814039833814597002e-07,5.683297199683776638e-07,5.561732950334920779e-07,5.447101317011481027e-07,5.337525511459229328e-07,5.231454011677193684e-07,5.127617731727127904e-07,5.024989607761595755e-07,4.922747484726885543e-07,4.820240771869511733e-07,4.716961070270138213e-07,4.612516805453585471e-07,4.506611784428312849e-07,4.399027514777205357e-07,4.289609058943356593e-07,4.178254141715773931e-07,4.064905179815628542e-07,3.949543859185695361e-07,3.832187849889753893e-07,3.712889223518562077e-07,3.591734127485138522e-07,3.468843278583818846e-07,3.344372868255543862e-07,3.218513065043718163e-07,3.091479349700210811e-07,2.963511460718491510e-07,2.834874705520568867e-07,2.705861144903938823e-07,2.576790593075045016e-07,2.448011366772958692e-07,2.319900709277041441e-07,2.192864809762140643e-07,2.067338337207237183e-07,1.943783413005970522e-07,1.822687960051678575e-07,1.704563390969785889e-07,1.589941636535389475e-07,1.479371567952823774e-07,1.373414931308990692e-07,1.272641980960847416e-07,1.177627052480261187e-07,1.088944320667220303e-07,1.007163888102404214e-07,9.328480677293547339e-08,8.665471815959976126e-08,8.087933840908090241e-08,7.600901133163062017e-08,7.208943181301139869e-08,6.915895169790100297e-08,6.724508421774500407e-08,6.636081273034734354e-08,6.650172546927790890e-08,6.764496692265009670e-08,6.975037236835130758e-08,7.276327013945109838e-08,7.661787826037796676e-08,8.124028563662925482e-08,8.655049934898008991e-08,9.246355976724928775e-08,9.889002301169645114e-08,1.057361683862602475e-07,1.129042088948607584e-07,1.202926673741835942e-07,1.277969843471605936e-07,1.353103617068672830e-07,1.427248140521145387e-07,1.499323867757746787e-07,1.568264980119491839e-07,1.633033644736723518e-07,1.692634759366606012e-07,1.746130880080175687e-07,1.792657040785479826e-07,1.831434902613011855e-07,1.861783589334178567e-07,1.883111801378246904e-07,1.894965875804208072e-07,1.897016691121033587e-07,1.889060253916566220e-07,1.871015420582402216e-07,1.842914400287687861e-07,1.804881979955703600e-07,1.757095275487407206e-07,1.699704795321853445e-07,1.632670430903147284e-07,1.555401548128154148e-07,1.465946268399708001e-07,1.359180887015242424e-07,1.222936576625007809e-07,1.030414145339848651e-07,7.289360671188413312e-08,2.556440361738058942e-08,1.305156794838145016e-07,2.610610553025420090e-07,3.841632367495282379e-07,4.856369953074045665e-07,5.651567570929782258e-07,6.316305103228293983e-07,6.913117656422238328e-07,7.393387562250943889e-07,7.640723895986083707e-07,7.588372218221424226e-07,7.293703826463140727e-07,6.904709698120084882e-07,6.528877760217883849e-07,6.121556436577776969e-07,5.536838625943257487e-07,4.700374345074538403e-07,3.756846352544326218e-07,3.110396248148650419e-07,3.094356375867349570e-07,3.391745354535836274e-07,3.455986456650922612e-07,3.030125023772069407e-07,2.165394267014783964e-07,1.906821178232933540e-07,2.178340253606733539e-07,2.717686689240263792e-07,3.351235610130306484e-07,4.011600483561017986e-07,4.673952495511834904e-07,5.327727051372864557e-07,5.967177715281859495e-07,6.588204848715582847e-07,7.187246106873873671e-07,7.760884498344034694e-07,8.305722437687182288e-07,8.818360629178258657e-07,9.295420900627462505e-07,9.733588370139154198e-07,1.012966042170451762e-06,1.048058450959751239e-06,1.078354649175019500e-06,1.103600824932143592e-06,1.123575730498927369e-06,1.138095452983168691e-06,1.147017685666034583e-06,1.150245376541377801e-06,1.147729662042551189e-06,1.139472004152092113e-06,1.125525460434272617e-06,1.105995032191094506e-06,1.081037055849353138e-06,1.050857626127605506e-06,1.015710065545422360e-06,9.758914823084496565e-07,9.317384863621341841e-07,8.836221603549127548e-07,8.319424075087397605e-07,7.771218214950453368e-07,7.195992446130221710e-07,6.598232014502608040e-07,5.982454200908868034e-07,5.353146924155804306e-07,4.714714056753331621e-07,4.071432708678179529e-07,3.427432929735699695e-07,2.786726019651365033e-07,2.153363603169244172e-07,1.532061478452143471e-07,9.312796861274006218e-08,3.934629135723708902e-08,3.963699176510892639e-08,9.021448834204920185e-08,1.435175952533741186e-07,1.956176134266346112e-07,2.458815756743495823e-07,2.940988456181964207e-07,3.401787914928252369e-07,3.840844928575036754e-07,4.258108591269911682e-07,4.653748374244635235e-07,5.028098248130614574e-07,5.381618671628205301e-07,5.714867744389294439e-07,6.028477965266448796e-07,6.323136953925179120e-07,6.599571271383970794e-07,6.858532812719094419e-07,7.100787401940101950e-07,7.327105298271894677e-07,7.538253368261267876e-07,7.734988708151652532e-07,7.918053524128733144e-07,8.088175281021598416e-07,8.246081087065740158e-07,8.392501522561692030e-07,8.528171714375785350e-07,8.653833979121134779e-07,8.770242255242516944e-07,8.878168513547330875e-07,8.978411267006344260e-07,9.071806219856268906e-07,9.159239017943874951e-07,9.241659992524408998e-07,9.320100725769270995e-07,9.395692197200620875e-07,9.469684176491140545e-07,9.543465380152609471e-07,9.618583667431204411e-07,9.696765162543738931e-07,9.779930593254123933e-07,9.870206258107517707e-07,9.969925803780192878e-07,1.008161735290453887e-06,1.020796846160964665e-06,1.035175899728245029e-06,1.051574959210867927e-06,1.070251144071459258e-06,1.091418292662357014e-06,1.115214152456161565e-06,1.141658782406017828e-06,1.170605459804088023e-06,1.201687844166006834e-06,1.234270104655203868e-06,1.267408891053012078e-06,1.299834788446090766e-06,1.329952539888691371e-06,1.355841546543378140e-06,1.375216556889818172e-06,1.385306938447608915e-06,1.382678198085331812e-06
1.361499797636225095e-06,1.320699146368778862e-06,1.266681394543826425e-06,1.204831543318958576e-06,1.139678423803409105e-06,1.074617022357233995e-06,1.011987483395361760e-06,9.532822538537495385e-07,8.993528480459966132e-07,8.505781907961687603e-07,8.069957271932724023e-07,7.684045524494782654e-07,7.344474444234790533e-07,7.046754997261198002e-07,6.785975039346661254e-07,6.557158861816185316e-07,6.355513184811037158e-07,6.176581939919416462e-07,6.016331718100526895e-07,5.871187307140110067e-07,5.738033236463645953e-07,5.614193561397455607e-07,5.497398808867905953e-07,5.385746314568188462e-07,5.277658139018983673e-07,5.171839278043761900e-07,5.067237864128752480e-07,4.963008371371342993e-07,4.858478388358179848e-07,4.753119232880845081e-07,4.646520493415901132e-07,4.538368455606798900e-07,4.428428281721943884e-07,4.316529741120541134e-07,4.202556230987721251e-07,4.086436774718830964e-07,3.968140639417298402e-07,3.847674175400771250e-07,3.725079452315824624e-07,3.600434252344095090e-07,3.473852985383835968e-07,3.345488118160644858e-07,3.215528958687049044e-07,3.084192198704765205e-07,2.951720867757931472e-07,2.818385971822287961e-07,2.684488019542816021e-07,2.550358368260673686e-07,2.416360308880631010e-07,2.282889795864976732e-07,2.150375717734926751e-07,2.019279596618278072e-07,1.890094605672700049e-07,1.763343804711049531e-07,1.639577522185729529e-07,1.519369861897587478e-07,1.403314391805084306e-07,1.292019185551124535e-07,1.186101536123924202e-07,1.086182836080900957e-07,9.928842870652804794e-08,9.068241835868997024e-08,8.286173530739475092e-08,7.588766577229056154e-08,6.982149282305598396e-08,6.472431116275094299e-08,6.065573408630696489e-08,5.767062895117517291e-08,5.581344874138165632e-08,5.511098112120024393e-08,5.556591017443328712e-08,5.715407760333592185e-08,5.982674046119065299e-08,6.351645051559354978e-08,6.814365541624452088e-08,7.362168050244115042e-08,7.985934623927245939e-08,8.676171414026088828e-08,9.422986010950259211e-08,1.021604229029807226e-07,1.104453610433942721e-07,1.189720907326379817e-07,1.276240221782866502e-07,1.362814408228442630e-07,1.448226583944411704e-07,1.531253602785492715e-07,1.610680854919774755e-07,1.685317867243531235e-07,1.754014289501711870e-07,1.815675995560440720e-07,1.869281369803140398e-07,1.913899058807248421e-07,1.948713582963499879e-07,1.972927305758584116e-07,1.985953873696860609e-07,1.987314637935432335e-07,1.976655333763615585e-07,1.953750655490178630e-07,1.918504419787302906e-07,1.870948482030055807e-07,1.811242564250875907e-07,1.739674028415688314e-07,1.656643147723617994e-07,1.562575560828611563e-07,1.457583716379994266e-07,1.340421258176012062e-07,1.205783962291982911e-07,1.038797399744478326e-07,8.104434060889709546e-08,3.278953428103212643e-08,9.531235657618284099e-08,2.011715320463293069e-07,3.056153503243836812e-07,4.031531134550661976e-07,5.006936256945268749e-07,6.049877845186188726e-07,7.096045650173346259e-07,7.949974342579665519e-07,8.399197741778980356e-07,8.331893132076440995e-07,7.795480000162590755e-07,6.979397257314198551e-07,6.121147994387665981e-07,5.367351586419794384e-07,4.701375857418581112e-07,4.044316265515477779e-07,3.438579686391239962e-07,3.104727017001362625e-07,3.185874446160035348e-07,3.450424842321618136e-07,3.528499781399337201e-07,3.200711623582605920e-07,2.456548517185311146e-07,2.303103517208276371e-07,2.594271765988987886e-07,3.116875966077453672e-07,3.738002477398837771e-07,4.398537938141414992e-07,5.072429441678442570e-07,5.746462574542767417e-07,6.412499710733437380e-07,7.064526492961819084e-07,7.697470265715908879e-07,8.306702168232639344e-07,8.887823742383599194e-07,9.436583081089158613e-07,9.948855994531852389e-07,1.042066393451248231e-06,1.084821954129234348e-06,1.122787770643210107e-06,1.155634590226788102e-06,1.183064372280974895e-06,1.204816699718831971e-06,1.220674143624071143e-06,1.230466981566039389e-06,1.234077256127250655e-06,1.231442074532860301e-06,1.222556040202952633e-06,1.207472718071844075e-06,1.186305055320151768e-06,1.159224704588426050e-06,1.126460226434289531e-06,1.088294180549966299e-06,1.045059149714453973e-06,9.971327751737321124e-07,9.449319157757643262e-07,8.889060746953618342e-07,8.295302665050908842e-07,7.672975242166844349e-07,7.027112730927302911e-07,6.362778316147483467e-07,5.684993547181016429e-07,4.998676470330404554e-07,4.308595434989626691e-07,3.619352777933351781e-07,2.935434502624299063e-07,2.261440195552824601e-07,1.602960353531701651e-07,9.708961679805623289e-08,4.227600083385201693e-08,4.601169683195769082e-08,9.837121076510165585e-08,1.538825733513720720e-07,2.081307717116196056e-07,2.603608586672823639e-07,3.103302842332942328e-07,3.579433700526656862e-07,4.031686771038812802e-07,4.460114770022699614e-07,4.865015124709921419e-07,5.246861465129558117e-07,5.606258216500236115e-07,5.943907057284667911e-07,6.260580571697012793e-07,6.557100898868864746e-07,6.834322200159180575e-07,7.093116219877355429e-07,7.334360433430773820e-07,7.558928392964184414e-07,7.767681949896345967e-07,7.961465080936471461e-07,8.141099080191706974e-07,8.307383365674262978e-07,8.461111285762683437e-07,8.603074442693347172e-07,8.734064035108986278e-07,8.854873803460806111e-07,8.966304762219331494e-07,9.069171873797224721e-07,9.164312752026025260e-07,9.252598404683653496e-07,9.334945949841708819e-07,9.412333175103655478e-07,9.485814749082201072e-07,9.556539829329671428e-07,9.625770720239949087e-07,9.694902088508219850e-07,9.765480002551844949e-07,9.839219675072981704e-07,9.918020193864454336e-07,1.000397365760119381e-06,1.009936492538822311e-06,1.020665659615431345e-06,1.032845186534978910e-06,1.046742568118749479e-06,1.062621245800005346e-06,1.080723713429198186e-06,1.101247667302578114e-06,1.124314281581101665e-06,1.149928607460431126e-06,1.177933744973733395e-06,1.207962830927972842e-06,1.239395549633285236e-06,1.271327391679723984e-06,1.302557550115781561e-06,1.331591603635885017e-06,1.356636293662793861e-06,1.375542526374147686e-06,1.385654527579521130e-06,1.383594706916502819e-06
1.363519567907900616e-06,1.324167373679591558e-06,1.271532443243042842e-06,1.210871078697151985e-06,1.146668427632643292e-06,1.082318422239650303e-06,1.020178114937628635e-06,9.617643128216841915e-07,9.079567445620757442e-07,8.591647290076017242e-07,8.154565702204553291e-07,7.766607692348105607e-07,7.424463515078508648e-07,7.123863658509998519e-07,6.860067951182166370e-07,6.628226358504127989e-07,6.423630173819664123e-07,6.241873972868863670e-07,6.078948650113074050e-07,5.931283962049297446e-07,5.795755992608274137e-07,5.669671625876094427e-07,5.550739014988970816e-07,5.437030447260803571e-07,5.326941993589263196e-07,5.219152848137640307e-07,5.112586216693089316e-07,5.006372895067994804e-07,4.899818199837783482e-07,4.792372598218084699e-07,4.683606176139521991e-07,4.573186943772639174e-07,4.460862878828325008e-07,4.346447532494448661e-07,4.229808960525092805e-07,4.110861687526141117e-07,3.989561364263236263e-07,3.865901736814730140e-07,3.739913515377862537e-07,3.611664713517600849e-07,3.481262030338805487e-07,3.348852873280823893e-07,3.214624494839526030e-07,3.078793719011956975e-07,2.941605935538641128e-07,2.803337132593448045e-07,2.664295843847706560e-07,2.524824931424135409e-07,2.385303107127076752e-07,2.246146073879013657e-07,2.107807148884267143e-07,1.970777211961670403e-07,1.835583810261384448e-07,1.702789249380181572e-07,1.572987518053290497e-07,1.446799939293458590e-07,1.324869528915441829e-07,1.207854191359613253e-07,1.096419116487663089e-07,9.912290871652842781e-08,8.929418877714597842e-08,8.022046031362518587e-08,7.196551829609265784e-08,6.459317950236977724e-08,5.816912037764055525e-08,5.276329018274315680e-08,4.845160815762643586e-08,4.531431260778199778e-08,4.342776033522684116e-08,4.284894637673827649e-08,4.359820884229095026e-08,4.565027383925308809e-08,4.893952926523974381e-08,5.337490266670954078e-08,5.885454874511472840e-08,6.527437364268448435e-08,7.253039272211327681e-08,8.051763647101962635e-08,8.912807444328984189e-08,9.824889287805486769e-08,1.077615760663829973e-07,1.175417927971777207e-07,1.274599318300928895e-07,1.373821104282152376e-07,1.471715076725646486e-07,1.566899096377354963e-07,1.657993828762325260e-07,1.743640135168973095e-07,1.822516628604793317e-07,1.893356982573910104e-07,1.954966583509540433e-07,2.006237807945163021e-07,2.046161091422363225e-07,2.073816440936946581e-07,2.088417656996299240e-07,2.089293390391886574e-07,2.075876560302673876e-07,2.047681981892520962e-07,2.004260722868569925e-07,1.945113458738292792e-07,1.869528925061379717e-07,1.776282253154238229e-07,1.663074327650897758e-07,1.525529340829559469e-07,1.355642669289024346e-07,1.140795257772235330e-07,8.744779017027887043e-08,6.754310914707599157e-08,1.125188501437808534e-07,2.150324384688236473e-07,3.439377934909612430e-07,4.721542919732578540e-07,5.790704206840381306e-07,6.553264784460141068e-07,7.048873857199795911e-07,7.395191106155978652e-07,7.669822036043666375e-07,7.829619488110410252e-07,7.757010837103215670e-07,7.385122344310639782e-07,6.789488843055382868e-07,6.178657676682903181e-07,5.754770714772148468e-07,5.516266967710913639e-07,5.239568557809448573e-07,4.676879105296399245e-07,3.716310463799609103e-07,2.411215724090363554e-07,9.608285035500198957e-08,6.565888643920982617e-08,1.723668752645432066e-07,2.350816283034210859e-07,2.376407131497713547e-07,2.604931301679321669e-07,3.008889377737131913e-07,3.538399574532644827e-07,4.148208609978644757e-07,4.805813626873066177e-07,5.489268585104985685e-07,6.183509190793791897e-07,6.877636874850164585e-07,7.563219579141282177e-07,8.233279872995757589e-07,8.881704880025772185e-07,9.502910945646617221e-07,1.009166337141279990e-06,1.064299175352857190e-06,1.115216461519952263e-06,1.161469893883696523e-06,1.202637741216386993e-06,1.238332873079897856e-06,1.268206500164946810e-06,1.291953614876784720e-06,1.309318525156936435e-06,1.320100021464488349e-06,1.324155938285245123e-06,1.321406925638832872e-06,1.311839271675125627e-06,1.295506641105223491e-06,1.272530621639825504e-06,1.243100003094589564e-06,1.207468751120850341e-06,1.165952678519456516e-06,1.118924860166795363e-06,1.066809880899512299e-06,1.010077047562718435e-06,9.492327355611982964e-07,8.848120762115752313e-07,8.173702248954859696e-07,7.474734848614140789e-07,6.756906059853853584e-07,6.025846520426944580e-07,5.287059842738270289e-07,4.545872789601414079e-07,3.807424906586972225e-07,3.076746987167608121e-07,2.359086488946548257e-07,1.661134887484614964e-07,9.971348909810994821e-08,4.466454665430301853e-08,5.408843395834012085e-08,1.087712706061967196e-07,1.666314251416760921e-07,2.231007305542489751e-07,2.773355042163661656e-07,3.290693333994854445e-07,3.782057545042018672e-07,4.247222072160721421e-07,4.686373822517548403e-07,5.099966223665288539e-07,5.488638096698471601e-07,5.853160756161035018e-07,6.194399739016168105e-07,6.513285402436863968e-07,6.810789622404086512e-07,7.087907078802024992e-07,7.345640184263013574e-07,7.584986998746885346e-07,7.806931628903553673e-07,8.012436708395969165e-07,8.202437622598504709e-07,8.377838192196334311e-07,8.539512299345546431e-07,8.688321255260686692e-07,8.825118743019979516e-07,8.950752537504127766e-07,9.066067845693659887e-07,9.171912414965268735e-07,9.269143529908573854e-07,9.358636953196898488e-07,9.441297790578641195e-07,9.518073189066749819e-07,9.589966716016815348e-07,9.658054211483967877e-07,9.723500845153439328e-07,9.787579021697221328e-07,9.851686634793317566e-07,9.917364930561024818e-07,9.986314856145918893e-07,1.006041018022617171e-06,1.014170481631874859e-06,1.023243059912633560e-06,1.033498022571256974e-06,1.045186820401155872e-06,1.058566059625879136e-06,1.073886245458549942e-06,1.091375078923023087e-06,1.111214179183758637e-06,1.133508544881255940e-06,1.158249052161858931e-06,1.185269963531639697e-06,1.214205728604750376e-06,1.244453710114386837e-06,1.275150333252379419e-06,1.305164778791326704e-06,1.333103359932099197e-06,1.357298049976310002e-06,1.375732124451093828e-06,1.385860994971429797e-06,1.384363561722445720e-06
1.365389757989549726e-06,1.327496877864599983e-06,1.276270847714438815e-06,1.216832838010742121e-06,1.153618907232693432e-06,1.090019178158044329e-06,1.028406514115337607e-06,9.703214839320102064e-07,9.166713862129916364e-07,8.678951976543097943e-07,8.240914080363930237e-07,7.851174664297021946e-07,7.506684743720029551e-07,7.203395346291236173e-07,6.936741362905947814e-07,6.702002750297007844e-07,6.494560142603064464e-07,6.310063392854004373e-07,6.144531831564878599e-07,5.994403637443737381e-07,5.856549180074631073e-07,5.728260221200184250e-07,5.607223989359036683e-07,5.491488669974310385e-07,5.379424882741151452e-07,5.269686234112291963e-07,5.161170961791652488e-07,5.052985940878329096e-07,4.944413813057943052e-07,4.834883660329010349e-07,4.723945418402949773e-07,4.611248071951233133e-07,4.496521566207011830e-07,4.379562288432150133e-07,4.260221906951150495e-07,4.138399298643686536e-07,4.014035245678968984e-07,3.887109539417756014e-07,3.757640096440554330e-07,3.625683672735507750e-07,3.491337762364390195e-07,3.354743292053474738e-07,3.216084193424504590e-07,3.075576301847184187e-07,2.933466441056397442e-07,2.790034944273040003e-07,2.645598139508649901e-07,2.500510712524159900e-07,2.355167834657575675e-07,2.210006912384373913e-07,2.065508781691012228e-07,1.922198134616000477e-07,1.780642930315809911e-07,1.641452513060754108e-07,1.505274141266442649e-07,1.372787634975329474e-07,1.244697889423686768e-07,1.121725104181952313e-07,1.004592783169320968e-07,8.940139459171880142e-08,7.906766882452260039e-08,6.952314634659911250e-08,6.082845393602604955e-08,5.304052916596655409e-08,4.621589243927808954e-08,4.041779264739551853e-08,3.572755443448798963e-08,3.225629644169991140e-08,3.014459095399035641e-08,2.953212732946931374e-08,3.049898035499101279e-08,3.302265758704580965e-08,3.699307066529905216e-08,4.226394205421646982e-08,4.869226370617077717e-08,5.615041120236693622e-08,6.452222478607830464e-08,7.369524669808973891e-08,8.355448999644473700e-08,9.397878069773218697e-08,1.048392125153067521e-07,1.159990330956952339e-07,1.273144273087407943e-07,1.386358436852766115e-07,1.498096433430274770e-07,1.606799346518044052e-07,1.710905057918089510e-07,1.808867941968170695e-07,1.899178449378478066e-07,1.980382130978812692e-07,2.051097566536621314e-07,2.110032370753871893e-07,2.155995821670759161e-07,2.187906658441284110e-07,2.204807193789296789e-07,2.205858296395977308e-07,2.190324012032960577e-07,2.157537412864456591e-07,2.106832635342869517e-07,2.037416653602377404e-07,1.948133470280265205e-07,1.837040968590393672e-07,1.700692230880149295e-07,1.533105359642923730e-07,1.325287096122127148e-07,1.072013071523613849e-07,8.329464527383674061e-08,9.957886579058690441e-08,2.013851901235123863e-07,3.365148297907285310e-07,4.821152129426913700e-07,6.136163150343318714e-07,7.096968233496309265e-07,7.588261544696165042e-07,7.625201583004404346e-07,7.330945299062399941e-07,6.860647024793159870e-07,6.316407686619422624e-07,5.733139138358138336e-07,5.167866945586673391e-07,4.802349832035487172e-07,4.870453713337548045e-07,5.368087733194617020e-07,5.990472532373935784e-07,6.394579478160443534e-07,6.369710852121609321e-07,5.869943726077978828e-07,5.012349310193873558e-07,4.075898873059872369e-07,3.448090432299709783e-07,3.311840856900680279e-07,3.327365996458336625e-07,3.005178557762468222e-07,3.100821917899045337e-07,3.440785452868361245e-07,3.936799936261561260e-07,4.534945120843497398e-07,5.198226929997616994e-07,5.900552851991987236e-07,6.623273412243855575e-07,7.352666525134092452e-07,8.078155356827336947e-07,8.791120948595554966e-07,9.484150209899257701e-07,1.015058132953708685e-06,1.078424479709151746e-06,1.137933040735494314e-06,1.193033415778347929e-06,1.243205461354894548e-06,1.287961905414586604e-06,1.326853832705362005e-06,1.359476170469073530e-06,1.385473735811481096e-06,1.404547380724952404e-06,1.416459836329154575e-06,1.421040956418105149e-06,1.418192116876448941e-06,1.407889563247895037e-06,1.390186529790490102e-06,1.365213987413827784e-06,1.333179917881094995e-06,1.294367057830164796e-06,1.249129107209981856e-06,1.197885450474654976e-06,1.141114492876831164e-06,1.079345766208519799e-06,1.013151006764189141e-06,9.431344527148739485e-07,8.699226499456720757e-07,7.941540995519533438e-07,7.164691382735123443e-07,6.375005426287472545e-07,5.578655566932025308e-07,4.781605478834582894e-07,3.989608578288535082e-07,3.208326007526582335e-07,2.443784046096650955e-07,1.704100856015330397e-07,1.008282732890160778e-07,4.690065267330030823e-08,6.413409231213848347e-08,1.216738220004960149e-07,1.820413366335040508e-07,2.408048021935687744e-07,2.970745052260889053e-07,3.505721688988561945e-07,4.012067197489669537e-07,4.489690099800472240e-07,4.938949732663960155e-07,5.360489071496603371e-07,5.755141681864565966e-07,6.123871604002331933e-07,6.467730562586088818e-07,6.787825742562338861e-07,7.085294804129641094e-07,7.361286275743738989e-07,7.616944149480990234e-07,7.853395855846934432e-07,8.071742996673315440e-07,8.273054343020710286e-07,8.458360695033891295e-07,8.628651268921889600e-07,8.784876328246694376e-07,8.927966267200578286e-07,9.058837311932962447e-07,9.178393738609886825e-07,9.287531708916736611e-07,9.387144835091226286e-07,9.478131561572436481e-07,9.561404387766665170e-07,9.637900884198723573e-07,9.708596387374069885e-07,9.774518201819736918e-07,9.836761087027044040e-07,9.896503750055066751e-07,9.955025980506347178e-07,1.001372592361485874e-06,1.007413675009920274e-06,1.013794159990277468e-06,1.020698509521990637e-06,1.028327887798229882e-06,1.036899747813151215e-06,1.046645934046392881e-06,1.057808607434583220e-06,1.070633111181246318e-06,1.085356734576392987e-06,1.102192266929450218e-06,1.121305376523005981e-06,1.142785354673923883e-06,1.166609805318057983e-06,1.192605546077042331e-06,1.220410185028433827e-06,1.249440862007655960e-06,1.278876860775057453e-06,1.307658440391014129e-06,1.334492160371110791e-06,1.357832705439669916e-06,1.375791617737928753e-06,1.385931741160196998e-06,1.384988275764445758e-06
1.367111194948289550e-06,1.330686212533476368e-06,1.280893652985551147e-06,1.222713018689903211e-06,1.160525605679075388e-06,1.097714760780590474e-06,1.036667987037548740e-06,9.789490462983295517e-07,9.254922288509486149e-07,8.767654836870667069e-07,8.328968249706748962e-07,7.937721650663136390e-07,7.591124565164261823e-07,7.285348933052166105e-07,7.016007175953347142e-07,6.778513046358480098e-07,6.568340918485797384e-07,6.381200331702204953e-07,6.213143083878485578e-07,6.060619221312600893e-07,5.920496185709800409e-07,5.790052758765888456e-07,5.666956805502806831e-07,5.549233472302606791e-07,5.435228577556324542e-07,5.323570454762752027e-07,5.213132419081195389e-07,5.102997254066698007e-07,4.992424579633241997e-07,4.880821598761096928e-07,4.767717475789808856e-07,4.652741433055315376e-07,4.535604536210217351e-07,4.416085052079513250e-07,4.294017193792314825e-07,4.169283009107692542e-07,4.041807116367682894e-07,3.911553948532940403e-07,3.778527131835457993e-07,3.642770606094224239e-07,3.504371094443671971e-07,3.363461557808410740e-07,3.220221302217107333e-07,3.074864056524671414e-07,2.927637225255736050e-07,2.778825034163995155e-07,2.628751731086831104e-07,2.477784757202722295e-07,2.326337771794874219e-07,2.174873374483188147e-07,2.023905322172059808e-07,1.873999983678986921e-07,1.725776713711749954e-07,1.579906760597737827e-07,1.437110250106070961e-07,1.298150711290885830e-07,1.163826528051390407e-07,1.034958608070810608e-07,9.123734558242118376e-08,7.968807323433822147e-08,6.892443624625630949e-08,5.901465875589101054e-08,5.001458243854874810e-08,4.196336170504508154e-08,3.488072369038753865e-08,2.876995535550914236e-08,2.363556275076424815e-08,1.953109711860620118e-08,1.664894632663615224e-08,1.539286350071453392e-08,1.620402124128242793e-08,1.914762304986292318e-08,2.391073538695327380e-08,3.015259060972709205e-08,3.764482413406568895e-08,4.623895288961192295e-08,5.581891080605519016e-08,6.627416709945780004e-08,7.748774386626784082e-08,8.933181209214452062e-08,1.016668329238937285e-07,1.143423390859528450e-07,1.271984886036153935e-07,1.400679935930175685e-07,1.527782360715307701e-07,1.651534750238101747e-07,1.770170891679423422e-07,1.881938165589707716e-07,1.985119574998011614e-07,2.078055056435262465e-07,2.159161642145244862e-07,2.226951895441057690e-07,2.280049894248986418e-07,2.317204265277828378e-07,2.337298839211235957e-07,2.339353574754329573e-07,2.322513606736570707e-07,2.286018929874855714e-07,2.229140186935602842e-07,2.151054260262037877e-07,2.050613472176731213e-07,1.925934089059385372e-07,1.773715823664182746e-07,1.588343834591794106e-07,1.361882596098823714e-07,1.092724423945887526e-07,8.544115636807321804e-08,1.050771369612607521e-07,2.090302789105203321e-07,3.408387273913771994e-07,4.774438271090973453e-07,5.942844410058722292e-07,6.699480035203476877e-07,6.922496716445330908e-07,6.614743873940127134e-07,5.895092280565671314e-07,4.955850495065277599e-07,4.017454723237889255e-07,3.328868053583497447e-07,3.182006341863157501e-07,3.699819557399463100e-07,4.649508899208999243e-07,5.705605915034661879e-07,6.619824442587477343e-07,7.226208703966476100e-07,7.434816756155687790e-07,7.234965283938985291e-07,6.704671388037234002e-07,6.012674048294388981e-07,5.369537028609791158e-07,4.880463892148294291e-07,4.400843599226367694e-07,3.619572788521425337e-07,3.512177907954387622e-07,3.779177432235866851e-07,4.259746632027352410e-07,4.869054964867334846e-07,5.557873302359023072e-07,6.294733467109241220e-07,7.058143153343362136e-07,7.832583126330055672e-07,8.606167566016784965e-07,9.369214789959103856e-07,1.011337738307259775e-06,1.083112761483005158e-06,1.151546896298710167e-06,1.215979068564969673e-06,1.275781216997619917e-06,1.330358305836499300e-06,1.379151791938165430e-06,1.421645348811791759e-06,1.457371493286660986e-06,1.485918678946800117e-06,1.506938436361551789e-06,1.520152186256165903e-06,1.525357403957048125e-06,1.522432852058258692e-06,1.511342628641661428e-06,1.492138809547088139e-06,1.464962501209916341e-06,1.430043167995245779e-06,1.387696154480283659e-06,1.338318386588227487e-06,1.282382302644816072e-06,1.220428132843339014e-06,1.153054710208689070e-06,1.080909055901253242e-06,1.004675036208995175e-06,9.250614400786345506e-07,8.427898813510161013e-07,7.585830050402053740e-07,6.731536094720072353e-07,5.871955790618447548e-07,5.013782109314836397e-07,4.163473954598097370e-07,3.327429515914249907e-07,2.512631009270119788e-07,1.729108718885347965e-07,1.002961862113515683e-07,4.970040322328703130e-08,7.652780315339918429e-08,1.373912338593198623e-07,2.004278881686033016e-07,2.615524610695211719e-07,3.198743851310659506e-07,3.751183420412499826e-07,4.272065547675605229e-07,4.761489578287503371e-07,5.220033465752089607e-07,5.648568987846205032e-07,6.048158088864652683e-07,6.419986210720925941e-07,6.765315470121844470e-07,7.085450061001093068e-07,7.381710027055782666e-07,7.655411194474961822e-07,7.907849846794870426e-07,8.140291145332819971e-07,8.353960547652949650e-07,8.550037638939767422e-07,8.729651906362769454e-07,8.893880073520884304e-07,9.043749944879439187e-07,9.180261372671424241e-07,9.304392868819193918e-07,9.417104451296820209e-07,9.519342080848577123e-07,9.612043766254103729e-07,9.696147393485769245e-07,9.772600274139120689e-07,9.842370339783679615e-07,9.906458846208237906e-07,9.965914399351291229e-07,1.002184806858727145e-06,1.007544930024978814e-06,1.012800226373240028e-06,1.018090212450081234e-06,1.023567050437175031e-06,1.029396901269486207e-06,1.035760915976301069e-06,1.042855614245967708e-06,1.050892287952357517e-06,1.060094926069079812e-06,1.070695992223306941e-06,1.082929216356275542e-06,1.097018428265474076e-06,1.113161435332295433e-06,1.131508141108616390e-06,1.152132664128664367e-06,1.175000301528362536e-06,1.199931860025464877e-06,1.226569946770690364e-06,1.254353496028695658e-06,1.282506390195846400e-06,1.310040762820805851e-06,1.335762554773143608e-06,1.358246258927680074e-06,1.375727310661783646e-06,1.385872191926337851e-06,1.385472440480503462e-06
1.368684872430567906e-06,1.333734099656285533e-06,1.285398010074852503e-06,1.228507861097551306e-06,1.167384274270331579e-06,1.105400635743667306e-06,1.044957824374731666e-06,9.876422420188545315e-07,9.344146540596193755e-07,8.857713502552043535e-07,8.418692274092006728e-07,8.026221580343525490e-07,7.677766741223756827e-07,7.369720380983693197e-07,7.097874316036921375e-07,6.857779380900434950e-07,6.645007701282547528e-07,6.455332661866557532e-07,6.284842431509696596e-07,6.130002338220871865e-07,5.987679719553549675e-07,5.855142600290846775e-07,5.730041147459022462e-07,5.610378644519258864e-07,5.494476870352160967e-07,5.380939304202702049e-07,5.268614476340549852e-07,5.156560986273809788e-07,5.044015149138776936e-07,4.930361844690332193e-07,4.815108880715440757e-07,4.697865003620251467e-07,4.578321563818913190e-07,4.456237751669797060e-07,4.331429247509709325e-07,4.203760068899269342e-07,4.073137345954374323e-07,3.939508711444120106e-07,3.802861958722801281e-07,3.663226602263461838e-07,3.520676979142109309e-07,3.375336563391793152e-07,3.227378728188972657e-07,3.077014034768208291e-07,2.924489770653752169e-07,2.770093915832879356e-07,2.614159326237597024e-07,2.457068074726727660e-07,2.299255859862435470e-07,2.141216355667394906e-07,1.983505331098779614e-07,1.826744316885726309e-07,1.671623541418511372e-07,1.518903799196665955e-07,1.369416857073517401e-07,1.224063942588477804e-07,1.083811777447551909e-07,9.496854622427080847e-08,8.227571448611221819e-08,7.041284944666739759e-08,5.949028892170482862e-08,4.961386792843324765e-08,4.087661815833495563e-08,3.334378654481645081e-08,2.702724684797817655e-08,2.184845595625197376e-08,1.760184024236444193e-08,1.394922180200537955e-08,1.047364252924588067e-08,6.791444623618059228e-09,2.918049133127768338e-09,3.910675519116001056e-09,9.894000344793760033e-09,1.729635098591898472e-08,2.590384301559023147e-08,3.565500931249793338e-08,4.647700758814209028e-08,5.827385956232366793e-08,7.092746908961691074e-08,8.430030370952372050e-08,9.823817869711806139e-08,1.125729366662900570e-07,1.271250424721681555e-07,1.417061351195909127e-07,1.561215632693829235e-07,1.701729136281687392e-07,1.836605285476873490e-07,1.963860005071041423e-07,2.081546252824805278e-07,2.187777907686477850e-07,2.280752731031720211e-07,2.358774054223230855e-07,2.420270789113093466e-07,2.463815320151663485e-07,2.488138518104976726e-07,2.492138999170855382e-07,2.474883809516206061e-07,2.435594915709958666e-07,2.373610662589802226e-07,2.288301964366309404e-07,2.178906301663529661e-07,2.044215338883865804e-07,1.882017837090562171e-07,1.688205729536751192e-07,1.455778181237296329e-07,1.176316470213362114e-07,8.635791015931486938e-08,7.330932610057130842e-08,1.343469337354699470e-07,2.343888764737081211e-07,3.438208969667510872e-07,4.370307613598862974e-07,4.936539261450815807e-07,5.033361701961699017e-07,4.691496808030369900e-07,4.088529361151455210e-07,3.546405259457667636e-07,3.443459027996530943e-07,3.901585442893248092e-07,4.682585420011638140e-07,5.508344317455862954e-07,6.205798971663751239e-07,6.692492515985763960e-07,6.957579005666329968e-07,7.037369013625889258e-07,6.972453967510866680e-07,6.773649223089688060e-07,6.436297058661714868e-07,5.991998265441964567e-07,5.524694685064270222e-07,5.086304047614192564e-07,4.573121513249037639e-07,3.741474275050064783e-07,3.635360251585700387e-07,3.937721777987464782e-07,4.467580238287313049e-07,5.130059104779634859e-07,5.872902064630346034e-07,6.664320124628739244e-07,7.483129040290730373e-07,8.314033777086366191e-07,9.145120095615881741e-07,9.966433247428217925e-07,1.076916004609232095e-06,1.154516833744280536e-06,1.228676409714048627e-06,1.298658228635385077e-06,1.363755998734124956e-06,1.423295995778860530e-06,1.476642488115065553e-06,1.523204998129605999e-06,1.562446474205831004e-06,1.593891831448909686e-06,1.617136449834576186e-06,1.631854271478992711e-06,1.637805165410489964e-06,1.634841244347465097e-06,1.622911834494000733e-06,1.602066824858313539e-06,1.572458162253393972e-06,1.534339313425973990e-06,1.488062584995604646e-06,1.434074271200763443e-06,1.372907683880771582e-06,1.305174203639090521e-06,1.231552571506917451e-06,1.152776713989871413e-06,1.069622460847337715e-06,9.828935776793363461e-07,8.934076039930490836e-07,8.019820840648708931e-07,7.094219539851118639e-07,6.165092319641508918e-07,5.239971044311930906e-07,4.326131119796991283e-07,3.430844122920852192e-07,2.562296043401644661e-07,1.733180672627671387e-07,9.806646610264874232e-08,5.417490287587311770e-08,9.173553239214744692e-08,1.562950248302250528e-07,2.221505485788309131e-07,2.856892212645101707e-07,3.460617892418758111e-07,4.030123611860648640e-07,4.564858435540676915e-07,5.065180203084469182e-07,5.531939641521489007e-07,5.966282280231524219e-07,6.369536017743759788e-07,6.743138954550825876e-07,7.088589336372744527e-07,7.407409284666059717e-07,7.701117972703397359e-07,7.971211693892957989e-07,8.219149158516566033e-07,8.446340845588676849e-07,8.654141535479639260e-07,8.843845347965011501e-07,9.016682752503444946e-07,9.173819124356325657e-07,9.316360029949971615e-07,9.445374255547916937e-07,9.561901491674349076e-07,9.666955944527709790e-07,9.761531482935915194e-07,9.846608367756188509e-07,9.923161589798849504e-07,9.992170785096480892e-07,1.005463163125944737e-06,1.011156857038529455e-06,1.016404865654217002e-06,1.021319628435229579e-06,1.026020850657796084e-06,1.030637057165915107e-06,1.035307117742130188e-06,1.040181670702807811e-06,1.045424334270354016e-06,1.051212539205909951e-06,1.057737736270716323e-06,1.065204624880473200e-06,1.073828915074366273e-06,1.083832981460731077e-06,1.095438616479756103e-06,1.108855984160045904e-06,1.124267888355561306e-06,1.141808711940724917e-06,1.161537996787740846e-06,1.183409752928904168e-06,1.207240239363280383e-06,1.232678882569745189e-06,1.259188331075066676e-06,1.286038609543293739e-06,1.312314225062582980e-06,1.336919271193063358e-06,1.358544794536389398e-06,1.375545524460552958e-06,1.385687785153441475e-06,1.385819722087030837e-06
1.370111956165877194e-06,1.336639439739254000e-06,1.289781186270094733e-06,1.234213655714966597e-06,1.174190676714444522e-06,1.113072267229281514e-06,1.053271307061828466e-06,9.963962857355899595e-07,9.434339828172714556e-07,8.949084533836506141e-07,8.510048615002608761e-07,8.116645264678219714e-07,7.766592488889714472e-07,7.456502817161373164e-07,7.182348743498616038e-07,6.939820953389257290e-07,6.724592933189308314e-07,6.532505799556096925e-07,6.359687844132690485e-07,6.202623037428223378e-07,6.058181455987754805e-07,5.923622658801482851e-07,5.796580876887622333e-07,5.675038816518894362e-07,5.557295090686999104e-07,5.441928849834333468e-07,5.327764074170113397e-07,5.213835171783400609e-07,5.099354942064939123e-07,4.983685556175573565e-07,4.866312926284305110e-07,4.746824643456244925e-07,4.624891530362641858e-07,4.500252757857357931e-07,4.372704399461665616e-07,4.242091236220242099e-07,4.108301572138106710e-07,3.971264777083066738e-07,3.830951242291051309e-07,3.687374418723926769e-07,3.540594618203243959e-07,3.390724301543430136e-07,3.237929639821245556e-07,3.082417081735191076e-07,2.924433347810127782e-07,2.764270496837584363e-07,2.602271487972521053e-07,2.438836251528099895e-07,2.274428275231216338e-07,2.109581710499117477e-07,1.944909012491592438e-07,1.781109161940651865e-07,1.618976600175911760e-07,1.459411181795018996e-07,1.303429775611722850e-07,1.152180712582454689e-07,1.006963178277212469e-07,8.692548339379288075e-08,7.407517421204047327e-08,6.234220482543547537e-08,5.195585115713848947e-08,4.317569022773261917e-08,3.626029030578324318e-08,3.136825097346037060e-08,2.838790686201899393e-08,2.683113453217869435e-08,2.596118443430945256e-08,2.505334506523717416e-08,2.355610661792528862e-08,2.111634107480121633e-08,1.756255233469196256e-08,1.295896825188784395e-08,8.161143244208383693e-09,7.847701274365179095e-09,1.489967705189114154e-08,2.500232918193255582e-08,3.676639224125777951e-08,4.981175039392821915e-08,6.391935782067131272e-08,7.889832409373457858e-08,9.455725417938777342e-08,1.106971069171400934e-07,1.271100877814782378e-07,1.435806544292885094e-07,1.598873976967553447e-07,1.758053319275675044e-07,1.911083883648873653e-07,2.055720053303904960e-07,2.189757525414384834e-07,2.311059484423678023e-07,2.417582413025385040e-07,2.507401321760897684e-07,2.578734228211339003e-07,2.629965725526542879e-07,2.659669320214271609e-07,2.666627678801097018e-07,2.649849678718176073e-07,2.608582006617449697e-07,2.542310557656469872e-07,2.450741965815395070e-07,2.333746006655161840e-07,2.191221293938606190e-07,2.022812531966325324e-07,1.827345734471853942e-07,1.601739919755761884e-07,1.338975132591258074e-07,1.024431958342472683e-07,6.298086371811681500e-08,1.242689080975245377e-08,7.169780306383998444e-08,1.625965352633393577e-07,2.456607197412415017e-07,3.068366406856000093e-07,3.437213501394050368e-07,3.686676847299041143e-07,4.039457790497419058e-07,4.658874338704593942e-07,5.521634504313650383e-07,6.468984933897010540e-07,7.307743996758627767e-07,7.857418128691843432e-07,7.978537151910096789e-07,7.613170104296398836e-07,6.828430002042789048e-07,5.834715754000855491e-07,4.938778518622399010e-07,4.380865386603268371e-07,4.139578658771393768e-07,4.017331400859776489e-07,3.908681606604789710e-07,3.821058434903982283e-07,3.679920987472174089e-07,3.256068876977749942e-07,3.412119076720019053e-07,3.892315603018758121e-07,4.551171660513743530e-07,5.314249332716947423e-07,6.141250341640288229e-07,7.007666718100995995e-07,7.896745582598569697e-07,8.795761720734230156e-07,9.694132687348733369e-07,1.058241525722741296e-06,1.145176932596127418e-06,1.229368672554602554e-06,1.309987553856391401e-06,1.386223715327699376e-06,1.457289891114445874e-06,1.522428002013087890e-06,1.580917718634118595e-06,1.632086151729267057e-06,1.675318089583972412e-06,1.710066383901604389e-06,1.735862155879784551e-06,1.752324504267524865e-06,1.759169383230325656e-06,1.756217300990636463e-06,1.743399484547267711e-06,1.720762170647802005e-06,1.688468723180278209e-06,1.646799342165437603e-06,1.596148215553571758e-06,1.537018065465546728e-06,1.470012147718975990e-06,1.395823870142425014e-06,1.315224295458716896e-06,1.229047884950242282e-06,1.138176919629002417e-06,1.043525111191564734e-06,9.460209992150498806e-07,8.465918546867416644e-07,7.461490442741643098e-07,6.455763332991025011e-07,5.457239176334770553e-07,4.474146630246763279e-07,3.514809875833980734e-07,2.588978747720396010e-07,1.713223860002054860e-07,9.428603584156795282e-08,6.172716153858773501e-08,1.102923005965871114e-07,1.788196564363483134e-07,2.476175686614408374e-07,3.136002592019998768e-07,3.759958182601078855e-07,4.345849437610445994e-07,4.893458511892992727e-07,5.403479802364788098e-07,5.877098709852298845e-07,6.315784885680105694e-07,6.721173301973840498e-07,7.094988056573196429e-07,7.438990237693407961e-07,7.754940978339124104e-07,8.044574917849378579e-07,8.309581186064121419e-07,8.551590005176312719e-07,8.772163564081320053e-07,8.972790170719381701e-07,9.154880924961901680e-07,9.319768324337873378e-07,9.468706341512867330e-07,9.602877393228726893e-07,9.723417614302979972e-07,9.831425781936300730e-07,9.927967831565299149e-07,1.001408282259704358e-06,1.009079037320851509e-06,1.015909956426685431e-06,1.022001925781601996e-06,1.027456971418467086e-06,1.032379533792463310e-06,1.036877834005412999e-06,1.041065306714220521e-06,1.045062070325283317e-06,1.048996397745040429e-06,1.053006137841674028e-06,1.057240015215970966e-06,1.061858699579355024e-06,1.067035481353953016e-06,1.072956312735228049e-06,1.079818870740151863e-06,1.087830172089730603e-06,1.097202128507545260e-06,1.108144298411116119e-06,1.120853011983263213e-06,1.135496096093904610e-06,1.152192712334220977e-06,1.170988478188086012e-06,1.191827181634440162e-06,1.214522013777397411e-06,1.238731005060372930e-06,1.263942325254761879e-06,1.289473477611803353e-06,1.314481544266717379e-06,1.337967194810457795e-06,1.358734457771353689e-06,1.375252576780878943e-06,1.385383958316998420e-06,1.386033858157131120e-06
1.371393788547901174e-06,1.339401321293460564e-06,1.294040575448062781e-06,1.239826750788838205e-06,1.180940593643058486e-06,1.120725121441714435e-06,1.061603711487219219e-06,1.005206373479331562e-06,9.525454885295542327e-07,9.041723583680935791e-07,8.602998311158517302e-07,8.208961570036099299e-07,7.857580623210532016e-07,7.545686627606761152e-07,7.269433484964155089e-07,7.024653990141848394e-07,6.807126187925664320e-07,6.612762523035964730e-07,6.437734988351183537e-07,6.278549483708860843e-07,6.132081669905971844e-07,5.995584986347036590e-07,5.866679578154615401e-07,5.743328965611685970e-07,5.623809580736320099e-07,5.506676879821674926e-07,5.390730629883172610e-07,5.274981132147293795e-07,5.158617539688415472e-07,5.040978998188863298e-07,4.921529041997053507e-07,4.799833473352196470e-07,4.675541810535714992e-07,4.548372288543061726e-07,4.418100318393422754e-07,4.284550249023792068e-07,4.147590224302530744e-07,4.007129886522755409e-07,3.863120649733977088e-07,3.715558257552167156e-07,3.564487359947519556e-07,3.410007904734134937e-07,3.252277670639741825e-07,3.091498225045455264e-07,2.927915614012190869e-07,2.761826919440476504e-07,2.593587772638017129e-07,2.423620997602683434e-07,2.252426621516737351e-07,2.080593598590962076e-07,1.908813782067828399e-07,1.737899011610828840e-07,1.568802772019263662e-07,1.402648917204680078e-07,1.240771749465217339e-07,1.084774704928939084e-07,9.366191878650625143e-08,7.987589310430483059e-08,6.743281751604127418e-08,5.673339093693062630e-08,4.825877365971607045e-08,4.246646173224276028e-08,3.951896569126830993e-08,3.900222752721866145e-08,4.000751438936361607e-08,4.153358970153154454e-08,4.277802830385689345e-08,4.319009438311426115e-08,4.241907997920941407e-08,4.025790197660999656e-08,3.661115236814658984e-08,3.149731876071217978e-08,2.512311168815328494e-08,1.823203235927270489e-08,1.365212659676140368e-08,1.716880691442500028e-08,2.765155107171500486e-08,4.125352544011475009e-08,5.660828824094521098e-08,7.318225098509440096e-08,9.064683735519772960e-08,1.087299096097531402e-07,1.271744308577108258e-07,1.457256577931522722e-07,1.641276054615588629e-07,1.821230417556331280e-07,1.994549941117533313e-07,2.158689587814764539e-07,2.311154514732219122e-07,2.449527258760110741e-07,2.571495750643617356e-07,2.674881785904719383e-07,2.757669888587071456e-07,2.818036743757307215e-07,2.854381588160867396e-07,2.865358190766451502e-07,2.849909533508967679e-07,2.807306869659008925e-07,2.737195567087327124e-07,2.639651284341441524e-07,2.515252446989418715e-07,2.365181951403853282e-07,2.191394463749176846e-07,1.996968970894916927e-07,1.787068437371235134e-07,1.572033662037800987e-07,1.377986608669344225e-07,1.279512676752626010e-07,1.453494223332650690e-07,1.692723780541502108e-07,2.170900428394012206e-07,2.819512347825240659e-07,3.496037705477227094e-07,4.144513356911021565e-07,4.800460147705957483e-07,5.525507831521789876e-07,6.342009204424315167e-07,7.211417447388612126e-07,8.041574026691471557e-07,8.692764386347568113e-07,8.989672070566017479e-07,8.760888539458033154e-07,7.903119518975401693e-07,6.441769006324610453e-07,4.556519618816513958e-07,2.556746055916377316e-07,8.407672541510652247e-08,6.638415080677566386e-08,1.231645941232680573e-07,1.395683013869304235e-07,1.565177298877912681e-07,1.975537397137766416e-07,2.295190721565189850e-07,2.916509201871954425e-07,3.685988091843081483e-07,4.536079618751960634e-07,5.436611966723237560e-07,6.371282439007531208e-07,7.329055374949687582e-07,8.300900469543477849e-07,9.278453046632233554e-07,1.025344155990755307e-06,1.121745812673059101e-06,1.216189736571581150e-06,1.307798316883676681e-06,1.395684297766786883e-06,1.478960794180764267e-06,1.556752703079798893e-06,1.628208849217616687e-06,1.692514502085892296e-06,1.748904054080749966e-06,1.796673707477928078e-06,1.835194024244186413e-06,1.863922152178085238e-06,1.882413472267680544e-06,1.890332336722580425e-06,1.887461503462853465e-06,1.873709835880966938e-06,1.849117836524389325e-06,1.813860623935367156e-06,1.768248040821787400e-06,1.712721691377832327e-06,1.647848835142443133e-06,1.574313202666223536e-06,1.492902933966801162e-06,1.404495966325299656e-06,1.310043309008491753e-06,1.210550739332187718e-06,1.107059544389970106e-06,1.000627034923006107e-06,8.923077154317285081e-07,7.831363076902548324e-07,6.741145460588889788e-07,5.662055105594944352e-07,4.603445737711580884e-07,3.574937616358135208e-07,2.588389897130923079e-07,1.666305599159244596e-07,8.952599785032817620e-08,7.374128308723644526e-08,1.327939899395088588e-07,2.054655240462416615e-07,2.772903410451808264e-07,3.457136483111753821e-07,4.100699276514281765e-07,4.701937545876174762e-07,5.261083383045236940e-07,5.779255542855307365e-07,6.258043240388833856e-07,6.699295427712052314e-07,7.104998076550311757e-07,7.477195893518798988e-07,7.817939676549215390e-07,8.129250028558275207e-07,8.413092251152146940e-07,8.671359224300222143e-07,8.905860142374711687e-07,9.118313605807835355e-07,9.310343970368146012e-07,9.483480130776435766e-07,9.639156111657099048e-07,9.778712983732099735e-07,9.903407766545959242e-07,1.001444113011643835e-06,1.011296772620364072e-06,1.020010174562728703e-06,1.027692380655791983e-06,1.034448916971607764e-06,1.040383725846076821e-06,1.045600240958011220e-06,1.050202572281240912e-06,1.054296782763627291e-06,1.057992234773723586e-06,1.061402981103966123e-06,1.064649171267205336e-06,1.067858436857481283e-06,1.071167207018347536e-06,1.074721883037292881e-06,1.078679765680140262e-06,1.083209575806507043e-06,1.088491334295676064e-06,1.094715269494997044e-06,1.102079301763462120e-06,1.110784526019636769e-06,1.121027999448176747e-06,1.132992089155025019e-06,1.146829718831896246e-06,1.162645180420180948e-06,1.180470869405020091e-06,1.200241452629832291e-06,1.221768536901152527e-06,1.244720490589790228e-06,1.268612684433583325e-06,1.292811220163348582e-06,1.316545660909413588e-06,1.338911345823912731e-06,1.358821431759319870e-06,1.374854761974397551e-06,1.384966136636507202e-06,1.386118654152518514e-06
1.372531892251299697e-06,1.342019029536674696e-06,1.298173708389018345e-06,1.245343560445301317e-06,1.187629827504522214e-06,1.128354670043692463e-06,1.069950314199489067e-06,1.014067690777606169e-06,9.617444093425692279e-07,9.135585557342638861e-07,8.697501158641996677e-07,8.303137596832508208e-07,7.950707712456275665e-07,7.637259568414532418e-07,7.359128685045284031e-07,7.112291726788958592e-07,6.892634079363335563e-07,6.696142807027752290e-07,6.519036990436686037e-07,6.357847652784957705e-07,6.209458870054075319e-07,6.071120350655558089e-07,5.940440083505974434e-07,5.815363895017404247e-07,5.694147131465555578e-07,5.575322300916762615e-07,5.457665400701714833e-07,5.340162808373728198e-07,5.221979988969203237e-07,5.102432824227448156e-07,4.980962056573513980e-07,4.857111124291824194e-07,4.730507514063508632e-07,4.600847650097848200e-07,4.467885259528275630e-07,4.331423091604106604e-07,4.191307818614009512e-07,4.047427908933174935e-07,3.899714240550367809e-07,3.748143224220331738e-07,3.592742240511284805e-07,3.433597281037528984e-07,3.270856657837165964e-07,3.104716517516249629e-07,2.935422552264171950e-07,2.763278578179260847e-07,2.588656803997696276e-07,2.412010271288884862e-07,2.233888171103759508e-07,2.054955112405913729e-07,1.876016045578330895e-07,1.698049628843601262e-07,1.522254715554866051e-07,1.350117911480677924e-07,1.183515587443332841e-07,1.024871658854346545e-07,8.773990941539843471e-08,7.454359694111687967e-08,6.347605204983662154e-08,5.523350031961255952e-08,5.042302992477340641e-08,4.913239497934587881e-08,5.066244468600990929e-08,5.383553940005126059e-08,5.751473650363990528e-08,6.084448457681652728e-08,6.324320111604291205e-08,6.432816475329634199e-08,6.385266685077338072e-08,6.166766938543478263e-08,5.770358785682850853e-08,5.197016729652556702e-08,4.458397069069849263e-08,3.586981164845188840e-08,2.673793959497476681e-08,2.012002709709721929e-08,2.228141086084561391e-08,3.361189895806596739e-08,4.935323504162069507e-08,6.728869934700914370e-08,8.656251705630245257e-08,1.067008963004125865e-07,1.273462444217869838e-07,1.481802872098905585e-07,1.688989948843334069e-07,1.892043136910757076e-07,2.088022131923905349e-07,2.274033941840284309e-07,2.447252188863759991e-07,2.604942446800451810e-07,2.744490835706719655e-07,2.863434694716627718e-07,2.959495030538196233e-07,3.030611052352046913e-07,3.074977703168174053e-07,3.091087897848651172e-07,3.077782454713395901e-07,3.034312799525943674e-07,2.960425169586362785e-07,2.856482024161214619e-07,2.723651447940787869e-07,2.564232620987312622e-07,2.382289043789627038e-07,2.185072538259291250e-07,1.986679364032611849e-07,1.818096093280296248e-07,1.752573299755175432e-07,1.945728416464260153e-07,2.635770813443228976e-07,3.245692502701682324e-07,3.853948918461766426e-07,4.467305004473034265e-07,5.042653941495253721e-07,5.552246877551185168e-07,6.007871772619718308e-07,6.439927630134124512e-07,6.873439924691591496e-07,7.321691750230554388e-07,7.773228645971181936e-07,8.156452736182890330e-07,8.321294415189114528e-07,8.084741275831134964e-07,7.329961181674722962e-07,6.113225912696306772e-07,4.750318313411362302e-07,3.826557304906313761e-07,3.730750095549790609e-07,3.958026163570945295e-07,3.807801723170941301e-07,3.021408232875826661e-07,1.715566167657505958e-07,3.091864253541170855e-08,1.150659703732741220e-07,2.313580446135034229e-07,3.410050903989423380e-07,4.473571596223480030e-07,5.525975639226701960e-07,6.578871858177322540e-07,7.636840499070096994e-07,8.699687990863567411e-07,9.763947638705764825e-07,1.082388426829434092e-06,1.187218390921003113e-06,1.290044516867283652e-06,1.389954550943944015e-06,1.485992794066069580e-06,1.577183646622982657e-06,1.662551821896282205e-06,1.741140394346740705e-06,1.812027464018201751e-06,1.874341961557500840e-06,1.927278920812099121e-06,1.970114372175387947e-06,2.002219839384373536e-06,2.023076254003055881e-06,2.032286946494830594e-06,2.029589247500016756e-06,2.014864154724854544e-06,1.988143501825677772e-06,1.949614109424475079e-06,1.899618499094138892e-06,1.838651895492990071e-06,1.767355412606317670e-06,1.686505499885606414e-06,1.596999898179292490e-06,1.499840513160909284e-06,1.396113750117244577e-06,1.286968969566573464e-06,1.173595828751160233e-06,1.057201396604440592e-06,9.389881303998439795e-07,8.201342233041928697e-07,7.017788380882211234e-07,5.850173901146974613e-07,4.709198689491808145e-07,3.606122733728645232e-07,2.555780511815094598e-07,1.590285739491364696e-07,8.521075740114223047e-08,9.130441059500035830e-08,1.598978009830158905e-07,2.368021894932080706e-07,3.116873381685942176e-07,3.825030602860901689e-07,4.487131733761405129e-07,5.102233960972421974e-07,5.671145817304728444e-07,6.195507217877315690e-07,6.677386682209771925e-07,7.119071369587191784e-07,7.522943793952712317e-07,7.891403950005543709e-07,8.226818219088653931e-07,8.531485461097690703e-07,8.807614772498378911e-07,9.057311444928462978e-07,9.282568804689881006e-07,9.485264309320801945e-07,9.667158729524086877e-07,9.829897553702992474e-07,9.975013971487189385e-07,1.010393295226810672e-06,1.021798232949662897e-06,1.031842310252267345e-06,1.040646133440057114e-06,1.048325487930098085e-06,1.054992128735393465e-06,1.060754686484629078e-06,1.065719685021566265e-06,1.069992661621387690e-06,1.073679375424156856e-06,1.076887085155773876e-06,1.079725873835626754e-06,1.082309995340523487e-06,1.084759214027107636e-06,1.087200102014791201e-06,1.089767246420393581e-06,1.092604297419186600e-06,1.095864753639285309e-06,1.099712330158159130e-06,1.104320683036943469e-06,1.109872171808515724e-06,1.116555231159421499e-06,1.124559807325568119e-06,1.134070219827235184e-06,1.145254782691459197e-06,1.158251636219595929e-06,1.173150602963465891e-06,1.189971602328083755e-06,1.208641306865424231e-06,1.228971213429891752e-06,1.250641696923456275e-06,1.273196868192393383e-06,1.296052323636160625e-06,1.318509722092181606e-06,1.339756856479695144e-06,1.358811913618909114e-06,1.374358332184880575e-06,1.384439721916931610e-06,1.386077979887016935e-06
1.373527972852920561e-06,1.344492054274098992e-06,1.302178263033787327e-06,1.250760573267230608e-06,1.194254207881777343e-06,1.135956393614324734e-06,1.078306396171763063e-06,1.022975420013918632e-06,9.710259596585822375e-07,9.230624766162749576e-07,8.793515889520370138e-07,8.399138862620557641e-07,8.045948243159364695e-07,7.731206891787516277e-07,7.451431676440551212e-07,7.202744410635749510e-07,6.981140189422913969e-07,6.782683673727498222e-07,6.603644211262623988e-07,6.440581033065813110e-07,6.290389431606471609e-07,6.150317803009344153e-07,6.017963980661771610e-07,5.891257685287470654e-07,5.768434381570711955e-07,5.648004488197160410e-07,5.528720787241047174e-07,5.409546020916184199e-07,5.289622021773791153e-07,5.168241257658133134e-07,5.044821344652817495e-07,4.918882853282310560e-07,4.790030575151827625e-07,4.657938305806281290e-07,4.522337118387385710e-07,4.383007041252165762e-07,4.239772006021959790e-07,4.092497900291545774e-07,3.941093545721682801e-07,3.785514436476572783e-07,3.625769129492396251e-07,3.461928298596437824e-07,3.294129858042048553e-07,3.122564260680534035e-07,2.947477654241446093e-07,2.769183178382588013e-07,2.588075076911899316e-07,2.404646646051281742e-07,2.219513577160690785e-07,2.033445152314358309e-07,1.847407290657212030e-07,1.662624113136868387e-07,1.480669314966436465e-07,1.303606361474416900e-07,1.134207924150856571e-07,9.762948090525264621e-08,8.352102843947263502e-08,7.182628354268161314e-08,6.343535822005844523e-08,5.911255465332627768e-08,5.894959892326106128e-08,6.209775173615306672e-08,6.720144671964690520e-08,7.299031114671277386e-08,7.851477924380075634e-08,8.312046011290609734e-08,8.636266941846657654e-08,8.793836938379406107e-08,8.764407143043541591e-08,8.535268334395585829e-08,8.100317976645305023e-08,7.460103372163601397e-08,6.623344089944664742e-08,5.611778883005569903e-08,4.475144800710209866e-08,3.343384160425194917e-08,2.600726946921781429e-08,2.934842853748481617e-08,4.296447048192489879e-08,6.150333593632889678e-08,8.241541978886091980e-08,1.046626572032031267e-07,1.276647189340264683e-07,1.509905478527089975e-07,1.742644646192739605e-07,1.971343232082761942e-07,2.192604249496392582e-07,2.403123727557887459e-07,2.599693073412895777e-07,2.779217190765313113e-07,2.938740664797302944e-07,3.075478702500513527e-07,3.186851610950848213e-07,3.270522810977766886e-07,3.324441369570906372e-07,3.346891216725028960e-07,3.336551021716277266e-07,3.292571742421747043e-07,3.214684264564368199e-07,3.103359880771109842e-07,2.960068303838960347e-07,2.787730749191759954e-07,2.591608587490649989e-07,2.381286492007742825e-07,2.175649033321670360e-07,2.015969310033548491e-07,1.996101323368162204e-07,2.301024705281440899e-07,3.196468804322893973e-07,3.956406505018099423e-07,4.628788726834867777e-07,5.206509210516856321e-07,5.649847584523175745e-07,5.939011342257056155e-07,6.088437676809520713e-07,6.122340627565419175e-07,6.060887677686699293e-07,5.946346924057816667e-07,5.866071136023870608e-07,5.899159657637274209e-07,6.013842988326043525e-07,6.069953943705679047e-07,5.973075327832153547e-07,5.835631952219975037e-07,5.954671144117073364e-07,6.480101471282085424e-07,7.139072022171766335e-07,7.452605162875192030e-07,7.061254769009504965e-07,5.861888558417473681e-07,4.012853667854833913e-07,1.865991749030052134e-07,2.560236790264093925e-08,1.797238060823817225e-07,3.170685503566738751e-07,4.423097839832891041e-07,5.615348976512630948e-07,6.781813289857317883e-07,7.940105402608145214e-07,9.097343935899286774e-07,1.025397073626318006e-06,1.140610694887750215e-06,1.254704336784362552e-06,1.366821477411357809e-06,1.475986279246085119e-06,1.581150788078577334e-06,1.681230257477918283e-06,1.775131004957036458e-06,1.861773574529993566e-06,1.940113013807209214e-06,2.009157469433651597e-06,2.067985884695430543e-06,2.115765248346612519e-06,2.151767544284142591e-06,2.175386272172621214e-06,2.186152157061115876e-06,2.183747462208782142e-06,2.168018187895579206e-06,2.138983397668275532e-06,2.096840966385017699e-06,2.041969180437518885e-06,1.974923817134248615e-06,1.896430560191769386e-06,1.807372845869036654e-06,1.708775459157998191e-06,1.601784398237401318e-06,1.487643692102383464e-06,1.367669993358357556e-06,1.243225890523680571e-06,1.115693029685327353e-06,9.864463908880701347e-07,8.568316362451516461e-07,7.281488720519728859e-07,6.016500437481515267e-07,4.785690428385699190e-07,3.602465229851639531e-07,2.486084299521687078e-07,1.485271765970220610e-07,8.421005690261615152e-08,1.152095054133036799e-07,1.923292245105187943e-07,2.734724384773748279e-07,3.513876716055508890e-07,4.244897221815363217e-07,4.923905081363533724e-07,5.550843440290289306e-07,6.127233208359181507e-07,6.655340238084866878e-07,7.137792686457475528e-07,7.577376806402248331e-07,7.976917022329549960e-07,8.339201666094179301e-07,8.666936054079637723e-07,8.962713091588814656e-07,9.228995615151090922e-07,9.468106803135600274e-07,9.682226206422523546e-07,9.873389706372188311e-07,1.004349220054512810e-06,1.019429215184192319e-06,1.032741737151784674e-06,1.044437157475191529e-06,1.054654787924652543e-06,1.063526185963825106e-06,1.071176515543402603e-06,1.077725348184116709e-06,1.083287562977241239e-06,1.087974342072590401e-06,1.091894256438126308e-06,1.095154431833343508e-06,1.097861779814719547e-06,1.100124274457097333e-06,1.102052252521011463e-06,1.103759712364269794e-06,1.105365583595210286e-06,1.106994933229186882e-06,1.108780062245068621e-06,1.110861425707279886e-06,1.113388276430380656e-06,1.116518882982180775e-06,1.120420104974880266e-06,1.125266021748648941e-06,1.131235209227293240e-06,1.138506157213497385e-06,1.147250243244682871e-06,1.157621677617141119e-06,1.169743981346212203e-06,1.183692952395819391e-06,1.199476816471472391e-06,1.217015394314586656e-06,1.236121524874968785e-06,1.256489178668018760e-06,1.277692593111227269e-06,1.299197526374286825e-06,1.320377063077011397e-06,1.340508947371854316e-06,1.358712091122966456e-06,1.373769479309564299e-06,1.383810082097734190e-06,1.385915765900793548e-06
1.374383920436810902e-06,1.346820096909751095e-06,1.306052074626685669e-06,1.256074361321536871e-06,1.200809597275265787e-06,1.143525785191993126e-06,1.086667246670492955e-06,1.031924747037630609e-06,9.803853407887220772e-07,9.326795074190324626e-07,8.891000346998418134e-07,8.496929486856382643e-07,8.143274792467738647e-07,7.827511484550135790e-07,7.546337066411926369e-07,7.296019321508325223e-07,7.072665014555259738e-07,6.872419060515538501e-07,6.691604034224958227e-07,6.526810335108018758e-07,6.374947229895159089e-07,6.233264239620678086e-07,6.099351105330282688e-07,5.971123121227701734e-07,5.846797181685820041e-07,5.724862588990476968e-07,5.604049579179087970e-07,5.483297658810469135e-07,5.361725189038462973e-07,5.238601172465769370e-07,5.113319855864439634e-07,4.985378522843881948e-07,4.854358685020907745e-07,4.719910764748811525e-07,4.581742280105687116e-07,4.439609482897733171e-07,4.293312357818531005e-07,4.142692865815894120e-07,3.987636312622688708e-07,3.828075755618920269e-07,3.663999447308728149e-07,3.495461480367240196e-07,3.322588595212669102e-07,3.145565555028965660e-07,2.964640278759212100e-07,2.780138740626173441e-07,2.592484342193492195e-07,2.402223659691391184e-07,2.210061563732627473e-07,2.016910569658877573e-07,1.823962493152991646e-07,1.632796060498761756e-07,1.445543532172786105e-07,1.265153711496526834e-07,1.095803018574772068e-07,9.434857520761305627e-08,8.166194680700751336e-08,7.258006605606108070e-08,6.807441247347903324e-08,6.839256994773528547e-08,7.269351226599799714e-08,7.949764093290634449e-08,8.737117204645855002e-08,9.521999036277740041e-08,1.022750312643256451e-07,1.080003516133453222e-07,1.120171644468491765e-07,1.140558698207914433e-07,1.139285312022251656e-07,1.115142283577446912e-07,1.067528861107791641e-07,9.964625679044011502e-08,9.026839983673459116e-08,7.879550632428328919e-08,6.558730553501520388e-08,5.143388882171144643e-08,3.839400357761160304e-08,3.201741093910034619e-08,3.905903308064154657e-08,5.637634285628359048e-08,7.840770046603156531e-08,1.027032481583409142e-07,1.281851286123093912e-07,1.542117738888852441e-07,1.802945115387319734e-07,2.060063433305682383e-07,2.309496845245931587e-07,2.547447699841028412e-07,2.770262371851761671e-07,2.974432888424848678e-07,3.156615788667965179e-07,3.313660316558800416e-07,3.442642656197399144e-07,3.540905191590336582e-07,3.606101214369744639e-07,3.636246896732478712e-07,3.629784304804564711e-07,3.585662467245036510e-07,3.503449183914596103e-07,3.383496660161447276e-07,3.227204696282708345e-07,3.037471163992311629e-07,2.819536173763212785e-07,2.582755394927978110e-07,2.344810313964464127e-07,2.142526038690840161e-07,2.057915136086698565e-07,2.258623726156975694e-07,3.001081523611075875e-07,3.606171479143876668e-07,4.131506854029606387e-07,4.559637915728546311e-07,4.848383013612644458e-07,5.004147703771250192e-07,5.079162956294586297e-07,5.095042162151527182e-07,4.993130740469537059e-07,4.691410918569677085e-07,4.198554090686882554e-07,3.687689166301099514e-07,3.450531915913398700e-07,3.673749793817254519e-07,4.310657959129694869e-07,5.276689832217108503e-07,6.503516940827227737e-07,7.803931262937320994e-07,8.846848197153462858e-07,9.270582887368177361e-07,8.821943910069391921e-07,7.451467822216112933e-07,5.339291529004722145e-07,2.850226241290546643e-07,4.961074278339265919e-08,1.516166560136210275e-07,3.053492759961652556e-07,4.432876306954372635e-07,5.730781440740324641e-07,6.993288348712627564e-07,8.244765272814830076e-07,9.495888883480855538e-07,1.074869178465599478e-06,1.199967646654317177e-06,1.324176792759345819e-06,1.446557333886117130e-06,1.566022415570734415e-06,1.681396263669374144e-06,1.791456928077509182e-06,1.894969015377861829e-06,1.990710152459007828e-06,2.077493664021178265e-06,2.154189166569200993e-06,2.219742235565576291e-06,2.273193855474742429e-06,2.313699949161854125e-06,2.340550884908872925e-06,2.353190489812316763e-06,2.351233791911702542e-06,2.334482511119164016e-06,2.302937251416311328e-06,2.256805420195654347e-06,2.196504094761689596e-06,2.122657332567617782e-06,2.036087737420663415e-06,1.937802410905538739e-06,1.828973709723752602e-06,1.710915479959458501e-06,1.585055642941566801e-06,1.452906169155869869e-06,1.316031617138223073e-06,1.176017585933740315e-06,1.034440756976295714e-06,8.928429876885244183e-07,7.527139773378597329e-07,6.154928462378601543e-07,4.826175420576945312e-07,3.557219690542518852e-07,2.374323931128982962e-07,1.357039501114587488e-07,9.084894566527553954e-08,1.461455596009229242e-07,2.308933495420336118e-07,3.161973054845063964e-07,3.970341482501348787e-07,4.722432840525053490e-07,5.416017094958059559e-07,6.052104216009256678e-07,6.633072764256901656e-07,7.161925487608276392e-07,7.641932846100607801e-07,8.076440358482830325e-07,8.468756983424702789e-07,8.822088518981713149e-07,9.139498093344682144e-07,9.423883829474541729e-07,9.677967748249726305e-07,9.904292151184334900e-07,1.010522100454763327e-06,1.028294464384968638e-06,1.043948663525724017e-06,1.057671197771801673e-06,1.069633606852006336e-06,1.079993402284184031e-06,1.088895678933435451e-06,1.096476707747920882e-06,1.102865479382455797e-06,1.108184642673109785e-06,1.112551519880903834e-06,1.116079194655519341e-06,1.118877666753174366e-06,1.121055062814582257e-06,1.122718887664875200e-06,1.123977296829751326e-06,1.124940368396936710e-06,1.125721350290819681e-06,1.126437856073868498e-06,1.127212976514919841e-06,1.128176262775729424e-06,1.129464517099135973e-06,1.131222295015238283e-06,1.133601976177374848e-06,1.136763196877355426e-06,1.140871356472655416e-06,1.146094817827368725e-06,1.152600332751824880e-06,1.160546165792401874e-06,1.170072412076837862e-06,1.181288179725794392e-06,1.194255726945753640e-06,1.208972397115586029e-06,1.225352306758476656e-06,1.243211053742773125e-06,1.262257700263679923e-06,1.282097833323970038e-06,1.302247807414894198e-06,1.322151187166166564e-06,1.341172903156429019e-06,1.358528119781167277e-06,1.373094317907934046e-06,1.383082541519870310e-06,1.385635999725926880e-06
1.375101810172808247e-06,1.349003076546548073e-06,1.309793145683366863e-06,1.261281589613615147e-06,1.207291897384400074e-06,1.151058353965351055e-06,1.095028166781857994e-06,1.040910867034307154e-06,9.898177506891735834e-07,9.424050036406785803e-07,8.989911655197914256e-07,8.596472374925815625e-07,8.242658205128485778e-07,7.926154016475882461e-07,7.643836837271854472e-07,7.392120809251274141e-07,7.167225929659407631e-07,6.965379703971947232e-07,6.782960666528291000e-07,6.616593209888839454e-07,6.463203277007463354e-07,6.320043958735434930e-07,6.184699021257821366e-07,6.055071097196293670e-07,5.929359926857592312e-07,5.806034783974792247e-07,5.683804145942958166e-07,5.561584800479686574e-07,5.438471911905957182e-07,5.313711074757026153e-07,5.186673026716597305e-07,5.056831443448858050e-07,4.923744065369366761e-07,4.787037287208773844e-07,4.646394258229937706e-07,4.501546483271545283e-07,4.352268877498703245e-07,4.198378211776814293e-07,4.039734898040964111e-07,3.876248119241604929e-07,3.707884430299465490e-07,3.534680182727836898e-07,3.356750312779301180e-07,3.174274148724424472e-07,2.987503157301563530e-07,2.796780518925038971e-07,2.602567522574753573e-07,2.405480037589026387e-07,2.206340324816564967e-07,2.006252903985448882e-07,1.806719190193133988e-07,1.609815854892625177e-07,1.418478091136950448e-07,1.236948342064032716e-07,1.071444897671971904e-07,9.309457449904884073e-08,8.273217077897935287e-08,7.727385695859121119e-08,7.728891645573824002e-08,8.213790401644617687e-08,9.029851418859002361e-08,1.001504902396154142e-07,1.104012947664926522e-07,1.201199556230928565e-07,1.286450122781003077e-07,1.354979142894223626e-07,1.403260737996999343e-07,1.428692955749435630e-07,1.429409141943600097e-07,1.404178998206690051e-07,1.352369671346947240e-07,1.273959101910740388e-07,1.169618200437409213e-07,1.040924742069288145e-07,8.908973592366600712e-08,7.254498168322823932e-08,5.578838166163518510e-08,4.233126069573273311e-08,3.996453737235033887e-08,5.287005568954945556e-08,7.488368507238640955e-08,1.009635439216645040e-07,1.289856642720987330e-07,1.579118820982825169e-07,1.870691771484302413e-07,2.159232277513605992e-07,2.440010984259667021e-07,2.708627173283427274e-07,2.960904093972705235e-07,3.192858872651732510e-07,3.400706400738034028e-07,3.580880410512139809e-07,3.730064510998988738e-07,3.845230160165505341e-07,3.923680671081493138e-07,3.963101843307652663e-07,3.961621561037595318e-07,3.917883504293852339e-07,3.831144965884535858e-07,3.701417201744909015e-07,3.529681752284172183e-07,3.318244619132035303e-07,3.071350211561131225e-07,2.796322101646967616e-07,2.505895447761625570e-07,2.223563294553174902e-07,1.996766820593496198e-07,1.925946495222433342e-07,2.197380411968035477e-07,2.340554594482918543e-07,2.503423318265478679e-07,2.692847490199612396e-07,2.901111882180495376e-07,3.265258105031069128e-07,3.936081314089396043e-07,4.816582210899448853e-07,5.611247017149095098e-07,6.037804085750539718e-07,5.951187257606601292e-07,5.380899851289651814e-07,4.522876634153894853e-07,3.738874651344312598e-07,3.557337504987882358e-07,4.296252195946743940e-07,5.656712704825498097e-07,7.151915454065243375e-07,8.352527959147795349e-07,8.898998848806805343e-07,8.556539509443310370e-07,7.281907048986707463e-07,5.248490866480523194e-07,2.809963070092761612e-07,4.625548811419400045e-08,1.530539570963764326e-07,3.099445288870853192e-07,4.524646962447282046e-07,5.882055298445206262e-07,7.216261833201748622e-07,8.550191511892795506e-07,9.893081244499223355e-07,1.124547370616950513e-06,1.260231227006306061e-06,1.395489825025286750e-06,1.529216703191086857e-06,1.660155042832025825e-06,1.786958233224073041e-06,1.908234169098213434e-06,2.022579118764607509e-06,2.128604997295015710e-06,2.224962731835939668e-06,2.310363688851025789e-06,2.383600594492045853e-06,2.443568884748448038e-06,2.489288913328272223e-06,2.519928914731789738e-06,2.534828098753708475e-06,2.533518802711841181e-06,2.515746324189329457e-06,2.481484957032273482e-06,2.430948867791147208e-06,2.364596740731387768e-06,2.283129519983614720e-06,2.187481017505166513e-06,2.078801580678853411e-06,1.958435390206980559e-06,1.827892272467215566e-06,1.688815158515306644e-06,1.542944513148996361e-06,1.392081219116536629e-06,1.238049605041977148e-06,1.082662730181865953e-06,9.276931410695001414e-07,7.748553577544674236e-07,6.258153518924562523e-07,4.822725071778075996e-07,3.462830635639209145e-07,2.216654496363709374e-07,1.225032753018303044e-07,1.090995026713404048e-07,1.848692289278855963e-07,2.764888758943108902e-07,3.657818288608192000e-07,4.493354306977106385e-07,5.263810269968601008e-07,5.968783367191948512e-07,6.610542704723999474e-07,7.192478038028007903e-07,7.718442763629781369e-07,8.192430555438453787e-07,8.618401663117513895e-07,9.000185925321115598e-07,9.341428860860606774e-07,9.645563427079021423e-07,9.915797638932692230e-07,1.015511218137393711e-06,1.036626434896356649e-06,1.055179594865316536e-06,1.071404360577938162e-06,1.085515042716342073e-06,1.097707831288722636e-06,1.108162043546612269e-06,1.117041356093301047e-06,1.124495693740146003e-06,1.130665117101807664e-06,1.135681557332481713e-06,1.139669897986686694e-06,1.142749108500053450e-06,1.145033425212664416e-06,1.146633573716928775e-06,1.147658021646139935e-06,1.148214246421334814e-06,1.148409999043195763e-06,1.148354542809141717e-06,1.148159844116547812e-06,1.147941689885311617e-06,1.147820700620555358e-06,1.147923197254825867e-06,1.148381860783355274e-06,1.149336093302224011e-06,1.150931944645435196e-06,1.153321408823520774e-06,1.156660820005239368e-06,1.161107995141747025e-06,1.166817694719476576e-06,1.173934933653412100e-06,1.182585719294070661e-06,1.192864993178999458e-06,1.204821993728822447e-06,1.218444014572213372e-06,1.233640610072415881e-06,1.250231505945658869e-06,1.267942246424820168e-06,1.286410818314417299e-06,1.305204372892709826e-06,1.323835744049935128e-06,1.341754047826909638e-06,1.358266100466270713e-06,1.372338869120614996e-06,1.382262371913415199e-06,1.385242722025615397e-06
1.375683901868668879e-06,1.351041135139823641e-06,1.313399655719334380e-06,1.266379025936572057e-06,1.213697055913737778e-06,1.158549629174490626e-06,1.103384472654327334e-06,1.049928989676356355e-06,9.993183927394768305e-07,9.522343027426918147e-07,9.090206381743867275e-07,8.697729399034407948e-07,8.344067772338006019e-07,8.027113095569669410e-07,7.743920458210079604e-07,7.491050345646290931e-07,7.264837167838707171e-07,7.061593039348812533e-07,6.877754953785958267e-07,6.709983976628472426e-07,6.555225362723032227e-07,6.410738215589468771e-07,6.274102490496216596e-07,6.143210003909086026e-07,6.016244860756492311e-07,5.891657509142588448e-07,5.768135576192548561e-07,5.644573769941577236e-07,5.520044453371456858e-07,5.393769988183170140e-07,5.265097577894395637e-07,5.133477080703373760e-07,4.998442083504359789e-07,4.859594405998832639e-07,4.716592120750673716e-07,4.569141120398689081e-07,4.416990232534399812e-07,4.259929877951499566e-07,4.097794298275434080e-07,3.930467462555795301e-07,3.757892929848594267e-07,3.580088245441429485e-07,3.397156022273916674e-07,3.209270587376371840e-07,3.016689067607590709e-07,2.819776882120230590e-07,2.619043246650969914e-07,2.415191912102640028e-07,2.209195749760384594e-07,2.002409682293318569e-07,1.796746627772336644e-07,1.594957874326738089e-07,1.401082510786874916e-07,1.221142222214698554e-07,1.064063127896445727e-07,9.422939205350917113e-08,8.702458565727275508e-08,8.580621721410840968e-08,9.037490923834764763e-08,9.933070396726702335e-08,1.108864300436689979e-07,1.235007362624893268e-07,1.360241712308190052e-07,1.476255292342652654e-07,1.576944752549601315e-07,1.657722146072641704e-07,1.715092155892943638e-07,1.746406935019183528e-07,1.749727911439203713e-07,1.723753416443136632e-07,1.667792162880632033e-07,1.581778376490749878e-07,1.466341785330193034e-07,1.322977702136930957e-07,1.154443689430937588e-07,9.657549040312596222e-08,7.669914819704482285e-08,5.820767949936555535e-08,4.717533027610578452e-08,5.238948492042766614e-08,7.239064650314605671e-08,9.965992340057970052e-08,1.301763480836702112e-07,1.621755828575083376e-07,1.946805362391971866e-07,2.269992521466027098e-07,2.585584521562287718e-07,2.888432132098159302e-07,3.173738052169504703e-07,3.436970992832554398e-07,3.673843059144799018e-07,3.880317543503184516e-07,4.052633068843107537e-07,4.187337700100694834e-07,4.281329933447939337e-07,4.331905073051099126e-07,4.336806791951334990e-07,4.294285644514495358e-07,4.203169916259701443e-07,4.062960624596997497e-07,3.873973508192765349e-07,3.637569704557836013e-07,3.356549749887020750e-07,3.035844696767054554e-07,2.683747261649260545e-07,2.314130900868046424e-07,1.950491639192923725e-07,1.633365818797986343e-07,1.433970779288143604e-07,9.961424390595457328e-08,6.200465456028903486e-08,6.120921779718161266e-08,1.174970279327548539e-07,2.349937835561257549e-07,3.989716954310693997e-07,5.795667929677119059e-07,7.405239587254827936e-07,8.495205982602689237e-07,8.867531788428453322e-07,8.490322606993830002e-07,7.484905196552616481e-07,6.079984728038349096e-07,4.595687160295693704e-07,3.555242051530629864e-07,3.638858776048851111e-07,4.663413055061335275e-07,5.791394087341832834e-07,6.454106641035774455e-07,6.356757107546891912e-07,5.425487161418526064e-07,3.799650981525981069e-07,1.794464186016358410e-07,2.090353104901889763e-08,1.830500609356770038e-07,3.295142549418234151e-07,4.685656515282729223e-07,6.057505316770158605e-07,7.440281435957320489e-07,8.847248492599244587e-07,1.028120824716363817e-06,1.173812475775880200e-06,1.320942354405187353e-06,1.468350093945077973e-06,1.614675253173590815e-06,1.758429998732075697e-06,1.898052209291494582e-06,2.031945478677616182e-06,2.158510265020939957e-06,2.276169267130813566e-06,2.383389492318815915e-06,2.478703074218279558e-06,2.560728501648053311e-06,2.628193435507848871e-06,2.679959694347975401e-06,2.715050295601956948e-06,2.732677704680611003e-06,2.732271775703957939e-06,2.713505406052981767e-06,2.676315783639488569e-06,2.620919299591682151e-06,2.547818654255622362e-06,2.457801279381847197e-06,2.351928819861308333e-06,2.231517987432256865e-06,2.098113580408128004e-06,1.953454850815709593e-06,1.799436701006424237e-06,1.638067421119800652e-06,1.471424870482205071e-06,1.301613254158480041e-06,1.130723209876412547e-06,9.607995026353497465e-07,7.938252529051555445e-07,6.317460576411569501e-07,4.766088580229161761e-07,3.311187354175312132e-07,2.013039530367323270e-07,1.138234932665264222e-07,1.406274186481926644e-07,2.322967373046337098e-07,3.301238287389041193e-07,4.231209186180214842e-07,5.090665034215685744e-07,5.875644913670889790e-07,6.587778496272765550e-07,7.230801071932130374e-07,7.809271522761714240e-07,8.328004202125203888e-07,8.791788735748934406e-07,9.205245195079611268e-07,9.572749734875971452e-07,9.898399354390675259e-07,1.018599924214263990e-06,1.043906341624835344e-06,1.066082320702060584e-06,1.085424027203776047e-06,1.102202208396645384e-06,1.116663858615235619e-06,1.129033918044128422e-06,1.139516951145227855e-06,1.148298770735789851e-06,1.155547986763149151e-06,1.161418181678881024e-06,1.166052094715247129e-06,1.169583551511245514e-06,1.172138691556738268e-06,1.173837219607389438e-06,1.174793677501804550e-06,1.175118730365482384e-06,1.174920456538304104e-06,1.174305626178997755e-06,1.173380950378068280e-06,1.172254280733796864e-06,1.171035737941459575e-06,1.169838745625964600e-06,1.168780940497324208e-06,1.167984919567220388e-06,1.167578766961349891e-06,1.167696274061926252e-06,1.168476724999603876e-06,1.170064063859337588e-06,1.172605192157435253e-06,1.176247072238399892e-06,1.181132250159851315e-06,1.187392389849341831e-06,1.195139476478993371e-06,1.204454568562950818e-06,1.215374434644505094e-06,1.227877164363682798e-06,1.241868875800086978e-06,1.257174731273980784e-06,1.273538029935420998e-06,1.290630027951838824e-06,1.308068640142930645e-06,1.325434506759056788e-06,1.342257719701345491e-06,1.357932057701108951e-06,1.371509045649948293e-06,1.381354784101015145e-06,1.384740022591273014e-06
1.376132638505453639e-06,1.352934641675927824e-06,1.316869970672331088e-06,1.271363551073559981e-06,1.220021073921973198e-06,1.165995164282232403e-06,1.111731498520301208e-06,1.058974343583140405e-06,1.008882483533540415e-06,9.621627359674498007e-07,9.191840691433622779e-07,8.800661573602965824e-07,8.447471409649003798e-07,8.130365427294834976e-07,7.846575005529174557e-07,7.592806588166296639e-07,7.365509813975145998e-07,7.161083114201634795e-07,6.976024207449632440e-07,6.807033360522812346e-07,6.651077700984687599e-07,6.505424777200362248e-07,6.367652936592158605e-07,6.235645100098707478e-07,6.107571355525681711e-07,5.981864642990807388e-07,5.857192770823880403e-07,5.732429133390389086e-07,5.606623815535216319e-07,5.478976248361722242e-07,5.348810201864962502e-07,5.215551631795054420e-07,5.078709713068860547e-07,4.937861266803948907e-07,4.792638705378474201e-07,4.642721569109094487e-07,4.487831705250338328e-07,4.327732148387143845e-07,4.162229812738861097e-07,3.991182224298526495e-07,3.814508742935014807e-07,3.632207115230873449e-07,3.444367161774553922e-07,3.251158699935738151e-07,3.052846749645096993e-07,2.849824299759194640e-07,2.642659250735506349e-07,2.432163455179521303e-07,2.219497132286321556e-07,2.006331250194402771e-07,1.795106299573132780e-07,1.589450253192183782e-07,1.394843836264713844e-07,1.219590780517424424e-07,1.075837598555032420e-07,9.792834706369665587e-08,9.446517284830669397e-08,9.766643697438878708e-08,1.065405921631954589e-07,1.192540677427086854e-07,1.339949322676335539e-07,1.493316764361573478e-07,1.642047167058338875e-07,1.778270853360690424e-07,1.896006936915895136e-07,1.990621365672117251e-07,2.058501242511217969e-07,2.096862961475415762e-07,2.103641306607477295e-07,2.077430356395171319e-07,2.017462632133520748e-07,1.923624569431339690e-07,1.796519560995936298e-07,1.637613845589119868e-07,1.449558779731281695e-07,1.236948259049058354e-07,1.008298187508093941e-07,7.818503374757544593e-08,6.026527401718802431e-08,5.638155930136995175e-08,7.171725246574573184e-08,9.911059601474142738e-08,1.319101678669880028e-07,1.671097281970557944e-07,2.032358631961192957e-07,2.393624142826842917e-07,2.747801615958250289e-07,3.088799481232454846e-07,3.411077927560733607e-07,3.709470100892388678e-07,3.979115924028694091e-07,4.215447950263698078e-07,4.414203952273173800e-07,4.571454672829866220e-07,4.683640514420321613e-07,4.747612821693413043e-07,4.760676067019598659e-07,4.720628147009775178e-07,4.625798398894689293e-07,4.475088307547281730e-07,4.268031037282976323e-07,4.004910471798352006e-07,3.687040737249639760e-07,3.317473855465982816e-07,2.902917852269219834e-07,2.459396054493866999e-07,2.030307827227966297e-07,1.740796545672790314e-07,1.870470294294248659e-07,2.105978112377246871e-07,2.467753922416302868e-07,2.750393009410592243e-07,2.942354756223963850e-07,3.474900860774939237e-07,4.763658085725182086e-07,6.584636869565601423e-07,8.414305167163951124e-07,9.793489888152454152e-07,1.043355240343188830e-06,1.024743612861691199e-06,9.328906554770979561e-07,7.883794876925349463e-07,6.143336330597072657e-07,4.311665032747154786e-07,2.612302789762779127e-07,1.589655565808716632e-07,1.954409707228973372e-07,2.653382310258674408e-07,2.886780091674479238e-07,2.478924126975704826e-07,1.516234838078217926e-07,3.766192673864816601e-08,1.107581226535115787e-07,2.322378934528111350e-07,3.571785157159496084e-07,4.868694648282805172e-07,6.224065744049620971e-07,7.641449162594240671e-07,9.118221280589487401e-07,1.064700315639171409e-06,1.221682574509047940e-06,1.381405614244007380e-06,1.542313765635288154e-06,1.702718641524054821e-06,1.860847435573946828e-06,2.014881939876142286e-06,2.162989911728282120e-06,2.303350360915997282e-06,2.434174524831365211e-06,2.553724554020498332e-06,2.660332042426748906e-06,2.752418376681097351e-06,2.828518432087727257e-06,2.887308444738896491e-06,2.927637976702927066e-06,2.948564835724161550e-06,2.949390783784547118e-06,2.929695137976713821e-06,2.889363162144601456e-06,2.828606496993184846e-06,2.747973618108102161e-06,2.648349216104976958e-06,2.530942272785185368e-06,2.397263359371899632e-06,2.249092282249775138e-06,2.088437666988589764e-06,1.917490433539715189e-06,1.738573400928571762e-06,1.554089505754304670e-06,1.366471442540267600e-06,1.178136312163677684e-06,9.914512078686495307e-07,8.087229583007950991e-07,6.322493780885084121e-07,4.645619890209485418e-07,3.094441215244353839e-07,1.774373397910883416e-07,1.186612047444103977e-07,1.855719864699013919e-07,2.895469424391618802e-07,3.929323788150449157e-07,4.892041955686874225e-07,5.770660074992313586e-07,6.564920729620282806e-07,7.278736648522023055e-07,7.917528607963118510e-07,8.487177320331908511e-07,8.993554124773225023e-07,9.442299582420002100e-07,9.838720692209062152e-07,1.018774874388768861e-06,1.049392933743654853e-06,1.076142972189251494e-06,1.099405537429742886e-06,1.119527127824489669e-06,1.136822528608670090e-06,1.151577203126848383e-06,1.164049648501702371e-06,1.174473662630926365e-06,1.183060492369379202e-06,1.190000847148501648e-06,1.195466771462821645e-06,1.199614107997928428e-06,1.202586973512059159e-06,1.204519881753573959e-06,1.205539114234658774e-06,1.205764085494853179e-06,1.205308700238148323e-06,1.204282696912879138e-06,1.202792967643216864e-06,1.200944840231738090e-06,1.198843305117448243e-06,1.196594168601681730e-06,1.194305112540409623e-06,1.192086638673572679e-06,1.190052870976261350e-06,1.188322179650978072e-06,1.187017573179642700e-06,1.186266777794950641e-06,1.186201884914181510e-06,1.186958396014685739e-06,1.188673433543340959e-06,1.191482823469804914e-06,1.195516706496527395e-06,1.200893330267010790e-06,1.207710760737952637e-06,1.216036491267145091e-06,1.225895394908907652e-06,1.237257208105951102e-06,1.250025711815711029e-06,1.264032741782562689e-06,1.279040496734402867e-06,1.294754184791346785e-06,1.310842219605110550e-06,1.326951347370818501e-06,1.342689246273481136e-06,1.357531918716058231e-06,1.370610637842425297e-06,1.380364920405168007e-06,1.384132036183866892e-06
1.376450643775209924e-06,1.354684195354645788e-06,1.320202651950217506e-06,1.276232169302607040e-06,1.226260013723188383e-06,1.173390541472311875e-06,1.120064599563112049e-06,1.068042180128357990e-06,1.018505259665683180e-06,9.721856390155973524e-07,9.294770489373977251e-07,8.905229222874894619e-07,8.552835831114785821e-07,8.235885974628363496e-07,7.951785288147172222e-07,7.697385452672497726e-07,7.469251809721661478e-07,7.263870514462954969e-07,7.077802044166174973e-07,6.907788240373809052e-07,6.750820582807609634e-07,6.604177478808661565e-07,6.465437903390528908e-07,6.332477872550424164e-07,6.203455171564660005e-07,6.076786663944355338e-07,5.951121495140750424e-07,5.825312642366156313e-07,5.698388569151590183e-07,5.569526213361656709e-07,5.438026148108120633e-07,5.303290478635642201e-07,5.164803847738201242e-07,5.022117794668140349e-07,4.874838630750824882e-07,4.722618948633636464e-07,4.565152868149963220e-07,4.402175145175780420e-07,4.233464345552921129e-07,4.058850442618955053e-07,3.878227482757220923e-07,3.691572459456711153e-07,3.498961897020885329e-07,3.300561485261080273e-07,3.096646187197266526e-07,2.887641661062530545e-07,2.674185062346580657e-07,2.457216658080303200e-07,2.238121646164080097e-07,2.018955366297639747e-07,1.802807821657115949e-07,1.594394666308288186e-07,1.400975784787882779e-07,1.233566900012941054e-07,1.107707773669187030e-07,1.041331368639707215e-07,1.046888945777448592e-07,1.122243485007811958e-07,1.251555977137617426e-07,1.414698698778420602e-07,1.594048583933448471e-07,1.776001716008620253e-07,1.950286857604054727e-07,2.109038282842148167e-07,2.246116039258823599e-07,2.356670015116069395e-07,2.436869279056123200e-07,2.483735279932437273e-07,2.495041086244354184e-07,2.469255730689766820e-07,2.405524065288695972e-07,2.303681430529882151e-07,2.164312953066220348e-07,1.988886509213224775e-07,1.780033471576763716e-07,1.542172862523296217e-07,1.283040588224284208e-07,1.017888453024607278e-07,7.818113480126209269e-08,6.561724744940383257e-08,7.384019782719311097e-08,9.975938650981119512e-08,1.343961500583442343e-07,1.728499660048779553e-07,2.128616495337064218e-07,2.531573361503146749e-07,2.928416593900351702e-07,3.311854244391582209e-07,3.675450960463819666e-07,4.013300872278081933e-07,4.319893034811862405e-07,4.590063145580526771e-07,4.818988444907173506e-07,5.002206537362427863e-07,5.135647758815705678e-07,5.215673238331349975e-07,5.239110668682691087e-07,5.203279359983969158e-07,5.105997359048696517e-07,4.945568269344058551e-07,4.720758437721945533e-07,4.430811129110489758e-07,4.075652973624846022e-07,3.656804657241355296e-07,3.180774571511955268e-07,2.671544065555641471e-07,2.216545457007176133e-07,2.094148569509487028e-07,2.771111680331029207e-07,3.594015968046588747e-07,4.369633134221483207e-07,4.833797370845930515e-07,4.869553384152285114e-07,4.714957722580396098e-07,4.995928521244247573e-07,6.102460864037457633e-07,7.643414629746405618e-07,8.999738337908973332e-07,9.765322576162826484e-07,9.809096932086734602e-07,9.232598794527975105e-07,8.273133269383239971e-07,7.168513113654490376e-07,6.043170259322066717e-07,4.899476764270313462e-07,3.719041371344519883e-07,2.566338781750700911e-07,1.613099172930400709e-07,1.092389726940837653e-07,1.078592576649747750e-07,1.350170142063014075e-07,1.747806897822126577e-07,2.091110652309706875e-07,2.821983727843286297e-07,3.816577334865503094e-07,5.000615742765210371e-07,6.332521142970769819e-07,7.785497099199283346e-07,9.338585459389461221e-07,1.097266074374014840e-06,1.266871932953579456e-06,1.440724523067363414e-06,1.616808786135077430e-06,1.793057622775745853e-06,1.967372790494380285e-06,2.137647747133017803e-06,2.301788572210166002e-06,2.457731495084962694e-06,2.603457372394517126e-06,2.737004813755630680e-06,2.856484424069010659e-06,2.960096729757145106e-06,3.046155914833605896e-06,3.113120657120072182e-06,3.159632153332666954e-06,3.184557874721190367e-06,3.187037941844347884e-06,3.166529777510207759e-06,3.122846402277407062e-06,3.056184403895971888e-06,2.967138870637443653e-06,2.856703982613333112e-06,2.726259198782816479e-06,2.577541942528354365e-06,2.412608395338109775e-06,2.233784537479172284e-06,2.043610006232369396e-06,1.844777722790385052e-06,1.640072600421061881e-06,1.432313120013474581e-06,1.224300690344166255e-06,1.018785312407623774e-06,8.184680315471944547e-07,6.261030692485490504e-07,4.449402461181660773e-07,2.807335669278498083e-07,1.541626955781641832e-07,1.456996442427508217e-07,2.441705045880313656e-07,3.579697310613551481e-07,4.661921893433890830e-07,5.651177192276473091e-07,6.542279443259005411e-07,7.338853408733400429e-07,8.047394754293830698e-07,8.675226117229300445e-07,9.229677822669180943e-07,9.717742489047916243e-07,1.014593550238302232e-06,1.052025045422555041e-06,1.084615953405205862e-06,1.112863513064432167e-06,1.137218097203607656e-06,1.158086692188232936e-06,1.175836441531223257e-06,1.190798097724491713e-06,1.203269303156922290e-06,1.213517662254058658e-06,1.221783589869840337e-06,1.228282933946192325e-06,1.233209377918437328e-06,1.236736632613614656e-06,1.239021179071120885e-06,1.240207023139741550e-06,1.240428004028322409e-06,1.239809301198809156e-06,1.238468905244420724e-06,1.236519051404739139e-06,1.234067611155518956e-06,1.231219432627370557e-06,1.228077616603852809e-06,1.224744712288042117e-06,1.221323815740973784e-06,1.217919553052919981e-06,1.214638928561070976e-06,1.211592014013376356e-06,1.208892445426223587e-06,1.206657678267333790e-06,1.205008926411914965e-06,1.204070674592368221e-06,1.203969607821505708e-06,1.204832747535150316e-06,1.206784531283191843e-06,1.209942537558560933e-06,1.214411569117719270e-06,1.220275911981695472e-06,1.227589843357320858e-06,1.236366934035832718e-06,1.246569414886836577e-06,1.258099791890310037e-06,1.270797727970488936e-06,1.284445328255133983e-06,1.298782243691246036e-06,1.313526894650850739e-06,1.328390211628897846e-06,1.343053919080998506e-06,1.357071493378433070e-06,1.369649300901538129e-06,1.379297847740569794e-06,1.383422938208157235e-06
1.376640718648668189e-06,1.356290627761388839e-06,1.323396465035273516e-06,1.280982019144915047e-06,1.232410007340701250e-06,1.180731376527034144e-06,1.128379154697914542e-06,1.077127776640303959e-06,1.028181983505373664e-06,9.822983615083243621e-07,9.398951552091033109e-07,9.011392138527448992e-07,8.660126716875927176e-07,8.343648115768683442e-07,8.059533975070092803e-07,7.804780191912461415e-07,7.576067967186188781e-07,7.369972300867720724e-07,7.183118235774890376e-07,7.012291405748923690e-07,6.854510036244588133e-07,6.707065783604037604e-07,6.567540512109775691e-07,6.433805388183449744e-07,6.304007701904632669e-07,6.176549783630253846e-07,6.050063396739711428e-07,5.923382130947594270e-07,5.795513623758714946e-07,5.665612899331343522e-07,5.532957715779881483e-07,5.396926528148918806e-07,5.256979478874032453e-07,5.112642698027073568e-07,4.963496115252130353e-07,4.809164944131154733e-07,4.649314995649331832e-07,4.483652017430784395e-07,4.311925358039589091e-07,4.133936455754397324e-07,3.949553008708935295e-07,3.758730298734516595e-07,3.561530913388263729e-07,3.358116485282135939e-07,3.148773412768570737e-07,2.933964219019272541e-07,2.714404506443370549e-07,2.491181259841112251e-07,2.265939445317414822e-07,2.041183041816007862e-07,1.820766859057057733e-07,1.610689942808797543e-07,1.420280136268150752e-07,1.263532609703002062e-07,1.159139412404828041e-07,1.125811104515936929e-07,1.171927298066512658e-07,1.289015929425133076e-07,1.457622180010011419e-07,1.657118964917642360e-07,1.870279370575187338e-07,2.083603469328468664e-07,2.286592426370231062e-07,2.471016104854537457e-07,2.630358860842842355e-07,2.759434630274420511e-07,2.854130216761676210e-07,2.911238325221761775e-07,2.928352449938801109e-07,2.903806667995829729e-07,2.836652374015563293e-07,2.726671473887119886e-07,2.574434496736947737e-07,2.381428375115267253e-07,2.150315709251337174e-07,1.885482923180057375e-07,1.594308594937602920e-07,1.290441516368972740e-07,1.003073439514624081e-07,8.004295019969435823e-08,7.972678566130081430e-08,1.021843709146710849e-07,1.379133437819684810e-07,1.795688245741574269e-07,2.237086901841962831e-07,2.685489649366149995e-07,3.129383749938675640e-07,3.559934882901096317e-07,3.969620095946055460e-07,4.351671645401194867e-07,4.699838515005806136e-07,5.008286775194222924e-07,5.271568311501133056e-07,5.484627561737566536e-07,5.642830677255953451e-07,5.742005328985015981e-07,5.778478116461175824e-07,5.749094220929412976e-07,5.651203936362994782e-07,5.482605108062469453e-07,5.241443752590377319e-07,4.926114209083148061e-07,4.535326094394226934e-07,4.068939883700576038e-07,3.531781826900581673e-07,2.949075361364482666e-07,2.427303295136676520e-07,2.328475785857808807e-07,3.230104443941477249e-07,4.329176942610053553e-07,5.357083347757042654e-07,5.983424765410062745e-07,5.980890157982198193e-07,5.373756460384974292e-07,4.568101566040484263e-07,4.339682020696947214e-07,5.047921414096055390e-07,6.093583235300267936e-07,6.872679901343053328e-07,7.206996235878818907e-07,7.246980779837222903e-07,7.265236964367191070e-07,7.390851314344939171e-07,7.491172539441804944e-07,7.328078066709867221e-07,6.769406027143094874e-07,5.871583251746085201e-07,4.848522089198464070e-07,3.976073043994237190e-07,3.442680948019409560e-07,3.209126010186162935e-07,3.061331448595369786e-07,2.778563218568743813e-07,3.117326156449998755e-07,3.900449696784823273e-07,4.998043947874287408e-07,6.326579998878149327e-07,7.833033020742168084e-07,9.480048385320422977e-07,1.123761611219516760e-06,1.307896928289383809e-06,1.497866577249227245e-06,1.691176649944144746e-06,1.885356275691271082e-06,2.077956655658628093e-06,2.266560684073520059e-06,2.448794450709654522e-06,2.622336440733371203e-06,2.784923694532470731e-06,2.934356838191098829e-06,3.068507432159726480e-06,3.185331326116044091e-06,3.282891131661541265e-06,3.359389926523974644e-06,3.413216794340178097e-06,3.443002527112055115e-06,3.447681009345071561e-06,3.426549563808858487e-06,3.379321128431046143e-06,3.306162489311136783e-06,3.207715017375036499e-06,3.085096567723317696e-06,2.939884929491539014e-06,2.774084378471087666e-06,2.590077629414634107e-06,2.390566022633175148e-06,2.178501285166700619e-06,1.957012764784185425e-06,1.729334656682053630e-06,1.498738540740855233e-06,1.268478298045644336e-06,1.041760240277282909e-06,8.217718752574102998e-07,6.118817470715955474e-07,4.164914141222075710e-07,2.453942492293213163e-07,1.426534907548052249e-07,1.968729015772971617e-07,3.173617495752185087e-07,4.391784174721407383e-07,5.513410734275037094e-07,6.520385960198353906e-07,7.414834182926272291e-07,8.204656940371367679e-07,8.899256851574067197e-07,9.508031979731572323e-07,1.003982977717190652e-06,1.050277113355581693e-06,1.090422231600690818e-06,1.125082534011228474e-06,1.154854972691155887e-06,1.180275016205761618e-06,1.201822363122940685e-06,1.219926346031356338e-06,1.234970934250753781e-06,1.247299314592811842e-06,1.257218059912711860e-06,1.265000907766790942e-06,1.270892176209533901e-06,1.275109844972666784e-06,1.277848329888255444e-06,1.279280977303331711e-06,1.279563068391028806e-06,1.278836831198896704e-06,1.277233920692117015e-06,1.274877049292977824e-06,1.271881550781339231e-06,1.268356877641054185e-06,1.264408028327274285e-06,1.260136896235317846e-06,1.255643528341210943e-06,1.251027279193588880e-06,1.246387844926583522e-06,1.241826161379375092e-06,1.237445148934990842e-06,1.233350282660328231e-06,1.229649957831454429e-06,1.226455605977507815e-06,1.223881493398895278e-06,1.222044101655196187e-06,1.221060948312271667e-06,1.221048659853507930e-06,1.222120065894594018e-06,1.224380061758629461e-06,1.227920013899859633e-06,1.232810602768688328e-06,1.239093266211308729e-06,1.246770879062462961e-06,1.255799002933417061e-06,1.266079883995764115e-06,1.277462072659788166e-06,1.289748441012732785e-06,1.302713378825944866e-06,1.316124599477437918e-06,1.329755092646909450e-06,1.343356968743344778e-06,1.356556455086029296e-06,1.368630543247932954e-06,1.378158551366485413e-06,1.382616940210907544e-06
1.376705837008768893e-06,1.357755004022341538e-06,1.326450387576147202e-06,1.285610384289820369e-06,1.238467265504292953e-06,1.188013324131751048e-06,1.136670569336116146e-06,1.086226439047525489e-06,1.037907947965210956e-06,9.924962751725020321e-07,9.504339645245871987e-07,9.119109725184830514e-07,8.769308871452771020e-07,8.453623796307857482e-07,8.169801721439422803e-07,7.914981476492218641e-07,7.685959988320451509e-07,7.479401953326669806e-07,7.291998568324138454e-07,7.120581322982647439e-07,6.962197493760857646e-07,6.814154347199971992e-07,6.674038919305727233e-07,6.539719641971692089e-07,6.409335206162262295e-07,6.281275062192089565e-07,6.154154996510101133e-07,6.026790375590976972e-07,5.898168948239078156e-07,5.767424552350739568e-07,5.633812666116820829e-07,5.496688453221898036e-07,5.355487751830629885e-07,5.209711326107582575e-07,5.058912620329864914e-07,4.902689220029351967e-07,4.740678231082303232e-07,4.572555845415249730e-07,4.398041493546788173e-07,4.216907231443679133e-07,4.028993444431125715e-07,3.834232696707923120e-07,3.632672755880638051e-07,3.424470739435115047e-07,3.209925004063723486e-07,2.989537471176489061e-07,2.764108624260835939e-07,2.534885955546489406e-07,2.303801579852219681e-07,2.073859928330927428e-07,1.849773740982416434e-07,1.638977484633209758e-07,1.453059342835341575e-07,1.309049407740514642e-07,1.228238972734836308e-07,1.228793917643992587e-07,1.314484251905288449e-07,1.472022216251599768e-07,1.680078964546480294e-07,1.917991925010671218e-07,2.168468809515415375e-07,2.417325335271711361e-07,2.653245013505813434e-07,2.867303596113629762e-07,3.052451339352929175e-07,3.203097871445841921e-07,3.314822198686466376e-07,3.384181741519890799e-07,3.408590943002680896e-07,3.386250388802845577e-07,3.316117831190762081e-07,3.197920030504478465e-07,3.032212382093295574e-07,2.820507887082137374e-07,2.565529218693416369e-07,2.271716902855573899e-07,1.946343779877403519e-07,1.602237807139324021e-07,1.265134229589173290e-07,9.931822120890894768e-08,9.009038070259662116e-08,1.070754819217017690e-07,1.428236549235070765e-07,1.874852600396742071e-07,2.359585054928531678e-07,2.857273370521271815e-07,3.352895235152505092e-07,3.835624256968822591e-07,4.296609527734531106e-07,4.728075885535369793e-07,5.122931426668962031e-07,5.474592278699529790e-07,5.776912981059507756e-07,6.024176321533350426e-07,6.211120917422079573e-07,6.332990973739093998e-07,6.385589321042302750e-07,6.365309190410128006e-07,6.269119258233954754e-07,6.094481368286388419e-07,5.839192237745437525e-07,5.501171189843328387e-07,5.078312782176204383e-07,4.568858161836406340e-07,3.973981767528299655e-07,3.309339760317643538e-07,2.654219329890859551e-07,2.329676734058427907e-07,3.014812278697026469e-07,4.089558821052698054e-07,5.261719154108732538e-07,6.111662683031577514e-07,6.316768689655658610e-07,5.759206844489030348e-07,4.561639396813381866e-07,3.082276070648963319e-07,1.960141528894022430e-07,1.942451484291124340e-07,2.570834866224858523e-07,3.325308006471615116e-07,4.332896599513743481e-07,5.644016893285379651e-07,7.002530521102337616e-07,8.046662776811336692e-07,8.505818255216248984e-07,8.290517990330774737e-07,7.507066722864312070e-07,6.415893418408470738e-07,5.339636347429982417e-07,4.519132562961097287e-07,3.969401739020489532e-07,3.501793380306443918e-07,2.908490513100960479e-07,3.038543977075007067e-07,3.712356347485995914e-07,4.785559799955684766e-07,6.153011641373055738e-07,7.745334272942774356e-07,9.513920505391036182e-07,1.142054470230724418e-06,1.343197942134303065e-06,1.551740524115759909e-06,1.764723945626489661e-06,1.979268181026809791e-06,2.192560914125019384e-06,2.401861121544011283e-06,2.604504627869321942e-06,2.797905363815726192e-06,2.979551116939383196e-06,3.146996922153788739e-06,3.297861774690451967e-06,3.429834271082489240e-06,3.540691687088498275e-06,3.628335935945703042e-06,3.690848291037897776e-06,3.726561515278717755e-06,3.734142977230804518e-06,3.712677826461909802e-06,3.661740837875521031e-06,3.581448478532391987e-06,3.472486816540616057e-06,3.336114384834869767e-06,3.174141412767202322e-06,2.988888066188067146e-06,2.783124923616533227e-06,2.559999322109564906e-06,2.322951777753334923e-06,2.075627585306705640e-06,1.821789907075753746e-06,1.565242193176740538e-06,1.309770676550747041e-06,1.059127274581361480e-06,8.171105833714771382e-07,5.879601903952053831e-07,3.781191164069751078e-07,2.068236819669992895e-07,1.615364092828386471e-07,2.706652024438000939e-07,4.068234988742841372e-07,5.350976206966805918e-07,6.499895386497170231e-07,7.512142558061679928e-07,8.397649317847560579e-07,9.169165276770757688e-07,9.839255491330043401e-07,1.041944142460067813e-06,1.092003943560230656e-06,1.135021596354602853e-06,1.171809883758913047e-06,1.203089343954406398e-06,1.229498920076914977e-06,1.251605374818148088e-06,1.269911546091984248e-06,1.284863593961122293e-06,1.296857383610213669e-06,1.306244126040015386e-06,1.313335375514008905e-06,1.318407464678975811e-06,1.321705444608709254e-06,1.323446586760930472e-06,1.323823495995211969e-06,1.323006877620440980e-06,1.321148774615491245e-06,1.318387807367927899e-06,1.314851804478373058e-06,1.310659539138858856e-06,1.305922369074568970e-06,1.300745781574205798e-06,1.295230841166979911e-06,1.289475532835578172e-06,1.283575990060301356e-06,1.277627594978913430e-06,1.271725937210125791e-06,1.265967617557199010e-06,1.260450881608801814e-06,1.255276064622683001e-06,1.250545821277074661e-06,1.246365100170259204e-06,1.242840801901112690e-06,1.240081030536022568e-06,1.238193812283252962e-06,1.237285116319918417e-06,1.237455980134126390e-06,1.238798532548725384e-06,1.241390749843592397e-06,1.245289914954746747e-06,1.250525027451321576e-06,1.257088879799983866e-06,1.264931181366707331e-06,1.273954877199368585e-06,1.284018362506061125e-06,1.294945983462149142e-06,1.306546968198692988e-06,1.318637395227858197e-06,1.331050003874138910e-06,1.343603540319735738e-06,1.355992322707040120e-06,1.367559716032173938e-06,1.376951929268350958e-06,1.381718285196668967e-06
1.376649140393133229e-06,1.359078622942993517e-06,1.329363616899961788e-06,1.290114704622616564e-06,1.244428087171851579e-06,1.195232083647295830e-06,1.144934278202959976e-06,1.095333504028355388e-06,1.047678480277039080e-06,1.002774780699455191e-06,9.610890626724826683e-07,9.228341131854889424e-07,8.880346370096973402e-07,8.565783672714353775e-07,8.282567289722274037e-07,8.027977474880664675e-07,7.798926486840362279e-07,7.592169320603937466e-07,7.404464708218858586e-07,7.232691909070230670e-07,7.073929467148689435e-07,6.925502588173309168e-07,6.785005778305868723e-07,6.650306904613965628e-07,6.519538039363020565e-07,6.391077512368187699e-07,6.263526660957764273e-07,6.135683927366408883e-07,6.006518253167267663e-07,5.875143169533906764e-07,5.740792569341993779e-07,5.602798850873777398e-07,5.460573919310040543e-07,5.313593399963911130e-07,5.161384340460564622e-07,5.003516649209960807e-07,4.839598534875893247e-07,4.669276287628141400e-07,4.492238904515698055e-07,4.308228357669693843e-07,4.117056820668871002e-07,3.918633051140752088e-07,3.712988775866682530e-07,3.500275408607697454e-07,3.280802420640048681e-07,3.055111249186638121e-07,2.824089528974975381e-07,2.589151923526622414e-07,2.352532819418277752e-07,2.117767496976330846e-07,1.890481383510855853e-07,1.679625697059411123e-07,1.499111586172634438e-07,1.368859674002683955e-07,1.312117204847788601e-07,1.345741582318638495e-07,1.469412077239545885e-07,1.666732250812733095e-07,1.915680752183236083e-07,2.195716024910480956e-07,2.488867106204930101e-07,2.778989432348119301e-07,3.053237694930833929e-07,3.301733546315225017e-07,3.516831931865872485e-07,3.692543846771939696e-07,3.824163886905300371e-07,3.908039454532874540e-07,3.941427053783405268e-07,3.922407384500734454e-07,3.849849619114845777e-07,3.723423226037107853e-07,3.543662473608510249e-07,3.312102556028734613e-07,3.031536135007133508e-07,2.706507835174237736e-07,2.344343523214527355e-07,1.957531074853988052e-07,1.569843386349931579e-07,1.232557727708617845e-07,1.053126514570830817e-07,1.151753064568281575e-07,1.495805118000382565e-07,1.968755574888752861e-07,2.498314220793965583e-07,3.049137571570152040e-07,3.601429884330435631e-07,4.141788061015723035e-07,4.659734456573547807e-07,5.146315334593022910e-07,5.593485074874759048e-07,5.993821748457173554e-07,6.340401415289317492e-07,6.626762607891294451e-07,6.846932921544684248e-07,6.995500179460094845e-07,7.067702664580294471e-07,7.059499407631301905e-07,6.967581163268554512e-07,6.789292013139758622e-07,6.522444561003193929e-07,6.165031606606215060e-07,5.714887968472016830e-07,5.169521825196403740e-07,4.526920119982000602e-07,3.790400892069091220e-07,2.990686264260129802e-07,2.286460690766540269e-07,2.262373509019149005e-07,2.953597245161710491e-07,4.229287505672479670e-07,5.447554579477536880e-07,6.183030687913637016e-07,6.274221871058543774e-07,5.792807405402403872e-07,4.978235239289143665e-07,4.111173057821803553e-07,3.365655642613239092e-07,2.822174545300091327e-07,2.765678027089701917e-07,3.577030585320342144e-07,5.006628531795343083e-07,6.507508552815060052e-07,7.643126006789427541e-07,8.142359973137480993e-07,7.922164627026976991e-07,7.091666171707184851e-07,5.919443243592709905e-07,4.756823796269127838e-07,3.893870712925440413e-07,3.363890551466729363e-07,2.938314386919643556e-07,2.400935871481750368e-07,2.511718163761162601e-07,3.187265015810566698e-07,4.310146017667674240e-07,5.769549728838698524e-07,7.488874865254334536e-07,9.413798657240306504e-07,1.150100565316106389e-06,1.371244259451890840e-06,1.601267196119443329e-06,1.836773434773290807e-06,2.074475281209770475e-06,2.311188678823786347e-06,2.543840617144920940e-06,2.769473965380783046e-06,2.985241497539500159e-06,3.188387833285271014e-06,3.376225372103585027e-06,3.546114691740561175e-06,3.695457925192835701e-06,3.821710977063095151e-06,3.922419838836092764e-06,3.995285845879450486e-06,4.038260652378089184e-06,4.049662009912293549e-06,4.028291170328332824e-06,3.973532857626765649e-06,3.885425571220417249e-06,3.764697589627085779e-06,3.612769442433464304e-06,3.431726375396760997e-06,3.224265205349835701e-06,2.993619955314645725e-06,2.743470639984658414e-06,2.477840160873597816e-06,2.200985808650177360e-06,1.917294347879862863e-06,1.631192897238705436e-06,1.347093003341536723e-06,1.069401718697087117e-06,8.027052671568985625e-07,5.525704232940332766e-07,3.295481798681783255e-07,1.774123161583493507e-07,2.207031508158883953e-07,3.669126837174124346e-07,5.149693449812234149e-07,6.480428955208285331e-07,7.639185833481167463e-07,8.639086601028727547e-07,9.499406282045177957e-07,1.023824853905741536e-06,1.087129202939046968e-06,1.141196088552057931e-06,1.187180552670204031e-06,1.226083465400994133e-06,1.258777109982694586e-06,1.286024794136628529e-06,1.308496270305783837e-06,1.326780227949884031e-06,1.341394675253911507e-06,1.352795734627606495e-06,1.361385196789696950e-06,1.367517069428203545e-06,1.371503289622248070e-06,1.373618727060963213e-06,1.374105577514530280e-06,1.373177227173378450e-06,1.371021654991530914e-06,1.367804430066896579e-06,1.363672143234498556e-06,1.358757836583410629e-06,1.353183757922829129e-06,1.347063180030517579e-06,1.340502095423843847e-06,1.333600789476769045e-06,1.326455290450711679e-06,1.319158690420809013e-06,1.311802327738909355e-06,1.304476819963038815e-06,1.297272935726063329e-06,1.290282293938296714e-06,1.283597877798579600e-06,1.277314347875975309e-06,1.271528131466225252e-06,1.266337253047963860e-06,1.261840851863324347e-06,1.258138307203446105e-06,1.255327861378080172e-06,1.253504599101546546e-06,1.252757619605897485e-06,1.253166241146250787e-06,1.254795133716112213e-06,1.257688422950524043e-06,1.261863091936118143e-06,1.267302465873931187e-06,1.273951191847063521e-06,1.281713807021672343e-06,1.290459397102017455e-06,1.300034330179072995e-06,1.310282575783275905e-06,1.321067444514682632e-06,1.332278951509166456e-06,1.343798669134750758e-06,1.355384443637865759e-06,1.366442003794055231e-06,1.375682787132744190e-06,1.380731242757348684e-06
1.376473931895157610e-06,1.360263016137527672e-06,1.332135576879315923e-06,1.294492587275328437e-06,1.250288869546497698e-06,1.202383405384383724e-06,1.153165748276666666e-06,1.104444340727745803e-06,1.057488944800790622e-06,1.013129313240882422e-06,9.718560534014810151e-07,9.339045367451430445e-07,8.993202690675327245e-07,8.680097244052635553e-07,8.397807662636029984e-07,8.143753928963738646e-07,7.914963009400901957e-07,7.708280572499661134e-07,7.520534073423606969e-07,7.348652312312062461e-07,7.189747229946434880e-07,7.041164265878801864e-07,6.900507706683696664e-07,6.765647073981134191e-07,6.634709881210833418e-07,6.506065199551292796e-07,6.378301564809354323e-07,6.250201927395173903e-07,6.120717647714653205e-07,5.988942984247974636e-07,5.854091103172983831e-07,5.715472337118718741e-07,5.572475213753730772e-07,5.424550641770661394e-07,5.271199567110572365e-07,5.111964388157970929e-07,4.946424446784641916e-07,4.774196006439284501e-07,4.594937319973541129e-07,4.408359735432200422e-07,4.214246386319008860e-07,4.012481033315126785e-07,3.803077737972306032e-07,3.586180135768097002e-07,3.362106279193381833e-07,3.131434186831149935e-07,2.895135527775436054e-07,2.654789353043165117e-07,2.412930823383231920e-07,2.173627022749335703e-07,1.943418550706445703e-07,1.732763971903073988e-07,1.557818708320775117e-07,1.441109817660363710e-07,1.407322229870052514e-07,1.471911934829017910e-07,1.631590748499322773e-07,1.868413204325070349e-07,2.160633881929097140e-07,2.488237338843581583e-07,2.832120053828399663e-07,3.171256588081743650e-07,3.490510220129125610e-07,3.779060652786199407e-07,4.028805329328137102e-07,4.233469771951471613e-07,4.388144169360021395e-07,4.489024708167760993e-07,4.533252762826958827e-07,4.518814964623119268e-07,4.444500949176752399e-07,4.309918270657854293e-07,4.115566270477226378e-07,3.862984978679078746e-07,3.555026138681257380e-07,3.196356347180299486e-07,2.794453066549019959e-07,2.361780800322415528e-07,1.921113495906779105e-07,1.519324063304425120e-07,1.255812215259733132e-07,1.272038723132152254e-07,1.587302750618325425e-07,2.080853042240582316e-07,2.655967046858847744e-07,3.263688662570869330e-07,3.877816766024346479e-07,4.481622826672493344e-07,5.062635446113087865e-07,5.610523813116329166e-07,6.116164723634893998e-07,6.571203736154636954e-07,6.967847831779760308e-07,7.298788852739977416e-07,7.557225003454761614e-07,7.736967891508747775e-07,7.832603689725979571e-07,7.839640242635423098e-07,7.754578192313750035e-07,7.574868051525764081e-07,7.298736601576411419e-07,6.924881989976930071e-07,6.452058001199252041e-07,5.878623900646244436e-07,5.202307322888758242e-07,4.420962852726549213e-07,3.536941958413593715e-07,2.575501881999909577e-07,1.674170232413287396e-07,1.235199218304056259e-07,2.691625670418017150e-07,4.418137597192200041e-07,5.822295286629790155e-07,6.748557436740346855e-07,7.225286035810074933e-07,7.374111697858785340e-07,7.306274003603600197e-07,7.063793686365375704e-07,6.662936533183312166e-07,6.201485850900651787e-07,5.905310823384704370e-07,5.977989944592051180e-07,6.342694145449325251e-07,6.664982627430665759e-07,6.616469251105456492e-07,6.039644273655376852e-07,4.979422999814058824e-07,3.661757256362256814e-07,2.471289591350663376e-07,1.881500684491608022e-07,1.887754319129053460e-07,1.876140878018905112e-07,1.553882807065019473e-07,1.633500292242012993e-07,2.326384346545392384e-07,3.547996191398679251e-07,5.148175860333507361e-07,7.037267657944899386e-07,9.156826066294299528e-07,1.146030802864124851e-06,1.390597617636834743e-06,1.645430044398347192e-06,1.906707336038762375e-06,2.170726225065866103e-06,2.433917236189017472e-06,2.692867201942914122e-06,2.944330138795829567e-06,3.185214623401850866e-06,3.412545502536265913e-06,3.623411721121749513e-06,3.814921795019475051e-06,3.984179009216217327e-06,4.128281482598190220e-06,4.244353980645896401e-06,4.329622922343998661e-06,4.381543112936600756e-06,4.397965367766156034e-06,4.377307207230108351e-06,4.318693210694653817e-06,4.222048214859378628e-06,4.088140689181477215e-06,3.918581363851071072e-06,3.715784652160205143e-06,3.482899935164390476e-06,3.223718348652551860e-06,2.942559719647035862e-06,2.644144744120518298e-06,2.333460121853650657e-06,2.015629472344465848e-06,1.695810140479641798e-06,1.379146258381800461e-06,1.070836645615727762e-06,7.765228838621612703e-07,5.040033759913659061e-07,2.734885569333991782e-07,1.863158199683963217e-07,3.166110016385905853e-07,4.875635309295364444e-07,6.450709737575108037e-07,7.808767410236849720e-07,8.950260921237298082e-07,9.912761056139319937e-07,1.072699331346371385e-06,1.141597387626268159e-06,1.199766580829883108e-06,1.248672279398668900e-06,1.289545386630169002e-06,1.323437803327890181e-06,1.351257407287641015e-06,1.373792308432534545e-06,1.391729002068060277e-06,1.405666715731270657e-06,1.416129169047089862e-06,1.423574444575518927e-06,1.428403400496777840e-06,1.430966911006217301e-06,1.431572136941782178e-06,1.430487978389991033e-06,1.427949828223533301e-06,1.424163723085431393e-06,1.419309972116802111e-06,1.413546331415047977e-06,1.407011582534674638e-06,1.399831106493854193e-06,1.392119728963358490e-06,1.383983594658647734e-06,1.375521891833893456e-06,1.366828430730784650e-06,1.357993075380386122e-06,1.349103023723156481e-06,1.340243927974295512e-06,1.331500845776984460e-06,1.322959012522132124e-06,1.314704425396223746e-06,1.306824229088703447e-06,1.299406890321379978e-06,1.292542142093800951e-06,1.286320667561372969e-06,1.280833477018529350e-06,1.276170909732074893e-06,1.272421167285510143e-06,1.269668261557571142e-06,1.267989248124009580e-06,1.267450631379348678e-06,1.268103896758382827e-06,1.269980283315013527e-06,1.273085196534358799e-06,1.277393105303926346e-06,1.282844349920016341e-06,1.289345879151235583e-06,1.296778195662986888e-06,1.305010073444292297e-06,1.313919931447704998e-06,1.323416984541200577e-06,1.333445906552857866e-06,1.343947257214476541e-06,1.354737978039078120e-06,1.365282416251413602e-06,1.374355833875408873e-06,1.379660104014404021e-06
1.376183669279126367e-06,1.361309946163515761e-06,1.334765924092104210e-06,1.298741817615427162e-06,1.256046118550359579e-06,1.209463097405975364e-06,1.161360481915145318e-06,1.113554352108698706e-06,1.067334744899696552e-06,1.023555346517990128e-06,9.827305654920835234e-07,9.451181398718890308e-07,9.107840828707434023e-07,8.796532968990567684e-07,8.515498144484491917e-07,8.262294221701360190e-07,8.034062052731336786e-07,7.827738151674806839e-07,7.640219707550112689e-07,7.468486698459993916e-07,7.309686507233071225e-07,7.161187066697288350e-07,7.020604762364685247e-07,6.885813034496147276e-07,6.754936971651740051e-07,6.626338345500348563e-07,6.498594653532719671e-07,6.370474917246501408e-07,6.240914285168637567e-07,6.108988932001069335e-07,5.973892322192606172e-07,5.834913600716438491e-07,5.691418664126500125e-07,5.542834331106435431e-07,5.388635958985880446e-07,5.228338834044655189e-07,5.061493701829952813e-07,4.887686915415059578e-07,4.706545899635310194e-07,4.517751021922691270e-07,4.321055636819425411e-07,4.116317223531439047e-07,3.903530130619374006e-07,3.682827178969325272e-07,3.454530592634814488e-07,3.219248583017152072e-07,2.978027534321339889e-07,2.732597055533059971e-07,2.485771924328543746e-07,2.242117043878039312e-07,2.009029602036947177e-07,1.798366011026983569e-07,1.628314088536063283e-07,1.523654187433762670e-07,1.510228041448890277e-07,1.602537109263240790e-07,1.795654266824964965e-07,2.071423836529719047e-07,2.409474507182499104e-07,2.791832822348498205e-07,3.199789352313027662e-07,3.598276396488579675e-07,3.970379901765143886e-07,4.305223224904160610e-07,4.594712351259067931e-07,4.832507444256075217e-07,5.013614508985105307e-07,5.134163202839832994e-07,5.191243947585634365e-07,5.182786598613003293e-07,5.107511387807042750e-07,4.964953499524988148e-07,4.755552868642331730e-07,4.480819962186352581e-07,4.143627885732571431e-07,3.748745307781582523e-07,3.303849451503121002e-07,2.821598870999128768e-07,2.324433424558491593e-07,1.856620320227052959e-07,1.510814454173804356e-07,1.438094227866016295e-07,1.709050833091424526e-07,2.215420088858209040e-07,2.835852296678190577e-07,3.504032600933212540e-07,4.185318608020496747e-07,4.858715728636456793e-07,5.509316917870176623e-07,6.125189020215038593e-07,6.695998934419012670e-07,7.212363372318409301e-07,7.665524622930063013e-07,8.047203260510862910e-07,8.349596464485733955e-07,8.565536521086060250e-07,8.688782812700497143e-07,8.714304086490411263e-07,8.638448679081331505e-07,8.458961791617758091e-07,8.174848166515359284e-07,7.786096778590088300e-07,7.293294791911780322e-07,6.697180698273524816e-07,5.998257583711447536e-07,5.196804683421627267e-07,4.294329611702637823e-07,3.300150940862601720e-07,2.259538278848109019e-07,6.945007174443938625e-08,1.546856280103246303e-07,3.476126512394767102e-07,5.208852749470660659e-07,6.608820183383090758e-07,7.653123475068832618e-07,8.369573052329203122e-07,8.782838326445611869e-07,8.893471975728388558e-07,8.702264188035285483e-07,8.253150007868775695e-07,7.650278338526271130e-07,7.018719065579930685e-07,6.420247406502113059e-07,5.796861147316656405e-07,5.014174347195249570e-07,3.969583700073139630e-07,2.674609483082709032e-07,1.306500545737568839e-07,7.614694399681329881e-08,1.626913963382358644e-07,2.267833233578357988e-07,2.351158738981702999e-07,1.791755206576704684e-07,1.199448527174878330e-07,1.285924119870349993e-07,2.509065427379054750e-07,4.273942059408065599e-07,6.370437855485169482e-07,8.723366877687907016e-07,1.128147797169225010e-06,1.399925892711533130e-06,1.683300249822285393e-06,1.974000794256743511e-06,2.267874798421989887e-06,2.560936320398983381e-06,2.849416719001279407e-06,3.129791330457893918e-06,3.398761402420029588e-06,3.653183322163513232e-06,3.889966572744325435e-06,4.105992071509038728e-06,4.298063977543551698e-06,4.462890683902850147e-06,4.597100659622689871e-06,4.697318664077707493e-06,4.760335069303937473e-06,4.783363153055912938e-06,4.764296509243335838e-06,4.701906619037192593e-06,4.595961646278194965e-06,4.447272165678006997e-06,4.257678498153211793e-06,4.029994179513521892e-06,3.767916307513185424e-06,3.475909325896872248e-06,3.159065952608833847e-06,2.822948792564445466e-06,2.473420291145898804e-06,2.116478734360816260e-06,1.758134905867093903e-06,1.404387885654407962e-06,1.061404171703309989e-06,7.363258001860043467e-07,4.412280493834673839e-07,2.229819748184834001e-07,2.571208122436447355e-07,4.464404694357231448e-07,6.363826104773253828e-07,8.015919138236071634e-07,9.373988353680794632e-07,1.045080381477395860e-06,1.134078931038430932e-06,1.208366687010177008e-06,1.270355331771417051e-06,1.321847488923772108e-06,1.364312653866335406e-06,1.398990660661573040e-06,1.426943156331559511e-06,1.449085697114709142e-06,1.466210819703504489e-06,1.479006015894440803e-06,1.488068382095774720e-06,1.493916871656458903e-06,1.497002700114117862e-06,1.497718263849218444e-06,1.496404828022977380e-06,1.493359176984405282e-06,1.488839379835237226e-06,1.483069795838215601e-06,1.476245423796827472e-06,1.468535683675884173e-06,1.460087706016216112e-06,1.451030002419489624e-06,1.441478132481556403e-06,1.431537601697624699e-06,1.421305759108906713e-06,1.410873523010657476e-06,1.400326939239615834e-06,1.389748572001728392e-06,1.379218722998874199e-06,1.368816471932290897e-06,1.358620530436633350e-06,1.348709901647252097e-06,1.339164338060362369e-06,1.330064590021629900e-06,1.321492434880863071e-06,1.313530471419002951e-06,1.306261654651240345e-06,1.299768532120216653e-06,1.294132124898039879e-06,1.289430377053521753e-06,1.285736081552587932e-06,1.283114188188097488e-06,1.281618426345563680e-06,1.281287256410177246e-06,1.282139330336759041e-06,1.284168928357505574e-06,1.287342264357817997e-06,1.291596085879343586e-06,1.296840491431261576e-06,1.302968001311364151e-06,1.309870012339961974e-06,1.317458908835740412e-06,1.325688299027689803e-06,1.334554776696570841e-06,1.344054050470500698e-06,1.354057884298085072e-06,1.364085781190919932e-06,1.372975677678343363e-06,1.378509176375139513e-06
1.375781957369613527e-06,1.362221403682988591e-06,1.337254553216159723e-06,1.302860370083443624e-06,1.261696459706340028e-06,1.216467032874805430e-06,1.169514020232717451e-06,1.122658976008361605e-06,1.077211323923786339e-06,1.034048395532235137e-06,9.937082580833923024e-07,9.564708229044955615e-07,9.224223393353626695e-07,8.915058365312962841e-07,8.635612447728221650e-07,8.383579433552184075e-07,8.156213073509098386e-07,7.950540722289214172e-07,7.763530154661197081e-07,7.592214041102847510e-07,7.433777172657640056e-07,7.285612199889778106e-07,7.145349931020319874e-07,7.010870028748511144e-07,6.880297358837762760e-07,6.751988443782847552e-07,6.624511616007161720e-07,6.496623656887614114e-07,6.367245012251323795e-07,6.235435115034337290e-07,6.100368919254177734e-07,5.961315440428294476e-07,5.817618885477674280e-07,5.668682820696374983e-07,5.513957755402198797e-07,5.352932505132453815e-07,5.185129745917694478e-07,5.010106298627596654e-07,4.827458928459259602e-07,4.636836879889844602e-07,4.437963114603458919e-07,4.230667491022871711e-07,4.014922212859511104e-07,3.790845317967546618e-07,3.558756916218521704e-07,3.319285500221867734e-07,3.073536432958798210e-07,2.823364507841339869e-07,2.571822308519361763e-07,2.323901972021362387e-07,2.087735884400588963e-07,1.876371013652446273e-07,1.709701958712097765e-07,1.614387247581516876e-07,1.617374671430090336e-07,1.732968099823037270e-07,1.955844871065315779e-07,2.268613559932502624e-07,2.653330666652268134e-07,3.097452181462447864e-07,3.596981400020091101e-07,4.067094554980375343e-07,4.500109061512641977e-07,4.887595454003370806e-07,5.222079356110984205e-07,5.497333387550034778e-07,5.708373195551495864e-07,5.851355721572093037e-07,5.923411256176593105e-07,5.922461509452500534e-07,5.847162217608511174e-07,5.696954340136831618e-07,5.472181344159283885e-07,5.174270961631184774e-07,4.806043734898335251e-07,4.372293983957749716e-07,3.880890022386357660e-07,3.344832965714914419e-07,2.786723694968020925e-07,2.249564242994599180e-07,1.821183340447768985e-07,1.655737800954136494e-07,1.868095743544676512e-07,2.377679259281347981e-07,3.042053581592071927e-07,3.773916411423028488e-07,4.527742492481344952e-07,5.277118050019663752e-07,6.004187757717270884e-07,6.695167793753164787e-07,7.338376527291820418e-07,7.923311811362357710e-07,8.440165979057273017e-07,8.879551695580043584e-07,9.232419978831809173e-07,9.490274757247456039e-07,9.645726840997638146e-07,9.693007281647301979e-07,9.628275404960016057e-07,9.449700719275764798e-07,9.157357413095531952e-07,8.752985317071227725e-07,8.239671969728399768e-07,7.621518537391297680e-07,6.903387459151192819e-07,6.090919519035275499e-07,5.191199705078214009e-07,4.214850191457117242e-07,3.181958873972616151e-07,2.159131238436203362e-07,1.936761616354499354e-07,2.905016922212119292e-07,4.233789511955244035e-07,5.501871518975640944e-07,6.583026784419520252e-07,7.433828770108142655e-07,8.030193671174461277e-07,8.350248315711953149e-07,8.382307873178338190e-07,8.140863533101184669e-07,7.672884257511034894e-07,7.045864843446114262e-07,6.324334911060859172e-07,5.555135473273922416e-07,4.782228237807466105e-07,4.091464851904630233e-07,3.643549337998441108e-07,3.589373169161556679e-07,3.867758353437548806e-07,4.213181681885840392e-07,4.359023258881180642e-07,4.134209341165948317e-07,3.474703702756651714e-07,2.479553349037770275e-07,1.295180369991194404e-07,1.315309749706461033e-07,3.145288334284825748e-07,5.472402089701589093e-07,8.095593371710623617e-07,1.094852426379836995e-06,1.397974854383536991e-06,1.714040370436856534e-06,2.038249304903676946e-06,2.365923728899001988e-06,2.692598580752749916e-06,3.014116966572052594e-06,3.326690321971528783e-06,3.626881466072983171e-06,3.911479256276919506e-06,4.177294688969432607e-06,4.421028843901885340e-06,4.639205490454143273e-06,4.828127289928968755e-06,4.983850115656001008e-06,5.102227724657241899e-06,5.179128802083238110e-06,5.210871781602007037e-06,5.194628941469770453e-06,5.128700154403063218e-06,5.012651614383227684e-06,4.847349314486820439e-06,4.634920682601421914e-06,4.378669555844141911e-06,4.082959393629692865e-06,3.753071020998080121e-06,3.395035309668505688e-06,3.015439261971232515e-06,2.621209083947264910e-06,2.219391381770049355e-06,1.816991848366781572e-06,1.421001259089212097e-06,1.038792725699611189e-06,6.798372045631113153e-07,3.658826740136742385e-07,2.173887580794255227e-07,3.836002922959690027e-07,6.118949596446106524e-07,8.188528286830128439e-07,9.908431489401021032e-07,1.123614372860084208e-06,1.214677389935313712e-06,1.292114858101633989e-06,1.356672186097241262e-06,1.409841195263801500e-06,1.453120088867773111e-06,1.487861751010413247e-06,1.515254219216269717e-06,1.536331533351995072e-06,1.551990725074131528e-06,1.563008842752911916e-06,1.570058482330820329e-06,1.573721537816685824e-06,1.574501238006402684e-06,1.572832631228256636e-06,1.569091695923110043e-06,1.563603246136327062e-06,1.556647785169426777e-06,1.548467443636373561e-06,1.539271121967893731e-06,1.529238942609959570e-06,1.518526103888599903e-06,1.507266215712932495e-06,1.495575001337170121e-06,1.483556000671030433e-06,1.471303478755218298e-06,1.458904311344548216e-06,1.446439680531844554e-06,1.433986585166804178e-06,1.421619166256640540e-06,1.409409843641619019e-06,1.397430257971152198e-06,1.385752011380692625e-06,1.374447200754906080e-06,1.363588738211819195e-06,1.353250453444720011e-06,1.343506970762329876e-06,1.334433349120566502e-06,1.326104465479652411e-06,1.318594110372104099e-06,1.311973750598686446e-06,1.306310900203562807e-06,1.301667032839366044e-06,1.298094976050187440e-06,1.295635766414405860e-06,1.294315036361274750e-06,1.294139177175850762e-06,1.295091806087365544e-06,1.297131468401089000e-06,1.300191984971849176e-06,1.304187254054560858e-06,1.309022283004477973e-06,1.314611139493169627e-06,1.320899501403718474e-06,1.327883689163866614e-06,1.335609378244265350e-06,1.344123616762184263e-06,1.353348905755059652e-06,1.362856738423485016e-06,1.371546822489024237e-06,1.377282778107200199e-06
1.375272539779430829e-06,1.362999603677346895e-06,1.339601601605607212e-06,1.306846418787561873e-06,1.267236649369725624e-06,1.223391157953771394e-06,1.177621946784598305e-06,1.131753685970503596e-06,1.087114165351117357e-06,1.044604017878115017e-06,1.004784824191219492e-06,9.679584956827530115e-07,9.342312682349285210e-07,9.035640089367732355e-07,8.758122761815539978e-07,8.507588384518575041e-07,8.281402487912521772e-07,8.076683112756206495e-07,7.890469332727238367e-07,7.719847915112119884e-07,7.562042952638288174e-07,7.414474004313205095e-07,7.274788627518874315e-07,7.140875045809267032e-07,7.010860165841575828e-07,6.883097395381609075e-07,6.756147878080109864e-07,6.628757963473426026e-07,6.499835038354273278e-07,6.368423284882138076e-07,6.233680501687363448e-07,6.094856812435245034e-07,5.951275872238643935e-07,5.802319047291864971e-07,5.647412973557389682e-07,5.486020890678769685e-07,5.317638202798024897e-07,5.141792858812343538e-07,4.958051412752104215e-07,4.766032096341826864e-07,4.565427042500761004e-07,4.356037168805438897e-07,4.137809822815688978e-07,3.910843507593563905e-07,3.675448272676824831e-07,3.432259779268986267e-07,3.182420717018437887e-07,2.927874972272175306e-07,2.671851937192843698e-07,2.419666644080298104e-07,2.180008472048444316e-07,1.966822660653017926e-07,1.801293863504070302e-07,1.711573229266557437e-07,1.725810717517261184e-07,1.858975170615124951e-07,2.106338279464953012e-07,2.451543394207692926e-07,2.878305405375507762e-07,3.376395500054129178e-07,3.943471599088883737e-07,4.475120899364057982e-07,4.962584450722327947e-07,5.397617484401916393e-07,5.772878053419260067e-07,6.082210729540388846e-07,6.320761198698947202e-07,6.484925041504900504e-07,6.572108139085067649e-07,6.580343401508663524e-07,6.508242829690647413e-07,6.355124963614900567e-07,6.121180185120305313e-07,5.807649784461569487e-07,5.417102955497125338e-07,4.954044815374392334e-07,4.426224342311692315e-07,3.846714907785352668e-07,3.238051382254172033e-07,2.641837715975420345e-07,2.140567136443006539e-07,1.884316945266645505e-07,2.019805066516045216e-07,2.507237595663056763e-07,3.194190838253528673e-07,3.971869183961489602e-07,4.782325316083600112e-07,5.593089580483432166e-07,6.383310987192904643e-07,7.137473175626754674e-07,7.842719906398835094e-07,8.487650515309779457e-07,9.061645682297009452e-07,9.554372140193223995e-07,9.955460101421156871e-07,1.025469470616882627e-06,1.044317957854113214e-06,1.051422210392372022e-06,1.046378681715479529e-06,1.029060058226765096e-06,9.996033967705204228e-07,9.583869632576913933e-07,9.060048153487512935e-07,8.432481392773683065e-07,7.711064770783615652e-07,6.908151749246885091e-07,6.040147340356477394e-07,5.132185987464016568e-07,4.232676247495149056e-07,3.461070913829377219e-07,3.124826980036731015e-07,3.460286017105623237e-07,4.285514854355632901e-07,5.284743945401654814e-07,6.265372680912066417e-07,7.128845374539756811e-07,7.818072108855467692e-07,8.295611090151426439e-07,8.541673450102367461e-07,8.559398449935917131e-07,8.378023764501419891e-07,8.049888971443261354e-07,7.643057738422603521e-07,7.234072973953835772e-07,6.901756702363076004e-07,6.714852020355362602e-07,6.705853721681293351e-07,6.842495084542061363e-07,7.025079159584785172e-07,7.116801634872049204e-07,6.984386205807507458e-07,6.527979562461860159e-07,5.697415994839614282e-07,4.498905053502924268e-07,2.957555280692051063e-07,1.260712112983477570e-07,1.728704781941699937e-07,4.177637697083468833e-07,7.028442803199345882e-07,1.013762146932654263e-06,1.344215728293613030e-06,1.688710406358977092e-06,2.041897946892913599e-06,2.398571959568507579e-06,2.753799849548230201e-06,3.103084284866295899e-06,3.442491645894912062e-06,3.768665745586293925e-06,4.078620597501563226e-06,4.369289517212906621e-06,4.637353321516141466e-06,4.879196562350784122e-06,5.090845577233776095e-06,5.267849737090887579e-06,5.405191278063500637e-06,5.497498555156846189e-06,5.539894673016857380e-06,5.528636545048253561e-06,5.461461833581229001e-06,5.337713986840478040e-06,5.158329207628245167e-06,4.925748439180297072e-06,4.643791601334100961e-06,4.317511142199247276e-06,3.953028243387892975e-06,3.557345315133452549e-06,3.138122318431384493e-06,2.703407006209095196e-06,2.261331612595691760e-06,1.819858048721321404e-06,1.386918721139784418e-06,9.712423446737240635e-07,5.861454967419890675e-07,2.795959261631015217e-07,2.944691248487640322e-07,5.469071708170527153e-07,8.005181317813787029e-07,1.019079069733584426e-06,1.193905201061267836e-06,1.321193857747748618e-06,1.398620293238832868e-06,1.463483862954263248e-06,1.516666675070147613e-06,1.559425708212708955e-06,1.593080038109896438e-06,1.618871764431400587e-06,1.637918698727128320e-06,1.651205865814085228e-06,1.659592060005436213e-06,1.663821615871306596e-06,1.664537381585107785e-06,1.662293277163955529e-06,1.657565820501795358e-06,1.650764432859201717e-06,1.642240521727586112e-06,1.632295418239798972e-06,1.621187276609628080e-06,1.609137050462693773e-06,1.596333657547414821e-06,1.582938436110339385e-06,1.569088986150310024e-06,1.554902478335666050e-06,1.540479322194402389e-06,1.525908845593422894e-06,1.511272168497543006e-06,1.496644038560238044e-06,1.482094463276699931e-06,1.467690143219373564e-06,1.453495706378814760e-06,1.439574740119700586e-06,1.425990615463668092e-06,1.412807098222897532e-06,1.400088742357536394e-06,1.387901061993474585e-06,1.376310478889176179e-06,1.365384040877966596e-06,1.355188903195276079e-06,1.345791558245385838e-06,1.337256790529579875e-06,1.329646323488952681e-06,1.323017116988507479e-06,1.317419273834381885e-06,1.312893530702488885e-06,1.309468357934424944e-06,1.307156794344328982e-06,1.305953322060034887e-06,1.305831363990219428e-06,1.306742363448876596e-06,1.308617826776454698e-06,1.311376007924693112e-06,1.314934735177182147e-06,1.319230625628069033e-06,1.324241796830454774e-06,1.330005443820219401e-06,1.336613408268558549e-06,1.344160324959704474e-06,1.352615558716554594e-06,1.361599734757859970e-06,1.370073664932673896e-06,1.375985232737903807e-06
1.374659290043512580e-06,1.363646980749515647e-06,1.341807453001494637e-06,1.310698347761626234e-06,1.272663586242388590e-06,1.230231500256798169e-06,1.185679891611048657e-06,1.140833991926589780e-06,1.097038792142848236e-06,1.055217813670218211e-06,1.015955992369603587e-06,9.795770812255516258e-07,9.462070734104924658e-07,9.158243993117420857e-07,8.882999801559716546e-07,8.634297658923743472e-07,8.409613658040893391e-07,8.206156250145394898e-07,8.021036403875498514e-07,7.851396292149164842e-07,7.694501137827304254e-07,7.547799567406482416e-07,7.408958214358994121e-07,7.275876230892222409e-07,7.146684882695544191e-07,7.019736673191722777e-07,6.893587628137130360e-07,6.766975584786352901e-07,6.638796641505669207e-07,6.508081363089821116e-07,6.373971906281495761e-07,6.235700916141687443e-07,6.092572828224423943e-07,5.943948075912980149e-07,5.789230633685085580e-07,5.627859320479625384e-07,5.459303348874328846e-07,5.283062757036140542e-07,5.098674645649756456e-07,4.905726641151088728e-07,4.703879858363565883e-07,4.492905079685629130e-07,4.272721973414232209e-07,4.043404238447795538e-07,3.805242687131936875e-07,3.558864549371216712e-07,3.305423495119023945e-07,3.046907850804304894e-07,2.786647548268330860e-07,2.530149640448390866e-07,2.286438527685503799e-07,2.070001511583715824e-07,1.902827478229734721e-07,1.814148496162807064e-07,1.833454890078916525e-07,1.977248491178153878e-07,2.242254666356713410e-07,2.613211946420980408e-07,3.074632659952961784e-07,3.616816266167625032e-07,4.236954907808684117e-07,4.819304099312793500e-07,5.353032136976017149e-07,5.829056324329221992e-07,6.239670994683727510e-07,6.578631214385452021e-07,6.841280476344280299e-07,7.024530647552425717e-07,7.126494276327852854e-07,7.145425346824581762e-07,7.079841940821145347e-07,6.928871588601446665e-07,6.692505476757290699e-07,6.371733170825160398e-07,5.968649935254255676e-07,5.486933438228898898e-07,4.933785293125492803e-07,4.322044777120736591e-07,3.673941665135305929e-07,3.029501180004959916e-07,2.465548713424226329e-07,2.123481032410903721e-07,2.168586014272509939e-07,2.608167187533678139e-07,3.294031814288130465e-07,4.097388227264006623e-07,4.946379000152388041e-07,5.801780100260222604e-07,6.639886699036978577e-07,7.443568762259237773e-07,8.198931185894978732e-07,8.893931370357292222e-07,9.517524249501841308e-07,1.005880471151979912e-06,1.050603490520085540e-06,1.084630890253315570e-06,1.106852060586186712e-06,1.116473685985092083e-06,1.113069368837693811e-06,1.096579610052489313e-06,1.067288384201085342e-06,1.025794042357281012e-06,9.729863945189815615e-07,9.100409306181870915e-07,8.384463344150228869e-07,7.600964993915762799e-07,6.775158409225831431e-07,5.943767232471753613e-07,5.166314784864531417e-07,4.545276856833557954e-07,4.239024601612533753e-07,4.367177089200659871e-07,4.890725477918879782e-07,5.654556098253270288e-07,6.507342880735346836e-07,7.342747844787868686e-07,8.090865290910123761e-07,8.706247888827205638e-07,9.163909826781680660e-07,9.460067329017406770e-07,9.612738129107925998e-07,9.659208560069564611e-07,9.649659846539176224e-07,9.637531649689338264e-07,9.667453735544732153e-07,9.762180977325248608e-07,9.911954473414527813e-07,1.007117842426587380e-06,1.016499198739117753e-06,1.010290964841821715e-06,9.796842932956865001e-07,9.176507948826736947e-07,8.198705224029908368e-07,6.848400703015142675e-07,5.128078111698792846e-07,3.071484000942170765e-07,1.045781195617179657e-07,2.542367287620772580e-07,5.541144489800804540e-07,8.859469081559197827e-07,1.239253977327222125e-06,1.607563776038710851e-06,1.984872164588520265e-06,2.365377329233021802e-06,2.743625215926031440e-06,3.114762285641799938e-06,3.474799977046076034e-06,3.820761090830537833e-06,4.150417610759319545e-06,4.461081985197620121e-06,4.749551112363852240e-06,5.012233460248241522e-06,5.245109226286602266e-06,5.443436412272209918e-06,5.601253484375596734e-06,5.711250868610480286e-06,5.766854497515948316e-06,5.763164429853885203e-06,5.697295047468614197e-06,5.568399115467046541e-06,5.377545631061753580e-06,5.127547589212266644e-06,4.822782287481282878e-06,4.469016619717991020e-06,4.073233927387374594e-06,3.643446555662069461e-06,3.188464200863469827e-06,2.717580028975074268e-06,2.240146965050576715e-06,1.765011000728409293e-06,1.300963642824497795e-06,8.584703751942256283e-07,4.590779039589510089e-07,2.356038163247412262e-07,4.439464876034678458e-07,7.418831761880474584e-07,1.012550426293420691e-06,1.238343889751265637e-06,1.412784664246508723e-06,1.532495753894215956e-06,1.595733342416620840e-06,1.646926646645922074e-06,1.687351002935458806e-06,1.718302041020752750e-06,1.741038662395554429e-06,1.756728590984593853e-06,1.766421688533928958e-06,1.771043694914028768e-06,1.771401093751832520e-06,1.768191057524297859e-06,1.762013156742169527e-06,1.753381155541838455e-06,1.742734103217861106e-06,1.730446393422562323e-06,1.716836698406279088e-06,1.702175802530935370e-06,1.686693413889844127e-06,1.670584054785409722e-06,1.654012136692580028e-06,1.637116321555364967e-06,1.620013263375774193e-06,1.602800814536983863e-06,1.585561592864930458e-06,1.568368574673825956e-06,1.551287886384759182e-06,1.534380550445621323e-06,1.517704019297442566e-06,1.501313501172767705e-06,1.485263077150818443e-06,1.469606605827660677e-06,1.454398410684504215e-06,1.439693745527595252e-06,1.425549034616529812e-06,1.412021885501066439e-06,1.399170873315660372e-06,1.387055094586175359e-06,1.375733485960400301e-06,1.365263898577870430e-06,1.355701912636874488e-06,1.347099370797390917e-06,1.339502606781374951e-06,1.332950352819615220e-06,1.327471335886554962e-06,1.323081631831647706e-06,1.319781956961156268e-06,1.317555258948499028e-06,1.316365238167038403e-06,1.316156778115113379e-06,1.316859623598567700e-06,1.318396841162175286e-06,1.320699275196419666e-06,1.323725802112496273e-06,1.327485950036917782e-06,1.332055809261040330e-06,1.337570417200539983e-06,1.344168325121374485e-06,1.351862121769121852e-06,1.360319019937820462e-06,1.368560491587123059e-06,1.374620863287501528e-06
1.373946202228370437e-06,1.364166183552336887e-06,1.343872740335584040e-06,1.314414760792540602e-06,1.277974323093833052e-06,1.236984177837226702e-06,1.193683535686244274e-06,1.149895440797013715e-06,1.106980765374124870e-06,1.065885424108159643e-06,1.027217526483948815e-06,9.913225171566947264e-07,9.583459355436482712e-07,9.282835156750990136e-07,9.010212832658345667e-07,8.763681610359585648e-07,8.540826862719478534e-07,8.338947084084103192e-07,8.155225639870626004e-07,7.986861337505986319e-07,7.831162302180327094e-07,7.685608358070406632e-07,7.547887540207258681e-07,7.415912321192601025e-07,7.287820690518938767e-07,7.161966524345891521e-07,7.036902886069274385e-07,6.911361121464934597e-07,6.784227928317940034e-07,6.654522020853114249e-07,6.521371577789011891e-07,6.383993347605709129e-07,6.241674067648088356e-07,6.093754717436878372e-07,5.939618058355018535e-07,5.778679907147775804e-07,5.610384656152877937e-07,5.434205711344526482e-07,5.249651815833352432e-07,5.056280743580137848e-07,4.853722728176613858e-07,4.641717480023672400e-07,4.420154272168345234e-07,4.189076575331914192e-07,3.948746166591481262e-07,3.699764800654673597e-07,3.443267911487792391e-07,3.181238307830887516e-07,2.917020817513817812e-07,2.656167743257615290e-07,2.407791076219381297e-07,2.186526843051934199e-07,2.014635119453288010e-07,1.921962733500790549e-07,1.939413240511784057e-07,2.085835399387791675e-07,2.360290019369486767e-07,2.748796948551368676e-07,3.236135208769815253e-07,3.812285308069860709e-07,4.473574195869729327e-07,5.096166775000652725e-07,5.667379211511948851e-07,6.176979224913681653e-07,6.616581761248300623e-07,6.979668559805406616e-07,7.261806671550315858e-07,7.460812168428131201e-07,7.576590227919599988e-07,7.607551373582143420e-07,7.551858197246388059e-07,7.408298059068417099e-07,7.176667246353002486e-07,6.857810947964531045e-07,6.453260638897860696e-07,5.964685383563133401e-07,5.398184549016948711e-07,4.766085404820110092e-07,4.090141695176970776e-07,3.408688498706054653e-07,2.792786641152459472e-07,2.372490568019131172e-07,2.319341952680400393e-07,2.686740342742190868e-07,3.346074399267594246e-07,4.152818843852544092e-07,5.019956006548364555e-07,5.900709427732146793e-07,6.769425344259273999e-07,7.607279016678352583e-07,8.399246724097064750e-07,9.132879333727529028e-07,9.797347412572007518e-07,1.038214704078766276e-06,1.087465142993865410e-06,1.125654005072642810e-06,1.151335386529220604e-06,1.163558283245164518e-06,1.161880403536894380e-06,1.146331276624018587e-06,1.117360837983494415e-06,1.075795391319977331e-06,1.022811790682516034e-06,9.599397088936410985e-07,8.891082022518729641e-07,8.127648118372489904e-07,7.341135266473994903e-07,6.575406391177982341e-07,5.892693385218320801e-07,5.375462295547796060e-07,5.121368367899151227e-07,5.198877177586267509e-07,5.597787258270090166e-07,6.237487487051161452e-07,7.017098124145043685e-07,7.847372012206791173e-07,8.662009961309334801e-07,9.414995351042755931e-07,1.007830027392801455e-06,1.064110046133798938e-06,1.110866353971704603e-06,1.149920850427175897e-06,1.183812967479029028e-06,1.215012600140784268e-06,1.245067476846298273e-06,1.273885042008106683e-06,1.299348894915364269e-06,1.317388556484174484e-06,1.322480653964339659e-06,1.307950503070709180e-06,1.267199635224763545e-06,1.194724148739664857e-06,1.086715513987577056e-06,9.411595270460849680e-07,7.574757994739600764e-07,5.365830882559975330e-07,2.841599310352978077e-07,1.017424482392779494e-07,3.680848455385676325e-07,7.142303486409494628e-07,1.085437878404449328e-06,1.472721904587330680e-06,1.869135184963047841e-06,2.268122453237511812e-06,2.663550924500100602e-06,3.050059770486037453e-06,3.423560718197164014e-06,3.781796141285726898e-06,4.124564479934038343e-06,4.449687245773773215e-06,4.754039374223598518e-06,5.034193460049886436e-06,5.286490128402182989e-06,5.506526458133155880e-06,5.687693159555754459e-06,5.818864662893370967e-06,5.891016029166125635e-06,5.897888244329680493e-06,5.836029864899670563e-06,5.704549572847376856e-06,5.504792338472445496e-06,5.240045413550975561e-06,4.915297725071693167e-06,4.537046051380650049e-06,4.113134844472110153e-06,3.652607473264314812e-06,3.165519141420104089e-06,2.662635974402064496e-06,2.154997361903754690e-06,1.652111218019743980e-06,1.163484260653569174e-06,7.024296596593935016e-07,3.153010471018656221e-07,3.183240585405851727e-07,6.420141837381259471e-07,9.656334786726159613e-07,1.247577803050863881e-06,1.476914071729539424e-06,1.648084935984584143e-06,1.758000582586803183e-06,1.805401602764830935e-06,1.841477752558798694e-06,1.867742652295551877e-06,1.885559548752773221e-06,1.896166418829900536e-06,1.900674699928125643e-06,1.900067499626431660e-06,1.895203310155295040e-06,1.886824401447381396e-06,1.875567800383487780e-06,1.861977153387556904e-06,1.846514396224904129e-06,1.829570645790323616e-06,1.811476047141325514e-06,1.792508497380535271e-06,1.772901271867945613e-06,1.752849630848283814e-06,1.732516507275040055e-06,1.712037382452148042e-06,1.691524452867997646e-06,1.671070183816689391e-06,1.650750335711955841e-06,1.630627360930863629e-06,1.610755846590444034e-06,1.591185175447597849e-06,1.571961141603899457e-06,1.553127351041652644e-06,1.534726409508353046e-06,1.516800896099888158e-06,1.499394118334329242e-06,1.482550643809321347e-06,1.466316604346460966e-06,1.450739770196870990e-06,1.435869393654103539e-06,1.421755822556121949e-06,1.408449884064739620e-06,1.396002037482601188e-06,1.384461291876053482e-06,1.373873880833028739e-06,1.364281684840642142e-06,1.355720395215718509e-06,1.348217428308350247e-06,1.341789633992299301e-06,1.336440911111805269e-06,1.332159960711044083e-06,1.328918591998464110e-06,1.326671254548163146e-06,1.325356785641368572e-06,1.324903657729244588e-06,1.325240103755114550e-06,1.326310038749865882e-06,1.328094141708295160e-06,1.330632155069798777e-06,1.334036958610431952e-06,1.338483782051408772e-06,1.344151529888827264e-06,1.351092626393322721e-06,1.359018643481140975e-06,1.367011476569224051e-06,1.373193986347783717e-06
1.373137381088167026e-06,1.364560068387231719e-06,1.345798347593095573e-06,1.317994490723875250e-06,1.283166078605535207e-06,1.243645408689879339e-06,1.201628615809019167e-06,1.158933617082273482e-06,1.116935682207702327e-06,1.076602528714130570e-06,1.038565223580451189e-06,1.003190754806299881e-06,9.706440123656135760e-07,9.409377895125612691e-07,9.139729672308297532e-07,8.895712344631487950e-07,8.675019250609182396e-07,8.475038498407176001e-07,8.293026281645615065e-07,8.126239207901471796e-07,7.972030030277255648e-07,7.827911875329322207e-07,7.691596501879231938e-07,7.561012112910099214e-07,7.434305824636651214e-07,7.309835219420027170e-07,7.186152627122242429e-07,7.061985012264206676e-07,6.936211665292891117e-07,6.807841338523624216e-07,6.675990035958112922e-07,6.539860350233783857e-07,6.398723022045215158e-07,6.251901260374792316e-07,6.098758293426700008e-07,5.938688615995068989e-07,5.771113466149712477e-07,5.595481225437744739e-07,5.411273738422956792e-07,5.218020071995607523e-07,5.015320125344014090e-07,4.802882003096898072e-07,4.580562224537087184e-07,4.348368878824708255e-07,4.106525014695983029e-07,3.855589679767273278e-07,3.596650191091123236e-07,3.331632504302512695e-07,3.063808370795535329e-07,2.798625181750599996e-07,2.545030647013555688e-07,2.317409023648666672e-07,2.137736037085768704e-07,2.035928071407374657e-07,2.044205441281159714e-07,2.184442280442800770e-07,2.459015188257222856e-07,2.855693364131333408e-07,3.359331823483499424e-07,3.959140564627983665e-07,4.650348780503573683e-07,5.302994905938061810e-07,5.902737764741328764e-07,6.438064685392381595e-07,6.899637782619175812e-07,7.280377755581441832e-07,7.575899491072970746e-07,7.785069064851174748e-07,7.913138558076938961e-07,7.957484977458631360e-07,7.915141139159598455e-07,7.784286545579538412e-07,7.564624274877473541e-07,7.257424998840801548e-07,6.864585283030360172e-07,6.382250143527432548e-07,5.815090860282980906e-07,5.174848605683733480e-07,4.482802512663112335e-07,3.775637016413755505e-07,3.118812114019216959e-07,2.629892437770933918e-07,2.476652812671057268e-07,2.751104140404902389e-07,3.357774302400478148e-07,4.143866103121455955e-07,5.006385222456042973e-07,5.889475368911269927e-07,6.769628133143905009e-07,7.624900872316145338e-07,8.438397550810724638e-07,9.197335198784163627e-07,9.892024303369125601e-07,1.051471660978545947e-06,1.105558971130747563e-06,1.148172697078139458e-06,1.177453795225202503e-06,1.192298959037200984e-06,1.192293491174752640e-06,1.177602318767958929e-06,1.148870951143544237e-06,1.107159242686433726e-06,1.053908822082154156e-06,9.909481599582439345e-07,9.205504537246876902e-07,8.455702108003855075e-07,7.696799929066772667e-07,6.977003746669762825e-07,6.363329610404798918e-07,5.921725681947637245e-07,5.719715074865744433e-07,5.802376179477804732e-07,6.167903643429621081e-07,6.770557562738699580e-07,7.544489488160959471e-07,8.413349424914025752e-07,9.318843781636675209e-07,1.021759698106057447e-06,1.107997292385729215e-06,1.188868856467504228e-06,1.263701213542119853e-06,1.332583416771970306e-06,1.395935711374693810e-06,1.453991565971617277e-06,1.506305394540675914e-06,1.551419144421088106e-06,1.586778429727788698e-06,1.608897539404722752e-06,1.614184481144348464e-06,1.597139016023313732e-06,1.552282301102204275e-06,1.474967992503701907e-06,1.361804382479162560e-06,1.210775625141299182e-06,1.021039427534091783e-06,7.920948216244211073e-07,5.261803504422196127e-07,2.337912248134864431e-07,1.627194282092697932e-07,5.035539989703912554e-07,8.868072956089368754e-07,1.288107479278383226e-06,1.698673826390123747e-06,2.110896861322910484e-06,2.517666434060710715e-06,2.912722183656351196e-06,3.291415427216203151e-06,3.652037939836622931e-06,4.000449049856877379e-06,4.334007920737342459e-06,4.649109836694936944e-06,4.942516709548458124e-06,5.211543562186005301e-06,5.453712883205965609e-06,5.664263239849700548e-06,5.821948849360151385e-06,5.914882416841430312e-06,5.935580385357746770e-06,5.880370366588518416e-06,5.748666528676588144e-06,5.542347100401969262e-06,5.265323556989313853e-06,4.923252995697185832e-06,4.523344786187666927e-06,4.074242193157869101e-06,3.585970952491517266e-06,3.069889121497782056e-06,2.538462360015525868e-06,2.006158494497358214e-06,1.482177405353744317e-06,9.765355010279893765e-07,5.092948315938656299e-07,2.314775248315271592e-07,5.051751952145454664e-07,8.759783383384385182e-07,1.215328186088895686e-06,1.504305005425800062e-06,1.734099471840632909e-06,1.899390996192563123e-06,1.997255341661053330e-06,2.026822461144095412e-06,2.046131077308933835e-06,2.056786471526566601e-06,2.060174457030129570e-06,2.057501998543277234e-06,2.049819349616325354e-06,2.038035080775807638e-06,2.022929491474092470e-06,2.005168012071105335e-06,1.985314571445020409e-06,1.963844484210318864e-06,1.941156456035076225e-06,1.917583465531935968e-06,1.893402428631230201e-06,1.868842654849389753e-06,1.844093167043173843e-06,1.819308988030984345e-06,1.794616509366924933e-06,1.770118057467646854e-06,1.745895765565072064e-06,1.722014849996772874e-06,1.698526378219011056e-06,1.675470425800905929e-06,1.652881304958656676e-06,1.630790045981439405e-06,1.609225842220639082e-06,1.588217282264183545e-06,1.567793369964069426e-06,1.547984329071059343e-06,1.528822187243067532e-06,1.510341134126442214e-06,1.492577649584696928e-06,1.475570400284253132e-06,1.459359905019494555e-06,1.443987970732990386e-06,1.429496901728295145e-06,1.415928483995118821e-06,1.403322745314737538e-06,1.391716491118952173e-06,1.381141618305569661e-06,1.371623218330233658e-06,1.363177503017213989e-06,1.355809630485164375e-06,1.349511586107003609e-06,1.344260398269515411e-06,1.340017153093930607e-06,1.336727518101698510e-06,1.334324765677011862e-06,1.332736517427226027e-06,1.331896420373339769e-06,1.331761373314366815e-06,1.332333237756420019e-06,1.333680616118882371e-06,1.335950961329312739e-06,1.339356680460642587e-06,1.344113597192956073e-06,1.350310848866955141e-06,1.357702452352429593e-06,1.365430679381970877e-06,1.371708906019609284e-06
1.372237031839008727e-06,1.364831692021732347e-06,1.347585410707533011e-06,1.321436608144530062e-06,1.288236249248118289e-06,1.250211520731872231e-06,1.209510929963876660e-06,1.167944143510977293e-06,1.126899173281334824e-06,1.087364841288541564e-06,1.049994909853237636e-06,1.015177755938217233e-06,9.830974362039168014e-07,9.537835736653171680e-07,9.271516663268598456e-07,9.030359678967002063e-07,8.812164774005070130e-07,8.614409209272539738e-07,8.434422392151971473e-07,8.269519850267194202e-07,8.117100653901739528e-07,7.974713314957174206e-07,7.840095633325954213e-07,7.711193964609029909e-07,7.586166983660894786e-07,7.463378357562549237e-07,7.341381972030803370e-07,7.218902596442891005e-07,7.094814198655738466e-07,6.968117565674315217e-07,6.837918455826626152e-07,6.703407192102081335e-07,6.563840387773331359e-07,6.418525357557235674e-07,6.266807698250410943e-07,6.108062517846190673e-07,5.941689858650046605e-07,5.767115020529472119e-07,5.583794790779919521e-07,5.391231108603937586e-07,5.188994575049928474e-07,4.976761703004404393e-07,4.754354513248238376e-07,4.521741272958221743e-07,4.279097475506690961e-07,4.026923358986806369e-07,3.766229879908829937e-07,3.498837485984150102e-07,3.227861728923850810e-07,2.958504076804498756e-07,2.699312523969908141e-07,2.464042395019548554e-07,2.273837697391079289e-07,2.158055669978278216e-07,2.149881426677471261e-07,2.274630025048592022e-07,2.539047911814930406e-07,2.933482782132965181e-07,3.443021034119931045e-07,4.055854927906828362e-07,4.765850785145730389e-07,5.438501423385642323e-07,6.057870188328055558e-07,6.611016808749906097e-07,7.087287160379869612e-07,7.478522278865656639e-07,7.779797941901646962e-07,7.987838118663220220e-07,8.127308149707131385e-07,8.187113858804965705e-07,8.161803762385664930e-07,8.048706348829144313e-07,7.847526375527786970e-07,7.561077365982640874e-07,7.198329672787571901e-07,6.736519114924584414e-07,6.181731405748300598e-07,5.545431666668930057e-07,4.848697277330967347e-07,4.126805418873485563e-07,3.440020317808923453e-07,2.893406506100555726e-07,2.643968740027864750e-07,2.810594179242738350e-07,3.339632409521802899e-07,4.080368800993350520e-07,4.913811482866423869e-07,5.768086829276093633e-07,6.640022524905192479e-07,7.495490687407804916e-07,8.314089472042442572e-07,9.082504476778718686e-07,9.792753790589685652e-07,1.044358611519475149e-06,1.104898960203185456e-06,1.152479830099056347e-06,1.185546766277235730e-06,1.202933352020828562e-06,1.204366551634289359e-06,1.190236553078184303e-06,1.161430935913455254e-06,1.119249712170771088e-06,1.065368192142746462e-06,1.001839676441683655e-06,9.311551749072271301e-07,8.564000060111857989e-07,7.815195586014315728e-07,7.112158584670909141e-07,6.546841649392710240e-07,6.161350391816068951e-07,6.004920278539576468e-07,6.111477754092319433e-07,6.484131631444775692e-07,7.098412446101304001e-07,7.923438799509659566e-07,8.870096294745671798e-07,9.890340736383981585e-07,1.094358918693943712e-06,1.199956733661860335e-06,1.303603640962179846e-06,1.403665820409787022e-06,1.498866697556601612e-06,1.588003853429977409e-06,1.669646522737959517e-06,1.741894389744429810e-06,1.802302808130184207e-06,1.848020593983562569e-06,1.875564760332834135e-06,1.885212337668805289e-06,1.870818774599920474e-06,1.827286944042966519e-06,1.750453815001268302e-06,1.637267492368934521e-06,1.485984968950871078e-06,1.296541328597678929e-06,1.065565728433568842e-06,7.946554578207353083e-07,4.880306975438073253e-07,1.676089067018954452e-07,2.645446219025562141e-07,6.491733971648026707e-07,1.059314422227664431e-06,1.479387451621376255e-06,1.900096725139931225e-06,2.312907443120751235e-06,2.709987741232830928e-06,3.084898952668534630e-06,3.431889702200661932e-06,3.778776647695644257e-06,4.114991266001220432e-06,4.435218250395115708e-06,4.736312303399505764e-06,5.016983323438018690e-06,5.279239881808640684e-06,5.534502574461940780e-06,5.726159743942827812e-06,5.844750742373730174e-06,5.882370581540135660e-06,5.835954184116782484e-06,5.705860874524265142e-06,5.494881314379656561e-06,5.207730797311566603e-06,4.850772221713839691e-06,4.431849209464870064e-06,3.960223610540342322e-06,3.446695008381527849e-06,2.903881874559571937e-06,2.344836247960806270e-06,1.794712886945716198e-06,1.257619504128265202e-06,7.443993672257686402e-07,3.010296522826626745e-07,3.470808919702990691e-07,7.448137578082948287e-07,1.137877033476845833e-06,1.487517381424259954e-06,1.780639119006713658e-06,2.008458070333905113e-06,2.165562408045150744e-06,2.249190225218514179e-06,2.258857822055482543e-06,2.259685164689645028e-06,2.253274294982666869e-06,2.240978876002044148e-06,2.223944326712212900e-06,2.203139552617946993e-06,2.179381950817432750e-06,2.153358150483003193e-06,2.125642006943818047e-06,2.096710542469696386e-06,2.066958101339766747e-06,2.036708834074993316e-06,2.006227601332792064e-06,1.975729405964277378e-06,1.945387483526235372e-06,1.915340194357581748e-06,1.885696862722017717e-06,1.856542702876016331e-06,1.827942961255464279e-06,1.799946390789216650e-06,1.772588159406803360e-06,1.745892281222105738e-06,1.719874464477768035e-06,1.694547062841671731e-06,1.669921329446224226e-06,1.646008651662556937e-06,1.622821581178169344e-06,1.600374657552970672e-06,1.578685019839377034e-06,1.557772799506729461e-06,1.537661288535398177e-06,1.518376878535901783e-06,1.499948769388203898e-06,1.482408448505243433e-06,1.465788943869132913e-06,1.450123855197236835e-06,1.435446168098967993e-06,1.421786856596388121e-06,1.409173281439446783e-06,1.397627397923226879e-06,1.387163801607756846e-06,1.377787669597745029e-06,1.369492707276220080e-06,1.362259296141972262e-06,1.356053168951150635e-06,1.350825121624306074e-06,1.346512502688422827e-06,1.343043465472700193e-06,1.340345131490507702e-06,1.338356701383911250e-06,1.337047829872133959e-06,1.336440782048123064e-06,1.336631517952207462e-06,1.337799752966340160e-06,1.340192065760499014e-06,1.344057914352109462e-06,1.349520303435246838e-06,1.356374089396930622e-06,1.363822042972401329e-06,1.370169907724930210e-06
1.371249449622882632e-06,1.364984303778495464e-06,1.349235317468454149e-06,1.324740429374574285e-06,1.293182421094912832e-06,1.256678962216117380e-06,1.217326343171034512e-06,1.176922681807595852e-06,1.136866899583177065e-06,1.098168104639640792e-06,1.061502434727752561e-06,1.027279487077516342e-06,9.957023087985667379e-07,9.668171373617531753e-07,9.405538620158100503e-07,9.167591076239992739e-07,8.952234102222595663e-07,8.757033648980004683e-07,8.579392702297517747e-07,8.416686802011421825e-07,8.266362999273774276e-07,8.126007256552957569e-07,7.993385725390456971e-07,7.866465342159969419e-07,7.743418791479181287e-07,7.622618236435979671e-07,7.502621454554478638e-07,7.382153266947694456e-07,7.260084479323109062e-07,7.135410001708779883e-07,7.007227385157229151e-07,6.874716698281914607e-07,6.737122447655731034e-07,6.593738107285630657e-07,6.443893751567397653e-07,6.286947279140416656e-07,6.122279778684034733e-07,5.949295743912655196e-07,5.767429138021046723e-07,5.576156816209272323e-07,5.375021673310484954e-07,5.163669320743546157e-07,4.941886384733768987e-07,4.709597993959632218e-07,4.466924834414320070e-07,4.214294582483958281e-07,3.952617335293852095e-07,3.683565709159802077e-07,3.410027106042780491e-07,3.136836056239991549e-07,2.871939896134076918e-07,2.628139221387990490e-07,2.425244148949683959e-07,2.291368279683480005e-07,2.260012268133731938e-07,2.359924339109637604e-07,2.603205701257871397e-07,2.983996901943195347e-07,3.488192500615857028e-07,4.102932168820201951e-07,4.820459070861634546e-07,5.503157590591820218e-07,6.133496503383071006e-07,6.696932594348491656e-07,7.180977798099161171e-07,7.575557957518847916e-07,7.876753354856237764e-07,8.108700760700248675e-07,8.267687670408863449e-07,8.347410357774288797e-07,8.342966489946901822e-07,8.251371664423524537e-07,8.071731654226983860e-07,7.805488247744170844e-07,7.456379397346518848e-07,7.027266189184135327e-07,6.497452876498886307e-07,5.876338275065087493e-07,5.185408836222413715e-07,4.459003119080662825e-07,3.752756001650220125e-07,3.159983794207729009e-07,2.822997187041527987e-07,2.874622561217688600e-07,3.304838400493298077e-07,3.977026928792504200e-07,4.761478137898271938e-07,5.607994427697900869e-07,6.472489916177207681e-07,7.323951717349415035e-07,8.141562618006258337e-07,8.911423294347770907e-07,9.624905604483215733e-07,1.027815168291932125e-06,1.087113649782922294e-06,1.139754655971963766e-06,1.176751378827957469e-06,1.196391860074644572e-06,1.198775664440453201e-06,1.184668170949444113e-06,1.155257321505769996e-06,1.112087773813514288e-06,1.057033054928535778e-06,9.922874393680748596e-07,9.204003001853188836e-07,8.444543775126988953e-07,7.688443890267470048e-07,7.024903208490605145e-07,6.497352298411153612e-07,6.150467343939889609e-07,6.028215102500526682e-07,6.161080217809869267e-07,6.555614486580691481e-07,7.196293328827779011e-07,8.056829774375466726e-07,9.105889487770962413e-07,1.025801994931688617e-06,1.147079687238918667e-06,1.271477320552331253e-06,1.396475060757909036e-06,1.519734185362450326e-06,1.638947334171294056e-06,1.751679332486768115e-06,1.855207265114742080e-06,1.946421774527536895e-06,2.021945031695585625e-06,2.079034807025828228e-06,2.119338717930203882e-06,2.138506887994749604e-06,2.131646220635100651e-06,2.094243964990406426e-06,2.022504085220668607e-06,1.913560907903161531e-06,1.765615113604843316e-06,1.577953575811929589e-06,1.350527651047218976e-06,1.080694366664165290e-06,7.711524172968716008e-07,4.288840030748074900e-07,1.114087658425688948e-07,3.814245197405831583e-07,7.934643192414346279e-07,1.218827977256529470e-06,1.644226323719068241e-06,2.059104949136235470e-06,2.453392276844889979e-06,2.819685218785904098e-06,3.179447037821651874e-06,3.532080544223859130e-06,3.873076104094021457e-06,4.198538794840131773e-06,4.505759172269457951e-06,4.793409857141359843e-06,5.061852637601451636e-06,5.312814828622223821e-06,5.542520003227776172e-06,5.691344433062477753e-06,5.747899664266951861e-06,5.711230014440897040e-06,5.583623653824728382e-06,5.369213137931735281e-06,5.073664097677427209e-06,4.704036858572537374e-06,4.268658033220729177e-06,3.777041598026488757e-06,3.240205152796207124e-06,2.673128311104931893e-06,2.104795753839383287e-06,1.543418815505252058e-06,9.972139768599434672e-07,4.845640577310098074e-07,2.144195430134528356e-07,5.897309559499874700e-07,1.020743056331283415e-06,1.420748636590495085e-06,1.778066014587223517e-06,2.074029045086534342e-06,2.298102318437334343e-06,2.444976137205805325e-06,2.512282490408488283e-06,2.500028022613945572e-06,2.480686455374327913e-06,2.455798095448769311e-06,2.426634420197681513e-06,2.394241424504658214e-06,2.359477762475857217e-06,2.323046393890216465e-06,2.285520616845606761e-06,2.247365648353984573e-06,2.208956678917584143e-06,2.170594060706122737e-06,2.132516103921450283e-06,2.094909844761966884e-06,2.057920082272565912e-06,2.021656938128605776e-06,1.986202160636402890e-06,1.951614366234216785e-06,1.917933386432320187e-06,1.885183864912578988e-06,1.853378228437064045e-06,1.822519136398030397e-06,1.792601497310444380e-06,1.763614940098088878e-06,1.735548427386351591e-06,1.708392236208031105e-06,1.682138945097322482e-06,1.656784230470730231e-06,1.632327467257328850e-06,1.608772125573237334e-06,1.586125954616881248e-06,1.564400946348617846e-06,1.543613074178316870e-06,1.523781805073966821e-06,1.504929386587317253e-06,1.487079912841345224e-06,1.470258175430221516e-06,1.454488306791269531e-06,1.439792225896709340e-06,1.426187900911098860e-06,1.413687453729070084e-06,1.402295151450975577e-06,1.392005366005245206e-06,1.382800643238296015e-06,1.374650116139445593e-06,1.367508632183114767e-06,1.361317145634653448e-06,1.356005140963077973e-06,1.351496060141014469e-06,1.347716802292647548e-06,1.344612152123703913e-06,1.342164153063367725e-06,1.340414541652048535e-06,1.339484996065176477e-06,1.339585105448666283e-06,1.340992643240203348e-06,1.343987583632122610e-06,1.348724236715384264e-06,1.355036992458605750e-06,1.362189391951980129e-06,1.368581251910668814e-06
1.370179008731688983e-06,1.365021336951801346e-06,1.350749706430976439e-06,1.327905523664788564e-06,1.298002381470620992e-06,1.263044312520479549e-06,1.225070793833986273e-06,1.185864933637890884e-06,1.146834548891805137e-06,1.109008084153060958e-06,1.073083663096355157e-06,1.039491911436732672e-06,1.008454693351623954e-06,9.800346583303365802e-07,9.541758747238530221e-07,9.307371553480160178e-07,9.095194514021094906e-07,8.902881835285673922e-07,8.727910450269348547e-07,8.567716993723386741e-07,8.419798146720321153e-07,8.281779373834314625e-07,8.151457480255496616e-07,8.026822410519021702e-07,7.906063318942917628e-07,7.787563295534643949e-07,7.669886377014823989e-07,7.551759727342501559e-07,7.432053208664391731e-07,7.309758015812478386e-07,7.183965621452502653e-07,7.053847964838100399e-07,6.918639598363084686e-07,6.777622366285987278e-07,6.630113117151783956e-07,6.475454941211653214e-07,6.313012482811181343e-07,6.142172026144909754e-07,5.962347332933449823e-07,5.772992696873857223e-07,5.573625498885186536e-07,5.363861913145646912e-07,5.143453312237339068e-07,4.912279829198320648e-07,4.670402245044830267e-07,4.418165259603336781e-07,4.156359026023217858e-07,3.886475147640370701e-07,3.611116809280744541e-07,3.334658437241898658e-07,3.064293355266038721e-07,2.811615320326230071e-07,2.594682924658746109e-07,2.439687158003803619e-07,2.379529226206718045e-07,2.445817375273187581e-07,2.656654126741463255e-07,3.011488792914664492e-07,3.498138340178718310e-07,4.102987287132006360e-07,4.816494820831139452e-07,5.499313269641901447e-07,6.132375795268411093e-07,6.699479871327679052e-07,7.185610614319155275e-07,7.574937140213213162e-07,7.897614142071764701e-07,8.151749242697356644e-07,8.333000144748900559e-07,8.436005869450104841e-07,8.456045375706901905e-07,8.389783101416080498e-07,8.235612112617294183e-07,7.993793065042381038e-07,7.666240046205805261e-07,7.255520438113224432e-07,6.764197850419114870e-07,6.167664466889248329e-07,5.491382958738400196e-07,4.769457620154251300e-07,4.053426933138203370e-07,3.425992364261156392e-07,3.013451165407116346e-07,2.951313095194488379e-07,3.268113299536576164e-07,3.849728040871678886e-07,4.597037192442807663e-07,5.422648619669212404e-07,6.273078098317799651e-07,7.114366425972959946e-07,7.924093547268080278e-07,8.687163679046341682e-07,9.393615296582940514e-07,1.003724168512650620e-06,1.061371261273489312e-06,1.111628934819865642e-06,1.153141483879488544e-06,1.174327623331226796e-06,1.176795561022762945e-06,1.161901926454499079e-06,1.131165414416955539e-06,1.086363145006585597e-06,1.029535120213420300e-06,9.629500841432372059e-07,8.890233410902386010e-07,8.100657921351832645e-07,7.363769702991754786e-07,6.720692245257002516e-07,6.213434808620800125e-07,5.886559185744707092e-07,5.783275309066749239e-07,5.934970355517656843e-07,6.352083135474719665e-07,7.024915514550289586e-07,7.932440134863117641e-07,9.049224755686351452e-07,1.034637462453120656e-06,1.171732936355647516e-06,1.314130044216565761e-06,1.459247663261493193e-06,1.604239175383180496e-06,1.746012851059023818e-06,1.881178980369130890e-06,2.005964717800917253e-06,2.116095030333539049e-06,2.206519921138821625e-06,2.281362194279959377e-06,2.337199203113919167e-06,2.369816309759085866e-06,2.374764124143506435e-06,2.347871085826330229e-06,2.285565650959359569e-06,2.185084453112861935e-06,2.044590663301346360e-06,1.863185450014948605e-06,1.640761191234452965e-06,1.377820402491270918e-06,1.071234594960651333e-06,7.268974796148266381e-07,3.552553123343023651e-07,1.226956996798094486e-07,4.994909371866930418e-07,9.257589477116162460e-07,1.353339544736603046e-06,1.768344128077927729e-06,2.156016066070766455e-06,2.534448845874682094e-06,2.904141459866793388e-06,3.263676851021787565e-06,3.610112755822476787e-06,3.940437070296668636e-06,4.252203239245533804e-06,4.543750949461080123e-06,4.814114850452745540e-06,5.062181746371208018e-06,5.284028594593801334e-06,5.470296935101680754e-06,5.545159887351087260e-06,5.516987468004532193e-06,5.391332576963288176e-06,5.173866013559450845e-06,4.871184956746785862e-06,4.490980928460802998e-06,4.041915876584255157e-06,3.533188051004730116e-06,2.973301493203691722e-06,2.400222301169322115e-06,1.824568027392269457e-06,1.255557674196669279e-06,7.047354736553826761e-07,2.278305860547473698e-07,4.201773885069729845e-07,8.837619922606401841e-07,1.325618815788922699e-06,1.727642474096902798e-06,2.082204967918997358e-06,2.382235193737505137e-06,2.601099334131564000e-06,2.735722321000263735e-06,2.784652501622611313e-06,2.748527767819433710e-06,2.707409712970636848e-06,2.662725974138231464e-06,2.615615584299796499e-06,2.566982509387531255e-06,2.517540576831740880e-06,2.467850323434659635e-06,2.418348812293884253e-06,2.369373656568793921e-06,2.321182390015554249e-06,2.273968124583756629e-06,2.227872237246940457e-06,2.182994666115986789e-06,2.139402272039558122e-06,2.097135628640183974e-06,2.056214532684084656e-06,2.016642471400142495e-06,1.978410239465199348e-06,1.941498862979677740e-06,1.905881958950441084e-06,1.871527635239512516e-06,1.838400016640332876e-06,1.806461275012585861e-06,1.775675847518646266e-06,1.746012101293169591e-06,1.717443038557872748e-06,1.689946830838066207e-06,1.663507173237210849e-06,1.638113447108729178e-06,1.613760679675588708e-06,1.590449291376287425e-06,1.568184625107067187e-06,1.546976255317521226e-06,1.526837078513149256e-06,1.507782189804547964e-06,1.489827552772024058e-06,1.472988472644480290e-06,1.457277886853923181e-06,1.442704494532926414e-06,1.429270760700379188e-06,1.416970856312727208e-06,1.405788638127428086e-06,1.395695839876621586e-06,1.386650746542385317e-06,1.378597762719457667e-06,1.371468463410489922e-06,1.365184913693195333e-06,1.359666211631767377e-06,1.354839237167628309e-06,1.350654280501493270e-06,1.347105269983110631e-06,1.344252334983733986e-06,1.342241106849947239e-06,1.341308598179380437e-06,1.341760847785227462e-06,1.343905409325475577e-06,1.347925623293173487e-06,1.353694394103262261e-06,1.360536430933460535e-06,1.366947167663338912e-06
1.369030151660185039e-06,1.364946399610380958e-06,1.352130464823872645e-06,1.330931719531925477e-06,1.302694130330108142e-06,1.269304293244876668e-06,1.232740300582159963e-06,1.194766641783999073e-06,1.156797831858986649e-06,1.119880560276956758e-06,1.084734465759878706e-06,1.051810978465219129e-06,1.021350603807641615e-06,9.934322119731389436e-07,9.680138527418919594e-07,9.449663564478840105e-07,9.241009769085418493e-07,9.051919226575086421e-07,8.879943215075076819e-07,8.722580555746864326e-07,8.577379204935717911e-07,8.442006171156111204e-07,8.314291204587352153e-07,8.192249677506891613e-07,8.074089671757244097e-07,7.958207640926586353e-07,7.843176263673281616e-07,7.727727364397598417e-07,7.610732119383029968e-07,7.491180223379781090e-07,7.368159268960316273e-07,7.240835278745921621e-07,7.108435112283132927e-07,6.970231328529360354e-07,6.825530009563771823e-07,6.673662036650887518e-07,6.513978361708937755e-07,6.345849954961092314e-07,6.168673372218646822e-07,5.981883342013807895e-07,5.784974540738940172e-07,5.577535999157127152e-07,5.359285136157378040e-07,5.130056918016589792e-07,4.889849671122726226e-07,4.638918700013263616e-07,4.377921617661134102e-07,4.108146687191214991e-07,3.831875370040606672e-07,3.552960845595372008e-07,3.277743545651679584e-07,3.016445617649059243e-07,2.785074919449183259e-07,2.607308452998924128e-07,2.514385105374985492e-07,2.539593186643890791e-07,2.706993062548941101e-07,3.022878996303453403e-07,3.478713523175662425e-07,4.060951446800512847e-07,4.758345247850412456e-07,5.431165877804674497e-07,6.059058508971888762e-07,6.624725740354207428e-07,7.112285251064880223e-07,7.506317196153148365e-07,7.844224568851396834e-07,8.118656544503183308e-07,8.323250696938317349e-07,8.452040164997341205e-07,8.499868205103743640e-07,8.462832842307398015e-07,8.338607826869603513e-07,8.126646776506378212e-07,7.828287669240646643e-07,7.446931466560566210e-07,6.989255024959150940e-07,6.420976353880796422e-07,5.765680238508445516e-07,5.055746112483103464e-07,4.338589728763399416e-07,3.687460136102504516e-07,3.213158479370650761e-07,3.046301172689417451e-07,3.246588588007114517e-07,3.736500069720718808e-07,4.428961535099187543e-07,5.221218613062817606e-07,6.048983679550326415e-07,6.872827629259559942e-07,7.667450891756172267e-07,8.415967366860416671e-07,9.107014197480177417e-07,9.733127293968289781e-07,1.028952799315043530e-06,1.077328964887357936e-06,1.118539925254372731e-06,1.139038573365447573e-06,1.140171723666961500e-06,1.123428619062813067e-06,1.090517831729999855e-06,1.043397793561933490e-06,9.842627829246882203e-07,9.154986361412833891e-07,8.396156187073442802e-07,7.591722800349207333e-07,6.853520032466119411e-07,6.212196644082424038e-07,5.705596671987682502e-07,5.377441717638185106e-07,5.272809736014001984e-07,5.427564588369712945e-07,5.857781898406846902e-07,6.558963247420284397e-07,7.514807240817315680e-07,8.706361333405739165e-07,1.011773130624354482e-06,1.163105295695666435e-06,1.322215816385829020e-06,1.486211907122285671e-06,1.651772866360589596e-06,1.815175013179344080e-06,1.972289607040384669e-06,2.118564937663825758e-06,2.249001791749211038e-06,2.358134496849242973e-06,2.451914900555428756e-06,2.525761958122616796e-06,2.575151162631657040e-06,2.595670998928379049e-06,2.583261236048564100e-06,2.534441140402728573e-06,2.446487319164413808e-06,2.317553521817084732e-06,2.146732360407581869e-06,1.934082144048609805e-06,1.680744968926383546e-06,1.381092931803359166e-06,1.040565206064484016e-06,6.664567630749580324e-07,2.731707338959094109e-07,1.954400009038771779e-07,6.096954611839854153e-07,1.038166822892668962e-06,1.455688381707727775e-06,1.847730888529231831e-06,2.234130280976479981e-06,2.611630186508496464e-06,2.977587767318787066e-06,3.329189280841434381e-06,3.663693347466023417e-06,3.978716153598592423e-06,4.272370113479104983e-06,4.543214054108903368e-06,4.789966582087813592e-06,5.011220500734317231e-06,5.206990029522613837e-06,5.289693407206594570e-06,5.265265414987113898e-06,5.139433308160821480e-06,4.918439409582250781e-06,4.609461089709090525e-06,4.220732678620976208e-06,3.761450167487749602e-06,3.241486688353248950e-06,2.670955882414463995e-06,2.091106868986154413e-06,1.509549158710891807e-06,9.356198907163554911e-07,3.885109805923397064e-07,2.465851028324716636e-07,7.286338904384664029e-07,1.209298469168429816e-06,1.654598784785792507e-06,2.056072507978382772e-06,2.407880324290471787e-06,2.705489780548501649e-06,2.915774918479924172e-06,3.035640429421581226e-06,3.064069184470088931e-06,3.002219389718113004e-06,2.937844503380614920e-06,2.872189123550364992e-06,2.806201503114082177e-06,2.740595433277123683e-06,2.675900884919781963e-06,2.612504657311242078e-06,2.550682514138785377e-06,2.490624361957378141e-06,2.432453898493101771e-06,2.376243932371890157e-06,2.322028336613561703e-06,2.269811386969107619e-06,2.219575064904379687e-06,2.171284771799722551e-06,2.124893799097460280e-06,2.080346821627917938e-06,2.037582622215725786e-06,1.996536210307868656e-06,1.957140462350375492e-06,1.919327384455390120e-06,1.883029076690378258e-06,1.848179262676687944e-06,1.814717061200556140e-06,1.782588296845414468e-06,1.751745893229341189e-06,1.722150120771214086e-06,1.693768685087405753e-06,1.666576640215870184e-06,1.640556112024414718e-06,1.615695820316566838e-06,1.591990392335746122e-06,1.569439464803287896e-06,1.548046575774710851e-06,1.527817851252528545e-06,1.508760494867048664e-06,1.490881092794445341e-06,1.474183751901390053e-06,1.458668099265381257e-06,1.444327189195829502e-06,1.431145394406575677e-06,1.419096407067293894e-06,1.408141549990003389e-06,1.398228704806308402e-06,1.389292306242527789e-06,1.381255024509938528e-06,1.374031937842966357e-06,1.367538126065328111e-06,1.361700578035769993e-06,1.356474903017609994e-06,1.351866277847523051e-06,1.347952007418633671e-06,1.344899798099397769e-06,1.342971590207358918e-06,1.342498823057649621e-06,1.343813886394369145e-06,1.347127162461014247e-06,1.352349321866189267e-06,1.358866742941093499e-06,1.365271846254622361e-06
1.367807378054405914e-06,1.364763264847621616e-06,1.353379725461155092e-06,1.333819110158210630e-06,1.307255891259959644e-06,1.275455779538407071e-06,1.240330969594934142e-06,1.203623591594340285e-06,1.166752477814039612e-06,1.130781320007786604e-06,1.096450708146994867e-06,1.064232611072540474e-06,1.034385991397375875e-06,1.007005757622423185e-06,9.820637582717600597e-07,9.594426856853822343e-07,9.389639959162625098e-07,9.204106563824038420e-07,9.035452745654634427e-07,8.881240630487242560e-07,8.739071102299885764e-07,8.606654749426151990e-07,8.481856545365917039e-07,8.362719694527418688e-07,8.247473650614917272e-07,8.134530658746136329e-07,8.022474420772146358e-07,7.910043746907846047e-07,7.796113404129186832e-07,7.679673833922485139e-07,7.559810993489562794e-07,7.435687264868548624e-07,7.306524158962504519e-07,7.171587399715125147e-07,7.030174895496489984e-07,6.881608085180858580e-07,6.725227190118928250e-07,6.560391027887587896e-07,6.386482285221019458e-07,6.202919569071666278e-07,6.009178262569581504e-07,5.804823383214846630e-07,5.589540899488330417e-07,5.363122225046896821e-07,5.125503408960329922e-07,4.876848226660467874e-07,4.617676066501164577e-07,4.349060930964837065e-07,4.072944213684306778e-07,3.792629209316202783e-07,3.513559550772279993e-07,3.244511623698902388e-07,2.999281820506132717e-07,2.798608109046773967e-07,2.671039010660591125e-07,2.649891303066040229e-07,2.764155067424919686e-07,3.027994816847252962e-07,3.438721788719648137e-07,3.984433178212180051e-07,4.652691588357238393e-07,5.304696574794027393e-07,5.919081715865073116e-07,6.477845337472744625e-07,6.964772863482996323e-07,7.364895789719012246e-07,7.716326609562241192e-07,8.010267669222557611e-07,8.239016257437540390e-07,8.395688950325662016e-07,8.474364471258812712e-07,8.470373476805480437e-07,8.380594703640504309e-07,8.203726427078953797e-07,7.940577608882213324e-07,7.594533139587094123e-07,7.172480325311845802e-07,6.636152268386800934e-07,6.007113084963508950e-07,5.315584014223525442e-07,4.604990985951154866e-07,3.940306044108037358e-07,3.418282608778806420e-07,3.160124539657549776e-07,3.246312301957642737e-07,3.638065358292169895e-07,4.263339502958720116e-07,5.011344190972552416e-07,5.807751845499955292e-07,6.606681267792247611e-07,7.379089056751761758e-07,8.105800115050421605e-07,8.773921242567181889e-07,9.375009050133830391e-07,9.904158216937716316e-07,1.035990205428601692e-06,1.074544860688136700e-06,1.092447112280711507e-06,1.090797629650740449e-06,1.071093337436878497e-06,1.035154737149866895e-06,9.850863703143328707e-07,9.232312939283450606e-07,8.521132342134420359e-07,7.743771603825813807e-07,6.927634502263034191e-07,6.179895345712775536e-07,5.526940750260635411e-07,5.002426577974771139e-07,4.648776272459529426e-07,4.515121415203054283e-07,4.646609142075335143e-07,5.069109675953683857e-07,5.784013699885746218e-07,6.777662672103458339e-07,8.033376292699683734e-07,9.537770793485240411e-07,1.117555994771881362e-06,1.291870464416020314e-06,1.473453940061444565e-06,1.658544351545319528e-06,1.842893785400306261e-06,2.021789564176417171e-06,2.190083745141689779e-06,2.342244272604442155e-06,2.472461874449808397e-06,2.587236172658104269e-06,2.681589699210632410e-06,2.750746826786002541e-06,2.790201590746103077e-06,2.795869634676075815e-06,2.764259679786552576e-06,2.692626999351990958e-06,2.579094555801974872e-06,2.422744096290507720e-06,2.223697745455146549e-06,1.983226931304578108e-06,1.693970313335597198e-06,1.361171882845584365e-06,9.915345796918532547e-07,5.937588608249017613e-07,1.880443645958654270e-07,2.822825061327154468e-07,7.072518705926983784e-07,1.128348089918238473e-06,1.527947408505242700e-06,1.921773402894046494e-06,2.306096302952178286e-06,2.677804579240693515e-06,3.033978050075435782e-06,3.371879397708788672e-06,3.689068139178586426e-06,3.983495552682902546e-06,4.253544225205851701e-06,4.498061997711600290e-06,4.716623436477538298e-06,4.910529027795255712e-06,4.992821793400408186e-06,4.967106605794593541e-06,4.838402296479115701e-06,4.612928376925080190e-06,4.298120663164891559e-06,3.902623909757290581e-06,3.436202551317572836e-06,2.909584994324079513e-06,2.334341845218275625e-06,1.750172196769322048e-06,1.164757326615487012e-06,5.890083795023782066e-07,1.263508345722938909e-07,5.583446220742433839e-07,1.073121087552315128e-06,1.557986775224412424e-06,2.003017348246018139e-06,2.401715751760550335e-06,2.748886990401129479e-06,3.040610276995582366e-06,3.239318181634824768e-06,3.341956575605904756e-06,3.347846058668410585e-06,3.258598014176996235e-06,3.169680473131554500e-06,3.082075447549491530e-06,2.996475206972124972e-06,2.913350419228830778e-06,2.833004934591060148e-06,2.755618538544123846e-06,2.681279704799543327e-06,2.610010401018367839e-06,2.541784745051896432e-06,2.476542977610407377e-06,2.414201898973586454e-06,2.354662647214770084e-06,2.297816480178781875e-06,2.243549057906892517e-06,2.191743597318411738e-06,2.142283177657772832e-06,2.095052405764994099e-06,2.049938598528111590e-06,2.006832601309211908e-06,1.965629332272828007e-06,1.926228120866356118e-06,1.888533685073617020e-06,1.852459412362324475e-06,1.817928284598979451e-06,1.784872935226421251e-06,1.753235591551458936e-06,1.722967882527542094e-06,1.694030491412308921e-06,1.666392634918538841e-06,1.640031354653050323e-06,1.614930611686220740e-06,1.591080180224831127e-06,1.568474341098011545e-06,1.547110380013307883e-06,1.526986899670637877e-06,1.508101959802996787e-06,1.490451066757542975e-06,1.474025046968163106e-06,1.458807860304359946e-06,1.444774444671930445e-06,1.431888738280316469e-06,1.420102107013260814e-06,1.409352516611424935e-06,1.399564933929311684e-06,1.390653609216022880e-06,1.382527052751865810e-06,1.375096609065698264e-06,1.368289429172172124e-06,1.362066149303750012e-06,1.356442430770375846e-06,1.351511406762251912e-06,1.347460880165511706e-06,1.344575193731862638e-06,1.343208402372803865e-06,1.343715190709960980e-06,1.346331276038833161e-06,1.351004598943702929e-06,1.357183787854480756e-06,1.363559434639167224e-06
1.366515233619280666e-06,1.364475860541788865e-06,1.354499862670010090e-06,1.336568057790982768e-06,1.311686121994354872e-06,1.281495811569060747e-06,1.247839002381673643e-06,1.212431612745923613e-06,1.176694230368579110e-06,1.141706147470833610e-06,1.108228237401650823e-06,1.076752690604320865e-06,1.047556728513251231e-06,1.020751121946726047e-06,9.963213506924136910e-07,9.741618304486608091e-07,9.541041340014929630e-07,9.359399700817641422e-07,9.194394787394166622e-07,9.043653192694619902e-07,8.904830397963089910e-07,8.775682604659312552e-07,8.654112272256334527e-07,8.538192818795553505e-07,8.426177488981324274e-07,8.316496723828352683e-07,8.207747610789222643e-07,8.098678259658025672e-07,7.988169302377097212e-07,7.875214182903909083e-07,7.758899489748676010e-07,7.638386277413466728e-07,7.512893106791474019e-07,7.381681392036877308e-07,7.244043560195499708e-07,7.099294504602880483e-07,6.946766847478631893e-07,6.785810637052784600e-07,6.615798322319300600e-07,6.436136230951329612e-07,6.246284417909901355e-07,6.045787809966722224e-07,5.834304595680430067e-07,5.611586004540350515e-07,5.377508676878627803e-07,5.132146938893343598e-07,4.875882993253101082e-07,4.609576571095750844e-07,4.334828604744965673e-07,4.054393708328788155e-07,3.772824740086799986e-07,3.497461962107506747e-07,3.239869177417453933e-07,3.017636774420287172e-07,2.855820363724055733e-07,2.785960161890482980e-07,2.839936789875651812e-07,3.039630224716097674e-07,3.390360546160910850e-07,3.884282311524596637e-07,4.509025581915162760e-07,5.128082859372287974e-07,5.719422028129716005e-07,6.264561340979378316e-07,6.746989734284329242e-07,7.151661847883636259e-07,7.515214067713786779e-07,7.828108408987103045e-07,8.081679776649445113e-07,8.268084250020994052e-07,8.380450033351390101e-07,8.413153142906455526e-07,8.362124575239529956e-07,8.225159119737277675e-07,8.002266045700238738e-07,7.696173388505246393e-07,7.313089600019797157e-07,6.812498610770334785e-07,6.214373395084386405e-07,5.546838146831908408e-07,4.849630789044229413e-07,4.180575515823261345e-07,3.624170001023895101e-07,3.290132710048142307e-07,3.269557254142447067e-07,3.558631644915254911e-07,4.106650501269511816e-07,4.800591473203877785e-07,5.557364437284431331e-07,6.324209409690921052e-07,7.067714744781450382e-07,7.765957198735066850e-07,8.404240490933721751e-07,8.972938552876982523e-07,9.466507797905552685e-07,9.883342151123812081e-07,1.022637439142661661e-06,1.036421064565134566e-06,1.030715610816738196e-06,1.007056084845608451e-06,9.673731164259264280e-07,9.139211737447660941e-07,8.492082171748520678e-07,7.759145468301073140e-07,6.968061301789061114e-07,6.146671034299372057e-07,5.392057815229689056e-07,4.725090843987633648e-07,4.171576294417947430e-07,3.767840607072328858e-07,3.566020642455180846e-07,3.628183470838903034e-07,4.002039771345194968e-07,4.700410093176485251e-07,5.709632165856864286e-07,7.009872804829348411e-07,8.585239179131102608e-07,1.032808668134900989e-06,1.220666654739314679e-06,1.418464017030382725e-06,1.622042798866228748e-06,1.826717456095583034e-06,2.027303088578285308e-06,2.218166973020095586e-06,2.393313062593480594e-06,2.546529504802218102e-06,2.684361511193081914e-06,2.801578431784768187e-06,2.893203926567915839e-06,2.954593300959414627e-06,2.981561145983768148e-06,2.970530931787314001e-06,2.918676318311956694e-06,2.824040035395378511e-06,2.685633632026071450e-06,2.503538523885848999e-06,2.279027054906637174e-06,2.003255547514730222e-06,1.681395748431924906e-06,1.319965086166872315e-06,9.268146754424706789e-07,5.117473654335014935e-07,1.064722790447601277e-07,3.686565525931884025e-07,7.921520026770360476e-07,1.199962087703279128e-06,1.600994638496616298e-06,1.991543039141335776e-06,2.368380267341809292e-06,2.728486194321089763e-06,3.069029224429968209e-06,3.387436338858483834e-06,3.681475833585782291e-06,3.949334724934536319e-06,4.189739266865271915e-06,4.402250565821107288e-06,4.587851732136626812e-06,4.663826694207016320e-06,4.632539054590551065e-06,4.498372325580976804e-06,4.267333817204975997e-06,3.946917832616380534e-06,3.546029201097284232e-06,3.074890103723544203e-06,2.544927203076372809e-06,1.968694990887267996e-06,1.382790630865203728e-06,7.956314513627482198e-07,2.258697643164472089e-07,3.766840776041674003e-07,9.197568887085201500e-07,1.439330010800943921e-06,1.923913077581232121e-06,2.366226309515760834e-06,2.760131000362269064e-06,3.100539847040440340e-06,3.383695878118170811e-06,3.568179563058781197e-06,3.651305163814910785e-06,3.632820209507186929e-06,3.514777666294459869e-06,3.400303221440781558e-06,3.290032559835312022e-06,3.184331532154764969e-06,3.083371248401333828e-06,2.987185494440103565e-06,2.895713425158014807e-06,2.808830788287683291e-06,2.726372493275583776e-06,2.648148762628266533e-06,2.573956576665960883e-06,2.503587692355063379e-06,2.436834182317624034e-06,2.373492187005271456e-06,2.313364384793522202e-06,2.256261546322855030e-06,2.202003438340276245e-06,2.150419268823892642e-06,2.101347811895824593e-06,2.054637312436054702e-06,2.010145242358518165e-06,1.967737960258917936e-06,1.927291094938939244e-06,1.888692301429532885e-06,1.851841776546648093e-06,1.816651962883503991e-06,1.783047172907959319e-06,1.750963107016776915e-06,1.720346239493641469e-06,1.691153049766190265e-06,1.663349081639162463e-06,1.636907819148483646e-06,1.611809373547282791e-06,1.588038981289068344e-06,1.565585317731832534e-06,1.544438636179151233e-06,1.524588747961650828e-06,1.506022868481800820e-06,1.488723369361032757e-06,1.472665501951051984e-06,1.457815197465238148e-06,1.444127109611485628e-06,1.431543152617921353e-06,1.419991904864858991e-06,1.409389394509334750e-06,1.399641945353371259e-06,1.390651903726584223e-06,1.382327118736381425e-06,1.374594883028508489e-06,1.367420465298957570e-06,1.360829125904211317e-06,1.354928358901025259e-06,1.349923998095067806e-06,1.346120249198581994e-06,1.343891091415342750e-06,1.343611170907620163e-06,1.345540107213280548e-06,1.349662845249161280e-06,1.355490900850237914e-06,1.361814028926659646e-06
1.365158299045823530e-06,1.364088258689903215e-06,1.355493487255632604e-06,1.339179197086556236e-06,1.315983524337099136e-06,1.287421606039859014e-06,1.255260703980720939e-06,1.221186581348349053e-06,1.186618842899686370e-06,1.152650813698277629e-06,1.120062867947484447e-06,1.089367039677173909e-06,1.060858590022063943e-06,1.034663979617499204e-06,1.010782167170831645e-06,9.891191716782660424e-07,9.695166145886700194e-07,9.517749424595524174e-07,9.356718908291785387e-07,9.209766880264976079e-07,9.074605115549278137e-07,8.949037462363405451e-07,8.831006110105588540e-07,8.718617041116038571e-07,8.610149673118133390e-07,8.504055008729289525e-07,8.398945846940324769e-07,8.293581879519792681e-07,8.186851853693485424e-07,8.077754456997969074e-07,7.965379172361379878e-07,7.848888049029281602e-07,7.727499120549620947e-07,7.600472057895511264e-07,7.467096561458676137e-07,7.326683964271776813e-07,7.178562543216387000e-07,7.022077128992128747e-07,6.856593798037867113e-07,6.681510770792584610e-07,6.496277214140037303e-07,6.300422587617048408e-07,6.093582026675488240e-07,5.875471549662609241e-07,5.645913721649389166e-07,5.404899333290264143e-07,5.152680473241027482e-07,4.889912183583549811e-07,4.617869939195467551e-07,4.338785822565726418e-07,4.056368900480083642e-07,3.776602044376264084e-07,3.508917643570079038e-07,3.267773668413989003e-07,3.074287209293803353e-07,2.956663030347700500e-07,2.947007086539309147e-07,3.073133125043413242e-07,3.349516651064647586e-07,3.775296480332868199e-07,4.340469887623914115e-07,4.912496409936230360e-07,5.469338630364506055e-07,5.992323484536802106e-07,6.464609620618225281e-07,6.870592697229161586e-07,7.244100191635776552e-07,7.574952956372650584e-07,7.853664204495312720e-07,8.071359794392502548e-07,8.220025703900589177e-07,8.292866530604200429e-07,8.284658468359609286e-07,8.192066098559966428e-07,8.013959991041734666e-07,7.751883102297663217e-07,7.410954994853384075e-07,6.949482709963484283e-07,6.386302456514520178e-07,5.747625180386672343e-07,5.069832836689754004e-07,4.404609802452864705e-07,3.826013777403620817e-07,3.431968808864816679e-07,3.316177361720247622e-07,3.502425489108825785e-07,3.965577241004659437e-07,4.596745142493171094e-07,5.306259773987130714e-07,6.034458827539180972e-07,6.743067779616602907e-07,7.406970169853357824e-07,8.009334649256533593e-07,8.539025485963773905e-07,8.989298581249345847e-07,9.357410051544160976e-07,9.645303643690211981e-07,9.729623887570854387e-07,9.621661853424468682e-07,9.337978573657215287e-07,8.899516071116964921e-07,8.330924828098968600e-07,7.659753049207918807e-07,6.915350385172249034e-07,6.127424562226656207e-07,5.324294364211441752e-07,4.590880925970807019e-07,3.939448139157183011e-07,3.379184191150321366e-07,2.923371934660693090e-07,2.606869160604216361e-07,2.507457408293056038e-07,2.731357723670342371e-07,3.339613549308212302e-07,4.319226317510687538e-07,5.633099327451425048e-07,7.252863646785836611e-07,9.078877433141889028e-07,1.107449354201087176e-06,1.319951531283693680e-06,1.540878112071802293e-06,1.765178912793540916e-06,1.987286270273464559e-06,2.201163470226695702e-06,2.400382678821057813e-06,2.578258281445403505e-06,2.740996235107089205e-06,2.883162459870003280e-06,2.999623232900983057e-06,3.085577604551263670e-06,3.136686770682153796e-06,3.149229369295542055e-06,3.120242351464775659e-06,3.047632431440229133e-06,2.930262777372479877e-06,2.768054006471552176e-06,2.562185489535708096e-06,2.302568350830876165e-06,1.994395838338827851e-06,1.644080102193504347e-06,1.259165585955545005e-06,8.483301619675266946e-07,4.219657671999488074e-07,6.083944251115691629e-08,4.527342422455757497e-07,8.681265341823761519e-07,1.275888525735715581e-06,1.672098378483307143e-06,2.053492845295203367e-06,2.416951078664485164e-06,2.759490437926112306e-06,3.078342454277870300e-06,3.371034522770177065e-06,3.635454170158873045e-06,3.869922378190326256e-06,4.073403909766721868e-06,4.246119458327552676e-06,4.311291928732248191e-06,4.270941942127695244e-06,4.129091647054409025e-06,3.891505164833601146e-06,3.565602569938518548e-06,3.160394443349893338e-06,2.686393175489031652e-06,2.155500838629724759e-06,1.580898341220774683e-06,9.953452777998793070e-07,4.082482638762846660e-07,1.881586749928255481e-07,7.526215909259037545e-07,1.300819896388870355e-06,1.819847996725496389e-06,2.301804418069007632e-06,2.739633279274733560e-06,3.127032303468778373e-06,3.458645321799120725e-06,3.730641889695233344e-06,3.898326705892855954e-06,3.959800134879384138e-06,3.915364927989111039e-06,3.767495709111160718e-06,3.626803438138493833e-06,3.493482396605801539e-06,3.367495333499036088e-06,3.248655204391850618e-06,3.136682160957551742e-06,3.031242851058022176e-06,2.931977240055828015e-06,2.838516661974309594e-06,2.750495723186542081e-06,2.667559915297342500e-06,2.589370252972111569e-06,2.515605868273795570e-06,2.445965219117197278e-06,2.380166373950068559e-06,2.317946695491124052e-06,2.259062147448407079e-06,2.203286378189461016e-06,2.150409686084068837e-06,2.100237936733091553e-06,2.052591478247812035e-06,2.007304084084807294e-06,1.964222714919031800e-06,1.923209727562699117e-06,1.884142967267040264e-06,1.846915109747973837e-06,1.811432961675706937e-06,1.777616686252359386e-06,1.745398921890096581e-06,1.714723766777985462e-06,1.685545608585459278e-06,1.657827785482397679e-06,1.631541071287043138e-06,1.606661983542161499e-06,1.583170918796882141e-06,1.561050125017750207e-06,1.540281528214770719e-06,1.520844441194649516e-06,1.502713199925933588e-06,1.485854801415749267e-06,1.470226661301843964e-06,1.455774675168406492e-06,1.442431860070008865e-06,1.430117974510673047e-06,1.418740662308830730e-06,1.408198821397760301e-06,1.398389022361038069e-06,1.389215815926792171e-06,1.380606544029035849e-06,1.372530615190163744e-06,1.365021889212238240e-06,1.358200643965050129e-06,1.352288605065706268e-06,1.347607302235828837e-06,1.344548052924589858e-06,1.343503341865936687e-06,1.344755520325409975e-06,1.348326478756340904e-06,1.353791290809918738e-06,1.360039667850723791e-06
1.363741179014547734e-06,1.363604664379278628e-06,1.356363440530920663e-06,1.341653437351202492e-06,1.320147053383341465e-06,1.293230567647571497e-06,1.262592491528633648e-06,1.229884422410005344e-06,1.196522073988124945e-06,1.163611065715990783e-06,1.131950365656985616e-06,1.102071403008166379e-06,1.074287232158018534e-06,1.048739831392041552e-06,1.025441500791756150e-06,1.004309762671722652e-06,9.851962388676880767e-07,9.679101268527063442e-07,9.522368327363044112e-07,9.379522838302746927e-07,9.248334602358478090e-07,9.126657150771591956e-07,9.012474624728751533e-07,8.903927882562184367e-07,8.799324847933000652e-07,8.697139397028782814e-07,8.596002312224770007e-07,8.494687098482509521e-07,8.392092822837281362e-07,8.287225619010573416e-07,8.179180097792088339e-07,8.067121606023036377e-07,7.950270064873377968e-07,7.827885974654800506e-07,7.699259085981345314e-07,7.563700199445599556e-07,7.420536569976439598e-07,7.269111469631263998e-07,7.108788629003503077e-07,6.938962576799938291e-07,6.759076401941092838e-07,6.568649289613225233e-07,6.367298932070480920e-07,6.154712467677812211e-07,5.930665808459928813e-07,5.695075345993347025e-07,5.448075114965485974e-07,5.190132792898518387e-07,4.922225448851539430e-07,4.646107629121919500e-07,4.364721569298302350e-07,4.082821486900586411e-07,3.807901632179907775e-07,3.551493009849855000e-07,3.330717266074186737e-07,3.169445730185833169e-07,3.097414806331238703e-07,3.145183992185370969e-07,3.335485926586992413e-07,3.676812291216383043e-07,4.164805929159030368e-07,4.673208211021612182e-07,5.181396839959362781e-07,5.671220582247715345e-07,6.125718645556002212e-07,6.528304225634965549e-07,6.908203470363224960e-07,7.255007770822899301e-07,7.558539779608113451e-07,7.808691693339897300e-07,7.995997153658582643e-07,8.112194771652620468e-07,8.150662925357962508e-07,8.106716718652393571e-07,7.977760812281394956e-07,7.763450701237633690e-07,7.466848351073392205e-07,7.046968374856853747e-07,6.522018736475527657e-07,5.916378290275675165e-07,5.263294569859741578e-07,4.609140252753474935e-07,4.019218168146408307e-07,3.580493621689898709e-07,3.384117799510495118e-07,3.472727561038853125e-07,3.846528359342176320e-07,4.407623338429584309e-07,5.063175748543865013e-07,5.747058432008282271e-07,6.415736119039113321e-07,7.040471420113803808e-07,7.602002310791602403e-07,8.087462719569354837e-07,8.488506662946601189e-07,8.800171362039587061e-07,9.021846761706054762e-07,9.042406873283733455e-07,8.875954150929066745e-07,8.541269114412619236e-07,8.062014830761392481e-07,7.466564979600118317e-07,6.787359238793677243e-07,6.059665312642561032e-07,5.319395822224384254e-07,4.599380169102578462e-07,3.975169263078111856e-07,3.450145695836388352e-07,3.007889010010095764e-07,2.615048515906591295e-07,2.238439263113419934e-07,1.883166258372362380e-07,1.670360468480928989e-07,1.882226979623016807e-07,2.669541630904135195e-07,3.925931096504855150e-07,5.550068182877739807e-07,7.431876824209984915e-07,9.523081577328114215e-07,1.177781013710684384e-06,1.414718065401620857e-06,1.657757324615851421e-06,1.901029675440577897e-06,2.138179588308350261e-06,2.362396702168225116e-06,2.566439522889823051e-06,2.755601818577035646e-06,2.924422903676421956e-06,3.067701542597853386e-06,3.180463937468896502e-06,3.258163296907367361e-06,3.296878048338438928e-06,3.293464485515305750e-06,3.245654052094521555e-06,3.152086462714023451e-06,3.012323034402144838e-06,2.827158964569216748e-06,2.585838839410428805e-06,2.293695822914178562e-06,1.957010447948911905e-06,1.583052175949341589e-06,1.180050048739029468e-06,7.571288095529852727e-07,3.246344544994418331e-07,1.173269414674528138e-07,5.369667100884509392e-07,9.507127500480711754e-07,1.351972498317812173e-06,1.737409432234062092e-06,2.103760786995654121e-06,2.447829159322603605e-06,2.766590768582045763e-06,3.057289952353200788e-06,3.317461134760416886e-06,3.544825664798975110e-06,3.737149816743907160e-06,3.892959554851209948e-06,3.943496945562712631e-06,3.891217147104339801e-06,3.739928918538853189e-06,3.495078650834825144e-06,3.163870927766945977e-06,2.755260541410241370e-06,2.279873159621476667e-06,1.749881458686461379e-06,1.178836617207441542e-06,5.951331393791541429e-07,1.658642934901929547e-08,5.759925274130700887e-07,1.145239995063888292e-06,1.692261246808001782e-06,2.208663328618434512e-06,2.686583025925215334e-06,3.118748684093044758e-06,3.498453859292889659e-06,3.819529864241130309e-06,4.077253440358305521e-06,4.225275901455982136e-06,4.263027551984576892e-06,4.191385248085004911e-06,4.013122744973746621e-06,3.845998562275653082e-06,3.689649339847141519e-06,3.543551880858593022e-06,3.407103151635034210e-06,3.279669724108405384e-06,3.160618425028283375e-06,3.049335009549539320e-06,2.945235043950142208e-06,2.847769683672865084e-06,2.756428122465351150e-06,2.670737905507251896e-06,2.590263912339285782e-06,2.514606552624122756e-06,2.443399537411796175e-06,2.376307464442085541e-06,2.313023370801889470e-06,2.253266348158448094e-06,2.196779276584551918e-06,2.143326706901008829e-06,2.092692904417054863e-06,2.044680056094927148e-06,1.999107399276545987e-06,1.955812875564523942e-06,1.914652797280390184e-06,1.875500828214461243e-06,1.838246963204557009e-06,1.802796465450560870e-06,1.769068723316079951e-06,1.736995994559364600e-06,1.706522013618755669e-06,1.677600445497244829e-06,1.650193177197477068e-06,1.624268444285141723e-06,1.599798796247429539e-06,1.576758910691596587e-06,1.555123274619028072e-06,1.534863763356876434e-06,1.515947167513098108e-06,1.498332749803281383e-06,1.481969961887800794e-06,1.466796521906849843e-06,1.452737150804430110e-06,1.439703391142107009e-06,1.427595079764809700e-06,1.416304194804873434e-06,1.405721902903520285e-06,1.395749611445402435e-06,1.386314550272474424e-06,1.377389682256957594e-06,1.369016361146449555e-06,1.361325973338361794e-06,1.354553937442704527e-06,1.349036582669205002e-06,1.345180093464734102e-06,1.343392879805619629e-06,1.343979101533336694e-06,1.346997717056538240e-06,1.352088038667225385e-06,1.358240326257464488e-06
1.362268491327602076e-06,1.363029404460562365e-06,1.357112787445932571e-06,1.343991963641496730e-06,1.324175925937554277e-06,1.298920300373599886e-06,1.269830903139559983e-06,1.238521112677721450e-06,1.206399682886236928e-06,1.174582615058261133e-06,1.143886430772075271e-06,1.114861426403479436e-06,1.087838169177050063e-06,1.062973979812638092e-06,1.040294376428005906e-06,1.019728306010481539e-06,1.001137364444527176e-06,9.843395320779643881e-07,9.691279748116286700e-07,9.552854579277440276e-07,9.425949416850571151e-07,9.308469515618585580e-07,9.198443164581437059e-07,9.094048362553122443e-07,8.993623811073957665e-07,8.895668503286678940e-07,8.798833405380975394e-07,8.701907996036062912e-07,8.603803799227407825e-07,8.503536535202685515e-07,8.400208120230304102e-07,8.292989453201765804e-07,8.181104717805336871e-07,8.063817785547789355e-07,7.940421214537063686e-07,7.810228295036388357e-07,7.672568596330413401e-07,7.526787530554367349e-07,7.372250589737091176e-07,7.208353170576991904e-07,7.034537339598028951e-07,6.850317608457430407e-07,6.655300500376529179e-07,6.449151648310678726e-07,6.231609345706389790e-07,6.002527189757921240e-07,5.761936968793468176e-07,5.510141961797494271e-07,5.247856301522021917e-07,4.976414486821302566e-07,4.698087655286246494e-07,4.416560242445152529e-07,4.137638526555945719e-07,3.870263790641201154e-07,3.627832319059477326e-07,3.429553473915999058e-07,3.300935422500506878e-07,3.271661261454967155e-07,3.369526814005732038e-07,3.612593926954502190e-07,4.005398852148902653e-07,4.430929800031234765e-07,4.872733450692043447e-07,5.314897486239883032e-07,5.741389935268235017e-07,6.134839947683055701e-07,6.514971411544875160e-07,6.873937402926146560e-07,7.201025251781820066e-07,7.484305423871556187e-07,7.712283531844726180e-07,7.874800631225920031e-07,7.963567195884798740e-07,7.972455712062897885e-07,7.897355027438864284e-07,7.735071313466013470e-07,7.482298713308747124e-07,7.105048442170907444e-07,6.620859098721151853e-07,6.051852238199726971e-07,5.428114584863127133e-07,4.791328121509597067e-07,4.199530529353144849e-07,3.730246947052157778e-07,3.469832803375960860e-07,3.472215347142996693e-07,3.755253811512307993e-07,4.240638500859661049e-07,4.836826926601229763e-07,5.471976535525249774e-07,6.096938549570344755e-07,6.678945318714658828e-07,7.196117818000707126e-07,7.633999196913731639e-07,7.982916519908534675e-07,8.234383451364420777e-07,8.377270666068359720e-07,8.325171845656262040e-07,8.096050382524912122e-07,7.711642539174949187e-07,7.200285145711149084e-07,6.597687472493489688e-07,5.946937545248444830e-07,5.297407098530373076e-07,4.700793145182849924e-07,4.200583104372247238e-07,3.856076772322170080e-07,3.648072130543439901e-07,3.516126913979163098e-07,3.379431781403349442e-07,3.161101536050179678e-07,2.803431094309011544e-07,2.281156067021501349e-07,1.650570038885601184e-07,1.308824234300011654e-07,2.023433843958154960e-07,3.522374745100350444e-07,5.410230463181723043e-07,7.567461744222627471e-07,9.930146505051565293e-07,1.244289094926439245e-06,1.504868120089180669e-06,1.768642940711864923e-06,2.029053569891132239e-06,2.279062690413779716e-06,2.510922137842780534e-06,2.727469265635270831e-06,2.924128198516860028e-06,3.095783826010578230e-06,3.237205504229786232e-06,3.343545336937172468e-06,3.410619062466836613e-06,3.435076953075815468e-06,3.414493739856291793e-06,3.347303323270459738e-06,3.232405760724121157e-06,3.068861748950768338e-06,2.847303401259809769e-06,2.573160754499640095e-06,2.252384150336142189e-06,1.891846957873796663e-06,1.499358982379714349e-06,1.083540734147296319e-06,6.536278273091966877e-07,2.193173795236713197e-07,2.107703895277032026e-07,6.296788805614718014e-07,1.035354632233708074e-06,1.424413546531712948e-06,1.793379037533611417e-06,2.138744427317701588e-06,2.457160660290809677e-06,2.745591913391727977e-06,3.001345798270494330e-06,3.221707793008224904e-06,3.402552089478323309e-06,3.536168859967724478e-06,3.568223966107782294e-06,3.501707474699008516e-06,3.339826268486288581e-06,3.087438668969095004e-06,2.751344327256062922e-06,2.340278784106485566e-06,1.864824127923523497e-06,1.337294247067064766e-06,7.715942727099604918e-07,1.926098556159770820e-07,3.958196610530986371e-07,9.760779384333747464e-07,1.543096150263645467e-06,2.087378370028556244e-06,2.600131155521199633e-06,3.073202462200830136e-06,3.499156363475501522e-06,3.870985923726873432e-06,4.180888405371785037e-06,4.419119144880426116e-06,4.543853909676837147e-06,4.555917732408409880e-06,4.456285075824475796e-06,4.247680605690549388e-06,4.054472276889488475e-06,3.875606060832001674e-06,3.709992043034381586e-06,3.556561150560415912e-06,3.414295250005436253e-06,3.282242300703749085e-06,3.159522673504070544e-06,3.045330160994088896e-06,2.938929840020850743e-06,2.839654153174989090e-06,2.746898082840445086e-06,2.660113973069110187e-06,2.578806344874256501e-06,2.502526911617515891e-06,2.430869909526716317e-06,2.363467798729140552e-06,2.299987352215730682e-06,2.240126126809997343e-06,2.183609296638069910e-06,2.130186822435172287e-06,2.079630926987860769e-06,2.031734598224212902e-06,1.986312696175678699e-06,1.943201203553992270e-06,1.902255856241388870e-06,1.863350813348512557e-06,1.826377317827823916e-06,1.791242303037732916e-06,1.757866908299767459e-06,1.726184875405069967e-06,1.696140806925349566e-06,1.667688275352113994e-06,1.640787779334984226e-06,1.615404549966992622e-06,1.591506217138180009e-06,1.569060355134102481e-06,1.548031940417179895e-06,1.528380776356211011e-06,1.510058973968373902e-06,1.493008629661732846e-06,1.477159915798308842e-06,1.462429901677291474e-06,1.448722551418031466e-06,1.435930492903622324e-06,1.423939294497209886e-06,1.412635074002998709e-06,1.401916209888505912e-06,1.391709593083299886e-06,1.381991068770537467e-06,1.372808282514489067e-06,1.364301967853971255e-06,1.356718991770849568e-06,1.350407985840275401e-06,1.345787652380197927e-06,1.343280618993421959e-06,1.343212160273994375e-06,1.345678579060256439e-06,1.350384095672355303e-06,1.356419908636447483e-06
1.360744856217760346e-06,1.362366915985344979e-06,1.357744808858483408e-06,1.346196236695987943e-06,1.328069628028731762e-06,1.304488618491389825e-06,1.276972607023704071e-06,1.247092683851641571e-06,1.216247425087635595e-06,1.185561125837276439e-06,1.155866679741659465e-06,1.127732634100277081e-06,1.101506747991093955e-06,1.077361502764886371e-06,1.055335524617964310e-06,1.035369128895888007e-06,1.017333883024986382e-06,1.001056603121307457e-06,9.863383200063562117e-07,9.729687862074410158e-07,9.607371246962381684e-07,9.494392378700824031e-07,9.388825860202816324e-07,9.288889039830430320e-07,9.192953596371115338e-07,9.099545800350605561e-07,9.007338914044596343e-07,8.915140460794582348e-07,8.821876470267896153e-07,8.726574304112191186e-07,8.628345280154616519e-07,8.526368026713543800e-07,8.419873292516909002e-07,8.308130794656528273e-07,8.190438593951036831e-07,8.066115437099928433e-07,7.934496498265353836e-07,7.794932997716802113e-07,7.646796290747263780e-07,7.489487238953752016e-07,7.322452050988425303e-07,7.145206394202529718e-07,6.957352315502306638e-07,6.758542007895452933e-07,6.548486266618677957e-07,6.326989153921190559e-07,6.093998472473227332e-07,5.849679601869844699e-07,5.594524129334674299e-07,5.329510601526820809e-07,5.056343479095160809e-07,4.777808622293851356e-07,4.498298344028341843e-07,4.224569053942265856e-07,3.966774850338990640e-07,3.739705599550934096e-07,3.563825083732353912e-07,3.465074536445105154e-07,3.471907313370551939e-07,3.609094865493654612e-07,3.891238956419873676e-07,4.213078700076234103e-07,4.566621946020344696e-07,4.941585020627984848e-07,5.325818308514205145e-07,5.706535306043623339e-07,6.074206459229328493e-07,6.438646766537862628e-07,6.786902521026006365e-07,7.103478240610699631e-07,7.373840531113798439e-07,7.585306921677285897e-07,7.727574002217478100e-07,7.793211359896275632e-07,7.777756224973118578e-07,7.676407377017193996e-07,7.458307251997982226e-07,7.123348214932801634e-07,6.682180274120929378e-07,6.153113138009668689e-07,5.562828631123958309e-07,4.948789858204120971e-07,4.363023907667228916e-07,3.875378391273758988e-07,3.567896828475919544e-07,3.505822038231302109e-07,3.696313612244298188e-07,4.101978116587584416e-07,4.635409689905014269e-07,5.219234720712095827e-07,5.798306553637936281e-07,6.335429749887161308e-07,6.805981643921653525e-07,7.194611213441486940e-07,7.492999187079359361e-07,7.692775210747803808e-07,7.731399584958607699e-07,7.599473822998824377e-07,7.308504685999791255e-07,6.882994812203597100e-07,6.359787187276618806e-07,5.789167336580622320e-07,5.235580328173573257e-07,4.774091347566810743e-07,4.475160884873665287e-07,4.374248862328769894e-07,4.445725964356187846e-07,4.632322577128605802e-07,4.835836715473470478e-07,4.964334316436640002e-07,4.944785315813712638e-07,4.722743328067326260e-07,4.260353429155060446e-07,3.537785808169826728e-07,2.568120233619521745e-07,1.511399454116849862e-07,1.491830717405508069e-07,3.093672984029152716e-07,5.245719998891172401e-07,7.681801965809724441e-07,1.031465658902802374e-06,1.307887321265077336e-06,1.591023750102365480e-06,1.874213351334580587e-06,2.150579008958525227e-06,2.413306659691922109e-06,2.656693638033376397e-06,2.881659236612104354e-06,3.082867492287505407e-06,3.254452497816227081e-06,3.391095664301451368e-06,3.488275121135941570e-06,3.542421864715955728e-06,3.551074560761968199e-06,3.512889989966799454e-06,3.426437746662250432e-06,3.282330614962876761e-06,3.081335708868067294e-06,2.826966202720356843e-06,2.524278257554305057e-06,2.179555755137738539e-06,1.800128961304902482e-06,1.394181112281857643e-06,9.705155796783930696e-07,5.382925593720627192e-07,1.073965956158474990e-07,3.172904212153078305e-07,7.264336224751012404e-07,1.118770512228539187e-06,1.490301203102893930e-06,1.837012597701057837e-06,2.155092537639534282e-06,2.441217851269021984e-06,2.692858109559541134e-06,2.908277270709319885e-06,3.083668207828948144e-06,3.182252723412394648e-06,3.191977679590825092e-06,3.109942325716362634e-06,2.937232773600557157e-06,2.677702725740134253e-06,2.337579963739778376e-06,1.925265212933061455e-06,1.451221610003278664e-06,9.280994149741731726e-07,3.729988034501033725e-07,2.245818425062733675e-07,7.978454078708334903e-07,1.374828221277569668e-06,1.939003916523122257e-06,2.480093201564276395e-06,2.988735187432337182e-06,3.456486212922712191e-06,3.876133672306312737e-06,4.241700154478416816e-06,4.545017891937239729e-06,4.750382942177099802e-06,4.847474021795898690e-06,4.832515658569262623e-06,4.704950938619001899e-06,4.466897793488264834e-06,4.248647009584512053e-06,4.048344105142382917e-06,3.864275178368880263e-06,3.694874580239282243e-06,3.538723965620682982e-06,3.394545824603123945e-06,3.261193907278896854e-06,3.137642189472453249e-06,3.022973443886743565e-06,2.916368072877540059e-06,2.817093582187339447e-06,2.724494891414219143e-06,2.637985558398511538e-06,2.557039920725062539e-06,2.481186113733508913e-06,2.409999900669797512e-06,2.343099239854117904e-06,2.280139511147402216e-06,2.220809326301110613e-06,2.164826852803307841e-06,2.111936587181383110e-06,2.061907260839376807e-06,2.014532425485135721e-06,1.969629311110790934e-06,1.927037128027630996e-06,1.886615447742683666e-06,1.848242605901568963e-06,1.811814076521948675e-06,1.777240775823895928e-06,1.744447264067058230e-06,1.713369823637637816e-06,1.683954400516268978e-06,1.656154404085449006e-06,1.629928367458668702e-06,1.605237478227922911e-06,1.582042999566516040e-06,1.560303616675967130e-06,1.539972767247421153e-06,1.520996051447543512e-06,1.503308872116694529e-06,1.486834534497221273e-06,1.471483140402052288e-06,1.457151743325253629e-06,1.443726378312469622e-06,1.431086716475882205e-06,1.419114165188695569e-06,1.407704149770668693e-06,1.396782934369070724e-06,1.386328495105973662e-06,1.376393480822284474e-06,1.367126137509003753e-06,1.358782504006499998e-06,1.351721056439587285e-06,1.346370793020503461e-06,1.343167050026035274e-06,1.342455731447171024e-06,1.344370886779798911e-06,1.348682281556294705e-06,1.354582242716630614e-06
1.359174885877754726e-06,1.361621734470157790e-06,1.358262992993129602e-06,1.348267991680127335e-06,1.331827921429470120e-06,1.309933557170902890e-06,1.284014410763552216e-06,1.255595226167482277e-06,1.226061048067859990e-06,1.196542202501459056e-06,1.167886626160355673e-06,1.140680404684945150e-06,1.115288121038019222e-06,1.091897225179501603e-06,1.070559353758271314e-06,1.051226157218107496e-06,1.033779197460326390e-06,1.018054201990579865e-06,1.003860189125459914e-06,9.909940592582921775e-07,9.792512861448409302e-07,9.684333541870608611e-07,9.583525682469875018e-07,9.488348126711225134e-07,9.397207646293624390e-07,9.308659852931987779e-07,9.221402313231210084e-07,9.134262558639171344e-07,9.046183064907697309e-07,8.956204782284871464e-07,8.863450419944176363e-07,8.767108408132934511e-07,8.666418259246048461e-07,8.560657906734984916e-07,8.449133505323640082e-07,8.331172120223189836e-07,8.206117716412572574e-07,8.073330888616797834e-07,7.932192864438967836e-07,7.782114495034275143e-07,7.622551264219627497e-07,7.453025867077493315e-07,7.273142731450354478e-07,7.082549005436896364e-07,6.880938661874896949e-07,6.668080342233668650e-07,6.443857343569396295e-07,6.208325241931462546e-07,5.961795309034435131e-07,5.704955869055028464e-07,5.439049624742012246e-07,5.166133311649463569e-07,4.889456758570717454e-07,4.614008972641786314e-07,4.347279061668896343e-07,4.100240565848997129e-07,3.888424133680791182e-07,3.732600826462456680e-07,3.658073762560529533e-07,3.691402240023131417e-07,3.854720907005723558e-07,4.053986905674260245e-07,4.294194871194019813e-07,4.575499377522799249e-07,4.892785378814287166e-07,5.236745307693349308e-07,5.595883690882062620e-07,5.956482986162906211e-07,6.322967663434274823e-07,6.672641873483538953e-07,6.986777848703167863e-07,7.249384006251788168e-07,7.447458841730367013e-07,7.572054498381327459e-07,7.621624035547087202e-07,7.562005127057100655e-07,7.388050597282437293e-07,7.099905700510864330e-07,6.705326543134395147e-07,6.219652998744439364e-07,5.666515263431154034e-07,5.079680700701922988e-07,4.506123671145808928e-07,4.009146946917098046e-07,3.665681233938161634e-07,3.545171185929657343e-07,3.669850619546892035e-07,3.994921056853950249e-07,4.466023399490385873e-07,4.998677995334494373e-07,5.531779167407316805e-07,6.023410259600194049e-07,6.445690734752115095e-07,6.782485387850516479e-07,7.032923179672123977e-07,7.138001050056362727e-07,7.087938475681072359e-07,6.882924939602789445e-07,6.539375203218291573e-07,6.091078035042383468e-07,5.591784415783023391e-07,5.118281505929534078e-07,4.767697262578794577e-07,4.635346472180823878e-07,4.768220597840832142e-07,5.131481079222562769e-07,5.628933655596805244e-07,6.148007372215211910e-07,6.626227061371750891e-07,6.978263546664296460e-07,7.140880098146608182e-07,7.065809638460421477e-07,6.716962476309080480e-07,6.070589256272607753e-07,5.120309821429753251e-07,3.842057658186667806e-07,2.323815218028352764e-07,1.277262260663544047e-07,2.687517300674199018e-07,5.085736857235564354e-07,7.796303210827253671e-07,1.069283306819160989e-06,1.369892374404077996e-06,1.674448043877889203e-06,1.976003885613103011e-06,2.267764475009999759e-06,2.543379211151237043e-06,2.796691614213595150e-06,3.028588407898738891e-06,3.231623140295993741e-06,3.399878013014408897e-06,3.528440531368345541e-06,3.613449068419732044e-06,3.652451868568329533e-06,3.645564358372883353e-06,3.581817631986119844e-06,3.460423041145408855e-06,3.282127670935187148e-06,3.049633282472974534e-06,2.767277281831988184e-06,2.440763089369310000e-06,2.076937389939376022e-06,1.683568834082087114e-06,1.269110720895298557e-06,8.424752206534133741e-07,4.131695777176516167e-07,4.888386860763796474e-08,4.301706251201607133e-07,8.248626194609507376e-07,1.199097856961150032e-06,1.547528727604345860e-06,1.865507310480913983e-06,2.149112814478780710e-06,2.395984354914714489e-06,2.608241355251726393e-06,2.755819635661990251e-06,2.828704604797185789e-06,2.818796928964849607e-06,2.722560605966000544e-06,2.540165212366636368e-06,2.274775600208084038e-06,1.932141992986161459e-06,1.520388070378336806e-06,1.050112551502101239e-06,5.365537843083282899e-07,1.246711152216424880e-07,6.180869305381650088e-07,1.190697194761485029e-06,1.764872116647818104e-06,2.326572051147493671e-06,2.864693808448385210e-06,3.369162663280929118e-06,3.831012617210573835e-06,4.243351722761707820e-06,4.604749025145223375e-06,4.879455869903621037e-06,5.056481322655579364e-06,5.126956121772157527e-06,5.085936980634589225e-06,4.931894416803284779e-06,4.666356999270871280e-06,4.424908420003470534e-06,4.204875006292042917e-06,4.003910812855091352e-06,3.819954244194579872e-06,3.651192948411268079e-06,3.496033305153044954e-06,3.353073301265135452e-06,3.221078380765085356e-06,3.098960062525030054e-06,2.985757140031208318e-06,2.880619254890791268e-06,2.782792615316322610e-06,2.691607623645417936e-06,2.606468182332569211e-06,2.526842462020074017e-06,2.452254934486780527e-06,2.382279494575527533e-06,2.316533516637597064e-06,2.254672711395413607e-06,2.196386667758470434e-06,2.141394980750586757e-06,2.089444610207821752e-06,2.040309987731913642e-06,1.993791518830159855e-06,1.949713589058779642e-06,1.907922684871835868e-06,1.868285565200393822e-06,1.830687427311741715e-06,1.795030020920034925e-06,1.761229675715268013e-06,1.729215218157062818e-06,1.698925762912513689e-06,1.670308372661175499e-06,1.643315587698567031e-06,1.617902835054273016e-06,1.594025737669539928e-06,1.571637360379870469e-06,1.550685454774542595e-06,1.531109804086173142e-06,1.512839827291898877e-06,1.495792683529336479e-06,1.479872226763165096e-06,1.464969294400327413e-06,1.450963960189388820e-06,1.437730511567504714e-06,1.425145967468764452e-06,1.413102839665001010e-06,1.401526421754856352e-06,1.390395998234971755e-06,1.379767857381125738e-06,1.369795863029766774e-06,1.360742931282122255e-06,1.352974975046818230e-06,1.346929196302395633e-06,1.343052319659592650e-06,1.341710578245414291e-06,1.343076267135416101e-06,1.346985282582931626e-06,1.352731073149256885e-06
1.357563174248723774e-06,1.360798482046891911e-06,1.358671026141013773e-06,1.350209235736418011e-06,1.335450849092473412e-06,1.315253382558402250e-06,1.290953270657098626e-06,1.264024892328759927e-06,1.235836287261834307e-06,1.207521377423517554e-06,1.179941661010839011e-06,1.153699945839463623e-06,1.129177217678840758e-06,1.106575689200784216e-06,1.085959920956915930e-06,1.067292888712873481e-06,1.050466198504295182e-06,1.035324589058885737e-06,1.021685207472788079e-06,1.009352274818488479e-06,9.981278095950027387e-07,9.878190837403685989e-07,9.782434559748290329e-07,9.692311675771613174e-07,9.606266071571856182e-07,9.522884654521854185e-07,9.440891185054001103e-07,9.359135042033353143e-07,9.276576960718419364e-07,9.192273298692308803e-07,9.105360016650980508e-07,9.015037288053078294e-07,8.920555453645520696e-07,8.821202895756668875e-07,8.716296309790861893e-07,8.605173789182633327e-07,8.487191114110987558e-07,8.361721649308185520e-07,8.228160325964661070e-07,8.085932330587032921e-07,7.934507386857948571e-07,7.773420951948687975e-07,7.602286610765827224e-07,7.420754846071375082e-07,7.228513542542496768e-07,7.025310158919664644e-07,6.810983093991438793e-07,6.585506162347931277e-07,6.349051875377202549e-07,6.102081838843957121e-07,5.845476382373424283e-07,5.580720916992374326e-07,5.310173665102461628e-07,5.037447561751705199e-07,4.767944527120300034e-07,4.509571383778939593e-07,4.273615000037696920e-07,4.075605672270456695e-07,3.935695192033405279e-07,3.877697931769053996e-07,3.925982797198760558e-07,3.992033511200039295e-07,4.095425293765628585e-07,4.251824216622340689e-07,4.469132038615066177e-07,4.745913384111036819e-07,5.072640685312185033e-07,5.434704954021677272e-07,5.817743757751555206e-07,6.199785739170935655e-07,6.558640226364799088e-07,6.874206643118296445e-07,7.129300497944538381e-07,7.309801522376562365e-07,7.403546939337592867e-07,7.393266847084603476e-07,7.270755592273158566e-07,7.034665717482146831e-07,6.690679941013910325e-07,6.251785032417217226e-07,5.738999117196668449e-07,5.182905108690517421e-07,4.626195181319956799e-07,4.126529035835462775e-07,3.755552869884209131e-07,3.583764023367351770e-07,3.646198870532335382e-07,3.917707672785755804e-07,4.334778525086981083e-07,4.820023814365462320e-07,5.309714629479722808e-07,5.757387491291929665e-07,6.130335613577139559e-07,6.405845197054536308e-07,6.566880285487356631e-07,6.588281533094720644e-07,6.461938303403661225e-07,6.195183039393677604e-07,5.814681452911587073e-07,5.371788702871023737e-07,4.949219381507010081e-07,4.662009792845925188e-07,4.632279129507730914e-07,4.926761636595107513e-07,5.512107595019551897e-07,6.285577785040959336e-07,7.132250752163271489e-07,7.954156975465458053e-07,8.679682900341799501e-07,9.243010664185820175e-07,9.588890382393288250e-07,9.671843557145795772e-07,9.455473528498120850e-07,8.912417996405015850e-07,8.024148068943135455e-07,6.776262874730834036e-07,5.182213475543050378e-07,3.302420583346370670e-07,1.521738074443659362e-07,2.342458594401360905e-07,4.954643474997536842e-07,7.931132455881890537e-07,1.108160263597631288e-06,1.431770506620273067e-06,1.756471130988540946e-06,2.075195734101860831e-06,2.381302146169795719e-06,2.668815643897102616e-06,2.933407618342955642e-06,3.169054094579296837e-06,3.369893746068490758e-06,3.530688770887960789e-06,3.647013476770964043e-06,3.715323927600930810e-06,3.732637637004090007e-06,3.694163511255508776e-06,3.598138932843865568e-06,3.444851245541718971e-06,3.236434639252963872e-06,2.976657016716049628e-06,2.670706738865274427e-06,2.324981946650272404e-06,1.946871398225350314e-06,1.544524122517997956e-06,1.126636594557785716e-06,7.024537426180076942e-07,2.844739756086282438e-07,1.622855551902041619e-07,5.479983381038244181e-07,9.246455689035930707e-07,1.275514265023219586e-06,1.594031692058115232e-06,1.874664264166112044e-06,2.112254083674443280e-06,2.300754327560602911e-06,2.426419273129555067e-06,2.479728036455322779e-06,2.454118250545001181e-06,2.346394359464142363e-06,2.156555502649817391e-06,1.887490280045051385e-06,1.544763105472703370e-06,1.136720391137483843e-06,6.763991188220580471e-07,2.173522328367643081e-07,4.412388878234369768e-07,9.930650904066978547e-07,1.566123578138238430e-06,2.139366668788087510e-06,2.699856899820118275e-06,3.235990585909663475e-06,3.736815311910814221e-06,4.191964244421185598e-06,4.591572278972917957e-06,4.925163796670072773e-06,5.174504947672600506e-06,5.327065094048801810e-06,5.373870451289634425e-06,5.309460222979290858e-06,5.131730549491699338e-06,4.841762803678751028e-06,4.579782217855181345e-06,4.342357994167410143e-06,4.126555247587456720e-06,3.929851307605465852e-06,3.750070128676965623e-06,3.585328937256658652e-06,3.433993967569179351e-06,3.294643398450690413e-06,3.166036199516655762e-06,3.047085902964941959e-06,2.936838502791701471e-06,2.834453814825537889e-06,2.739189735924741124e-06,2.650388929175887699e-06,2.567467537844861856e-06,2.489905595887007551e-06,2.417238858165616592e-06,2.349051820211231189e-06,2.284971736437811111e-06,2.224663478257816004e-06,2.167825100487952192e-06,2.114184724351993521e-06,2.063500226141595527e-06,2.015557433157245191e-06,1.970167876690646250e-06,1.927166690240302005e-06,1.886410582775525058e-06,1.847775825740738136e-06,1.811156204077423967e-06,1.776460893670988766e-06,1.743612239023555724e-06,1.712543415023566529e-06,1.683195965454108457e-06,1.655517218994163481e-06,1.629457592234757227e-06,1.604967800737700017e-06,1.581996016356108962e-06,1.560485035779627715e-06,1.540369566270834162e-06,1.521573795013482529e-06,1.504009493181560182e-06,1.487575017331280369e-06,1.472155706128668232e-06,1.457626316137486140e-06,1.443856264375559811e-06,1.430718487475266752e-06,1.418102590088458719e-06,1.405932501481716118e-06,1.394187929773164339e-06,1.382927375466520565e-06,1.372308379607163997e-06,1.362598436479155027e-06,1.354168547550996870e-06,1.347462156659965465e-06,1.342936232142175774e-06,1.340977195555206086e-06,1.341796153734699152e-06,1.345295649481898275e-06,1.350870055298959815e-06
1.355914287101689968e-06,1.359901855557490987e-06,1.358972782657588925e-06,1.352022244341752747e-06,1.338938739426072636e-06,1.320446601209154299e-06,1.297786301028939150e-06,1.272377901762237404e-06,1.245568862340349171e-06,1.218494098465365238e-06,1.192027032429817758e-06,1.166786268195289742e-06,1.143168714447957536e-06,1.121391123180755622e-06,1.101530901924231666e-06,1.083562365584947241e-06,1.067387241642876965e-06,1.052859405223124709e-06,1.039804293156800399e-06,1.028033632811393157e-06,1.017356187490174987e-06,1.007585222486817645e-06,9.985433552983117566e-07,9.900653836823440714e-07,9.819995994572169565e-07,9.742080062855728761e-07,9.665657753391096722e-07,9.589601992593962030e-07,9.512893444777600331e-07,9.434605546133764771e-07,9.353889218005246085e-07,9.269958162751712977e-07,9.182075452266975715e-07,9.089541979662183983e-07,8.991687245546147815e-07,8.887862884221927607e-07,8.777439300478081134e-07,8.659805789197008650e-07,8.534374559288271903e-07,8.400589200318560284e-07,8.257938345494192088e-07,8.105975644780686481e-07,7.944330311523932286e-07,7.772664218139653221e-07,7.590669518019892549e-07,7.398086225460665067e-07,7.194726674396727895e-07,6.980509598571130812e-07,6.755507733805862853e-07,6.520014506654621515e-07,6.274637745133366021e-07,6.020431660790233099e-07,5.759082783602333984e-07,5.493170913100282802e-07,5.226531192393514698e-07,4.964743866094115916e-07,4.715763160614169512e-07,4.490642551805998143e-07,4.304182731879675638e-07,4.175096161937005741e-07,4.125041971647525130e-07,4.061612775429549538e-07,4.014879628855746894e-07,4.016965950722142045e-07,4.095192299145271656e-07,4.264641135454236385e-07,4.524239178160581619e-07,4.858681586305069580e-07,5.244150438391294399e-07,5.651776397501746182e-07,6.052760231826821406e-07,6.421139454190660971e-07,6.734692634432300882e-07,6.974810494808437326e-07,7.125689066188519422e-07,7.173213412310555674e-07,7.108715523994624094e-07,6.929649398408874605e-07,6.640030106635995219e-07,6.250887477483877039e-07,5.781004093622062401e-07,5.258237343364397118e-07,4.721658871167075690e-07,4.224111889859493186e-07,3.832237948309054513e-07,3.615726119178676355e-07,3.618459195979992723e-07,3.829753329140233667e-07,4.191197736011230110e-07,4.627554943876681423e-07,5.072511998617327815e-07,5.475447791777464389e-07,5.799361514483574131e-07,6.017390587852140586e-07,6.109774514045550063e-07,6.061750424407942585e-07,5.871754809075894067e-07,5.556470673571003860e-07,5.158378225261456120e-07,4.756491410611714572e-07,4.474850126574446368e-07,4.463832101616847211e-07,4.825982423824180337e-07,5.545872276216138602e-07,6.519371718283493142e-07,7.625526464473386123e-07,8.760283756898390624e-07,9.839763161236353418e-07,1.079612608395254162e-06,1.156970350336216721e-06,1.210809768892655604e-06,1.236605231931143920e-06,1.230563741735473620e-06,1.189664181325690309e-06,1.111696590690579821e-06,9.953201759458912687e-07,8.406925626816704855e-07,6.497943256530384367e-07,4.280784632344398093e-07,2.006816667753773243e-07,2.083617039335261065e-07,4.872842785212634540e-07,8.104702725913812097e-07,1.149601176099440399e-06,1.494604450783356715e-06,1.837590959977171636e-06,2.171342220016176760e-06,2.489167938381591075e-06,2.784949832104409238e-06,3.052379540439797815e-06,3.285346835532167799e-06,3.478242181164829667e-06,3.626127647000603425e-06,3.724785297331408658e-06,3.770587603378019770e-06,3.760218284562094723e-06,3.691968640588320850e-06,3.565861566355725620e-06,3.383617618847891258e-06,3.148544193318096571e-06,2.865382752474457277e-06,2.540129451555952446e-06,2.179834318897616536e-06,1.792386341585517123e-06,1.386311925397254560e-06,9.707071926172794092e-07,5.561102183637502174e-07,1.723245900391372346e-07,2.898174702208927109e-07,6.556504451766998054e-07,1.003037877475270440e-06,1.317817673972392507e-06,1.592380691552835469e-06,1.819894395193942203e-06,1.993036869538980229e-06,2.102808917219855087e-06,2.141711165680195749e-06,2.104507996951137240e-06,1.988650207519042751e-06,1.794377040921590548e-06,1.524705061684748452e-06,1.185618063305968960e-06,7.876662282587571175e-07,3.625409078263694433e-07,2.971659363109490590e-07,7.816346461012678285e-07,1.332774342478369126e-06,1.900161682332335868e-06,2.467567019875720893e-06,3.022175267046835215e-06,3.551983807190023649e-06,4.045339887030689273e-06,4.490791497547474899e-06,4.876867305505284943e-06,5.191479074302481692e-06,5.420953719649418252e-06,5.553716755189305701e-06,5.580984307317478481e-06,5.497086613619020036e-06,5.299575628152323782e-06,4.989209726169819457e-06,4.710121536235293259e-06,4.458236291953928058e-06,4.230113668135091150e-06,4.022835333699818621e-06,3.833914750266941774e-06,3.661224124608274306e-06,3.502934890190740058e-06,3.357469020400660877e-06,3.223459084651211582e-06,3.099715388336781217e-06,2.985198862430840474e-06,2.878998625027045630e-06,2.780313343904635525e-06,2.688435696926067324e-06,2.602739362998472208e-06,2.522668086102861632e-06,2.447726443223951888e-06,2.377472017884488457e-06,2.311508737752762893e-06,2.249481180231282494e-06,2.191069686323967250e-06,2.135986858915212682e-06,2.083976908821757018e-06,2.034813605686095941e-06,1.988297829505260390e-06,1.944255290819794890e-06,1.902534344569706802e-06,1.863003832570554323e-06,1.825550902056945947e-06,1.790078760589001143e-06,1.756504339550398623e-06,1.724755848934892625e-06,1.694770215204722689e-06,1.666490402422314287e-06,1.639862626006252286e-06,1.614833480520201776e-06,1.591347020914304524e-06,1.569341864556616459e-06,1.548748423981598205e-06,1.529486442719487444e-06,1.511463093485399119e-06,1.494572011575689606e-06,1.478693772873994416e-06,1.463698470472043222e-06,1.449451162580370384e-06,1.435820994633853609e-06,1.422694640899593022e-06,1.409994229073496602e-06,1.397698953761373871e-06,1.385868049811472570e-06,1.374660763109325924e-06,1.364346875864881736e-06,1.355300197601715205e-06,1.347968580416266934e-06,1.342818251999555111e-06,1.340255813857896162e-06,1.340531788582604324e-06,1.343615795260043512e-06,1.349002749163419379e-06
1.354232752441179335e-06,1.358936614648111141e-06,1.359172314319044903e-06,1.353709556483733522e-06,1.342292209339359572e-06,1.325511968751650322e-06,1.304510783402978261e-06,1.280650545160889820e-06,1.255254473843934283e-06,1.229455716672717507e-06,1.204137825234312957e-06,1.179934158600284362e-06,1.157257004513930265e-06,1.136337409889995617e-06,1.117265560306102552e-06,1.100027146993945367e-06,1.084534124361163058e-06,1.070649655188902946e-06,1.058207647294995515e-06,1.047027533115955552e-06,1.036925026969510647e-06,1.027719593373377999e-06,1.019239308667285347e-06,1.011323718072348068e-06,1.003825197144577146e-06,9.966092327305828000e-07,9.895539525092085264e-07,9.825491586546816480e-07,9.754950615821655302e-07,9.683008634675377972e-07,9.608833064001084937e-07,9.531652743214579637e-07,9.450745190963487928e-07,9.365425673046886451e-07,9.275038543138196898e-07,9.178951251357807892e-07,9.076551373129422559e-07,8.967246999924329796e-07,8.850470864244836975e-07,8.725688660189727439e-07,8.592412193645717533e-07,8.450218290137672993e-07,8.298757766483288585e-07,8.137711355640205535e-07,7.966785102562987289e-07,7.785724320872574139e-07,7.594332651041018878e-07,7.392498113361608092e-07,7.180228785576549712e-07,6.957701765123494700e-07,6.725330506552899406e-07,6.483857579416181637e-07,6.234482474542190171e-07,5.979037269882985514e-07,5.720226306680903757e-07,5.461947997239418418e-07,5.209713503055912887e-07,4.971159452447145964e-07,4.756603785236796089e-07,4.579493688505508652e-07,4.456438431182781220e-07,4.282363056350065371e-07,4.090164015663347650e-07,3.921982041266697287e-07,3.824562442449796419e-07,3.838544102126097124e-07,3.984471101586180066e-07,4.255300114272713306e-07,4.621740630004102122e-07,5.044172222949279727e-07,5.482989705179003777e-07,5.903562840037662463e-07,6.277296220561863709e-07,6.581026807354822856e-07,6.796082263341569386e-07,6.907812616825545185e-07,6.906640853134853721e-07,6.788746059488109098e-07,6.556595345570498279e-07,6.219477039423638184e-07,5.794222658691543711e-07,5.306361457364275812e-07,4.791936439766917991e-07,4.299773681079959837e-07,3.892105278367847304e-07,3.637002982089611520e-07,3.584487062655463656e-07,3.736391539846096803e-07,4.043209243008180604e-07,4.432141068646371257e-07,4.834610239515275584e-07,5.196237487529114209e-07,5.476380801197515286e-07,5.645405870052046038e-07,5.682924826693336594e-07,5.578421345976794009e-07,5.336583213708208331e-07,4.985308281500075138e-07,4.588649839116656285e-07,4.263773845611243050e-07,4.181286319552603153e-07,4.497659529011452402e-07,5.244218950330723208e-07,6.326420127070315551e-07,7.615370723860985235e-07,8.998986130315351451e-07,1.038694611515076013e-06,1.170441416915373410e-06,1.288683101721389845e-06,1.387621721567049995e-06,1.462023111309437462e-06,1.507230672083017097e-06,1.519220742893516063e-06,1.494677560281426886e-06,1.431084432060605641e-06,1.326856386961822353e-06,1.181594803566238071e-06,9.962506729555072618e-07,7.734217933275645207e-07,5.186687771372156670e-07,2.517689982696609877e-07,1.916400543136579661e-07,4.857299057019751887e-07,8.331946007575981485e-07,1.194544353006415232e-06,1.558541438946487698e-06,1.916857605344194029e-06,2.261971277150018427e-06,2.586813265214304946e-06,2.884539330843604818e-06,3.148640534133251082e-06,3.373112744976667960e-06,3.552591038648085214e-06,3.682428748269369803e-06,3.758732809613818533e-06,3.778457785306190955e-06,3.739872654599604548e-06,3.642769433187085076e-06,3.488518427982092104e-06,3.280028262710443133e-06,3.021643476530875101e-06,2.718998776906208299e-06,2.378842045906990537e-06,2.008838772993617266e-06,1.617383759611738654e-06,1.213501027274772327e-06,8.072032083164260637e-07,4.133530033468897637e-07,1.436238148715610128e-07,4.072336502578593614e-07,7.415612803869084131e-07,1.048533427899896720e-06,1.315147191444428548e-06,1.533097028977684182e-06,1.694864456386940838e-06,1.793169538081330701e-06,1.821960108676067406e-06,1.777081852326716619e-06,1.656704101640766348e-06,1.461582274116832716e-06,1.195401716413675540e-06,8.661149783497261098e-07,4.950501024865243713e-07,2.489192382557648510e-07,5.795930106323647061e-07,1.083597647548059251e-06,1.626091629421670370e-06,2.183114769837092175e-06,2.740263088246175918e-06,3.284921120389972747e-06,3.804939926746798006e-06,4.288289900200322744e-06,4.722921393062475581e-06,5.096653995688221820e-06,5.397083670870720028e-06,5.611793241338291980e-06,5.729794558505846092e-06,5.742415161930163839e-06,5.643826899499543956e-06,5.431320876317293368e-06,5.105401543285674198e-06,4.813275258519073618e-06,4.550365113658607566e-06,4.312837643358055959e-06,4.097468924293139975e-06,3.901534854363262205e-06,3.722722035171846411e-06,3.559055695971295488e-06,3.408841470939445680e-06,3.270618322964742835e-06,3.143120384620184250e-06,3.025245914556219182e-06,2.916031930277006144e-06,2.814633376195334760e-06,2.720305925553696358e-06,2.632391705071479277e-06,2.550307380953711291e-06,2.473534162224009461e-06,2.401609369050734743e-06,2.334119285401028377e-06,2.270693071435469467e-06,2.210997555045717131e-06,2.154733452668688149e-06,2.101634461231867953e-06,2.051465034501485192e-06,2.004017792071298104e-06,1.959111111880779777e-06,1.916586828217532533e-06,1.876307967794688146e-06,1.838156469570148246e-06,1.802030847273830134e-06,1.767843765869919862e-06,1.735519513882949367e-06,1.704991362787949422e-06,1.676198813276624202e-06,1.649084737630171785e-06,1.623592439904037843e-06,1.599662674277615926e-06,1.577230690759154189e-06,1.556223421261013166e-06,1.536556983022507099e-06,1.518134764947411036e-06,1.500846477479861133e-06,1.484568683855728745e-06,1.469167473933558539e-06,1.454504055821590195e-06,1.440444060897304098e-06,1.426871184013419250e-06,1.413705277794831463e-06,1.400924044364130973e-06,1.388585937708583348e-06,1.376849919060433916e-06,1.365985790025132360e-06,1.356367962218187727e-06,1.348446986592613955e-06,1.342697508218457353e-06,1.339546403563203353e-06,1.339284223687655524e-06,1.341947992894276677e-06,1.347132613440769286e-06
1.352523051255293871e-06,1.357907569915009019e-06,1.359273839101296588e-06,1.355273968677237126e-06,1.345512165997456947e-06,1.330448497664688200e-06,1.311124175424813236e-06,1.288839189270295216e-06,1.264888800228460437e-06,1.240401474257168801e-06,1.216268940460309352e-06,1.193138153128390368e-06,1.171436166737031559e-06,1.151408054363884395e-06,1.133156716884542229e-06,1.116679281807505893e-06,1.101898064206216264e-06,1.088685692170765051e-06,1.076884746315216697e-06,1.066322576161328445e-06,1.056822059276287180e-06,1.048209065002097396e-06,1.040317323254518225e-06,1.032991308523390043e-06,1.026087648654440409e-06,1.019475469982372503e-06,1.013036002730978660e-06,1.006661697041709918e-06,1.000255041254520320e-06,9.937272289246438184e-07,9.869967873083832311e-07,9.799882552024690371e-07,9.726309797696497634e-07,9.648580884613964998e-07,9.566056820394087845e-07,9.478122872522091946e-07,9.384186027391088987e-07,9.283675695273842761e-07,9.176047988927115798e-07,9.060793967669915139e-07,8.937452373939651878e-07,8.805627625654036031e-07,8.664997468354658804e-07,8.515268180088644121e-07,8.356168317403154315e-07,8.187459884517739701e-07,8.008953264653345074e-07,7.820527206780142047e-07,7.622155622409761091e-07,7.413943573480039887e-07,7.196175675961536961e-07,6.969381261514986956e-07,6.734422075673104668e-07,6.492610030475305826e-07,6.245864386871367967e-07,5.996919121072465928e-07,5.749590641859137272e-07,5.509110251146998684e-07,5.282508676927791987e-07,5.079002168507468471e-07,4.910261716715464651e-07,4.653233926775229235e-07,4.337752888140165201e-07,4.006296395158649509e-07,3.714879317731843918e-07,3.528222303443800333e-07,3.502420631460827538e-07,3.658924887225597898e-07,3.973719549662524755e-07,4.394345194686808455e-07,4.864239839751737655e-07,5.335398535216120950e-07,5.770445513310090167e-07,6.140777711814816971e-07,6.424430639750615747e-07,6.604876050767820555e-07,6.670979409906897117e-07,6.617362706583287408e-07,6.444884949540223264e-07,6.161179288973114883e-07,5.781330841695437755e-07,5.328883325815181220e-07,4.837391122208468183e-07,4.352440083686211737e-07,3.932645876860481735e-07,3.644430745310737034e-07,3.542395369247631345e-07,3.639423823200809130e-07,3.895827180081600884e-07,4.242055797992967793e-07,4.607782335865134820e-07,4.935246690179780998e-07,5.180546158211448365e-07,5.311603731443065972e-07,5.307118877640573697e-07,5.158286488337374415e-07,4.874807234375804470e-07,4.496556861752372324e-07,4.113885607421929239e-07,3.890173020669980618e-07,4.035436578221468580e-07,4.671914622035915681e-07,5.746102775799714865e-07,7.121709316051907930e-07,8.672513814581138193e-07,1.029914813091511671e-06,1.192078635207040570e-06,1.346756032174444030e-06,1.487649070236616402e-06,1.608952214686985492e-06,1.705309979068906863e-06,1.771854340389382417e-06,1.804278349019463070e-06,1.798928535490768675e-06,1.752916484446562606e-06,1.664261810316542833e-06,1.532070115621384668e-06,1.356672842183923699e-06,1.139755813822189036e-06,8.846170515009419413e-07,5.972570238165712502e-07,2.952661195081654259e-07,1.825489578473088998e-07,4.921520220000994725e-07,8.622150957320411264e-07,1.243069428653501870e-06,1.622571448994889233e-06,1.991967453968708530e-06,2.343389346537444078e-06,2.669441190417591407e-06,2.963188210575623757e-06,3.218247341980371231e-06,3.428889090451004733e-06,3.590128433099020541e-06,3.697819557977138573e-06,3.748805357923583823e-06,3.741172066231971367e-06,3.674431647829103854e-06,3.549606625724986583e-06,3.369229652906946403e-06,3.137276238024124773e-06,2.859047005104801067e-06,2.541013240692324564e-06,2.190640171450567707e-06,1.816211278376471112e-06,1.426710806442237444e-06,1.031965176346205784e-06,6.441083983939120111e-07,2.914835080593440084e-07,2.197311586797880535e-07,5.046816976027363683e-07,7.973802541811387688e-07,1.054058712423961950e-06,1.262806844177516139e-06,1.415543281234955106e-06,1.505618364955564708e-06,1.527857624199772331e-06,1.478936986578850305e-06,1.357767469896251694e-06,1.165955054464467285e-06,9.089290582641934385e-07,6.012958114484240225e-07,3.141013693411919947e-07,4.143257282419899476e-07,8.376554190787839143e-07,1.335494797346427410e-06,1.864270701148191172e-06,2.406641525561783732e-06,2.949457766904035927e-06,3.480558484617924444e-06,3.987973590890132414e-06,4.459652729558551095e-06,4.883349461042905673e-06,5.246587357344369364e-06,5.536773543497002016e-06,5.741647487382612619e-06,5.850226055252669590e-06,5.853661197002077900e-06,5.745853880143292461e-06,5.523815530419960376e-06,5.187818498458076781e-06,4.887226634360919291e-06,4.617121531662146496e-06,4.373410374418262399e-06,4.152673264448903390e-06,3.952037559345976540e-06,3.769076247319491050e-06,3.601726501622447732e-06,3.448224628249211336e-06,3.307054086026203979e-06,3.176903829563322483e-06,3.056634770629381280e-06,2.945252622438126807e-06,2.841885773825503710e-06,2.745767143121940096e-06,2.656219197211591527e-06,2.572641502993865826e-06,2.494500317956750172e-06,2.421319833531029368e-06,2.352674767006931261e-06,2.288184061012626356e-06,2.227505498422579331e-06,2.170331764682409790e-06,2.116389383312929016e-06,2.065436394706000102e-06,2.017259686411220756e-06,1.971672512248560474e-06,1.928512121168978063e-06,1.887637427652215652e-06,1.848926668707213387e-06,1.812275005984911976e-06,1.777592043863137555e-06,1.744799245115335944e-06,1.713827235087922672e-06,1.684612993995231684e-06,1.657096946509159043e-06,1.631219970570409948e-06,1.606920366443236032e-06,1.584130856528235494e-06,1.562775731147718570e-06,1.542768320537800631e-06,1.524009062986147294e-06,1.506384555011342909e-06,1.489768106883658060e-06,1.474022468844336596e-06,1.459005503501114729e-06,1.444579592652027736e-06,1.430625381280145950e-06,1.417059944942973319e-06,1.403858483670680981e-06,1.391077131983267247e-06,1.378872574652320062e-06,1.367512398297010738e-06,1.357369490657094055e-06,1.348895510154555064e-06,1.342572799766889839e-06,1.338848679713559057e-06,1.338054322538393466e-06,1.340294372913188361e-06,1.345262999762713349e-06
1.350789608631901661e-06,1.356819571151085718e-06,1.359281729447688205e-06,1.356718527851585159e-06,1.348599807238091572e-06,1.335255464053090930e-06,1.317624119417732326e-06,1.296940281866716648e-06,1.274467495372672019e-06,1.251326493027674531e-06,1.228415075179680794e-06,1.206392510183423441e-06,1.185699934734863665e-06,1.166596151825578759e-06,1.149196719085357843e-06,1.133510282028710030e-06,1.119469677991298591e-06,1.106957204266443666e-06,1.095824336504712556e-06,1.085906566371423045e-06,1.077034152644551657e-06,1.069039574433065327e-06,1.061762404163461833e-06,1.055052217687185611e-06,1.048770051114302133e-06,1.042788811941980216e-06,1.036992962870542633e-06,1.031277723224623138e-06,1.025547975062265003e-06,1.019717017094340366e-06,1.013705276909407189e-06,1.007439068042850054e-06,1.000849460766248310e-06,9.938713222220821619e-07,9.864425713820689741e-07,9.785036865253415443e-07,9.699974973015750198e-07,9.608692902274549942e-07,9.510672563755098270e-07,9.405433142278736021e-07,9.292543508945566206e-07,9.171639435269098131e-07,9.042430157971064240e-07,8.904653255516572997e-07,8.758067233038623526e-07,8.602460599531178299e-07,8.437663710567206702e-07,8.263564253647105210e-07,8.080127541431516699e-07,7.887423158757564043e-07,7.685660006742268454e-07,7.475232425156835784e-07,7.256780866004622013e-07,7.031271517305631761e-07,6.800100235801287262e-07,6.565226862637879845e-07,6.329345832765030982e-07,6.096096655189024087e-07,5.870310968839130678e-07,5.658277686685942155e-07,5.467979560785466321e-07,5.156122433782290428e-07,4.747743186820784711e-07,4.279934108023831321e-07,3.805659913670068708e-07,3.397621235834181803e-07,3.143814710658090361e-07,3.117598325881397686e-07,3.329743368967434073e-07,3.721943781468864704e-07,4.212197260261878975e-07,4.730753490815241829e-07,5.227207828276971861e-07,5.665924949706193829e-07,6.020971210092947675e-07,6.273190825646045152e-07,6.409320449284741715e-07,6.422067276518606912e-07,6.310521746676027032e-07,6.080667239106347875e-07,5.745991904410931452e-07,5.328354623872558416e-07,4.859317523607984090e-07,4.381969270472568841e-07,3.952198172620396338e-07,3.635255740301591495e-07,3.489674722070908427e-07,3.538288657754838606e-07,3.751168229935705994e-07,4.062427635597760507e-07,4.400345536855525768e-07,4.704067732300128377e-07,4.926620807494985264e-07,5.033322669922419848e-07,5.000973145425409963e-07,4.820264741597545465e-07,4.503541119177389063e-07,4.101119179119789635e-07,3.731109129129290501e-07,3.606838430820569407e-07,3.965380724487307619e-07,4.872386349323840456e-07,6.208180062391332195e-07,7.822513600825046786e-07,9.598152826319525011e-07,1.144499652290860546e-06,1.328771558541693710e-06,1.505892554830728774e-06,1.669612997215247694e-06,1.814048360009514722e-06,1.933671467399175874e-06,2.023367421097963868e-06,2.078515272994960060e-06,2.095081924700858918e-06,2.069733984045649456e-06,1.999987698761240333e-06,1.884401264274892094e-06,1.722736913561530968e-06,1.516074391078325497e-06,1.266906286218893253e-06,9.793394438519943612e-07,6.600244398616849883e-07,3.258744512995390058e-07,1.788808447604553163e-07,5.075470744395824542e-07,8.977513199192397752e-07,1.294334594514829549e-06,1.684717342953810933e-06,2.059894437410419656e-06,2.411869322782801207e-06,2.733292246472699211e-06,3.017440608696666422e-06,3.258273148894055349e-06,3.450503382004411798e-06,3.589695466906372668e-06,3.672412582486646994e-06,3.696428760868300272e-06,3.660904889169410208e-06,3.566488398563645073e-06,3.415334319928561372e-06,3.211059558149811005e-06,2.958644896166017771e-06,2.664298453435838951e-06,2.335294753517603866e-06,1.979809305167063972e-06,1.606789660063738158e-06,1.225981458211473705e-06,8.485884830194254897e-07,4.915628260702794055e-07,2.215264053135416412e-07,3.158344236189044159e-07,5.760347465579269584e-07,8.189507267665694736e-07,1.018145374507260394e-06,1.163281967591428116e-06,1.247557433198483525e-06,1.266234224195943602e-06,1.216629866525594161e-06,1.098489807184266220e-06,9.148870785933002544e-07,6.754556101706553790e-07,4.154021512408898123e-07,3.264048733375856754e-07,6.152161042168315686e-07,1.046742280373472417e-06,1.529992293941069973e-06,2.040483895956800277e-06,2.563955960054258654e-06,3.088474870991643340e-06,3.602642291713238400e-06,4.095015582903442541e-06,4.553879657221525306e-06,4.967126173985441754e-06,5.322198703047222622e-06,5.606209481710850996e-06,5.806447824669659859e-06,5.911382846462884538e-06,5.911623312982480439e-06,5.800607791167637971e-06,5.575000578500824501e-06,5.234845119315672374e-06,4.930702336725965758e-06,4.657492083848490754e-06,4.411014780283434620e-06,4.187780132601599524e-06,3.984868506652039670e-06,3.799820652928735605e-06,3.630550678139248867e-06,3.475277484169820848e-06,3.332470633712629096e-06,3.200807399170222885e-06,3.079138463982194166e-06,2.966460330865398085e-06,2.861892951740413122e-06,2.764661447521205620e-06,2.674081053869018675e-06,2.589544630940735808e-06,2.510512227124166484e-06,2.436502301275436555e-06,2.367084294578636744e-06,2.301872308959712323e-06,2.240519699291167967e-06,2.182715102261508949e-06,2.128181317833894727e-06,2.076672970565858614e-06,2.027973827284755039e-06,1.981894298849748423e-06,1.938269048046190922e-06,1.896954636250309656e-06,1.857827154564546248e-06,1.820779798385679920e-06,1.785720356554393916e-06,1.752568596845353670e-06,1.721253538762904318e-06,1.691710613239957339e-06,1.663878718433193774e-06,1.637697193688391818e-06,1.613102753098981298e-06,1.590026449960640752e-06,1.568390788633557487e-06,1.548107165927421770e-06,1.529073914380109135e-06,1.511175336073623818e-06,1.494282252774900707e-06,1.478254738908997034e-06,1.462947810961398493e-06,1.448220854485063166e-06,1.433951377420967187e-06,1.420053156036599950e-06,1.406497859783492100e-06,1.393337756084198272e-06,1.380725274028483559e-06,1.368923596874702523e-06,1.358302046612602805e-06,1.349311907676612498e-06,1.342442602387595300e-06,1.338162107004009040e-06,1.336842761432913307e-06,1.338656920879248782e-06,1.343397147109904271e-06
1.349036785256089029e-06,1.355677495738499432e-06,1.359200500093051607e-06,1.358046523147163135e-06,1.351556620611879748e-06,1.339932413313955118e-06,1.324008450453939459e-06,1.304950356868394182e-06,1.283986186593632222e-06,1.262225763436530847e-06,1.240570702873149358e-06,1.219691184066907918e-06,1.200041666388031404e-06,1.181894356144157519e-06,1.165377411240610722e-06,1.150511097299505933e-06,1.137238962466157361e-06,1.125453202726896283e-06,1.115014430905109291e-06,1.105766518417459503e-06,1.097547328468475738e-06,1.090196153764525879e-06,1.083558591938428140e-06,1.077489482147855976e-06,1.071854411716805833e-06,1.066530195868193340e-06,1.061404643063909188e-06,1.056375845182588225e-06,1.051351174904887122e-06,1.046246129942272037e-06,1.040983132275103676e-06,1.035490367530363934e-06,1.029700732584509244e-06,1.023550946530533760e-06,1.016980870005681286e-06,1.009933069812385760e-06,1.002352659562910816e-06,9.941874429619366947e-07,9.853883849264729106e-07,9.759104380186792031e-07,9.657137590249901853e-07,9.547653648229523137e-07,9.430397007795796137e-07,9.305141287477561640e-07,9.171681097118124182e-07,9.029839583952277049e-07,8.879478005140125940e-07,8.720507916687083590e-07,8.552906750861516593e-07,8.376737791239995946e-07,8.192175859321179104e-07,7.999540411237793672e-07,7.799338213196947058e-07,7.592318308034179742e-07,7.379542550472843870e-07,7.162475439599077164e-07,6.943097017026409369e-07,6.724041642240937659e-07,6.508762440024822262e-07,6.301714394185728349e-07,6.108535980651717433e-07,5.764878933850675596e-07,5.291884313128842450e-07,4.720927090688545877e-07,4.096933367240278178e-07,3.484802395072789541e-07,2.978530609551966918e-07,2.697902552157957329e-07,2.730928464660093302e-07,3.050194550556853183e-07,3.543240137633133864e-07,4.103604845586373783e-07,4.660156871155907862e-07,5.167784606369962765e-07,5.595854234684171246e-07,5.921906921357266865e-07,6.129938975387385640e-07,6.210306194934796664e-07,6.160103171098954908e-07,5.983625796383568027e-07,5.692887068227316799e-07,5.308334930345105718e-07,4.859995750048116015e-07,4.389153913510767059e-07,3.949875498263184602e-07,3.607026005801007864e-07,3.423142834851678442e-07,3.430475459507667227e-07,3.608549479654381516e-07,3.894995996635807135e-07,4.216681702095195508e-07,4.509847426678417262e-07,4.724656766725315932e-07,4.823594521559242702e-07,4.780271830288886394e-07,4.582026697745328105e-07,4.239735057141387317e-07,3.808863451649563785e-07,3.430609362829619539e-07,3.368560087466018238e-07,3.886450034695667512e-07,4.997785307182487945e-07,6.536940786172529151e-07,8.348460555372494116e-07,1.032143273714484140e-06,1.237087999788070100e-06,1.442420770003171618e-06,1.641516994490592271e-06,1.828135877643464602e-06,1.996297674291142676e-06,2.140293392557777792e-06,2.254756536014152103e-06,2.334747186809845794e-06,2.375829901512836652e-06,2.374158574778504528e-06,2.326625131919028302e-06,2.231140119406364123e-06,2.086851966670546764e-06,1.894278984556168199e-06,1.655372163093181238e-06,1.373554373922492408e-06,1.053858004265457479e-06,7.037399737172916221e-07,3.403288533023584682e-07,1.799674555738191040e-07,5.325008729604593116e-07,9.392513226658915378e-07,1.346669481848301906e-06,1.742360276677636881e-06,2.117415749471194796e-06,2.464054557955174125e-06,2.775265614466444017e-06,3.044758490479691735e-06,3.266982809999878369e-06,3.437181745219618757e-06,3.551520000437109580e-06,3.607344449547374660e-06,3.603388569943821310e-06,3.539886332264197363e-06,3.418602536227523281e-06,3.242796216258016756e-06,3.017133341839854358e-06,2.747562440184473060e-06,2.441165837068038849e-06,2.106002461439006766e-06,1.750971149056370149e-06,1.385767667827650353e-06,1.021183735073296976e-06,6.709034238875264507e-07,3.631027523465537822e-07,2.305094194229450184e-07,3.993036293433254467e-07,6.189197287739045748e-07,8.067629747573837156e-07,9.449186708156148142e-07,1.025193376381641548e-06,1.042820689777229360e-06,9.956205222711379515e-07,8.843974891826027823e-07,7.148185430196126772e-07,5.057731723798787926e-07,3.388463768030061628e-07,4.427741327763321069e-07,7.784216890585654898e-07,1.199136002488041146e-06,1.662154233796044575e-06,2.149790835874523872e-06,2.649910780698650523e-06,3.152025788971875025e-06,3.645855076870896184e-06,4.120837668608883974e-06,4.565961614549070344e-06,4.969612975954549362e-06,5.319371420537891685e-06,5.601897027657389904e-06,5.803377002683317149e-06,5.911092976537800669e-06,5.914681821126357313e-06,5.806906567569638170e-06,5.584023660597558119e-06,5.245871474954367800e-06,4.943254646684249072e-06,4.671136191047997695e-06,4.425380973468463776e-06,4.202566865462295105e-06,3.999837451722567199e-06,3.814788213971678721e-06,3.645378699085592456e-06,3.489864490285387395e-06,3.346744161641021481e-06,3.214717563558606136e-06,3.092652709231326738e-06,2.979559231665864296e-06,2.874566900762150262e-06,2.776908072501084465e-06,2.685903222960652277e-06,2.600948925981999890e-06,2.521507785205239567e-06,2.447099943755835604e-06,2.377295878833606802e-06,2.311710251574773108e-06,2.249996630390734084e-06,2.191843611102848264e-06,2.136973746561777543e-06,2.085141269915847432e-06,2.036129465126271357e-06,1.989748206951850247e-06,1.945831595718430916e-06,1.904235621989153489e-06,1.864835808681874018e-06,1.827524790931213841e-06,1.792209805764951709e-06,1.758810073944080699e-06,1.727254065269956693e-06,1.697476647121812593e-06,1.669416125491911845e-06,1.643011200654938109e-06,1.618197879019628354e-06,1.594906412708526689e-06,1.573058383761807393e-06,1.552564115573052648e-06,1.533320684408434696e-06,1.515210919869889098e-06,1.498103919614597607e-06,1.481857743037922381e-06,1.466325053622800433e-06,1.451362484585098654e-06,1.436844307964386239e-06,1.422680466985552720e-06,1.408838065376537144e-06,1.395363961516626826e-06,1.382404377048597443e-06,1.370215960726792709e-06,1.359162513793022222e-06,1.349693565391424539e-06,1.342305076598412722e-06,1.337485905069741638e-06,1.335650030653152375e-06,1.337037474787525768e-06,1.341538176424713313e-06
1.347268869299739384e-06,1.354486237228975726e-06,1.359034795512513739e-06,1.359261476668238338e-06,1.354384381020394957e-06,1.344479164593076817e-06,1.330275203822075056e-06,1.312866039515897177e-06,1.293440473211788454e-06,1.273094134406945585e-06,1.252730054646568048e-06,1.233027799394785361e-06,1.214454314233614285e-06,1.197294849297437112e-06,1.181690106054972388e-06,1.167672090870025482e-06,1.155195276751285598e-06,1.144162012302091802e-06,1.134442308595419739e-06,1.125888666167684635e-06,1.118346780478520700e-06,1.111662960038368244e-06,1.105689003738687778e-06,1.100285165513521505e-06,1.095321713542976505e-06,1.090679481953487829e-06,1.086249721304969047e-06,1.081933481191978087e-06,1.077640702475914262e-06,1.073289155200829291e-06,1.068803327958753562e-06,1.064113352377796865e-06,1.059154030003964179e-06,1.053864016237109402e-06,1.048185205884703455e-06,1.042062356607325772e-06,1.035442979833083604e-06,1.028277523810519112e-06,1.020519870888250722e-06,1.012128171690263276e-06,1.003066043721079930e-06,9.933041725154212164e-07,9.828208101253918282e-07,9.715972910783098486e-07,9.596171716215697382e-07,9.468668753603711212e-07,9.333364862300222027e-07,9.190207275881694315e-07,9.039201779203142844e-07,8.880427890471765675e-07,8.714057928486252379e-07,8.540381085551170797e-07,8.359833957542333202e-07,8.173039391384155477e-07,7.980855991168185406e-07,7.784441141820560427e-07,7.585330866353659529e-07,7.385540012876140746e-07,7.187685736823676596e-07,6.995135192661560179e-07,6.812173359976142581e-07,6.452943122933634040e-07,5.936167204937349799e-07,5.289561969126788062e-07,4.551715299207598132e-07,3.776459888367019528e-07,3.043094552215964036e-07,2.475179673214411876e-07,2.237130807049806898e-07,2.408888948410002131e-07,2.874552651993534763e-07,3.467369632445680461e-07,4.080795417784679211e-07,4.656493912011257020e-07,5.158520898796379563e-07,5.560060481627598934e-07,5.841492481208850199e-07,5.990249056492484562e-07,6.001156672487440974e-07,5.876785760866653422e-07,5.627803064942672952e-07,5.273510490626911459e-07,4.842816283467501114e-07,4.375824302575299436e-07,3.925635761327888963e-07,3.557666934163747518e-07,3.339090387662299825e-07,3.311762391206960478e-07,3.464648132592742266e-07,3.738087156923183370e-07,4.056960524079105917e-07,4.354747049265978077e-07,4.579270031084766567e-07,4.690385583192466981e-07,4.657324481566845929e-07,4.460173527821748892e-07,4.102482847471113092e-07,3.635313447556696757e-07,3.209108590877296629e-07,3.133888202675397340e-07,3.725723505678014506e-07,4.970984069949944748e-07,6.663768700323130797e-07,8.638890479773750910e-07,1.078621387217330981e-06,1.302221740568285716e-06,1.527509671126037042e-06,1.747913823058246734e-06,1.957242670348016687e-06,2.149438705895454667e-06,2.318618898540187922e-06,2.459183348128803480e-06,2.565904178005942766e-06,2.633965100480764182e-06,2.658956716671713625e-06,2.636950945657996950e-06,2.565057380446980338e-06,2.441726168714668707e-06,2.266896273789877900e-06,2.042039351821916106e-06,1.770144694954749414e-06,1.455696647206451475e-06,1.104757964378176891e-06,7.257137812056133393e-07,3.365897464599258707e-07,1.880799313433725606e-07,5.669939963115838888e-07,9.852966090157520561e-07,1.397613652588511231e-06,1.792409050755534108e-06,2.161283206525975509e-06,2.496977997757313626e-06,2.793040861435021379e-06,3.043731846458173969e-06,3.243966354692268076e-06,3.389351943680689182e-06,3.476675865831306625e-06,3.504165146992035073e-06,3.471604010987864323e-06,3.380356102698833168e-06,3.233322494568269843e-06,3.034855556311313068e-06,2.790641321724751334e-06,2.507560265536619192e-06,2.193538126453223049e-06,1.857406360633493173e-06,1.508817464094228702e-06,1.158354236875269221e-06,8.183779097960660072e-07,5.074625159714252249e-07,2.789256647082399461e-07,2.889103455851578274e-07,4.625345651384075022e-07,6.346352763928932548e-07,7.655045176431513687e-07,8.429948206760395156e-07,8.616140776488085664e-07,8.195251071074449306e-07,7.189041552372264492e-07,5.695672923330238753e-07,4.062579675472961213e-07,3.558388207472078874e-07,5.520098891668099558e-07,8.899106405509684606e-07,1.291417598881648353e-06,1.729299781037970217e-06,2.189250286801933761e-06,2.661057320817944988e-06,3.136245696510939479e-06,3.606038768435687801e-06,4.061069214637789011e-06,4.491417869536000139e-06,4.886460434321975833e-06,5.234355760584990440e-06,5.521229052789109979e-06,5.730979785970575771e-06,5.848794655665745453e-06,5.862856351055178236e-06,5.765086799690774160e-06,5.551350169896155657e-06,5.221373296784515358e-06,4.925316458002363510e-06,4.658422557931313286e-06,4.416809694809154075e-06,4.197271140929815544e-06,3.997127460733294531e-06,3.814116646898931999e-06,3.646311666999224333e-06,3.492057787070781318e-06,3.349924267448542846e-06,3.218666614790122929e-06,3.097196683846571849e-06,2.984558693526357876e-06,2.879909758760025491e-06,2.782503916034456300e-06,2.691678886518423400e-06,2.606845010606887861e-06,2.527475924675256210e-06,2.453100650684233948e-06,2.383296842873642374e-06,2.317684990639773548e-06,2.255923418038365832e-06,2.197704612990154351e-06,2.142754302030347160e-06,2.090829310506802021e-06,2.041715047833725134e-06,1.995223138519502508e-06,1.951189129529645792e-06,1.909470213071135882e-06,1.869942915290982724e-06,1.832500713315748019e-06,1.797051554183931021e-06,1.763515258997602168e-06,1.731820804189282387e-06,1.701903479976664967e-06,1.673701935379427446e-06,1.647155131894604918e-06,1.622199247213221091e-06,1.598764600211673071e-06,1.576772713578060915e-06,1.556133695781851600e-06,1.536744213767881548e-06,1.518486442931319817e-06,1.501228516274805248e-06,1.484827132764479754e-06,1.469133088802026704e-06,1.454000501643460213e-06,1.439300302179751364e-06,1.424938064346064117e-06,1.410875296899988469e-06,1.397151927819310554e-06,1.383906061705551619e-06,1.371385749425805989e-06,1.359947404888498497e-06,1.350037509573075811e-06,1.342158076832281238e-06,1.336819054001339727e-06,1.334476435484398086e-06,1.335437722400631120e-06,1.339689085434980605e-06
1.345490068710049133e-06,1.353250694149529374e-06,1.358789377063443320e-06,1.360367133245872939e-06,1.357085146938035208e-06,1.348895813940502895e-06,1.336422621773552446e-06,1.320684051552906231e-06,1.302825925703096177e-06,1.283926304109961628e-06,1.264887101584568630e-06,1.246395626758499640e-06,1.228930397204399259e-06,1.212789312313673282e-06,1.198125557719860346e-06,1.184983017405771133e-06,1.173327326802425731e-06,1.163071263797493564e-06,1.154094516348191637e-06,1.146258474156000035e-06,1.139416896572204145e-06,1.133423307935312811e-06,1.128135877447306097e-06,1.123420414608274109e-06,1.119151984682435715e-06,1.115215536434585457e-06,1.111505841856798793e-06,1.107926975121803689e-06,1.104391503319932554e-06,1.100819521379463232e-06,1.097137634486390442e-06,1.093277970185295976e-06,1.089177286603467847e-06,1.084776230995519026e-06,1.080018792796914025e-06,1.074851986916371882e-06,1.069225795883081127e-06,1.063093393871881187e-06,1.056411672033225024e-06,1.049142083663109823e-06,1.041251830459803210e-06,1.032715418490632930e-06,1.023515102761884288e-06,1.013636453974251910e-06,1.003067480289161125e-06,9.917991983741679399e-07,9.798263094646112940e-07,9.671480042151807665e-07,9.537689274852860556e-07,9.397003443704463201e-07,9.249615628907900808e-07,9.095816883496161360e-07,8.936018116353500032e-07,8.770777715648129814e-07,8.600836835870266837e-07,8.427164986999358493e-07,8.251019533430847004e-07,8.074024003413372455e-07,7.898271796394491633e-07,7.726463984489533859e-07,7.562092275698981350e-07,7.197270065123460813e-07,6.649345773527745506e-07,5.944350287472524506e-07,5.117982734699716770e-07,4.217751629064962833e-07,3.308432852991337301e-07,2.488089942548689509e-07,1.926389573949685631e-07,1.841018060959428933e-07,2.224718261168730363e-07,2.834301877187354948e-07,3.498533587311394950e-07,4.139774023247523832e-07,4.716981074448653938e-07,5.196244166321926967e-07,5.552928539875224846e-07,5.770822031097212341e-07,5.842236536503979438e-07,5.768057612440566256e-07,5.557794257743054772e-07,5.229880488855818002e-07,4.812482631906473140e-07,4.345052876945528232e-07,3.880475923080240977e-07,3.485678392322817391e-07,3.233469704448263541e-07,3.176234858771759353e-07,3.313646712560069474e-07,3.586762610563901288e-07,3.917041386712522454e-07,4.235389498072901534e-07,4.488521548178822861e-07,4.635139900716822484e-07,4.640081826506331185e-07,4.470108559491537888e-07,4.114894835480538400e-07,3.609421279664929034e-07,3.089569698660510588e-07,2.891649975211345835e-07,3.436771098315994371e-07,4.738260012137682998e-07,6.538732480019675990e-07,8.647687420240705288e-07,1.094813474439042002e-06,1.335432676386968174e-06,1.579346029698974194e-06,1.820011811350546817e-06,2.051490504400651280e-06,2.267661357378258462e-06,2.462459647484881448e-06,2.630082672089852681e-06,2.765098731605852339e-06,2.862436344919356035e-06,2.917163818371735268e-06,2.924083386610500442e-06,2.879284044242907705e-06,2.780422532352173097e-06,2.626839998836221870e-06,2.419558469109873832e-06,2.161216933582914169e-06,1.855990178446022611e-06,1.509526664205889212e-06,1.129002891072131542e-06,7.238423508079376683e-07,3.136988558107502766e-07,2.076382510834604659e-07,6.099660976355632626e-07,1.033330115371908446e-06,1.443846431559182590e-06,1.831385359351566838e-06,2.188383364545830876e-06,2.508337752385009851e-06,2.785481803804587710e-06,3.014486974942965858e-06,3.190029812317877586e-06,3.308163821198514336e-06,3.366540405249553491e-06,3.364478079206741190e-06,3.302944803134511122e-06,3.184492172537897414e-06,3.013161616925749309e-06,2.794370020035896377e-06,2.534779483649539243e-06,2.242158594682245060e-06,1.925248178165158580e-06,1.593657904109748217e-06,1.257872336848003730e-06,9.296675451133398649e-07,6.240298773838805601e-07,3.703979840910211288e-07,2.599528173841754424e-07,3.562039147336153781e-07,5.050571082399900456e-07,6.275149943353217051e-07,7.029498791539789059e-07,7.240768472393133370e-07,6.891155634191418837e-07,6.017511259380033888e-07,4.768722810673314666e-07,3.657825069955954010e-07,3.987886077207064159e-07,6.217158416585245859e-07,9.461979066424738188e-07,1.323078957497716018e-06,1.731213657717776070e-06,2.158154348622218897e-06,2.595640834196148136e-06,3.038678893057755157e-06,3.480230874772540340e-06,3.912217177443821917e-06,4.326180021150285272e-06,4.713261581599664298e-06,5.063330845596910317e-06,5.362549389407693283e-06,5.589462004084158905e-06,5.725863846595779288e-06,5.758069587083297942e-06,5.677182306675992026e-06,5.478868548104070715e-06,5.162965094102500475e-06,4.878222586412130366e-06,4.620432918513334185e-06,4.386167392479248611e-06,4.172582513187982090e-06,3.977285639333938628e-06,3.798239680597567616e-06,3.633693657369647937e-06,3.482130781876162239e-06,3.342228711657761338e-06,3.212828474616247095e-06,3.092909721461195536e-06,2.981570699115669209e-06,2.878011819252898212e-06,2.781522015981893184e-06,2.691467303970618505e-06,2.607281098794917813e-06,2.528455967499010885e-06,2.454536553624939530e-06,2.385113476680449953e-06,2.319818047374206596e-06,2.258317671131785923e-06,2.200312490981267043e-06,2.145534694397825015e-06,2.093746577416286877e-06,2.044738200255680455e-06,1.998325157347339501e-06,1.954346399227228381e-06,1.912662050592814749e-06,1.873151178872670358e-06,1.835709478511011937e-06,1.800246846448137429e-06,1.766684833399277246e-06,1.734953963607519225e-06,1.704990923545721711e-06,1.676735629043861422e-06,1.650128192768291361e-06,1.625105832961763447e-06,1.601599793799261809e-06,1.579532392260501652e-06,1.558814370940014126e-06,1.539342824768028641e-06,1.521000083399806021e-06,1.503654064871429316e-06,1.487160753028789342e-06,1.471369555079841749e-06,1.456132303218324747e-06,1.441316481059931007e-06,1.426822763785715310e-06,1.412606054599103837e-06,1.398697865256405167e-06,1.385226330326726546e-06,1.372428916950095946e-06,1.360652873913353288e-06,1.350340419189288774e-06,1.341999161649641289e-06,1.336160300056469567e-06,1.333322097089109574e-06,1.333859198543065708e-06,1.337852743700830961e-06
1.343704503900038229e-06,1.351975759067284044e-06,1.358469109888227612e-06,1.361367449271203411e-06,1.359661255215738484e-06,1.353182736084885059e-06,1.342449159433656702e-06,1.328401216335659914e-06,1.312138085471314633e-06,1.294716811857592657e-06,1.277035538539223470e-06,1.259787560031875090e-06,1.243461974176041987e-06,1.228368898164420748e-06,1.214673937107655768e-06,1.202433002981425721e-06,1.191623152136357559e-06,1.182167888929920275e-06,1.173956872588130703e-06,1.166860651327778126e-06,1.160741282877763933e-06,1.155459704649837255e-06,1.150880617907398822e-06,1.146875517748786443e-06,1.143324369412696385e-06,1.140116316760787839e-06,1.137149715750410112e-06,1.134331713884096396e-06,1.131577543157054579e-06,1.128809655207410920e-06,1.125956799505377325e-06,1.122953125250778067e-06,1.119737372588029637e-06,1.116252206896781166e-06,1.112443740038275713e-06,1.108261273869542488e-06,1.103657293885146358e-06,1.098587734674366265e-06,1.093012534416489169e-06,1.086896493482302051e-06,1.080210453076977677e-06,1.072932814499258110e-06,1.065049944052353287e-06,1.056551809631795488e-06,1.047431105973244868e-06,1.037683778253763506e-06,1.027309617414547605e-06,1.016312938865856180e-06,1.004703360147561189e-06,9.924966991500739260e-07,9.797160238593506198e-07,9.663928991492050067e-07,9.525688987975262392e-07,9.382974861193165190e-07,9.236464213215823876e-07,9.087009387690363456e-07,8.935680702285397732e-07,8.783826996765164846e-07,8.633162712156288629e-07,8.485896236591270121e-07,8.344923572149578279e-07,7.979649271436934869e-07,7.406408623077550717e-07,6.650521720622457318e-07,5.747192807098360919e-07,4.743014857790950209e-07,3.698163408301186755e-07,2.691176002739152546e-07,1.852314179100817157e-07,1.414103661409076344e-07,1.615927343486243857e-07,2.214775204861364536e-07,2.919037627647335864e-07,3.620408423249823105e-07,4.277171611293005251e-07,4.838628616661848436e-07,5.273750906958729080e-07,5.562015489579548445e-07,5.693199413531939087e-07,5.666773953526481546e-07,5.491415456962696575e-07,5.185005494369889268e-07,4.775294335886447226e-07,4.301477550202570372e-07,3.816786124816867869e-07,3.390521839223215101e-07,3.102243192001522756e-07,3.015612886177153158e-07,3.147212793982251642e-07,3.433136522048874574e-07,3.788609067936983498e-07,4.142365117756464714e-07,4.442262001597295369e-07,4.649960327348281344e-07,4.731305227295761489e-07,4.625309595211866627e-07,4.303234059134029763e-07,3.775347235784686574e-07,3.137489147616283539e-07,2.695953833661244983e-07,3.015517287390019071e-07,4.268381674903556290e-07,6.127064548840842726e-07,8.341013388772231809e-07,1.077391663897713455e-06,1.333298332521712466e-06,1.594181131638126642e-06,1.853411379243084477e-06,2.106046910482423754e-06,2.345734173776885939e-06,2.566135811347888157e-06,2.761268680445472870e-06,2.925641541727088651e-06,3.054278817410559252e-06,3.142263692628428540e-06,3.181717771246345291e-06,3.167538492100352687e-06,3.096542294513340740e-06,2.967504784050067224e-06,2.781056309490440283e-06,2.539544895899472238e-06,2.246915400438175221e-06,1.908610504556771926e-06,1.531509220878447556e-06,1.123992682346301463e-06,6.967006771156228088e-07,2.720652970037749215e-07,2.418022320107895104e-07,6.585244883854191795e-07,1.079368374094605362e-06,1.481256990874641725e-06,1.855677122603438441e-06,2.196145225359600292e-06,2.497206621961560038e-06,2.753829720789464803e-06,2.958520939966369689e-06,3.106482773133114095e-06,3.194784915974487596e-06,3.222316530102836236e-06,3.189689876822104605e-06,3.099132627601628006e-06,2.954382713388079484e-06,2.760578254931510064e-06,2.524138343916888992e-06,2.252639173065189718e-06,1.954697359970381646e-06,1.639874058197408317e-06,1.318627552150816079e-06,1.002709411842575745e-06,7.052382139504927908e-07,4.471193529166436250e-07,2.818509728440509460e-07,2.978053656651751449e-07,4.166341509472937608e-07,5.298358765688201126e-07,6.038707855184861872e-07,6.285169989690067854e-07,6.016001500077048254e-07,5.278656701187860385e-07,4.259252075626046111e-07,3.545841194222165978e-07,4.239709346260100268e-07,6.445608158567625907e-07,9.480716800328055313e-07,1.296452397204871017e-06,1.670620579836681724e-06,2.058557796264622282e-06,2.453297768930449422e-06,2.858152573569118284e-06,3.266770717160788641e-06,3.671808284768696929e-06,4.066468887691207951e-06,4.444750647761522858e-06,4.800933118185038713e-06,5.125501843161510025e-06,5.381376438866949365e-06,5.546198862378809910e-06,5.604528712994937022e-06,5.547123411563210116e-06,5.369965710218043815e-06,5.073405887112425268e-06,4.804183138842873298e-06,4.558924227780243966e-06,4.334847822044675511e-06,4.129607962116412930e-06,3.941194057692043277e-06,3.767863331090526254e-06,3.608092732218634578e-06,3.460543126911992434e-06,3.324031609169227078e-06,3.197509443496844050e-06,3.080044074433205418e-06,2.970804182983759870e-06,2.869047097607368399e-06,2.774108072523048242e-06,2.685391078783486186e-06,2.602360842180198532e-06,2.524535923096433967e-06,2.451482676747785672e-06,2.382809963867745561e-06,2.318164505578423960e-06,2.257226794353225617e-06,2.199708136604857502e-06,2.145350264505993165e-06,2.093923659984896384e-06,2.045225427784568012e-06,1.999077245791409554e-06,1.955323338193926817e-06,1.913828421887319391e-06,1.874475584977325417e-06,1.837164065810441915e-06,1.801806910237999026e-06,1.768328493178213607e-06,1.736661898032873445e-06,1.706746154864502610e-06,1.678523346860786525e-06,1.651935606679600795e-06,1.626922042780014174e-06,1.603415664639821836e-06,1.581340419378848385e-06,1.560608515547103460e-06,1.541118296733245543e-06,1.522753039500266618e-06,1.505381182112151765e-06,1.488858626309535589e-06,1.473033859237613519e-06,1.457756655625992752e-06,1.442890950461095491e-06,1.428332006900461459e-06,1.414027143502660508e-06,1.399998020361799489e-06,1.386361019646857805e-06,1.373341125475282514e-06,1.361274731875366115e-06,1.350598640742901655e-06,1.341825604957103536e-06,1.335508161545701637e-06,1.332186953252479271e-06,1.332303282381176876e-06,1.336031887895118739e-06
1.341916200840671645e-06,1.350666307942982624e-06,1.358078949644198356e-06,1.362266580664870005e-06,1.362115314476614976e-06,1.357340584758347278e-06,1.348353489768782592e-06,1.336014463797575594e-06,1.321372465269275084e-06,1.305460031276374143e-06,1.289168769651367678e-06,1.273196095725870034e-06,1.258040619782081961e-06,1.244024207072144873e-06,1.231324809460628234e-06,1.220010527582348422e-06,1.210070115011670608e-06,1.201438117525733805e-06,1.194014473530239034e-06,1.187679166764099207e-06,1.182302789568767111e-06,1.177753886272710499e-06,1.173903844415244209e-06,1.170629964026018016e-06,1.167817200135612296e-06,1.165358957279153660e-06,1.163157221571188064e-06,1.161122244957620720e-06,1.159171944085338921e-06,1.157231138782665424e-06,1.155230728496015343e-06,1.153106885832622915e-06,1.150800331990972529e-06,1.148255747431124488e-06,1.145421361433668332e-06,1.142248755580200189e-06,1.138692908479213868e-06,1.134712502417653045e-06,1.130270507428427420e-06,1.125335055047114777e-06,1.119880613342635991e-06,1.113889477137170090e-06,1.107352146251321268e-06,1.100263048188656974e-06,1.092619684476662462e-06,1.084423129320171982e-06,1.075678573325736704e-06,1.066395913380774732e-06,1.056590390350370360e-06,1.046283278082236260e-06,1.035502631359325130e-06,1.024284108696808302e-06,1.012671901182058180e-06,1.000719825690477360e-06,9.884926875698638472e-07,9.760680970406288453e-07,9.635390564207911197e-07,9.510178587358743393e-07,9.386422200737772571e-07,9.265852435103691044e-07,9.150720786525787150e-07,8.786916864395537357e-07,8.189480416869818354e-07,7.382787612158339703e-07,6.401893014560949186e-07,5.295413262673845397e-07,4.129367691462254380e-07,2.975034052709049864e-07,1.970985890391969806e-07,1.213645481811471576e-07,1.082529683610314484e-07,1.616927352927407629e-07,2.341976214925022171e-07,3.089804271617734645e-07,3.843688505521303310e-07,4.495813435759301869e-07,5.014884262948344148e-07,5.375555351672237923e-07,5.565659331775832937e-07,5.584005428553724943e-07,5.438981566187069323e-07,5.148279142068354551e-07,4.739492297638213185e-07,4.251770416077148120e-07,3.738947173005451631e-07,3.273401012710389633e-07,2.942887686210019947e-07,2.816100052367439717e-07,2.954258867092067086e-07,3.267030547906648051e-07,3.659774894183766735e-07,4.060199711592221096e-07,4.419896037192233435e-07,4.710351632783343825e-07,4.929839250935197513e-07,4.936870292686506786e-07,4.693020678539594342e-07,4.182036383472838666e-07,3.450196602878680507e-07,2.702771405695081711e-07,2.544924007716439132e-07,3.560066705269860085e-07,5.408561981036297293e-07,7.696641445252691340e-07,1.024178878621697099e-06,1.293625939291773796e-06,1.569544384231491807e-06,1.844228375518603941e-06,2.116751011142436280e-06,2.379173508629429821e-06,2.624674766102015153e-06,2.847093052676098753e-06,3.040991298962989817e-06,3.202076318258456938e-06,3.328598347896308480e-06,3.404478466323932713e-06,3.424422132410759746e-06,3.384456043082871009e-06,3.282933743075647720e-06,3.120223305665053790e-06,2.898457987988294781e-06,2.621389548807306465e-06,2.294289849129660965e-06,1.923884924612951859e-06,1.518354548308881808e-06,1.087526939888553190e-06,6.438594752978027530e-07,2.146290726110534117e-07,2.883898496836169835e-07,7.074605525121553488e-07,1.118210679254698817e-06,1.505308143406852170e-06,1.861918147451052655e-06,2.183353241301158995e-06,2.467819153796344196e-06,2.700674233360926938e-06,2.877221326720480531e-06,2.994073503045842241e-06,3.049816684401469441e-06,3.044798697419580191e-06,2.980968759866130776e-06,2.861772202334877893e-06,2.692054129736384575e-06,2.477954725086575467e-06,2.226802464075394455e-06,1.947030648956328526e-06,1.648134841450950402e-06,1.340399077848336159e-06,1.036854737679030740e-06,7.487091074389850178e-07,4.929618060873756059e-07,3.072510546420332527e-07,2.707441033452811311e-07,3.619566623579282323e-07,4.676887785405414226e-07,5.417265939563973384e-07,5.706834802582743181e-07,5.515769221864162532e-07,4.891315954133746855e-07,4.022051546074650803e-07,3.468283499845331647e-07,4.175240779395119136e-07,6.210703937679852236e-07,8.993418825706248176e-07,1.216904387342582558e-06,1.554041753075245766e-06,1.896946380239397240e-06,2.233452254701447573e-06,2.594485803989981360e-06,2.965668702649501062e-06,3.338950296022655418e-06,3.709080338002454939e-06,4.073561626166586583e-06,4.435301619885605730e-06,4.813138370016954828e-06,5.113114388831763808e-06,5.317147386970904776e-06,5.409192848603676272e-06,5.380892989776802368e-06,5.229516315294173343e-06,4.956520226603514570e-06,4.706187754640958496e-06,4.476238712280444402e-06,4.264695625916669773e-06,4.069810030289736667e-06,3.890020897531837502e-06,3.723927803565212161e-06,3.570271397635357553e-06,3.427917848045796724e-06,3.295845707302056350e-06,3.173134434830022332e-06,3.058954183828783819e-06,2.952556632971365236e-06,2.853266726877914565e-06,2.760475229362876866e-06,2.673632013139409013e-06,2.592240019904531601e-06,2.515849830789054638e-06,2.444054791508231666e-06,2.376486640296765889e-06,2.312811590298502053e-06,2.252726821644090032e-06,2.195957987196484520e-06,2.142259185120194692e-06,2.091411585486715286e-06,2.043221557558303064e-06,1.997518833717221294e-06,1.954154664353143431e-06,1.912999920732474142e-06,1.873943109551642448e-06,1.836888271045734546e-06,1.801752740710485450e-06,1.768464762218308512e-06,1.736960945969082928e-06,1.707183574568159908e-06,1.679077764703535997e-06,1.652588506482567042e-06,1.627657619178441039e-06,1.604220690248506883e-06,1.582204106847119700e-06,1.561522350579480621e-06,1.542075810966292800e-06,1.523749482484844885e-06,1.506413039764247401e-06,1.489922920297192992e-06,1.474127150936278897e-06,1.458873675524993592e-06,1.444022789563186530e-06,1.429463856541757192e-06,1.415135675519996212e-06,1.401048684435198970e-06,1.387305814791912234e-06,1.374117763127554755e-06,1.361808465692936829e-06,1.350808205209754432e-06,1.341634408168241369e-06,1.334860934879330820e-06,1.331070759025076166e-06,1.330771194717622341e-06,1.334229117326642722e-06
1.340129084551095024e-06,1.349327189798675195e-06,1.357623929125011702e-06,1.363068870053080451e-06,1.364450197125343610e-06,1.361370291516751631e-06,1.354134507508627198e-06,1.343520835195358846e-06,1.330524550293542146e-06,1.316150164920898087e-06,1.301279895898291311e-06,1.286613314788265916e-06,1.272657402947765878e-06,1.259745264680712800e-06,1.248067114965877273e-06,1.237703410403581454e-06,1.228654892220077627e-06,1.220867477060921898e-06,1.214251701327684000e-06,1.208697267037102058e-06,1.204083537898930588e-06,1.200286854961014074e-06,1.197185438553204269e-06,1.194662502467972047e-06,1.192608068726767679e-06,1.190919853855728398e-06,1.189503504695929055e-06,1.188272391868861016e-06,1.187147118240801793e-06,1.186054863675062622e-06,1.184928661933326940e-06,1.183706687361420702e-06,1.182331615328504691e-06,1.180750109407498187e-06,1.178912478801110211e-06,1.176772540918687088e-06,1.174287716128471011e-06,1.171419374704386771e-06,1.168133450216357506e-06,1.164401329530181084e-06,1.160201027616698794e-06,1.155518655795067904e-06,1.150348785440440894e-06,1.144690271188668534e-06,1.138545434083693891e-06,1.131920555441852873e-06,1.124826394826767939e-06,1.117278723634241207e-06,1.109298862854949544e-06,1.100914210686163181e-06,1.092158743455258028e-06,1.083073473014037105e-06,1.073706847516316922e-06,1.064115093987373088e-06,1.054362526503545236e-06,1.044521893295574711e-06,1.034674926283389181e-06,1.024913414605749981e-06,1.015341395163014630e-06,1.006079520763775563e-06,9.972735095026677910e-07,9.610798709125920588e-07,8.988023263178380442e-07,8.126457443689152285e-07,7.058415649193835188e-07,5.832042277802747488e-07,4.536931637159991412e-07,3.343461643462091341e-07,2.256378722131393877e-07,1.308106255949876616e-07,7.518068866777303180e-08,1.127435230544522777e-07,1.875225735190071471e-07,2.657549598587237985e-07,3.429010913525130571e-07,4.178699058193915045e-07,4.790372826307004353e-07,5.225953724746200110e-07,5.473519253874531286e-07,5.532832056631066459e-07,5.412747237224772906e-07,5.131125754240971052e-07,4.715594603858766276e-07,4.205273487807305790e-07,3.654313195495665476e-07,3.138366282861526710e-07,2.762495096706484154e-07,2.669065169588400393e-07,2.851803939712464771e-07,3.221319786812442094e-07,3.677691661665127105e-07,4.147956557345362217e-07,4.584739792807899758e-07,4.957248602205085590e-07,5.243833383461642865e-07,5.414392424150515039e-07,5.305648160367002510e-07,4.866991670888964053e-07,4.108193968974046745e-07,3.125405864677055733e-07,2.310066668182489988e-07,2.682626718603105021e-07,4.381614032428563182e-07,6.704076041677253578e-07,9.342070031291617047e-07,1.215700068571746494e-06,1.505393745598689969e-06,1.800464869996068286e-06,2.094522119620500234e-06,2.380558916567210281e-06,2.651821916031377965e-06,2.902008837649640912e-06,3.125417823270581427e-06,3.317120893496180310e-06,3.472995779616552395e-06,3.588367766764713613e-06,3.645768536261477481e-06,3.639541008803255474e-06,3.567977726916639852e-06,3.431428240122712453e-06,3.231907179960187044e-06,2.972985908240695292e-06,2.659728502560742137e-06,2.298638913868759682e-06,1.897664472769040413e-06,1.466468337613004392e-06,1.017926854415763826e-06,5.688538139899205526e-07,1.506545254154539298e-07,3.456456688718367027e-07,7.596137639246774423e-07,1.156872706967937138e-06,1.526838785900845075e-06,1.863962941329684914e-06,2.164212334732455248e-06,2.423342911008674112e-06,2.626880423775981733e-06,2.770405065807416616e-06,2.852447107326567508e-06,2.873240597339265137e-06,2.834509052954743289e-06,2.739409768650514364e-06,2.592472895827469655e-06,2.399511776851234662e-06,2.167519409097597674e-06,1.904623230389204580e-06,1.620422321680409658e-06,1.327603694044158219e-06,1.036049496912038796e-06,7.568475538543245461e-07,5.053815758532522194e-07,3.132943112203408934e-07,2.539860708807682557e-07,3.318432937069455758e-07,4.351985856508116587e-07,5.119790735617499559e-07,5.463056889614768938e-07,5.343149397551066792e-07,4.796072929813622231e-07,3.977711575643622330e-07,3.352383415094059256e-07,3.804644073180467952e-07,5.558692219746759357e-07,8.063138160752455868e-07,1.092812228253933316e-06,1.392761122432797022e-06,1.691066862673944372e-06,2.008004306420192965e-06,2.341781133076938785e-06,2.686103191582317184e-06,3.035564402969026483e-06,3.386404446037363176e-06,3.736925523586871546e-06,4.088140246650902856e-06,4.443406382439536574e-06,4.797108896907661308e-06,5.050644908832291434e-06,5.182165140927671629e-06,5.186490290521355929e-06,5.063687655312480737e-06,4.816983025563966759e-06,4.587818129474421829e-06,4.375154059130763628e-06,4.177890862747804250e-06,3.994919094500059966e-06,3.825154075788672148e-06,3.667557220887225588e-06,3.521148389258235074e-06,3.385012146230762272e-06,3.258299943281060042e-06,3.140229614704972901e-06,3.030083161056373659e-06,2.927203492046667354e-06,2.830990592290494023e-06,2.740897425557006076e-06,2.656425788909485155e-06,2.577122254710609723e-06,2.502574287064044990e-06,2.432406583535692065e-06,2.366277668429513885e-06,2.303876747244753677e-06,2.244920820894418959e-06,2.189152693327312973e-06,2.136341341817637223e-06,2.086280874424642722e-06,2.038788937044392007e-06,1.993705115442797158e-06,1.950889295393583234e-06,1.910219944605317984e-06,1.871592285004164937e-06,1.834916330662607349e-06,1.800114773723652057e-06,1.767120707335268592e-06,1.735875180820332499e-06,1.706324588640602669e-06,1.678417902411711405e-06,1.652103766259589479e-06,1.627327492940943975e-06,1.604028024963514830e-06,1.582134965731332433e-06,1.561565845132954198e-06,1.542223866046265360e-06,1.523996484673584627e-06,1.506755304745056519e-06,1.490357899513297322e-06,1.474652285465129154e-06,1.459484803459983779e-06,1.444712034868382139e-06,1.430216990824364537e-06,1.415929072765417375e-06,1.401846205047008285e-06,1.388056267162449869e-06,1.374753965624971119e-06,1.362249260249944416e-06,1.350964846967849304e-06,1.341422313245173822e-06,1.334216700771272718e-06,1.329973087295319591e-06,1.329263995331508015e-06,1.332446889713889414e-06
1.338346972980750959e-06,1.347963216721007813e-06,1.357109144835271709e-06,1.363778833224488032e-06,1.366669030004645205e-06,1.365273063014395632e-06,1.359791331931513353e-06,1.350917487564237941e-06,1.339589799972468579e-06,1.326781240480044565e-06,1.313361704953258069e-06,1.300030867234338967e-06,1.287302868577770035e-06,1.275521503514822048e-06,1.264889152579160882e-06,1.255498798202349150e-06,1.247363469606213915e-06,1.240440794503157453e-06,1.234652234020088828e-06,1.229897494811085594e-06,1.226064947890942931e-06,1.223038916143483262e-06,1.220704591417339323e-06,1.218951199935626666e-06,1.217673895934133840e-06,1.216774745836911449e-06,1.216163073132699658e-06,1.215755365508006366e-06,1.215474896493209540e-06,1.215251179235369143e-06,1.215019345797120462e-06,1.214719528118241666e-06,1.214296303819133585e-06,1.213698259518621181e-06,1.212877715121887632e-06,1.211790644019118097e-06,1.210396816171736330e-06,1.208660183809119594e-06,1.206549523255048586e-06,1.204039341650613331e-06,1.201111054369405784e-06,1.197754437833446317e-06,1.193967990187605573e-06,1.189754868301079131e-06,1.185122122628143840e-06,1.180081205876169021e-06,1.174648490701276869e-06,1.168845779457870517e-06,1.162700782474910813e-06,1.156247533301780467e-06,1.149526699846755267e-06,1.142585739552404095e-06,1.135478835392623445e-06,1.128266538982161191e-06,1.121015040153018271e-06,1.113794983514527351e-06,1.106679768605506809e-06,1.099743309393589223e-06,1.093057293550781423e-06,1.086688040573723509e-06,1.080692941341728665e-06,1.044738299677212841e-06,9.798710829532155744e-07,8.879033034009188197e-07,7.711969329020883006e-07,6.318981787635436578e-07,4.996541395321324977e-07,3.762897071556620364e-07,2.619994328964021512e-07,1.574552372490797944e-07,7.121513943771045031e-08,7.377767110642958226e-08,1.504594424369605800e-07,2.325423035050639413e-07,3.126672908979019043e-07,3.896379407527816114e-07,4.620354364007088817e-07,5.131739523220459213e-07,5.433245031162381197e-07,5.528328677494962879e-07,5.426830787018919804e-07,5.146947335634291393e-07,4.716519728935817733e-07,4.174761744356783263e-07,3.575186529845345799e-07,2.989191260272895870e-07,2.626433498576164123e-07,2.577120492638739680e-07,2.831029011825501342e-07,3.284193995346756404e-07,3.828819150784819002e-07,4.391570177934954374e-07,4.926209917754779017e-07,5.400996377103840657e-07,5.789148532286574595e-07,6.058429925804215763e-07,6.160225183936582001e-07,5.850136396449523140e-07,5.138496677316496115e-07,4.064252010177868210e-07,2.774392207002015901e-07,1.976456636896410340e-07,3.085518184113729037e-07,5.365539079738632750e-07,8.076548471112370410e-07,1.099851496060048143e-06,1.406862154068008452e-06,1.721710651150790667e-06,2.037591084526979045e-06,2.347582753646590001e-06,2.644888224895351444e-06,2.923020972731356685e-06,3.175947413998588205e-06,3.398169931731807464e-06,3.584636312575536823e-06,3.730217499931695942e-06,3.829042944203897797e-06,3.858372435118808485e-06,3.818380269060768731e-06,3.709781965205771988e-06,3.534529619827649207e-06,3.295986475955398571e-06,2.998937534646222810e-06,2.649520617753852903e-06,2.255069010919052180e-06,1.823702059917913680e-06,1.378391669655867950e-06,9.276883701206484950e-07,4.808387131118108369e-07,9.755653127822382433e-08,4.117365963811877953e-07,8.149194047788605620e-07,1.195399712935855824e-06,1.545303759888658930e-06,1.859568016730750965e-06,2.133645111152198742e-06,2.362843556939648889e-06,2.530464820245925882e-06,2.636265138000224490e-06,2.680571114275553204e-06,2.664889200185813080e-06,2.592064975481858653e-06,2.466284145274520394e-06,2.292988736584504947e-06,2.078714729598329739e-06,1.830778860055703302e-06,1.562470560775125999e-06,1.283110521335910387e-06,1.002399935422243812e-06,7.312122679451369507e-07,4.843372064068650076e-07,2.927379725721842173e-07,2.355636602806860343e-07,3.210013775611072297e-07,4.303461323832552871e-07,5.127487332398012134e-07,5.540646885337207921e-07,5.490123505156307428e-07,4.997113595222107135e-07,4.166810446587104427e-07,3.319792469890631175e-07,3.256830124330803318e-07,4.573063780639457468e-07,6.772060116744781972e-07,9.345796629963733656e-07,1.199002714017589249e-06,1.482454217303273411e-06,1.782908768855316876e-06,2.097675917967135906e-06,2.422853898238557061e-06,2.754756070121931627e-06,3.090599661753643795e-06,3.428789457021339595e-06,3.768796606707479606e-06,4.109831857996206317e-06,4.446468853318054201e-06,4.764214194718912950e-06,4.936680419712903489e-06,4.973434208773055734e-06,4.879426770052027882e-06,4.659920451785577976e-06,4.452958847941007737e-06,4.258677067154527943e-06,4.076801084202582109e-06,3.906826161112626525e-06,3.748122591593104385e-06,3.600001226036264283e-06,3.461754826356059056e-06,3.332684131155235316e-06,3.212113954720685414e-06,3.099402687365958500e-06,2.993947402671506165e-06,2.895186047996929119e-06,2.802597719572346462e-06,2.715701706069058325e-06,2.634055768882421948e-06,2.557253979174345732e-06,2.484924329163278491e-06,2.416726263859861432e-06,2.352348229797670672e-06,2.291505302742959241e-06,2.233936932368695276e-06,2.179405465597910888e-06,2.127696932570765385e-06,2.078620348563627164e-06,2.032006414932307523e-06,1.987706174752436090e-06,1.945589594567691860e-06,1.905544042211536208e-06,1.867472633829621181e-06,1.831292428548517998e-06,1.796932455194898889e-06,1.764331561298844257e-06,1.733436080192531870e-06,1.704197317835224708e-06,1.676568868194187922e-06,1.650503776430618688e-06,1.625951585396194371e-06,1.602855326463118738e-06,1.581148554637045369e-06,1.560752584773099782e-06,1.541574164634956937e-06,1.523503923547480851e-06,1.506416059604589469e-06,1.490169861487107665e-06,1.474613775038406727e-06,1.459592769730700484e-06,1.444959660005326700e-06,1.430590695994123535e-06,1.416405072204264198e-06,1.402387000563164013e-06,1.388607816151594026e-06,1.375244641685969657e-06,1.362592023447629232e-06,1.351064024601488063e-06,1.341185816563036323e-06,1.333573330605129713e-06,1.328893329331316662e-06,1.327782580397241654e-06,1.330687517215813783e-06
1.336573571274741271e-06,1.346579154217521588e-06,1.356539743577096799e-06,1.364401144944979532e-06,1.368775183743112382e-06,1.369050376707085457e-06,1.365323308432189596e-06,1.358201697812844250e-06,1.348563650463095947e-06,1.337347108719410585e-06,1.325406663629408980e-06,1.313439959977182098e-06,1.301967022810073513e-06,1.291341748125976308e-06,1.281778567427531645e-06,1.273383156924511526e-06,1.266181139397991905e-06,1.260142200381723014e-06,1.255199057042109115e-06,1.251261708277790382e-06,1.248227766092397633e-06,1.245989714994335547e-06,1.244439849286182707e-06,1.243473496602108744e-06,1.242990997466543900e-06,1.242898793765436736e-06,1.243109888131947282e-06,1.243543869179406696e-06,1.244126649782785794e-06,1.244790032394233885e-06,1.245471192365555151e-06,1.246112153939966815e-06,1.246659321331456055e-06,1.247063117303025218e-06,1.247277772753044848e-06,1.247261302457102095e-06,1.246975694157396943e-06,1.246387330805506556e-06,1.245467659276239970e-06,1.244194113645644951e-06,1.242551297423255176e-06,1.240532426918593378e-06,1.238139699779261379e-06,1.235380358274330007e-06,1.232265990552320878e-06,1.228813074147370588e-06,1.225043520249446783e-06,1.220985194984090620e-06,1.216672383987704173e-06,1.212146153506121700e-06,1.207454544273426413e-06,1.202652512558020057e-06,1.197801504813803152e-06,1.192968516955899536e-06,1.188224444773699438e-06,1.183641476472006870e-06,1.179289209164065633e-06,1.175229083311176537e-06,1.171506608876624431e-06,1.168140660107728815e-06,1.165108698153227278e-06,1.129574325466332389e-06,1.062370650803830910e-06,9.650896986135593114e-07,8.399420805165799476e-07,6.895361227069774063e-07,5.505716257255936793e-07,4.215719759312308809e-07,3.016207243253714041e-07,1.902812222780104470e-07,8.963562102470837231e-08,4.594690407873707615e-08,1.221727503322528669e-07,2.089913914633344972e-07,2.935594911541730686e-07,3.751789888436697337e-07,4.543842726705528468e-07,5.115891499937587742e-07,5.463070554822093293e-07,5.586924081709440952e-07,5.496708101053787318e-07,5.210597886133878097e-07,4.756977135820803203e-07,4.176620472562799394e-07,3.527441345607827503e-07,2.895189890755601562e-07,2.532206085320624444e-07,2.537714837459534962e-07,2.886265776054276336e-07,3.447572882147475555e-07,4.103852601390191984e-07,4.782096863738903132e-07,5.438221251763662234e-07,6.042098692125127148e-07,6.568927635729288687e-07,6.994232822455030694e-07,7.294083955682292131e-07,7.140306916801389890e-07,6.528763744531500098e-07,5.473761152439300414e-07,4.024611179520883731e-07,2.369272333942563949e-07,1.767957239729809940e-07,3.702435454489921083e-07,6.460230457166415341e-07,9.502160172443231585e-07,1.273452499064605238e-06,1.607443657369443297e-06,1.944907213041759589e-06,2.278753552417287566e-06,2.602032931788505040e-06,2.908041408635449846e-06,3.190444997150480533e-06,3.443377049219476404e-06,3.661481922551580098e-06,3.839947903447338521e-06,3.974934346432385459e-06,4.038757353261876298e-06,4.030690757925412760e-06,3.951101813425064713e-06,3.801652751006426629e-06,3.585397541864478740e-06,3.306784461654309345e-06,2.971586841802424458e-06,2.586767079602889742e-06,2.160271240377009447e-06,1.719297651764791606e-06,1.270538623287041441e-06,8.212632792910285229e-07,3.810570947067140969e-07,1.057170452727180175e-07,4.848884249475420324e-07,8.724317377649732808e-07,1.232579439455357415e-06,1.559012776019150561e-06,1.847264070390776089e-06,2.094138115671439922e-06,2.281369918683784519e-06,2.407623927828317873e-06,2.472697065189070354e-06,2.477677252726820416e-06,2.425020438515710815e-06,2.318540788011478627e-06,2.163331480728629975e-06,1.965626611675028026e-06,1.732617361626312594e-06,1.478024221600862470e-06,1.210359007840481086e-06,9.389529855131144034e-07,6.744568625042304198e-07,4.317689416778754162e-07,2.463986104328110949e-07,2.199789645374289476e-07,3.333394901764963564e-07,4.554080902605087214e-07,5.465549810400038276e-07,5.960418347300695735e-07,5.985217707743062256e-07,5.547040984009994792e-07,4.704741297934255550e-07,3.632189494497573344e-07,2.863594308103060502e-07,3.410388156832065361e-07,5.219354112691717745e-07,7.552531365762421623e-07,1.001281284528809792e-06,1.271333075811703865e-06,1.559001732363907119e-06,1.860418153837871759e-06,2.172287978575226588e-06,2.491776684507682886e-06,2.816699667932928678e-06,3.145634811078701397e-06,3.477814040028191456e-06,3.812660585882462642e-06,4.149318296081822225e-06,4.489174678167901397e-06,4.688161282749356720e-06,4.751351741779070526e-06,4.683514271972569923e-06,4.490330718973957300e-06,4.305433645605843142e-06,4.129805152141068139e-06,3.963818665271485397e-06,3.807468351429228904e-06,3.660513892089987863e-06,3.522574161705467619e-06,3.393188706114675850e-06,3.271858289458350026e-06,3.158071544641198857e-06,3.051322271766228878e-06,2.951120392594823240e-06,2.856998587052740913e-06,2.768515993401033825e-06,2.685259922505920531e-06,2.606846243830606758e-06,2.532918899654497675e-06,2.463148864663576608e-06,2.397232770829053160e-06,2.334891349317086084e-06,2.275867793204240870e-06,2.219926110959669877e-06,2.166850156366197742e-06,2.116444830360453563e-06,2.068535727291582916e-06,2.022968133074777623e-06,1.979605941325473597e-06,1.938330466131416225e-06,1.899039126948067669e-06,1.861643982716890125e-06,1.826070096332730341e-06,1.792253715524967411e-06,1.760140261272492118e-06,1.729682119863882734e-06,1.700836240048278384e-06,1.673561543421431182e-06,1.647816165955055912e-06,1.623554563857585533e-06,1.600724540998413889e-06,1.579264291922510805e-06,1.559099608467729567e-06,1.540141473343347209e-06,1.522284363164011990e-06,1.505405704424469557e-06,1.489367058299221612e-06,1.474017729262007230e-06,1.459201553044347216e-06,1.444767551652589384e-06,1.430584858339073466e-06,1.416561731686369967e-06,1.402667577652049508e-06,1.388955814577762206e-06,1.375584502037342624e-06,1.362831414083383329e-06,1.351100943454088011e-06,1.340921183543358741e-06,1.332928492976201866e-06,1.327830695337695180e-06,1.326327680016653244e-06,1.328953162725076330e-06
1.334812466411799280e-06,1.345179711939508024e-06,1.355920909103838983e-06,1.364940624209400764e-06,1.370772260849078986e-06,1.372703974973018953e-06,1.370730008804336844e-06,1.365370866392646432e-06,1.357441517867679436e-06,1.347841443291655597e-06,1.337406913162917981e-06,1.326831348202663799e-06,1.316639322218550745e-06,1.307194204288206876e-06,1.298722342083932174e-06,1.291342266789133199e-06,1.285092500396438410e-06,1.279955134983403252e-06,1.275874476031232315e-06,1.272771101001197709e-06,1.270552092807150848e-06,1.269118271412482122e-06,1.268369156789428490e-06,1.268206257885837776e-06,1.268535145441334996e-06,1.269266651301923316e-06,1.270317447780941520e-06,1.271610195335982033e-06,1.273073400758343306e-06,1.274641096294216725e-06,1.276252428289220435e-06,1.277851228574745080e-06,1.279385630285627292e-06,1.280807780315691865e-06,1.282073692077942321e-06,1.283143274098284732e-06,1.283980562117598151e-06,1.284554174976226805e-06,1.284838007932337085e-06,1.284812171566180501e-06,1.284464180258618241e-06,1.283790391287470567e-06,1.282796391278625727e-06,1.281493197425407183e-06,1.279896639593776664e-06,1.278027959255722606e-06,1.275914408985025517e-06,1.273589824483544754e-06,1.271095128422760393e-06,1.268478708136255267e-06,1.265796585787744048e-06,1.263112267867597588e-06,1.260496117681129515e-06,1.258024035601006415e-06,1.255775151264115751e-06,1.253828121321534989e-06,1.252255474898425730e-06,1.251115243914154907e-06,1.250438847303781715e-06,1.250213877471297130e-06,1.250360145413564344e-06,1.215548718918584107e-06,1.146447328038032726e-06,1.044523613180374940e-06,9.119989907565160977e-07,7.518843060797224064e-07,6.050325541645757080e-07,4.690826369039915145e-07,3.425020755734817108e-07,2.243497249035683981e-07,1.148958839862369865e-07,3.431430918535052353e-08,1.021231835811701727e-07,1.945907617911080255e-07,2.847234828130921280e-07,3.719118339906335977e-07,4.570098150757355498e-07,5.194086424688098276e-07,5.579583698746485119e-07,5.725034021676596671e-07,5.638345254233624098e-07,5.337392236944380038e-07,4.851276671686451179e-07,4.223176580861864100e-07,3.517438638534713859e-07,2.837240033274595668e-07,2.471484711625880257e-07,2.546129575346962261e-07,3.012481953442865383e-07,3.705134244676768341e-07,4.496014076844163569e-07,5.313266725879903453e-07,6.115583232561005271e-07,6.875506362603802210e-07,7.571658032527372329e-07,8.185659695121508408e-07,8.702319243356354510e-07,8.728232315377796539e-07,8.251485651071481156e-07,7.277364753994271759e-07,5.829332340265166026e-07,3.961915160883305508e-07,1.885428715026338026e-07,1.816532088534271251e-07,4.502684356517691504e-07,7.660981882030483583e-07,1.105013427628542397e-06,1.457540850080839951e-06,1.816073741327139795e-06,2.173339654444540751e-06,2.522204955639683988e-06,2.855737515246928592e-06,3.167327369553682791e-06,3.450813904411117706e-06,3.700616113650075435e-06,3.911913056269868624e-06,4.080986433888113828e-06,4.178170563162606736e-06,4.201832592536861140e-06,4.151780381972122439e-06,4.029243911447209725e-06,3.836881402137653588e-06,3.578752250371209380e-06,3.260246252969048252e-06,2.887980377859039210e-06,2.469699113119644996e-06,2.035327860874947415e-06,1.591010156181401728e-06,1.143439450251407945e-06,6.999259824119162295e-07,2.717742069554059574e-07,1.787815529184560709e-07,5.629692943964849502e-07,9.304169395334135488e-07,1.266592376563388458e-06,1.566395858569315785e-06,1.826444315375839660e-06,2.029328918658368078e-06,2.172680834400331599e-06,2.255607139347074937e-06,2.278667912549756522e-06,2.243871945545398165e-06,2.154639084401423302e-06,2.015719384674042603e-06,1.833075429516553715e-06,1.613750909189510728e-06,1.371100778584281797e-06,1.113330026617846868e-06,8.494924511652654610e-07,5.900920294558618695e-07,3.509666940761229540e-07,1.831864594216779695e-07,2.287456520554696306e-07,3.780292069503175335e-07,5.145004470823085621e-07,6.156790253335607557e-07,6.744012662281850548e-07,6.855200624807779920e-07,6.488645349850279923e-07,5.674323550873579083e-07,4.494290908973777297e-07,3.175819104201038927e-07,2.492525516678948767e-07,3.529647113402803409e-07,5.596957889732784267e-07,7.945625137703069554e-07,1.055880716562776160e-06,1.335226785925660485e-06,1.628149432972466544e-06,1.931567047237831882e-06,2.243088531303637775e-06,2.560909659747421774e-06,2.883836193108332260e-06,3.211295911795158273e-06,3.543379227419468885e-06,3.881263966677005855e-06,4.228854636573415525e-06,4.443683643956420024e-06,4.526758360650356288e-06,4.481309892799190484e-06,4.312476273339830903e-06,4.148657327784628303e-06,3.991305123531357599e-06,3.841211057213837219e-06,3.698723350795184841e-06,3.563897323007811352e-06,3.436598325501688735e-06,3.316572078332466651e-06,3.203492664176283627e-06,3.096995185896046041e-06,2.996697854770509540e-06,2.902216765744481896e-06,2.813175597818385775e-06,2.729211788344005536e-06,2.649980259852592133e-06,2.575155454754455964e-06,2.504432209129007730e-06,2.437525840275852890e-06,2.374171712612902400e-06,2.314124468651533329e-06,2.257157056458024422e-06,2.203059645561576244e-06,2.151639134987955245e-06,2.102720755953591185e-06,2.056148050479127276e-06,2.011782160581210324e-06,1.969501004073470145e-06,1.929198321437905275e-06,1.890782573710326234e-06,1.854175671640009959e-06,1.819311519289147463e-06,1.786134359279098154e-06,1.754596911265029005e-06,1.724658299695933926e-06,1.696281771812098779e-06,1.669432213047030996e-06,1.644073476081736761e-06,1.620165554018425667e-06,1.597661650553864022e-06,1.576505234451950307e-06,1.556627216381886176e-06,1.537943457557028466e-06,1.520352914456709750e-06,1.503736841395311355e-06,1.487959604487523773e-06,1.472871785527515757e-06,1.458316332495509861e-06,1.444138481934416263e-06,1.430199955326378342e-06,1.416397437400169093e-06,1.402684551684165349e-06,1.389095557656582295e-06,1.375768091807649304e-06,1.362961872358231712e-06,1.351070579794491887e-06,1.340624464006588795e-06,1.332279660431361746e-06,1.326784215078373593e-06,1.324899855900044096e-06,1.327245836428202696e-06
1.333067122202603241e-06,1.343769534781212742e-06,1.355257848892315702e-06,1.365402219010364705e-06,1.372664082614870688e-06,1.376235857656757584e-06,1.376011230184344769e-06,1.372422520482705163e-06,1.366218802175730070e-06,1.358257742532031561e-06,1.349354267567549731e-06,1.340195330603802034e-06,1.331308667310502224e-06,1.323066452566847943e-06,1.315706791966961510e-06,1.309361220979043083e-06,1.304081461044416628e-06,1.299862356551862576e-06,1.296660130663445981e-06,1.294406221747803102e-06,1.293017408222168260e-06,1.292403012765809713e-06,1.292469896668861445e-06,1.293125821752430928e-06,1.294281623914583167e-06,1.295852529866478298e-06,1.297758861865725104e-06,1.299926312026499832e-06,1.302285923462282926e-06,1.304773885186163668e-06,1.307331227030536648e-06,1.309903486393806253e-06,1.312440407806778619e-06,1.314895727374900130e-06,1.317227086021780884e-06,1.319396107615278998e-06,1.321368670396831150e-06,1.323115392835869495e-06,1.324612348421587669e-06,1.325842018323621041e-06,1.326794486494415307e-06,1.327468878487492840e-06,1.327873774532494856e-06,1.328023559078928273e-06,1.327937897355943745e-06,1.327642410083279329e-06,1.327169357678554377e-06,1.326558304953504437e-06,1.325856723045823542e-06,1.325120465487581218e-06,1.324414027664299494e-06,1.323810460314041669e-06,1.323390753569353656e-06,1.323242431630536580e-06,1.323456989566410141e-06,1.324125648498489717e-06,1.325332683168475397e-06,1.327145260749311001e-06,1.329598298337125798e-06,1.332672311338621961e-06,1.336261743992198353e-06,1.302567498492593148e-06,1.232121819395653409e-06,1.126270178969130785e-06,9.871459957573894642e-07,8.177770144267021404e-07,6.624421262693746130e-07,5.184279168180934593e-07,3.839681257368824445e-07,2.579519156409707046e-07,1.401707388121944234e-07,3.984775613946672317e-08,9.015467442232208862e-08,1.891764162430057319e-07,2.859552137209130770e-07,3.795112144333917642e-07,4.706677989070551029e-07,5.379373407085777860e-07,5.797945981255747874e-07,5.958478625097918138e-07,5.867557808401161152e-07,5.542644796808580364e-07,5.013515209025034219e-07,4.325863976382193583e-07,3.550859673093581575e-07,2.810644579241282167e-07,2.438282496478208909e-07,2.597421866391026216e-07,3.204512517028247666e-07,4.051356711848759058e-07,5.000228695402186926e-07,5.980889107824106273e-07,6.954781951730002806e-07,7.897029251964120710e-07,8.789173940514900290e-07,9.617142548621957633e-07,1.037247764062325573e-06,1.059644332920752206e-06,1.027629751091256518e-06,9.415561072268474224e-07,8.031747238387420745e-07,6.157133792582345384e-07,3.846697880282722009e-07,1.300227658487028663e-07,2.227556182054663209e-07,5.482239324696724546e-07,9.022623174424180351e-07,1.272593778769305798e-06,1.651431427559782211e-06,2.031381682233553648e-06,2.405137233811171607e-06,2.765537010085579795e-06,3.105697136756937822e-06,3.419158612113874282e-06,3.700050730407305689e-06,3.943301850608270182e-06,4.144927300812655525e-06,4.274308776560101764e-06,4.329168199547668989e-06,4.308778503609041031e-06,4.213897307741961983e-06,4.046740377759715685e-06,3.810936629924870198e-06,3.511447397745257963e-06,3.154464818374103641e-06,2.747340637540123546e-06,2.322060092587645881e-06,1.884528217942655230e-06,1.441242733175222709e-06,9.990996108681462570e-07,5.657333883405763099e-07,1.587656622380155420e-07,2.741579691042185689e-07,6.434627393147423048e-07,9.865586798291331694e-07,1.295072868242762756e-06,1.564905607007394969e-06,1.780055381760646750e-06,1.937348082027472876e-06,2.035234202369037634e-06,2.073729660940808136e-06,2.054377101533620615e-06,1.980190250523343230e-06,1.855568631224043069e-06,1.686184994926152428e-06,1.478861351651061736e-06,1.246334780625977669e-06,9.965907241287012944e-07,7.384483777744016062e-07,4.823225768121790975e-07,2.465727957562258715e-07,1.365286430160353328e-07,2.841436336587530859e-07,4.599251987499319631e-07,6.087600118303046751e-07,7.199880376538648635e-07,7.886023146045626561e-07,8.093812243248236938e-07,7.816492629227895997e-07,7.069550165599829559e-07,5.895805451677012815e-07,4.385572166093922855e-07,2.784356574834095041e-07,2.116230991873581064e-07,3.544630273618619324e-07,5.782081285855834957e-07,8.348282621030419421e-07,1.110221294830850099e-06,1.399071629172395743e-06,1.698344616175783439e-06,2.005895290935687435e-06,2.320150885560870768e-06,2.640074501029968103e-06,2.965221235140906107e-06,3.295912646926866220e-06,3.633723913781889618e-06,3.982472025363964174e-06,4.206086262834041776e-06,4.303470408973650588e-06,4.276543541489511270e-06,4.129634280554206956e-06,3.985436218041280869e-06,3.845564613146364260e-06,3.711011242261820042e-06,3.582328015252401495e-06,3.459762859993416281e-06,3.343357185162972581e-06,3.233014814649869468e-06,3.128550424665251785e-06,3.029723440780089272e-06,2.936261658991611084e-06,2.847877602921148057e-06,2.764279738559059457e-06,2.685180043311123100e-06,2.610298989339548251e-06,2.539368695101484961e-06,2.472134783452362268e-06,2.408357332048864812e-06,2.347811193075850574e-06,2.290285881475634666e-06,2.235585174846700950e-06,2.183526527715227970e-06,2.133941014889833451e-06,2.086675308299891666e-06,2.041591966696112366e-06,1.998569002071301766e-06,1.957499307899309729e-06,1.918289937762839292e-06,1.880861217518272663e-06,1.845145673461566361e-06,1.811086760950249576e-06,1.778637381231696307e-06,1.747758178035456094e-06,1.718415609532962353e-06,1.690579795783059340e-06,1.664222147539545232e-06,1.639312790680396303e-06,1.615817813607458340e-06,1.593696385610150018e-06,1.572897826013083652e-06,1.553358751174988752e-06,1.535000493430265959e-06,1.517727076243894303e-06,1.501424143551284142e-06,1.485959372480475890e-06,1.471185030213378509e-06,1.456943433493885940e-06,1.443076077674050753e-06,1.429437046141064813e-06,1.415910912744642603e-06,1.402434669882143722e-06,1.389022315280853163e-06,1.375789826047165300e-06,1.362977652788445318e-06,1.350967706453918203e-06,1.340291508198363692e-06,1.331624116436173380e-06,1.325752738620696799e-06,1.323499499232586455e-06,1.325567392636379393e-06
1.331340874634872478e-06,1.342353194361642085e-06,1.354555781080731262e-06,1.365790990704559088e-06,1.374454674904682264e-06,1.379648273057558832e-06,1.381166992618594640e-06,1.379354316637662456e-06,1.374890891932351030e-06,1.368589333339189120e-06,1.361240215265028209e-06,1.353521748752812338e-06,1.345963400622753567e-06,1.338945446538890732e-06,1.332717565076725561e-06,1.327424428049770259e-06,1.323131245368343745e-06,1.319845951355168518e-06,1.317537009246148814e-06,1.316146993893033071e-06,1.315602596878532668e-06,1.315821803702402457e-06,1.316718925279213789e-06,1.318208040368197897e-06,1.320205277297549606e-06,1.322630254606427627e-06,1.325406916386690807e-06,1.328463937195345716e-06,1.331734828925083875e-06,1.335157853141285565e-06,1.338675822871336604e-06,1.342235864274967341e-06,1.345789198519387565e-06,1.349290995812662882e-06,1.352700345871193150e-06,1.355980381613718465e-06,1.359098585495686529e-06,1.362027300812338452e-06,1.364744463842720775e-06,1.367234567228046407e-06,1.369489860675543118e-06,1.371511791789045723e-06,1.373311452446152668e-06,1.374906085019223102e-06,1.376318665031913137e-06,1.377578670177168241e-06,1.378722877383690792e-06,1.379796161813063807e-06,1.380852257396274744e-06,1.381954418268805372e-06,1.383175891746237137e-06,1.384600072660132474e-06,1.386320150550733414e-06,1.388437977247371238e-06,1.391061760270192600e-06,1.394302007832528685e-06,1.398264883573421195e-06,1.403041726090506645e-06,1.408692878518386659e-06,1.415223060402759110e-06,1.422544211455325003e-06,1.390430330465068915e-06,1.319314842285561344e-06,1.210406026108736300e-06,1.065582766351445370e-06,8.874217351928929423e-07,7.231223585543926029e-07,5.698970170487889057e-07,4.261019576948048633e-07,2.907197458675500705e-07,1.635599781595121227e-07,5.140414133324517824e-08,8.651282050205091743e-08,1.930823325835821638e-07,2.977529949824568239e-07,3.986445277895890111e-07,4.963860270775766249e-07,5.684478312379852404e-07,6.132235874532240597e-07,6.302052787869946168e-07,6.199445936579834151e-07,5.841341686685208681e-07,5.257933009387811787e-07,4.497053643418407255e-07,3.636169876261060539e-07,2.817159577487416119e-07,2.428936549771858527e-07,2.686340205978911909e-07,3.456666992896861026e-07,4.481216689990623192e-07,5.612931052627936718e-07,6.782984963601446211e-07,7.955081258532381871e-07,9.106284686303753100e-07,1.021962238266279993e-06,1.128249097762927619e-06,1.229190646751832345e-06,1.272358143085435746e-06,1.257129591754700725e-06,1.184097717862695538e-06,1.054922107752365891e-06,8.723926948072340160e-07,6.405207293514031242e-07,3.647450041559421696e-07,5.906120227595888742e-08,2.983618889254115520e-07,6.669533070016147147e-07,1.054084033739832449e-06,1.452148361959217406e-06,1.853731500205565425e-06,2.251371325923120446e-06,2.637674365131514821e-06,3.005471091449834336e-06,3.347972866503475539e-06,3.658930521720805019e-06,3.932840045505722035e-06,4.165306697564706493e-06,4.325459861200614996e-06,4.410640910466400190e-06,4.419674791246188371e-06,4.352852216587828751e-06,4.211929610477819661e-06,4.000084947644594364e-06,3.721814889210745820e-06,3.382787287434988030e-06,2.989720196786093939e-06,2.576002166196509957e-06,2.147464223415321966e-06,1.710641828957234353e-06,1.272395072082833048e-06,8.398634288154628633e-07,4.214696898983973543e-07,7.813329414724118974e-08,3.772355557245935184e-07,7.234172754663506289e-07,1.037827469322541517e-06,1.314552274381412973e-06,1.538992295805781919e-06,1.707313084571244496e-06,1.817380006978333490e-06,1.868692139347904347e-06,1.862335135657169473e-06,1.800918538890703530e-06,1.688486205220091610e-06,1.530399398477416071e-06,1.333203074563190017e-06,1.108895969919169422e-06,8.652497677995172550e-07,6.108303825438283257e-07,3.559144702713967985e-07,1.269847611571222577e-07,1.776229823020757876e-07,3.853157341627013661e-07,5.758804185400060296e-07,7.349011692725058003e-07,8.559957477347358267e-07,9.349342758022705028e-07,9.660819281784739034e-07,9.484168480677231623e-07,8.827259783140737144e-07,7.717261010920543566e-07,6.204134253704514655e-07,4.375137050605525834e-07,2.452775533360593698e-07,1.724726255551471422e-07,3.542212553276100609e-07,6.074375859076022281e-07,8.827083892627507587e-07,1.171551097231780495e-06,1.470649560057309557e-06,1.777953648240868808e-06,2.091995841634900421e-06,2.411773925978613692e-06,2.736766858566293670e-06,3.067030482427723961e-06,3.403555098545522965e-06,3.749336244761295017e-06,3.976534630060854665e-06,4.083562159210790729e-06,4.071576978738016667e-06,3.944114879873524262e-06,3.817916116982249817e-06,3.694528109423644540e-06,3.574959263264150406e-06,3.459829162144299695e-06,3.349480760686213529e-06,3.244062482911395226e-06,3.143587724968977107e-06,3.047977777441735348e-06,2.957092696798474458e-06,2.870753446046322969e-06,2.788757711268870175e-06,2.710891132820423593e-06,2.636935208060800800e-06,2.566672776338796508e-06,2.499891748141952678e-06,2.436387561023201252e-06,2.375964715175174678e-06,2.318437647241833400e-06,2.263631132150380619e-06,2.211380352331497355e-06,2.161530736626637598e-06,2.113938287570247007e-06,2.068471898056001685e-06,2.025013924583483932e-06,1.983460011646784235e-06,1.943718760352961586e-06,1.905711232171020510e-06,1.869370272838831336e-06,1.834639640082260862e-06,1.801472920097348916e-06,1.769832220456702344e-06,1.739686630464336725e-06,1.711010443691431392e-06,1.683781141625441468e-06,1.657977142699015987e-06,1.633575328645377895e-06,1.610548372029965699e-06,1.588861907566457026e-06,1.568471618868105071e-06,1.549320355747382456e-06,1.531335459528141181e-06,1.514426559002822262e-06,1.498484209331879503e-06,1.483379876872750892e-06,1.468967911680428551e-06,1.455090268324773510e-06,1.441584786913671536e-06,1.428297761790493050e-06,1.415101228577165517e-06,1.401914837024925223e-06,1.388731367323034759e-06,1.375644028072739221e-06,1.362872859272464263e-06,1.350786919784127762e-06,1.339917983448417322e-06,1.330958962605230076e-06,1.324734937259960969e-06,1.322126828762937322e-06,1.323919526890034521e-06
1.329636927550804095e-06,1.340935180891877069e-06,1.353819921615100940e-06,1.366112098056448587e-06,1.376148252907353508e-06,1.382943707399244501e-06,1.386197535233120424e-06,1.386164042855236002e-06,1.383453169628227421e-06,1.378829377221411642e-06,1.373055924162929354e-06,1.366799990846531874e-06,1.360591309671565063e-06,1.354817515894464294e-06,1.349739646233640064e-06,1.345515618135074842e-06,1.342224401766380099e-06,1.339887345481194990e-06,1.338485463809459277e-06,1.337972734023148485e-06,1.338285969980565776e-06,1.339351972392023463e-06,1.341092603053737801e-06,1.343428315180319797e-06,1.346280550569816314e-06,1.349573310417010966e-06,1.353234126247462939e-06,1.357194599119066256e-06,1.361390634684886396e-06,1.365762474287548571e-06,1.370254603846905680e-06,1.374815609617852439e-06,1.379398040492962760e-06,1.383958328736570357e-06,1.388456813852334169e-06,1.392857907225325294e-06,1.397130428164720997e-06,1.401248135203123201e-06,1.405190470333176872e-06,1.408943528650362592e-06,1.412501261851538154e-06,1.415866921085957790e-06,1.419053540465682748e-06,1.422080605290082484e-06,1.424973749004600952e-06,1.427765631102651777e-06,1.430496870823281276e-06,1.433217017440191479e-06,1.435985525345699559e-06,1.438872683964446971e-06,1.441960426399839719e-06,1.445342903126948050e-06,1.449126652788466904e-06,1.453430123274855873e-06,1.458382180285895252e-06,1.464119067134303335e-06,1.470779014026836613e-06,1.478493275284066020e-06,1.487371680450428950e-06,1.497479579307682171e-06,1.508800823513724403e-06,1.478762172533761761e-06,1.407783893800416923e-06,1.297006022471749773e-06,1.147974670854696559e-06,9.621990515085002673e-07,7.883239079381635732e-07,6.244036129882610594e-07,4.694893114966249389e-07,3.228887663210450997e-07,1.847119824096358874e-07,6.259473576759224564e-08,9.163191520098346711e-08,2.070967800401427054e-07,3.212481746857789853e-07,4.307133527594297889e-07,5.354699981969581451e-07,6.121753648497114087e-07,6.594942202355086104e-07,6.768817144170156883e-07,6.647711963096907969e-07,6.247654098983287574e-07,5.598799433217997940e-07,4.750494940426977394e-07,3.785402556885384438e-07,2.864037411338545934e-07,2.441673491753518217e-07,2.806716745476313864e-07,3.762549643360288807e-07,4.990208756515294071e-07,6.332160746346814706e-07,7.720043494161435590e-07,9.119192134819753324e-07,1.050821915332381175e-06,1.186990502600688752e-06,1.318631740782682062e-06,1.444918673377415648e-06,1.508387617011587947e-06,1.510012833842512134e-06,1.450796722531930247e-06,1.332311766309527912e-06,1.157080949885916137e-06,9.287669135075312859e-07,6.522360894025876890e-07,3.335964850685890527e-07,2.710764265267927409e-08,4.027227912220853240e-07,8.046947075712892753e-07,1.220351983213825195e-06,1.642110523399563516e-06,2.062289048717347346e-06,2.473223858723439650e-06,2.867436451758205498e-06,3.237784236966952205e-06,3.577560941946321660e-06,3.880579555184153656e-06,4.141626095113364963e-06,4.330635847380173588e-06,4.444854170545440917e-06,4.482708525849316323e-06,4.444014379458446310e-06,4.330063571082102420e-06,4.143596946112134621e-06,3.888668403789168292e-06,3.570385046394500844e-06,3.194525531855814608e-06,2.794654937181355699e-06,2.377028280587565955e-06,1.948535772985151217e-06,1.516160963537170446e-06,1.086990401727190431e-06,6.684914369792449373e-07,2.716631614914133811e-07,1.460660899477004682e-07,4.821105928581134060e-07,7.993265550720209832e-07,1.080300122786860228e-06,1.311349213332854253e-06,1.488019718047587941e-06,1.607645571607209015e-06,1.669246340526614154e-06,1.673474569761573801e-06,1.622550479673962276e-06,1.520169119255618417e-06,1.371373536046387593e-06,1.182392612960448529e-06,9.643721723378345281e-07,7.249016898420236193e-07,4.722303282001502981e-07,2.161158974641356984e-07,6.462732782784825512e-08,2.937026597896770113e-07,5.185143494857088641e-07,7.186234809449239457e-07,8.869920816099230228e-07,1.018101794726994813e-06,1.107725919698731136e-06,1.149690948690799379e-06,1.142695018034232852e-06,1.087001175880128913e-06,9.845060795739319327e-07,8.387869003714918555e-07,6.552182124919537572e-07,4.417043056656488260e-07,2.156732639578109100e-07,1.404923506444836103e-07,3.734666055113323909e-07,6.514666382529098800e-07,9.440969690121819287e-07,1.246806600921280977e-06,1.557470100766145829e-06,1.874616273668439300e-06,2.197183541399847639e-06,2.524447599308489296e-06,2.855829351547894896e-06,3.190665257511830110e-06,3.529464800875066398e-06,3.755436093862381640e-06,3.867929178909255587e-06,3.867676791329597911e-06,3.757374081089794507e-06,3.647619400872824772e-06,3.539700177025605249e-06,3.434491062193419000e-06,3.332566943450615299e-06,3.234283545945117267e-06,3.139836668396591434e-06,3.049306238020431008e-06,2.962689186830740666e-06,2.879923975528236840e-06,2.800908845089685911e-06,2.725515352012399494e-06,2.653598357373542126e-06,2.585003351033521970e-06,2.519571775022719312e-06,2.457144846550751828e-06,2.397566257909128532e-06,2.340684037797681313e-06,2.286351788737270033e-06,2.234429462547365487e-06,2.184783796095983562e-06,2.137288499470077614e-06,2.091824912981566109e-06,2.048284625921595951e-06,2.006570302651456465e-06,1.966595742532067088e-06,1.928285773701634008e-06,1.891575972232323457e-06,1.856412192295619047e-06,1.822749891198061676e-06,1.790553233961711816e-06,1.759793964405123143e-06,1.730450032717702025e-06,1.702503972981390386e-06,1.675941028042271054e-06,1.650747024079923950e-06,1.626906004199006379e-06,1.604397641040126557e-06,1.583194465179698756e-06,1.563258972184819161e-06,1.544540710635806085e-06,1.526973510821020984e-06,1.510473093660382986e-06,1.494935404803259736e-06,1.480236148985323651e-06,1.466232146138743544e-06,1.452765272078703873e-06,1.439669843124496836e-06,1.426784294920674873e-06,1.413967814753777438e-06,1.401122143456494412e-06,1.388218041622573677e-06,1.375324970296105710e-06,1.362641482042416664e-06,1.350522667781975509e-06,1.339499391425108748e-06,1.330281126237308701e-06,1.323729304686034985e-06,1.320781889151034626e-06,1.322303773340016234e-06
1.327958348641833211e-06,1.339519895427700720e-06,1.353055471642422771e-06,1.366370781038044431e-06,1.377749204942428269e-06,1.386124872834411698e-06,1.391103311001962101e-06,1.392849620028837905e-06,1.391901017800868540e-06,1.388970878565815029e-06,1.384792250314330866e-06,1.380019000012621867e-06,1.375179634958022856e-06,1.370668374596520315e-06,1.366757365942035966e-06,1.363617852995053775e-06,1.361342814600835704e-06,1.359967318223598626e-06,1.359485225459614843e-06,1.359862169394155329e-06,1.361045285098518849e-06,1.362970332641467019e-06,1.365566819257920388e-06,1.368761624615375839e-06,1.372481520333680874e-06,1.376654876892895217e-06,1.381212774803832330e-06,1.386089681445475062e-06,1.391223816441169605e-06,1.396557302480001091e-06,1.402036181166773525e-06,1.407610361644024642e-06,1.413233561019291979e-06,1.418863288436651946e-06,1.424460917973970869e-06,1.429991888962649638e-06,1.435426065746775854e-06,1.440738282531975003e-06,1.445909093187936336e-06,1.450925741062069772e-06,1.455783360314559544e-06,1.460486417945666542e-06,1.465049234599128248e-06,1.469492816031348328e-06,1.473844667545603471e-06,1.478139789050450872e-06,1.482421761370194947e-06,1.486743915204507474e-06,1.491170564855928658e-06,1.495778275139908039e-06,1.500657109867680051e-06,1.505911781219120983e-06,1.511662577217502340e-06,1.518045883436624109e-06,1.525214025847098565e-06,1.533334029512629935e-06,1.542584687052847122e-06,1.553151013242776031e-06,1.565214628027549936e-06,1.578937629614811510e-06,1.594435500273251727e-06,1.566907545439681391e-06,1.496924286690346274e-06,1.385839042253460097e-06,1.235268630008121964e-06,1.045480327070387681e-06,8.603829029214565153e-07,6.833835636397465974e-07,5.150563614315439529e-07,3.550105815494686223e-07,2.038094491162358528e-07,7.233618683773813022e-08,1.058860375869263093e-07,2.323348163271502133e-07,3.582102682351425886e-07,4.781729869091718982e-07,5.893725786254376642e-07,6.701367541281320189e-07,7.195596780404142869e-07,7.369111157375728586e-07,7.223902807244308130e-07,6.774315922646358598e-07,6.049853282443060727e-07,5.100788998867152780e-07,4.014164740060340227e-07,2.966745944837020400e-07,2.477019102651494974e-07,2.950905592526367816e-07,4.114987246896302199e-07,5.574502584744858755e-07,7.157805574240838566e-07,8.795179833911429993e-07,1.045312612356457702e-06,1.211322709291388919e-06,1.375969969680596742e-06,1.535734020031637659e-06,1.683186721230187599e-06,1.764222082246894050e-06,1.781732423284491482e-06,1.736559487942195324e-06,1.629780959938485306e-06,1.463436205786256406e-06,1.240788569061661013e-06,9.664285545417851441e-07,6.464267108254995456e-07,2.901060385206198768e-07,1.296247407482966269e-07,5.297211816956017243e-07,9.594954336435082271e-07,1.399231644303270510e-06,1.840156140001487716e-06,2.274110529109909234e-06,2.693236836315092132e-06,3.090055102967399126e-06,3.457443975162749005e-06,3.788201244990664178e-06,4.074296174101151820e-06,4.289522794905307612e-06,4.431068248231452424e-06,4.496799491627341227e-06,4.485972651630832779e-06,4.399405499927688599e-06,4.239460498101393535e-06,4.009895003632250921e-06,3.715494589866574424e-06,3.361069974757550294e-06,2.976619651841827757e-06,2.571219118421042444e-06,2.152552650830085849e-06,1.727683538008389007e-06,1.303683678572442851e-06,8.878598595613565560e-07,4.885069061735099591e-07,1.309074713892041319e-07,2.696755665349161023e-07,5.843857242796912923e-07,8.668882984403325350e-07,1.102051092047796205e-06,1.284605617467505537e-06,1.411346532630698788e-06,1.480840463079631688e-06,1.493335559162593785e-06,1.450688102662607378e-06,1.356269562731497819e-06,1.214834612165721342e-06,1.032305680369737620e-06,8.186815286888755973e-07,5.816460312489060041e-07,3.291589953721215564e-07,6.943216253722903344e-08,1.893789586221731467e-07,4.390017492673632419e-07,6.717233203307232286e-07,8.803232907590675771e-07,1.058312314060809430e-06,1.199993217337801197e-06,1.300514586342523451e-06,1.353565325651046833e-06,1.357568984871756218e-06,1.312297735221471859e-06,1.219020706270930092e-06,1.080508510697693230e-06,9.009599525888396498e-07,6.858935258729475876e-07,4.422231267830238412e-07,1.818768535780775442e-07,1.366293097639889450e-07,4.151953900402397478e-07,7.152866457248310810e-07,1.025361707724154582e-06,1.343010049759823308e-06,1.666663017768760600e-06,1.995180117812746063e-06,2.327792252251458490e-06,2.663499184090357662e-06,2.998715443242356866e-06,3.323303845377837983e-06,3.542330721340151813e-06,3.656380805459095653e-06,3.665160683824656740e-06,3.570137029890844761e-06,3.475529343450856837e-06,3.382196365020313796e-06,3.290765711687640966e-06,3.201686728341805654e-06,3.115268465718235989e-06,3.031709863577058573e-06,2.951124352908087329e-06,2.873559856657062904e-06,2.799014882573230602e-06,2.727451326649049558e-06,2.658804554101736771e-06,2.592991262511867786e-06,2.529915561344546457e-06,2.469473631506829350e-06,2.411557263435638363e-06,2.356056515183145569e-06,2.302861683781867771e-06,2.251864743408863752e-06,2.202960371581977541e-06,2.156046658698637685e-06,2.111025575579746102e-06,2.067803908417740254e-06,2.026296142294859118e-06,1.986425509154615960e-06,1.948124259840423597e-06,1.911333766251387632e-06,1.876004444300152204e-06,1.842095482781792174e-06,1.809574361349722395e-06,1.778416141304629037e-06,1.748602514890623686e-06,1.720120601608061378e-06,1.692961483345756381e-06,1.667118473889366894e-06,1.642585122951249320e-06,1.619352961142244201e-06,1.597409001712744646e-06,1.576733029596216262e-06,1.557294731303162568e-06,1.539050754452020075e-06,1.521941837912650924e-06,1.505890227807108337e-06,1.490797695501958274e-06,1.476544603253796568e-06,1.462990617532779027e-06,1.449977834723442524e-06,1.437337227535256244e-06,1.424899389467368760e-06,1.412510472835332781e-06,1.400053895097608147e-06,1.387477754271444029e-06,1.374826917157974685e-06,1.362277436210323320e-06,1.350169279221152313e-06,1.339031085952232757e-06,1.329587368201421117e-06,1.322734158455516407e-06,1.319464549611863218e-06,1.320721502408031632e-06
1.326308065745477976e-06,1.338111642504484601e-06,1.352267605184240326e-06,1.366572344461501686e-06,1.379262075414010474e-06,1.389194694050906251e-06,1.395884980128377150e-06,1.399409102761035261e-06,1.400229825830588053e-06,1.399006695162924148e-06,1.396439750251552979e-06,1.393167287310570856e-06,1.389715083172550548e-06,1.386483134220615023e-06,1.383754413955047337e-06,1.381713539922797850e-06,1.380467718541724322e-06,1.380066016931568208e-06,1.380515419790817788e-06,1.381793453964140036e-06,1.383857762897046735e-06,1.386653201425686318e-06,1.390117010474225917e-06,1.394182543728307960e-06,1.398781915915666115e-06,1.403847851270357089e-06,1.409314939161688724e-06,1.415120451522517238e-06,1.421204840289988957e-06,1.427512008566485504e-06,1.433989432941690304e-06,1.440588203392056933e-06,1.447263039141374421e-06,1.453972332272089831e-06,1.460678264773083983e-06,1.467347038645362313e-06,1.473949252600340027e-06,1.480460452992253737e-06,1.486861881312063887e-06,1.493141436272540801e-06,1.499294865579129442e-06,1.505327200962461093e-06,1.511253312050394523e-06,1.517094897284925860e-06,1.522880412506452382e-06,1.528646182938776873e-06,1.534437647064317708e-06,1.540310737251876662e-06,1.546333397344302844e-06,1.552587230070757551e-06,1.559169255993991683e-06,1.566193749214124229e-06,1.573794091196576154e-06,1.582124550220236159e-06,1.591361846671619839e-06,1.601706299569751982e-06,1.613382262403134649e-06,1.626637441530534422e-06,1.641740545446084926e-06,1.658976550568665921e-06,1.678638776523422695e-06,1.653827973734198086e-06,1.585449428797730801e-06,1.475551822218083501e-06,1.327395860279372012e-06,1.146125359313427502e-06,9.425943832747718130e-07,7.483822976141498704e-07,5.638815815473530166e-07,3.878351681279953660e-07,2.212852015557105239e-07,8.150898960854250147e-08,1.296385881595418069e-07,2.700264392735755911e-07,4.109780456027637797e-07,5.462203093954976157e-07,6.590488559582675813e-07,7.426980775268264475e-07,7.938788478874605183e-07,8.109601040436314716e-07,7.936824320268572226e-07,7.432096986993747350e-07,6.623535206777095347e-07,5.561787331880713884e-07,4.339146249683716253e-07,3.159050811651792315e-07,2.538657052220760711e-07,3.109076714790348691e-07,4.505899357591270103e-07,6.231227827045420645e-07,8.092174504975412277e-07,1.001443263035838153e-06,1.196467014004387512e-06,1.393224393995413564e-06,1.592177839317009231e-06,1.789868462408348819e-06,1.940769225493957191e-06,2.034175998813482723e-06,2.066248959988219415e-06,2.035352335685883259e-06,1.941314260368629168e-06,1.785381092527108293e-06,1.570257029851292996e-06,1.300139171469029623e-06,9.808311863261145037e-07,6.205601630892116823e-07,2.405977925524494546e-07,2.496648745953002863e-07,6.758277806951116898e-07,1.129150242928291836e-06,1.588225946716166767e-06,2.043123511634669742e-06,2.485292947060771317e-06,2.906960224895024984e-06,3.301123334646292260e-06,3.660437726776988388e-06,3.964085739424736966e-06,4.202194757234354232e-06,4.369138339733929137e-06,4.461570411200138754e-06,4.478034145793805217e-06,4.418865927852333591e-06,4.286132522628219299e-06,4.083555684696997082e-06,3.816468678310086794e-06,3.492085164286593556e-06,3.121496673233594529e-06,2.728587085377097021e-06,2.320933575327149128e-06,1.904965873111273185e-06,1.487571502768673633e-06,1.076072374481748198e-06,6.783408291483791166e-07,3.056669333866305200e-07,1.126964966276509686e-07,3.985217021938525205e-07,6.787804513397570802e-07,9.156328352153436886e-07,1.101805006382964487e-06,1.233408801442452500e-06,1.308563546405550863e-06,1.327141066912157777e-06,1.290664237430580684e-06,1.202222199833283760e-06,1.066380861080792541e-06,8.891228084297828551e-07,6.780080942936001903e-07,4.423464905173604317e-07,1.914011619734536564e-07,8.569885310810047696e-08,3.411093895834756503e-07,5.958761779243772876e-07,8.359790207720561756e-07,1.053645590146946405e-06,1.242193699368274949e-06,1.395632107352587977e-06,1.506557206434896244e-06,1.570849517395231088e-06,1.586140340133359994e-06,1.551598360759387990e-06,1.467896155027582447e-06,1.337162241748408263e-06,1.162878088826941372e-06,9.497117357297674752e-07,7.033033371400938889e-07,4.301424885369935682e-07,1.394113707401499316e-07,1.724887138048924176e-07,4.837295922435082147e-07,8.050407152639581383e-07,1.133440188619529331e-06,1.467129077194501234e-06,1.804842428688205191e-06,2.146336473816438281e-06,2.492525950888357745e-06,2.840836536419877144e-06,3.129408023073561467e-06,3.334729695549900839e-06,3.447406962415256495e-06,3.463489843087443088e-06,3.382547573048953741e-06,3.302216138226529014e-06,3.222832069780629007e-06,3.144722712931105999e-06,3.068173562521879586e-06,2.993416533252475689e-06,2.920628871125472104e-06,2.849937317391235806e-06,2.781424534182199345e-06,2.715136142417968070e-06,2.651087505350145427e-06,2.589269846538701117e-06,2.529655549353888786e-06,2.472202625245127009e-06,2.416858408559117554e-06,2.363562566250969576e-06,2.312249519240937911e-06,2.262850368968648589e-06,2.215294413992750302e-06,2.169510330715053920e-06,2.125427081331510372e-06,2.082974601861948652e-06,2.042084969840453094e-06,2.002695518818643315e-06,1.964750079412082465e-06,1.928199440853988889e-06,1.893001644580627696e-06,1.859122098543425661e-06,1.826533495949143891e-06,1.795215520257060688e-06,1.765154318606874907e-06,1.736341727650535981e-06,1.708774238435601717e-06,1.682451690175511232e-06,1.657375686346292589e-06,1.633547730806314417e-06,1.610967087211386866e-06,1.589628373111316330e-06,1.569518912689347982e-06,1.550615891932322569e-06,1.532883390895212248e-06,1.516269414510856373e-06,1.500703111855436196e-06,1.486092469959908926e-06,1.472322897062753089e-06,1.459257272640246962e-06,1.446738230112817412e-06,1.434593630001845443e-06,1.422646330236676542e-06,1.410729389789282970e-06,1.398707645109618706e-06,1.386506051766664146e-06,1.374144169758249843e-06,1.361774601602792173e-06,1.349720993628597544e-06,1.338508291357900941e-06,1.328874291223131257e-06,1.321747641833633210e-06,1.318174502891554034e-06,1.319173918729104624e-06
1.324688863429120381e-06,1.336714623148731201e-06,1.351461457119575162e-06,1.366722141518857162e-06,1.380691547012120099e-06,1.392156293562917073e-06,1.400543402071086683e-06,1.405840679524214102e-06,1.408434997408179183e-06,1.408929550991598191e-06,1.407988697040446970e-06,1.406232949503597050e-06,1.404183845680485930e-06,1.402246322539558080e-06,1.400713857572100627e-06,1.399784449498103598e-06,1.399579715602381789e-06,1.400162973214050093e-06,1.401554582193825118e-06,1.403744182781907097e-06,1.406700100612543478e-06,1.410376411491607505e-06,1.414718172399930885e-06,1.419665255297444724e-06,1.425155129909192986e-06,1.431124858633223951e-06,1.437512500351464703e-06,1.444258070967734325e-06,1.451304174275985019e-06,1.458596393719636482e-06,1.466083520362722557e-06,1.473717682153247477e-06,1.481454432186371393e-06,1.489252847681682192e-06,1.497075685856685550e-06,1.504889637367297604e-06,1.512665712434730411e-06,1.520379789407020231e-06,1.528013350715151782e-06,1.535554427457019724e-06,1.542998771601066413e-06,1.550351274227251818e-06,1.557626543375523122e-06,1.564846044894480751e-06,1.572038134258953636e-06,1.579239275063176921e-06,1.586495431849830506e-06,1.593863657249111845e-06,1.601413894173693034e-06,1.609231013962707935e-06,1.617417110644791111e-06,1.626094069705327261e-06,1.635406426958193591e-06,1.645524530107362275e-06,1.656648014831041015e-06,1.669009615162616423e-06,1.682879359870658175e-06,1.698569297804511721e-06,1.716439127735117388e-06,1.736903676628619191e-06,1.760444552648916548e-06,1.738142593309369845e-06,1.671236346064939166e-06,1.562345533167250632e-06,1.415618797188697920e-06,1.237122931078177376e-06,1.035444689223629697e-06,8.197826722620980442e-07,6.170643442326491692e-07,4.223595302572655258e-07,2.377773337871675330e-07,9.210107791816738301e-08,1.634892883296191672e-07,3.210255620820038584e-07,4.807383586219225345e-07,6.232841287991095691e-07,7.412680936627650430e-07,8.288830370595890855e-07,8.822921307463396212e-07,8.993061523929787008e-07,8.792460884306036898e-07,8.229697489952716035e-07,7.330636940949019228e-07,6.144241493344829689e-07,4.761906381144649778e-07,3.392932373961550386e-07,2.628093245530926011e-07,3.267302733404278875e-07,4.925897708251033753e-07,6.958995077205805528e-07,9.141512505150950799e-07,1.138876733455716218e-06,1.366201034740709438e-06,1.595811503302513734e-06,1.835386116188001999e-06,2.040716724651147155e-06,2.201435100755077420e-06,2.308379599952756638e-06,2.355731091984605470e-06,2.340156217732446278e-06,2.260284800478439899e-06,2.116506120685897368e-06,1.910892064234550414e-06,1.647164915334521027e-06,1.330733167278078752e-06,9.690594966301181804e-07,5.742512440000321970e-07,2.037171975694489978e-07,3.873544276482815922e-07,8.385036643451615329e-07,1.311047945451856066e-06,1.784017498060069816e-06,2.246738349139356937e-06,2.690778032617269403e-06,3.110337372665524520e-06,3.486457253293938473e-06,3.808839850028970423e-06,4.068641412164116209e-06,4.259535873644637438e-06,4.377443015341338693e-06,4.420326099356666695e-06,4.388091015280110073e-06,4.282524645545476947e-06,4.107251322639295437e-06,3.867733382417215830e-06,3.571388741928347626e-06,3.227803055125164791e-06,2.847503378940787662e-06,2.452449841671973127e-06,2.046742677294384123e-06,1.637082621455479603e-06,1.231006508706996426e-06,8.365093691597210373e-07,4.630295165249150812e-07,1.412714153804458986e-07,2.469311817729476845e-07,5.197456993161828350e-07,7.560845735816800737e-07,9.438281131433071608e-07,1.078243748799173034e-06,1.157012469810507740e-06,1.179655915536982858e-06,1.147388007536317151e-06,1.063031846440137308e-06,9.309472762099388366e-07,7.569866834145153612e-07,5.485844901039752941e-07,3.156519926443546097e-07,9.471740591486650925e-08,2.327113230555059686e-07,4.942007657280063825e-07,7.554005280427259407e-07,1.003972813065692060e-06,1.231701390809979449e-06,1.431981280327754819e-06,1.596113354693171537e-06,1.718433707069446448e-06,1.794560254493759187e-06,1.821611711538670686e-06,1.798216474906526251e-06,1.724495212193310878e-06,1.602010760184779748e-06,1.433671378843420850e-06,1.223583484529205897e-06,9.768636631954855957e-07,6.994438529910412194e-07,3.979253101530853210e-07,7.930571813964242574e-08,2.483787816416139876e-07,5.848276143626497484e-07,9.279988538983999036e-07,1.275416941801719480e-06,1.625091425827833288e-06,1.977135409688649754e-06,2.339021280867200035e-06,2.663025749249613703e-06,2.930950169607834179e-06,3.126164314188897415e-06,3.238228874077340141e-06,3.261573187366684450e-06,3.194424895184913706e-06,3.128018250541179387e-06,3.062243763500514861e-06,2.997160635076942679e-06,2.932901790979243189e-06,2.869622727651663086e-06,2.807474529803105021e-06,2.746590576262011223e-06,2.687081030259875295e-06,2.629031680586867926e-06,2.572505109292777088e-06,2.517542993605397775e-06,2.464168849656251510e-06,2.412390827724456957e-06,2.362204350740948761e-06,2.313594496265850724e-06,2.266538085471629434e-06,2.221005478359998070e-06,2.176962093373604318e-06,2.134369678470037393e-06,2.093187363772739404e-06,2.053372525663169911e-06,2.014882151350356247e-06,1.977676156294815366e-06,1.941718793435530221e-06,1.906979283885481930e-06,1.873432285910402279e-06,1.841058188148605566e-06,1.809843208765787296e-06,1.779779280517897227e-06,1.750863701959887992e-06,1.723098536715514619e-06,1.696489745309604036e-06,1.671046037187281098e-06,1.646777434028086490e-06,1.623693539404653873e-06,1.601801514711717577e-06,1.581103768091288446e-06,1.561595373477897529e-06,1.543261253447024029e-06,1.526073185947240881e-06,1.509986736227456618e-06,1.494938277734716499e-06,1.480842357030233244e-06,1.467589785688923066e-06,1.455047012606232184e-06,1.443057542731978910e-06,1.431446408825652317e-06,1.420028932477482936e-06,1.408625152473683824e-06,1.397081226813963101e-06,1.385298654559179902e-06,1.373271111745659377e-06,1.361126863564862042e-06,1.349171991940701741e-06,1.337926121327719087e-06,1.328138348622436043e-06,1.320767726069927173e-06,1.316911264611491545e-06,1.317662059379079020e-06
1.323103379845948068e-06,1.335332928258344163e-06,1.350642111501633886e-06,1.366825557300205464e-06,1.382042422265383261e-06,1.395012975782581087e-06,1.405079626265526511e-06,1.412142672165699334e-06,1.416511958644325977e-06,1.418732051239878435e-06,1.419429100052444485e-06,1.419203691616008785e-06,1.418571622306175554e-06,1.417941907359430264e-06,1.417618164655978546e-06,1.417811737151960374e-06,1.418658794806552917e-06,1.420237120413011729e-06,1.422580672949669544e-06,1.425691404591502285e-06,1.429548482105769995e-06,1.434115318821733810e-06,1.439344864697458825e-06,1.445183552046348367e-06,1.451574217766390294e-06,1.458458248899516428e-06,1.465777137781593277e-06,1.473473587736392829e-06,1.481492278336357278e-06,1.489780377678365587e-06,1.498287874880989408e-06,1.506967796521864198e-06,1.515776363999922897e-06,1.524673143409139439e-06,1.533621234559420125e-06,1.542587540841707196e-06,1.551543156643523907e-06,1.560463904197254345e-06,1.569331047502448957e-06,1.578132207824689723e-06,1.586862503743133805e-06,1.595525939120950356e-06,1.604135990811710537e-06,1.612712883933870417e-06,1.621283707894348760e-06,1.629883719899865540e-06,1.638557863160845211e-06,1.647362535069922609e-06,1.656367647045728334e-06,1.665659025621762111e-06,1.675341214297509181e-06,1.685540748615692795e-06,1.696409994606927919e-06,1.708131666360680702e-06,1.720924178213992229e-06,1.735048053038541104e-06,1.750813724632546683e-06,1.768591288464338641e-06,1.788823171433423386e-06,1.812041513455729667e-06,1.838893696606342273e-06,1.818488299025009545e-06,1.752311873299410388e-06,1.643337103703527589e-06,1.496103521006770464e-06,1.316848704166002893e-06,1.113603458053074307e-06,8.959863559066392158e-07,6.765807087683727180e-07,4.602554136210636188e-07,2.542014754805463981e-07,1.068971725096072839e-07,2.088140950446102145e-07,3.856501751805102535e-07,5.571223490195913422e-07,7.093535129989441409e-07,8.348139430399087036e-07,9.278624737712193386e-07,9.844306241786250294e-07,1.001968924091180376e-06,9.794479050969748132e-07,9.174184679297593364e-07,8.181830124483087629e-07,6.862971939786600472e-07,5.303051598178418665e-07,3.700874509799855300e-07,2.692815292060934137e-07,3.401731987464299591e-07,5.363594927715595357e-07,7.758671463345882798e-07,1.031905678344444544e-06,1.294170372577416987e-06,1.556634553942265426e-06,1.814516546408894609e-06,2.061633333962802855e-06,2.279027291743119064e-06,2.454106708808252093e-06,2.577343529093183060e-06,2.641945516943095804e-06,2.643492770579949488e-06,2.579660919237580729e-06,2.450060436279079254e-06,2.256142872526203939e-06,2.001137732882199071e-06,1.690029197991624276e-06,1.329693412945359264e-06,9.298325001635029004e-07,5.098785840149936567e-07,2.190906410242662309e-07,5.423180403909947351e-07,1.015438724713361747e-06,1.501900133450650249e-06,1.981817127369922371e-06,2.443626145193652130e-06,2.877086527299258320e-06,3.269411695341781347e-06,3.610086868568381736e-06,3.890439434514122482e-06,4.103871702135098209e-06,4.245874129908100573e-06,4.313980885446775702e-06,4.307727188854747946e-06,4.228610658104804196e-06,4.080054312222375353e-06,3.867378065242359811e-06,3.597784363103157407e-06,3.280312801529939301e-06,2.925637537389354467e-06,2.546844832943855919e-06,2.152720787675080036e-06,1.751486227999848273e-06,1.351385836538115547e-06,9.608188574988523052e-07,5.889516514289847560e-07,2.519248497701926155e-07,1.454447300230375654e-07,3.938435443165181894e-07,6.269075039053977408e-07,8.142452958291897295e-07,9.495990224826163238e-07,1.030136480801105631e-06,1.055034045846559033e-06,1.025218509617070340e-06,9.432796531531291824e-07,8.134353440621948846e-07,6.416212743011249905e-07,4.362593470603286814e-07,2.155184565462920706e-07,1.428454918368000355e-07,3.725990410837077166e-07,6.415015888092307770e-07,9.109762179189792480e-07,1.169340830410327172e-06,1.407837575848082980e-06,1.618752650979765595e-06,1.794579784787792605e-06,1.929223705525837213e-06,2.017933014039075211e-06,2.057381946908870517e-06,2.045713845031645883e-06,1.982545971244001893e-06,1.868933263119887215e-06,1.707286976251529742e-06,1.501248358066717396e-06,1.255524335810352567e-06,9.757001625150902517e-07,6.680524619311490730e-07,3.395323744214063617e-07,3.646514230101977471e-08,3.646099207612349764e-07,7.266275712539872949e-07,1.092071442268307269e-06,1.456106043055140918e-06,1.813838466809327794e-06,2.157949829434636678e-06,2.466682303932483218e-06,2.723015515382777653e-06,2.913038510478453375e-06,3.026880625863158867e-06,3.058576176245883296e-06,3.005654936074036486e-06,2.953263953976447891e-06,2.901025059925573867e-06,2.848823525383519833e-06,2.796690247345534101e-06,2.744730790750267316e-06,2.693082975447427225e-06,2.641892009963294767e-06,2.591296464575262804e-06,2.541420927167597039e-06,2.492372736873795637e-06,2.444241153832397411e-06,2.397097930611470755e-06,2.350998637265565635e-06,2.305984339020048499e-06,2.262083383590132387e-06,2.219313155886429768e-06,2.177681721624003665e-06,2.137189321215745393e-06,2.097829699770772353e-06,2.059591273546797190e-06,2.022458141411289340e-06,1.986411620984997632e-06,1.951433747737082762e-06,1.917508832403015015e-06,1.884624243517138268e-06,1.852771037365809750e-06,1.821944418248835046e-06,1.792144008441173656e-06,1.763373905713157720e-06,1.735642506483241383e-06,1.708962074259360778e-06,1.683348035545272921e-06,1.658817988464139678e-06,1.635390412726478130e-06,1.613083073201431177e-06,1.591911113523715739e-06,1.571884841640238220e-06,1.553007217391145651e-06,1.535271065461471710e-06,1.518656058881839029e-06,1.503125553822111440e-06,1.488623412744003076e-06,1.475071039157300526e-06,1.462364974031177765e-06,1.450375582137076039e-06,1.438947592967681942e-06,1.427903549903252196e-06,1.417051531472284814e-06,1.406198762648520547e-06,1.395172787430348288e-06,1.383851501495357718e-06,1.372202256008407328e-06,1.360328154403815314e-06,1.348516427672960123e-06,1.337279598236083956e-06,1.327375853555118034e-06,1.319792213170624062e-06,1.315674173015196166e-06,1.316186792390694733e-06
1.321554103848942827e-06,1.333970532341762016e-06,1.349814590228185133e-06,1.366887992358224052e-06,1.383319604552108060e-06,1.397768209980479352e-06,1.409494881607378502e-06,1.418313534765443565e-06,1.424456166783485889e-06,1.428406699506370067e-06,1.430750728399744617e-06,1.432066854226248702e-06,1.432863650366664826e-06,1.433553325554824275e-06,1.434449231313277200e-06,1.435775968483483384e-06,1.437684354428948084e-06,1.440266812289573349e-06,1.443571092053953027e-06,1.447611632597531102e-06,1.452378584430241159e-06,1.457844804887907944e-06,1.463971208809991813e-06,1.470710829877983698e-06,1.478011886284765698e-06,1.485820080378579283e-06,1.494080307683793655e-06,1.502737909296697649e-06,1.511739572104974109e-06,1.521033961179853448e-06,1.530572155420567220e-06,1.540307948763812517e-06,1.550198073152448033e-06,1.560202394643877293e-06,1.570284129669076777e-06,1.580410124094631608e-06,1.590551233317684244e-06,1.600682837348555201e-06,1.610785521130874205e-06,1.620845947769395522e-06,1.630857951468204620e-06,1.640823878297803692e-06,1.650755164844544285e-06,1.660669726644085460e-06,1.670592131456703522e-06,1.680554955337672462e-06,1.690600387646074578e-06,1.700782134274919021e-06,1.711167680062191797e-06,1.721840986411508082e-06,1.732905719822125790e-06,1.744489133068356039e-06,1.756746755851806123e-06,1.769868100080667496e-06,1.784083653394869278e-06,1.799673534863927895e-06,1.816978339458655654e-06,1.836412939531933023e-06,1.858484407228345632e-06,1.883815883406540648e-06,1.913179321466898121e-06,1.893759120060661875e-06,1.827201647070042209e-06,1.716673173255568688e-06,1.566856787940476597e-06,1.383915685125191507e-06,1.175363137941857235e-06,9.497458145715148878e-07,7.161624476053985459e-07,4.821157890525037636e-07,2.594084782247380665e-07,1.241157827656208531e-07,2.593595464760979052e-07,4.544159324390186347e-07,6.402079795635826501e-07,8.041658331201469705e-07,9.389591353513203853e-07,1.038939338833048955e-06,1.099831100142818426e-06,1.118781991980803576e-06,1.094446714227554873e-06,1.027079611704263983e-06,9.186838231821424338e-07,7.734045545983414065e-07,5.989224990135774929e-07,4.127160224167931777e-07,2.758547914709119776e-07,3.364436461236188516e-07,5.573341551889153061e-07,8.292621470690145058e-07,1.119333802900689764e-06,1.415267555523700319e-06,1.709155637867446642e-06,1.993678099276999608e-06,2.260039139557909851e-06,2.495800913297674613e-06,2.689743493662181097e-06,2.832538205425227035e-06,2.916960274273694851e-06,2.937899481942833207e-06,2.892305666073326204e-06,2.779127512654450748e-06,2.599252258530484105e-06,2.355442591015773397e-06,2.052281625287757391e-06,1.696188637251693222e-06,1.295770550894900101e-06,8.639420348535384900e-07,4.354428485534244292e-07,3.023502859608176681e-07,7.072755841228456512e-07,1.194016870140588962e-06,1.684224191185211892e-06,2.159123973463733425e-06,2.606140023938541668e-06,3.013619517763655898e-06,3.371344851765857525e-06,3.670734035277958276e-06,3.905045842444045954e-06,4.069489291164381959e-06,4.161268264630029400e-06,4.179591281147920541e-06,4.125656963345104093e-06,4.002616664282834366e-06,3.815511551131757893e-06,3.571171796522435918e-06,3.278041424167531385e-06,2.945868567432267638e-06,2.585219115668033528e-06,2.205604188544834940e-06,1.816001478755858238e-06,1.425183487200620657e-06,1.041908081691185361e-06,6.754053882121621489e-07,3.387154372475241199e-07,1.178915583735461280e-07,3.040797764799713670e-07,5.306345780427515704e-07,7.157236772255838296e-07,8.503574252365230207e-07,9.310539329836993163e-07,9.566335163774166059e-07,9.277594090493456688e-07,8.468450441894201892e-07,7.181102859008698230e-07,5.480449947548563202e-07,3.482895871070176776e-07,1.663037521599318958e-07,2.463643722589577923e-07,4.983246644379406597e-07,7.754055893284110516e-07,1.054042183950468599e-06,1.322895279750541066e-06,1.572879991703244823e-06,1.795879927351337366e-06,1.984493705983445219e-06,2.132399538076702991e-06,2.234514292576301862e-06,2.287111150437601030e-06,2.287892500713696883e-06,2.236017651944927122e-06,2.132084964252923587e-06,1.978068167595890218e-06,1.777208719489268758e-06,1.533869359028529089e-06,1.253358261861095004e-06,9.417460115318807416e-07,6.058120921174110632e-07,2.550940580392285241e-07,1.408796947255847842e-07,5.046495138299670758e-07,8.808634659449518986e-07,1.253341730331951895e-06,1.613757245662141885e-06,1.952028380760741191e-06,2.253733937416235259e-06,2.505112943874583116e-06,2.694421667677601286e-06,2.812764959389393789e-06,2.854356150371540951e-06,2.816469107967214545e-06,2.778448654003331846e-06,2.739841806294310744e-06,2.700476655295548365e-06,2.660352180088472740e-06,2.619565759857987908e-06,2.578266292333866150e-06,2.536624433020934419e-06,2.494814183178095153e-06,2.453001945828974863e-06,2.411340451579971916e-06,2.369965818563377346e-06,2.328996590173816430e-06,2.288533983626305387e-06,2.248662844141990740e-06,2.209452975464016898e-06,2.170960635365482520e-06,2.133230063631788814e-06,2.096294962367798103e-06,2.060179882980670035e-06,2.024901496640407525e-06,1.990469739369886015e-06,1.956889504777188618e-06,1.924164310447095816e-06,1.892297988702025332e-06,1.861295607038266325e-06,1.831164246567582210e-06,1.801913618337944456e-06,1.773556494621694650e-06,1.746108930879917830e-06,1.719590254260192033e-06,1.694022795960866763e-06,1.669431347242402145e-06,1.645842321889706548e-06,1.623282611190713183e-06,1.601778120813281328e-06,1.581351982426791843e-06,1.562022437049415061e-06,1.543800393071889794e-06,1.526686671810010582e-06,1.510668970687221848e-06,1.495718603984770421e-06,1.481787131169971300e-06,1.468803063722475075e-06,1.456668966790952843e-06,1.445259457558828665e-06,1.434420861665527289e-06,1.423973625556783746e-06,1.413718972135021405e-06,1.403451652220809149e-06,1.392980822162181333e-06,1.382160794621147212e-06,1.370932291691665301e-06,1.359372495137358172e-06,1.347748458436083107e-06,1.336563672930105470e-06,1.326582988808616242e-06,1.318818739228540585e-06,1.314462389151679794e-06,1.314748815562431392e-06
1.320043372349685121e-06,1.332631287604357213e-06,1.348983842081210727e-06,1.366914846383200516e-06,1.384528078678964074e-06,1.400425612254678579e-06,1.413790564782090286e-06,1.424351851864976503e-06,1.432263119477315745e-06,1.437945917094733271e-06,1.441943137925375875e-06,1.444809445379818444e-06,1.447044738838815193e-06,1.449063517192860011e-06,1.451188414140587647e-06,1.453657148251626952e-06,1.456635226757499705e-06,1.460229842900677294e-06,1.464502693779764813e-06,1.469480853428396837e-06,1.475165580979448497e-06,1.481539273779609945e-06,1.488570878841929842e-06,1.496220072228156302e-06,1.504440471093029951e-06,1.513182089987262754e-06,1.522393205605714791e-06,1.532021756911441168e-06,1.542016380488795117e-06,1.552327162365414255e-06,1.562906175223290331e-06,1.573707861843021715e-06,1.584689320097225042e-06,1.595810540563904291e-06,1.607034644034839440e-06,1.618328162410802631e-06,1.629661402612942686e-06,1.641008929392706214e-06,1.652350199712176332e-06,1.663670379274345785e-06,1.674961371468754606e-06,1.686223091075614482e-06,1.697464010787290809e-06,1.708698636534508041e-06,1.719947704063854083e-06,1.731239545285641559e-06,1.742611727952995210e-06,1.754113029256078182e-06,1.765805819997104456e-06,1.777768957054611700e-06,1.790101309512051963e-06,1.802926080357049249e-06,1.816396134077019903e-06,1.830700604862506302e-06,1.846073145969694422e-06,1.862802295409929580e-06,1.881244586053618498e-06,1.901841231024865401e-06,1.925139479207405925e-06,1.951820062473474718e-06,1.982732508424115603e-06,1.963202436396610101e-06,1.894976860932096427e-06,1.781336282565908536e-06,1.627026962402669745e-06,1.438126499613061410e-06,1.221812653104870668e-06,9.860160087459522794e-07,7.390372074831843451e-07,4.896686462174798668e-07,2.546126326327460988e-07,1.468436776974479421e-07,3.159794142428002933e-07,5.291043805400535426e-07,7.302405924657730247e-07,9.073433184613054616e-07,1.053010319110242367e-06,1.161390095448873437e-06,1.227913408994219814e-06,1.249397316425210390e-06,1.224178845023248182e-06,1.152228312591570093e-06,1.035273830051676000e-06,8.770791595100820061e-07,6.844405419335805075e-07,4.718227435842657477e-07,2.901036869655475348e-07,3.156974510580400403e-07,5.533902919816523213e-07,8.538481159206972096e-07,1.174501828098843453e-06,1.501043031263192019e-06,1.824269810374596948e-06,2.135663464613539176e-06,2.425911835662465509e-06,2.684457855588831040e-06,2.901035455632380630e-06,3.066535795777861406e-06,3.173480393019035909e-06,3.216262151556226680e-06,3.191254292821450484e-06,3.096844602605053369e-06,2.933422151248924070e-06,2.703329775283314447e-06,2.410797063311735125e-06,2.061891871550787786e-06,1.664617705448145094e-06,1.229685035215631597e-06,7.750774932439271594e-07,3.688611778715387389e-07,4.270986561281195579e-07,8.738561782212246477e-07,1.363918440519990938e-06,1.846605810983496663e-06,2.304401286164995369e-06,2.724862853222641957e-06,3.097628104229122077e-06,3.414040054261177607e-06,3.667204711489020130e-06,3.852095716513432470e-06,3.965632015561656085e-06,4.006718939468980428e-06,3.976252060454365945e-06,3.877080928358352499e-06,3.713924771956406389e-06,3.493224101868000337e-06,3.222901008927993989e-06,2.911993678108332515e-06,2.570131422877177602e-06,2.206780500224393194e-06,1.831143461091133895e-06,1.452228861515360917e-06,1.078985657589222930e-06,7.207239421478149424e-07,3.895449591701355360e-07,1.361668205023686896e-07,2.505752475236511484e-07,4.683259185759753909e-07,6.497717087680579009e-07,7.823574084996430237e-07,8.618932731737712559e-07,8.868487848464570309e-07,8.576530550719061337e-07,7.766110698081503536e-07,6.481234735523969915e-07,4.798625205136193315e-07,2.902035848054045293e-07,1.786300786160201929e-07,3.405383333099669875e-07,6.048080630475049316e-07,8.906680046835120521e-07,1.179189763912355599e-06,1.459209186299517852e-06,1.721432538696722952e-06,1.957492605475597632e-06,2.159832717958624926e-06,2.321883688629999675e-06,2.438238463697956933e-06,2.504792529608093039e-06,2.518839736009198424e-06,2.479120559696900007e-06,2.385822637417062025e-06,2.240534792696949275e-06,2.046157293454127795e-06,1.806773205362623809e-06,1.527489702390463666e-06,1.214272063888569483e-06,8.738671601476708742e-07,5.144809295320108792e-07,1.603834555763143587e-07,2.764692678861415450e-07,6.524337455351429279e-07,1.029076649224014084e-06,1.391427793882289477e-06,1.728450847628224165e-06,2.028230123162603241e-06,2.279218184216785828e-06,2.471306476920547513e-06,2.596551247469610436e-06,2.649548184691828224e-06,2.627555106546153755e-06,2.604328843492115461e-06,2.579503315111413941e-06,2.552958073386196847e-06,2.524731485523858448e-06,2.494958721121643581e-06,2.463828823903248908e-06,2.431555778326793815e-06,2.398359554514336842e-06,2.364454133037379071e-06,2.330040336050463178e-06,2.295301916643211867e-06,2.260403816893459104e-06,2.225491835295722327e-06,2.190693179296932881e-06,2.156117544691593611e-06,2.121858480147804405e-06,2.087994876432716738e-06,2.054592476276082354e-06,2.021705339614764703e-06,1.989377225433788266e-06,1.957642869268525621e-06,1.926529826403605784e-06,1.896062297226112977e-06,1.866262941191089109e-06,1.837153924408570898e-06,1.808757835975752931e-06,1.781098450300092202e-06,1.754201310450629110e-06,1.728094106262255194e-06,1.702806820939525972e-06,1.678371621234195045e-06,1.654822468612749560e-06,1.632194431775474372e-06,1.610522684016147194e-06,1.589841171898424302e-06,1.570180944471486416e-06,1.551568135042626960e-06,1.534021591276744638e-06,1.517550155959726670e-06,1.502149613419514733e-06,1.487799340685561478e-06,1.474458746222843873e-06,1.462063654549821180e-06,1.450522918723515683e-06,1.439715734903445408e-06,1.429490414694802482e-06,1.419665753353437526e-06,1.410036598565547421e-06,1.400385698395447463e-06,1.390504208130413727e-06,1.380223043800535055e-06,1.369456131058106437e-06,1.358254037207645054e-06,1.346862277631701323e-06,1.335773244940317445e-06,1.325755817201190867e-06,1.317844778368434048e-06,1.313274897527664133e-06,1.313348655565146294e-06
1.318573367909860788e-06,1.331318918369165419e-06,1.348154732147313824e-06,1.366911502048724933e-06,1.385672891137766889e-06,1.402988926637892267e-06,1.417968227539404410e-06,1.430256336096259677e-06,1.439928364564773139e-06,1.447342064281324005e-06,1.452995701585474755e-06,1.457418176939591292e-06,1.461099307476526126e-06,1.464454964578311978e-06,1.467816566899163915e-06,1.471434752947258406e-06,1.475489705334847081e-06,1.480103467681270931e-06,1.485351801053969940e-06,1.491274534431793013e-06,1.497884141404864652e-06,1.505172644453170971e-06,1.513117085800820524e-06,1.521683825879822714e-06,1.530831903515883747e-06,1.540515650534148429e-06,1.550686713376847723e-06,1.561295601451903739e-06,1.572292857418557089e-06,1.583629927505249647e-06,1.595259798567594939e-06,1.607137461181401719e-06,1.619220253102629669e-06,1.631468133730274208e-06,1.643843936971585931e-06,1.656313646686465865e-06,1.668846735563037656e-06,1.681416605018167689e-06,1.694001160933056105e-06,1.706583558320668001e-06,1.719153148098759035e-06,1.731706661752917844e-06,1.744248699531885138e-06,1.756789262668048182e-06,1.769343933953736189e-06,1.781935204394135495e-06,1.794594084632827708e-06,1.807362069174458711e-06,1.820293540670289603e-06,1.833458726887173301e-06,1.846947356422724388e-06,1.860873203283498895e-06,1.875379768227883369e-06,1.890647419913455484e-06,1.906902415076736825e-06,1.924428336804675827e-06,1.943580632150322044e-06,1.964805083746023137e-06,1.988661181377582529e-06,2.015851389470671854e-06,2.047257066904436980e-06,2.026429233241551183e-06,1.955188629704774693e-06,1.836913733328127108e-06,1.676432857601149048e-06,1.479838182519433020e-06,1.254216043303510390e-06,1.007331953392274774e-06,7.474820226544007638e-07,4.845831941121165709e-07,2.416613641035607158e-07,1.772429233034441597e-07,3.785318495046094749e-07,6.096695467000007597e-07,8.267492933076739626e-07,1.018111438979966540e-06,1.176056656891473328e-06,1.294328429816126769e-06,1.367927407598331433e-06,1.393264908315997962e-06,1.368332450908290441e-06,1.292828000307846992e-06,1.168256027533269439e-06,9.980995562512745486e-07,7.884449763005431013e-07,5.509722360214048148e-07,3.226787452521705247e-07,2.814373251150646565e-07,5.233777309184957834e-07,8.481763657677075820e-07,1.196038958805174419e-06,1.550390788192776918e-06,1.901218950859283614e-06,2.239475842835072569e-06,2.555706193516604826e-06,2.839861253247202396e-06,3.081991412695919376e-06,3.272962047713515899e-06,3.404996796619137285e-06,3.472035618558618433e-06,3.469944548941070375e-06,3.396618372324792621e-06,3.252007020314569830e-06,3.038086091033798120e-06,2.758788013022993756e-06,2.419919264531451245e-06,2.029130760256730567e-06,1.596170897787480023e-06,1.134430353968618582e-06,6.704644245429006758e-07,3.398384134546296528e-07,5.687755103397051639e-07,1.033227637019524215e-06,1.515552762764131823e-06,1.979731873942406499e-06,2.409997103755082419e-06,2.795092713272173991e-06,3.126010387687632251e-06,3.395608995708108384e-06,3.598606989615627772e-06,3.731642070132464856e-06,3.793320756555422451e-06,3.784233926079897388e-06,3.706926210508092320e-06,3.565806637337724380e-06,3.366983054786191264e-06,3.117998860801897250e-06,2.827456256574990700e-06,2.504539082363937457e-06,2.158520993070076290e-06,1.798545667835567906e-06,1.433598946521179492e-06,1.072617553342367484e-06,7.249034902464127835e-07,4.023416395649473164e-07,1.477441047010148262e-07,2.295437000330821995e-07,4.394920211859479243e-07,6.167044573992554694e-07,7.463622466535459677e-07,8.237559105693939692e-07,8.470561601721787260e-07,8.164907850815868121e-07,7.343042911693502673e-07,6.051950349100136897e-07,4.384628916250623801e-07,2.619472152552324629e-07,2.162695509323902564e-07,4.136558207889600944e-07,6.876816568112186467e-07,9.826976994357789128e-07,1.281615625179366819e-06,1.573337366572657435e-06,1.848414538389224097e-06,2.098269371687613567e-06,2.315118207827871528e-06,2.492110914049076480e-06,2.623508142340888888e-06,2.704837272993565858e-06,2.733006188550808507e-06,2.706368736976419905e-06,2.624741638532860906e-06,2.489374932301077815e-06,2.302879331139575036e-06,2.069115438717230770e-06,1.793053506578747270e-06,1.480624310720447205e-06,1.138627791708505480e-06,7.749986842717096228e-07,4.018270423742534169e-07,1.247168073327049653e-07,4.196204229553705162e-07,7.940265907674986068e-07,1.157087622204260615e-06,1.494565533889207847e-06,1.795188739642677886e-06,2.048641519821559818e-06,2.245927998115397319e-06,2.379870995488160544e-06,2.445462034090508278e-06,2.440041646448478977e-06,2.431938557210383460e-06,2.420986683855581905e-06,2.407201598619740214e-06,2.390721400864058262e-06,2.371760741501529576e-06,2.350576823049739348e-06,2.327445226549023774e-06,2.302643350791363937e-06,2.276439534651598701e-06,2.249086308866803205e-06,2.220816580217752251e-06,2.191841851475276337e-06,2.162351818853882228e-06,2.132514871424028680e-06,2.102479153882247351e-06,2.072373955124752622e-06,2.042311258727112867e-06,2.012387344572571227e-06,1.982684368838663977e-06,1.953271876406091784e-06,1.924208218532843536e-06,1.895542546934912049e-06,1.867318794307662577e-06,1.839577605114093545e-06,1.812357502162280291e-06,1.785695931775019548e-06,1.759630162803573162e-06,1.734198012922733174e-06,1.709438374274788464e-06,1.685391510337689488e-06,1.662099097006123989e-06,1.639603983059168097e-06,1.617949648013302546e-06,1.597179338320699743e-06,1.577334865507374504e-06,1.558455051864617021e-06,1.540573810767522799e-06,1.523717850249393047e-06,1.507903991727187494e-06,1.493136103876112158e-06,1.479401670012534495e-06,1.466668044750556095e-06,1.454878525575837308e-06,1.443948486510265958e-06,1.433762019123973344e-06,1.424169828187137621e-06,1.414989555175648501e-06,1.406010243471884341e-06,1.397003238374539992e-06,1.387742237637555425e-06,1.378035110589670741e-06,1.367768955704542305e-06,1.356967103823224843e-06,1.345852146161598375e-06,1.334903183090937379e-06,1.324890292629440507e-06,1.316867647361891121e-06,1.312110507259633387e-06,1.311986667352516177e-06
1.317146116554656502e-06,1.330037015817916708e-06,1.347332031626547138e-06,1.366883309084014135e-06,1.386759130151208489e-06,1.405462005480785914e-06,1.422029563025772339e-06,1.436025825248229435e-06,1.447447510297853076e-06,1.456587463403578910e-06,1.463897643006945775e-06,1.469879505124934377e-06,1.475011430628700064e-06,1.479709735996692073e-06,1.484314081443468826e-06,1.489087766836838215e-06,1.494225574648296617e-06,1.499864425786785872e-06,1.506094219790950433e-06,1.512967629536979875e-06,1.520508428629293986e-06,1.528718338515199214e-06,1.537582555701025469e-06,1.547074168823344692e-06,1.557157667484857074e-06,1.567791715817005801e-06,1.578931331364947826e-06,1.590529581624054811e-06,1.602538888702397987e-06,1.614912016997991960e-06,1.627602808312909122e-06,1.640566722053450320e-06,1.653761233743148200e-06,1.667146141907479839e-06,1.680683830692318630e-06,1.694339532893907817e-06,1.708081635258114425e-06,1.721882065083811406e-06,1.735716794721594036e-06,1.749566499089274382e-06,1.763417401591832130e-06,1.777262346689090639e-06,1.791101201794617179e-06,1.804938414351366503e-06,1.818783133989101940e-06,1.832650444779241153e-06,1.846562878593865649e-06,1.860552280324707678e-06,1.874662116596398471e-06,1.888950347298995879e-06,1.903493015970742994e-06,1.918388763556341537e-06,1.933764533670111063e-06,1.949782819820207826e-06,1.966650909208911637e-06,1.984632704374828668e-06,2.004063847013175431e-06,2.025371006191587610e-06,2.049096271709115361e-06,2.075927495214696382e-06,2.106734917145198826e-06,2.083389371640054006e-06,2.007781258336054876e-06,1.883409848686058551e-06,1.715257165033759618e-06,1.509577126931977593e-06,1.273605237634168923e-06,1.015259718559887755e-06,7.431425831968213621e-07,4.683861749708297427e-07,2.230867790387988306e-07,2.156605172246760281e-07,4.459852161536140793e-07,6.949525980134791664e-07,9.284696888688621857e-07,1.135165597460367260e-06,1.306844323771785167e-06,1.436629109533643215e-06,1.518922638670998893e-06,1.549626106925767832e-06,1.526341062642414545e-06,1.448503172545366874e-06,1.317460152349250493e-06,1.136557571974351724e-06,9.114636530403455029e-07,6.518403666775669032e-07,3.824739161586935026e-07,2.448355121170580337e-07,4.673852399151466710e-07,8.115658719723415833e-07,1.183020686417924801e-06,1.562174892350506286e-06,1.938587323105024277e-06,2.303089518058913587e-06,2.646164141913249760e-06,2.957721823421386755e-06,3.227633317225172558e-06,3.446423681374222523e-06,3.605866133254709937e-06,3.699403455965067027e-06,3.722409154574898725e-06,3.672325320135069488e-06,3.548711285025186704e-06,3.353226732494606170e-06,3.089564973791516634e-06,2.763352310518513012e-06,2.382047987358789950e-06,1.954952454463538384e-06,1.493721534383626691e-06,1.015286364178417882e-06,5.614967550644633629e-07,3.714955921316193469e-07,7.121645064340190795e-07,1.176991121776408607e-06,1.640853404623286222e-06,2.076695513462844726e-06,2.470763297388289511e-06,2.813208538480628802e-06,3.096461147046875763e-06,3.314912040409266273e-06,3.464887436069174443e-06,3.544680334410303337e-06,3.554570084480499483e-06,3.496802500350392848e-06,3.375511494390577157e-06,3.196560613624855125e-06,2.967278687212547917e-06,2.696069632346742958e-06,2.391912542489423570e-06,2.063864767344199502e-06,1.720825426075128026e-06,1.371520790037443246e-06,1.024653608206918892e-06,6.893890786848235951e-07,3.778384459594241322e-07,1.381295029245079806e-07,2.366452504218951924e-07,4.427961548675924414e-07,6.159498379957998295e-07,7.422537507854222226e-07,8.168674594349726760e-07,8.377471819655648176e-07,8.049408515722374300e-07,7.206260365744160634e-07,5.897442098882534951e-07,4.230022334324873629e-07,2.562319668055645404e-07,2.475489572240519058e-07,4.608586815022967765e-07,7.433442899863522697e-07,1.047609273640566342e-06,1.357171954980290305e-06,1.660918764639464707e-06,1.949276860883934401e-06,2.213474742657712749e-06,2.445470999621224622e-06,2.638103168490400997e-06,2.785283000923963438e-06,2.882170566614466361e-06,2.925303380744224907e-06,2.912675126435738161e-06,2.843765488048465899e-06,2.719524588526268567e-06,2.542315952238524105e-06,2.315822580407249294e-06,2.044923267830204007e-06,1.735554701811143162e-06,1.394602800715827914e-06,1.029975740966962828e-06,6.516457647991980601e-07,2.825773715090999668e-07,2.127022720519652613e-07,5.589956767647225744e-07,9.193988453455671877e-07,1.257273063969442577e-06,1.559888999182014777e-06,1.817325129592210014e-06,2.021239118981988208e-06,2.164994774066951938e-06,2.243906814162672430e-06,2.255413204567917459e-06,2.262552168005709290e-06,2.265423378955233615e-06,2.264234214327177150e-06,2.259266108072487806e-06,2.250845492888095802e-06,2.239320676375328697e-06,2.225044504697533701e-06,2.208362029384915182e-06,2.189602213660938591e-06,2.169072754475463487e-06,2.147057224432753367e-06,2.123813887760341218e-06,2.099575685960915232e-06,2.074551010111572413e-06,2.048924975385350069e-06,2.022860990840177368e-06,1.996502476947717582e-06,1.969974628097275021e-06,1.943386150517652589e-06,1.916830930355441049e-06,1.890389604178347996e-06,1.864131708094309819e-06,1.838119812295229209e-06,1.812411564753403854e-06,1.787060970361179813e-06,1.762119556873439024e-06,1.737637401701051196e-06,1.713663991976459296e-06,1.690248888743641804e-06,1.667442165615208579e-06,1.645294593059073477e-06,1.623857541440254332e-06,1.603182578595156763e-06,1.583320740468715426e-06,1.564321455599850315e-06,1.546231105522613380e-06,1.529091203288931262e-06,1.512936171714338434e-06,1.497790702974938760e-06,1.483666684808223524e-06,1.470559691270470906e-06,1.458445067063734557e-06,1.447273698576853772e-06,1.436967683707409884e-06,1.427416315459882648e-06,1.418473115049540673e-06,1.409955116752431304e-06,1.401646217334682301e-06,1.393307083225085275e-06,1.384694650232906453e-06,1.375594250806464208e-06,1.365866261651132468e-06,1.355506230595067461e-06,1.344712423985831872e-06,1.333948346479924513e-06,1.323982271804121524e-06,1.315884510961244649e-06,1.310967853755085390e-06,1.310663033882364652e-06
1.315763485798700784e-06,1.328789033037601078e-06,1.346520408033782917e-06,1.366835568624575036e-06,1.387791905617872885e-06,1.407848789256347690e-06,1.425976391299695926e-06,1.441659278816841286e-06,1.454816235943691425e-06,1.465674423585091262e-06,1.474638072950863168e-06,1.482179674926702891e-06,1.488764885444676876e-06,1.494809533879030917e-06,1.500660932694037024e-06,1.506594721356792002e-06,1.512820142251050774e-06,1.519488963791837216e-06,1.526705253398215840e-06,1.534534584019511797e-06,1.543012093413839989e-06,1.552149264122008653e-06,1.561939502235511121e-06,1.572362670995119800e-06,1.583388747455481909e-06,1.594980754623402949e-06,1.607097097243908208e-06,1.619693405958905919e-06,1.632723975462535144e-06,1.646142868246469299e-06,1.659904745978810033e-06,1.673965484409281374e-06,1.688282623790077353e-06,1.702815704140279275e-06,1.717526532502546733e-06,1.732379427168021629e-06,1.747341481491085351e-06,1.762382887466491881e-06,1.777477357040137768e-06,1.792602677747799723e-06,1.807741439506693142e-06,1.822881972161013957e-06,1.838018632926456955e-06,1.853149356231015730e-06,1.868275674589494090e-06,1.883403800586820678e-06,1.898545970186750022e-06,1.913722115659719084e-06,1.928961957229994050e-06,1.944307630361565017e-06,1.959817002802896508e-06,1.975567885142691228e-06,1.991663404481702285e-06,2.008238897309603312e-06,2.025470789273284746e-06,2.043588069260156886e-06,2.062887131050370707e-06,2.083750932674187140e-06,2.106673567091834491e-06,2.132291341738028421e-06,2.161421101741498529e-06,2.134344297789086691e-06,2.053025602063625716e-06,1.921124295664851251e-06,1.743871919611565025e-06,1.527856905392328158e-06,1.280714224713521928e-06,1.010796300815798657e-06,7.272163375213192089e-07,4.424665777918470450e-07,2.022688996252195563e-07,2.607272791896103987e-07,5.164445133345374064e-07,7.828565846355349678e-07,1.033346373015906747e-06,1.256627505479909703e-06,1.443740511049507312e-06,1.586919820067562214e-06,1.679765704220583572e-06,1.717544886655428220e-06,1.697416479200466018e-06,1.618563350930160428e-06,1.482249501347118619e-06,1.291844727349715129e-06,1.052939132037896021e-06,7.741129233055626921e-07,4.722438522067389801e-07,2.315537545417894751e-07,3.873246361552996649e-07,7.441675936977738599e-07,1.134995633460517493e-06,1.535329240830274526e-06,1.934668985104079937e-06,2.324127197667912362e-06,2.694203748948660399e-06,3.034374565620162870e-06,3.333861033550435849e-06,3.582492910483574406e-06,3.771390143665624682e-06,3.893416675235733816e-06,3.943446226803381937e-06,3.918497378711099684e-06,3.817781865772085639e-06,3.642691686511748075e-06,3.396737105285294932e-06,3.085441165252645646e-06,2.716201001498645399e-06,2.298159401858245841e-06,1.842255680641749304e-06,1.362145965200086578e-06,8.796793608049636869e-07,4.650289429355991913e-07,4.527242785226627924e-07,8.464281561506991497e-07,1.297729304265526913e-06,1.733351331343624912e-06,2.132326675205546725e-06,2.482895786641319288e-06,2.776715557835050000e-06,3.007711494710185455e-06,3.171832495524235565e-06,3.267020640516220134e-06,3.293221680617333233e-06,3.252379213536950982e-06,3.148383924814410664e-06,2.986949143891530351e-06,2.775371375467761413e-06,2.522121420557817092e-06,2.236224705549652402e-06,1.926521208895683512e-06,1.601474207747337772e-06,1.269285108121768022e-06,9.381641020128825061e-07,6.169859302640747777e-07,3.187140303848609412e-07,1.177806734393642278e-07,2.715735055821655840e-07,4.769558750480390196e-07,6.464782719202167302e-07,7.693354168974099408e-07,8.408416540146711087e-07,8.587940688204559276e-07,8.230543147334199749e-07,7.356655830845556867e-07,6.015723062488943913e-07,4.319066034195418973e-07,2.647361462372664976e-07,2.610179069163387363e-07,4.793926498526204338e-07,7.690434252439931802e-07,1.082294629025119287e-06,1.402433633914140868e-06,1.718261412481976910e-06,2.020111458159673966e-06,2.299032126447575382e-06,2.546686396452830059e-06,2.755555649462971565e-06,2.919175895031520905e-06,3.032334597047786418e-06,3.091211088088316876e-06,3.093462287484232429e-06,3.038260135089875817e-06,2.926286529861424873e-06,2.759690077091707330e-06,2.542008137400422281e-06,2.278058234428681844e-06,1.973807054032072503e-06,1.636240971227560452e-06,1.273318132394581692e-06,8.943343009252748325e-07,5.129008995697682253e-07,1.896105375485933069e-07,3.402048756070971978e-07,6.867562234013760386e-07,1.023075489538321329e-06,1.327548513612845389e-06,1.589422935027086691e-06,1.800535660773672622e-06,1.954553887262885576e-06,2.047006137543940180e-06,2.075396780315860950e-06,2.097617763881980041e-06,2.114061035488826964e-06,2.125154442648625340e-06,2.131348423997809716e-06,2.133101979201254646e-06,2.130870222356525465e-06,2.125094441684010282e-06,2.116194808611008880e-06,2.104565491932674338e-06,2.090571777931693413e-06,2.074548769149597440e-06,2.056801268236131916e-06,2.037604512025486841e-06,2.017205484993899062e-06,1.995824600950505113e-06,1.973657593263719112e-06,1.950877496179919889e-06,1.927636633359370864e-06,1.904068555758168049e-06,1.880289890711337616e-06,1.856402078753722786e-06,1.832493682793242737e-06,1.808644676162205112e-06,1.784928596338779111e-06,1.761413930954740290e-06,1.738165396759458192e-06,1.715245085240591313e-06,1.692713446957368916e-06,1.670630084731101465e-06,1.649054324905211116e-06,1.628045536329000226e-06,1.607663168390215044e-06,1.587966481840743454e-06,1.569013948658227735e-06,1.550862299032494070e-06,1.533565194104071521e-06,1.517171501921103561e-06,1.501723151372253588e-06,1.487252535728773824e-06,1.473779436685311830e-06,1.461307446932534147e-06,1.449819894045485915e-06,1.439275326710590333e-06,1.429602740110095466e-06,1.420696923878207960e-06,1.412414653277894487e-06,1.404572947808742062e-06,1.396951297154893916e-06,1.389300530519370530e-06,1.381361663048581337e-06,1.372898155242669218e-06,1.363743902829587008e-06,1.353866205140331109e-06,1.343437601367085707e-06,1.332903605795493777e-06,1.323027526707743019e-06,1.314892387996630950e-06,1.309845400950591495e-06,1.309377766157150167e-06
1.314427182876792808e-06,1.327578280357311519e-06,1.345724415793562759e-06,1.366773517888624120e-06,1.388776329065546530e-06,1.410153285935470509e-06,1.429810644165272351e-06,1.447155774091162311e-06,1.462030302685539082e-06,1.474595266883134566e-06,1.485206028361632287e-06,1.494304768023846695e-06,1.502343204093091270e-06,1.509735747061936421e-06,1.516836727412659795e-06,1.523933737727407773e-06,1.531250273312139464e-06,1.538952860882515685e-06,1.547159717738156468e-06,1.555949338604007165e-06,1.565368267068768548e-06,1.575437796743401725e-06,1.586159594926297781e-06,1.597520348972675957e-06,1.609495568583197877e-06,1.622052675069393451e-06,1.635153492899830300e-06,1.648756240395776218e-06,1.662817100196013984e-06,1.677291437672519151e-06,1.692134726851081384e-06,1.707303237851104778e-06,1.722754536457057371e-06,1.738447844259193426e-06,1.754344306117367507e-06,1.770407210012346061e-06,1.786602202419848097e-06,1.802897540204163634e-06,1.819264417970208989e-06,1.835677408375911162e-06,1.852115052872051748e-06,1.868560642699473399e-06,1.885002365223632323e-06,1.901430816527931385e-06,1.917838880578014529e-06,1.934222607770169365e-06,1.950582319211604853e-06,1.966923997295369157e-06,1.983261042060634490e-06,1.999616498403320889e-06,2.016025893844943805e-06,2.032540873552187506e-06,2.049233883003675267e-06,2.066204234885781018e-06,2.083586012852212472e-06,2.101558419718406721e-06,2.120359381385876441e-06,2.140303478256287803e-06,2.161805590668848499e-06,2.185411978293647590e-06,2.211840737854385205e-06,2.179854847972682114e-06,2.091489842878717914e-06,1.950597352801798992e-06,1.762755149185307220e-06,1.535079238600002770e-06,1.275905789562208873e-06,9.943868107781130210e-07,7.004499398771067388e-07,4.080461889822767327e-07,1.835425215557261942e-07,3.098465219755151047e-07,5.870674327756910454e-07,8.702777628894544379e-07,1.138485030710239134e-06,1.380039293663630453e-06,1.584769062687916598e-06,1.743645098506556016e-06,1.849217976171275357e-06,1.895989744039657656e-06,1.880630640692341032e-06,1.802083554293592554e-06,1.661598635624261510e-06,1.462726951531938412e-06,1.211321198326196810e-06,9.157745382233879442e-07,5.890988682687802011e-07,2.723559674134182724e-07,2.888331961699287581e-07,6.471068905495367883e-07,1.052056648695466912e-06,1.468909123182337590e-06,1.887543981933417511e-06,2.299958520619900521e-06,2.696883471762626363e-06,3.066733220274448436e-06,3.397459416428842017e-06,3.677773898842423541e-06,3.897927007692009625e-06,4.050133938524415523e-06,4.128777773954282477e-06,4.130493704477816917e-06,4.054191524047119845e-06,3.901039349513728782e-06,3.674412802558505982e-06,3.379802955428064665e-06,3.024669767509803872e-06,2.618235650596127515e-06,2.171264109930248010e-06,1.696020755618851961e-06,1.208209540311795173e-06,7.371550200194533875e-07,4.034884861967122143e-07,5.552786723390663690e-07,9.630033459683061399e-07,1.389202063973205431e-06,1.787994032149703782e-06,2.142836863942269989e-06,2.443882476818336714e-06,2.684335417532091181e-06,2.859651850287625232e-06,2.967355272551895452e-06,3.007008869859045626e-06,2.980220562284612508e-06,2.890636724219359646e-06,2.743890655168288276e-06,2.547446491222245921e-06,2.310223852648827708e-06,2.041786896359987716e-06,1.750718109383990917e-06,1.444738826961240446e-06,1.131167777146052376e-06,8.173980193340825141e-07,5.118457067284018621e-07,2.300376991096596431e-07,1.278952531047774323e-07,3.360737618966521395e-07,5.407301029082253583e-07,7.069376308089188816e-07,8.264954209763463489e-07,8.948595511967532795e-07,9.096560539272779733e-07,8.705293752806771881e-07,7.792974334964082139e-07,6.406104330627565646e-07,4.648315232348727929e-07,2.857164545996555934e-07,2.555607932582834915e-07,4.680180331003911288e-07,7.629588759319907153e-07,1.084487111773123917e-06,1.414750125998403892e-06,1.742390604617631485e-06,2.057704657840037370e-06,2.351587548581249892e-06,2.615313517341507998e-06,2.840928972997782199e-06,3.021553155652989568e-06,3.151593765152477966e-06,3.226886658912043638e-06,3.244776971409382292e-06,3.204156168961071100e-06,3.105463177286294489e-06,2.950653502681940369e-06,2.743138116627879934e-06,2.487692252762852881e-06,2.190333319018161944e-06,1.858172551555645472e-06,1.499271897467275046e-06,1.122628668414831289e-06,7.393064340949196789e-07,3.710306431211562155e-07,1.923658492370603269e-07,4.692928068474462497e-07,7.983046076001049804e-07,1.103183195929552596e-06,1.369045489741803386e-06,1.587193411066733225e-06,1.751318377362247540e-06,1.857030849501919917e-06,1.901845650658704221e-06,1.938679250701405615e-06,1.968212279296464313e-06,1.991098929825119478e-06,2.007967837122966938e-06,2.019419801110388966e-06,2.026024510427759614e-06,2.028317494222767821e-06,2.026797889969469531e-06,2.021927217825237536e-06,2.014129129951155333e-06,2.003789995650309128e-06,1.991260144691375977e-06,1.976855591060025018e-06,1.960860078235010101e-06,1.943527313407152201e-06,1.925083285449449905e-06,1.905728586666708062e-06,1.885640680026941968e-06,1.864976071368057471e-06,1.843872360183737690e-06,1.822450153467050622e-06,1.800815538169199928e-06,1.779064520972449180e-06,1.757285288777098401e-06,1.735559695608184019e-06,1.713964646461233470e-06,1.692573352282640500e-06,1.671456428432168623e-06,1.650682806592165838e-06,1.630320428635373040e-06,1.610436690947309337e-06,1.591098609008150611e-06,1.572372674165616490e-06,1.554324376726948666e-06,1.537017370906638415e-06,1.520512256959584441e-06,1.504864953401538097e-06,1.490124627479060455e-06,1.476331145889755764e-06,1.463512002786267826e-06,1.451678683825716596e-06,1.440822443534963591e-06,1.430909525468736456e-06,1.421875966737060703e-06,1.413622337408480298e-06,1.406009116516214275e-06,1.398853942935798680e-06,1.391932714596820522e-06,1.384987375345023118e-06,1.377743998883970887e-06,1.369944987981541179e-06,1.361398132513204559e-06,1.352042105338314582e-06,1.342022329641083266e-06,1.331763864931086246e-06,1.322021757799694654e-06,1.313888158274255355e-06,1.308741444132379870e-06,1.308130703593097456e-06
1.313138753173384515e-06,1.326407920959957741e-06,1.344948487226542615e-06,1.366702315222424085e-06,1.389717493719758456e-06,1.412379550087441495e-06,1.433534349467329782e-06,1.452514501833330545e-06,1.469085564737118336e-06,1.483342355616350578e-06,1.495590513635220204e-06,1.506240753770259362e-06,1.515729729563467814e-06,1.524469506769897150e-06,1.532820756508105498e-06,1.541082572646391640e-06,1.549492427607521573e-06,1.558231455720226644e-06,1.567431956897946723e-06,1.577185333437164253e-06,1.587549553026022035e-06,1.598555757699996871e-06,1.610213923861532305e-06,1.622517615942332390e-06,1.635447930694161558e-06,1.648976741047204957e-06,1.663069341498710626e-06,1.677686583755117567e-06,1.692786578053390320e-06,1.708326024788981307e-06,1.724261233387185148e-06,1.740548880423035113e-06,1.757146556082940390e-06,1.774013146356626618e-06,1.791109097139499294e-06,1.808396605193461677e-06,1.825839779372635352e-06,1.843404813634857115e-06,1.861060211354106611e-06,1.878777098810452824e-06,1.896529665219174121e-06,1.914295768292807362e-06,1.932056915968739918e-06,1.949795715904899879e-06,1.967495577799335839e-06,1.985141341933435596e-06,2.002720083681472323e-06,2.020222141922968503e-06,2.037642434558617132e-06,2.054982145232332820e-06,2.072250894168697627e-06,2.089469545988162638e-06,2.106673863146224397e-06,2.123919292128960980e-06,2.141287281003909549e-06,2.158893687111748062e-06,2.176900067276971511e-06,2.195528989294482021e-06,2.215085025113826375e-06,2.235983876690415516e-06,2.258793258675141353e-06,2.220792253549124832e-06,2.124056818680746378e-06,1.972626558440853925e-06,1.772487865293264296e-06,1.531479183754869252e-06,1.259027877256955855e-06,9.656670619625402596e-07,6.629513379488925997e-07,3.660904282411161691e-07,1.717218169846189192e-07,3.595029424212762183e-07,6.538331641537820228e-07,9.527929120800487683e-07,1.240031429390631018e-06,1.502395887819052712e-06,1.727730711738723173e-06,1.905216094175800976e-06,2.026082129720375517e-06,2.083969064312950178e-06,2.075046436884280723e-06,1.998041281126581349e-06,1.854242611264602777e-06,1.647501266800877528e-06,1.384227115821424195e-06,1.073416373494633742e-06,7.271697840153592251e-07,3.676680669513115787e-07,1.900042752479680253e-07,5.227270107286204174e-07,9.349238976570420922e-07,1.362048548634537975e-06,1.794863390867373949e-06,2.227373576912675375e-06,2.651318318488410302e-06,3.052361386967911426e-06,3.416240661813261756e-06,3.730063563110975442e-06,3.983047184009331633e-06,4.166769352921373072e-06,4.275196045698511762e-06,4.304654724182437483e-06,4.253808358965522558e-06,4.123634801097472454e-06,3.917401786357543922e-06,3.640619320732465938e-06,3.300932823876888081e-06,2.907907600225153401e-06,2.472706647629805555e-06,2.006830054787738062e-06,1.523326882151471926e-06,1.040314811468966208e-06,5.995882292087583825e-07,3.946115529409627365e-07,6.574513389297203406e-07,1.055024525588042019e-06,1.446484498835779404e-06,1.801135989641089382e-06,2.105833239963333325e-06,2.352550045654618492e-06,2.536051054315177002e-06,2.653331848083150243e-06,2.703485744509553412e-06,2.687698772403356988e-06,2.609296948991281062e-06,2.473817822536261634e-06,2.289052200947929884e-06,2.064927546905935718e-06,1.812909557706846751e-06,1.540978630394929038e-06,1.255488896484085728e-06,9.623626086251918225e-07,6.677754133635258400e-07,3.795659873629889333e-07,1.242558998123000720e-07,2.010867902678134861e-07,4.292975336907772429e-07,6.321420843610374545e-07,7.954331376389336483e-07,9.121370159559705281e-07,9.776528578815615674e-07,9.893864449211082669e-07,9.467366297049538311e-07,8.512354930930811921e-07,7.070481422595789691e-07,5.230461397210949093e-07,3.248994775377997600e-07,2.386076919337655003e-07,4.271942744501208206e-07,7.242939029307960377e-07,1.052812998333402159e-06,1.392271361788153543e-06,1.731046294887094465e-06,2.059523803936358064e-06,2.368554125630474997e-06,2.648737004671208943e-06,2.891547344492358628e-06,3.089637102178108735e-06,3.237037327807757801e-06,3.329268812711804546e-06,3.363398729839838464e-06,3.338066821426082230e-06,3.253488457649944275e-06,3.111435822041245957e-06,2.915197212221764769e-06,2.669511846832419941e-06,2.380469855920662064e-06,2.055362379797972644e-06,1.702494194066260119e-06,1.330642654445341073e-06,9.497359554500490104e-07,5.737296698704499738e-07,2.484704565035859296e-07,2.866404292957051830e-07,5.896845804241203165e-07,8.915669472873723636e-07,1.160096513806523460e-06,1.384480644341685600e-06,1.558024729773085462e-06,1.676257829753044864e-06,1.736632704863666420e-06,1.787298722592130498e-06,1.829199466977767364e-06,1.863203516097087608e-06,1.890113092116280863e-06,1.910669679414915697e-06,1.925557721698776436e-06,1.935407309997107568e-06,1.940796476110999475e-06,1.942253446874631740e-06,1.940259027859197613e-06,1.935249166108177079e-06,1.927617673962901153e-06,1.917719063540887803e-06,1.905871430785610729e-06,1.892359329822710224e-06,1.877436586433667911e-06,1.861329009956661626e-06,1.844236973632065124e-06,1.826337843166841712e-06,1.807788241589176731e-06,1.788726145173683466e-06,1.769273518464077086e-06,1.749540901106156278e-06,1.729629770224817073e-06,1.709634121072502960e-06,1.689641946580970369e-06,1.669736591273903076e-06,1.649997952792726979e-06,1.630503501327743295e-06,1.611329085192763185e-06,1.592549490238165501e-06,1.574238721680963098e-06,1.556469978707786647e-06,1.539315294056637306e-06,1.522844811729417848e-06,1.507125675039563007e-06,1.492220493548444085e-06,1.478185350764630509e-06,1.465067305420841802e-06,1.452901330128221572e-06,1.441706627696061293e-06,1.431482277767254043e-06,1.422202212459861486e-06,1.413809627493243381e-06,1.406211145073055389e-06,1.399271407222805483e-06,1.392809343232939290e-06,1.386598143315801334e-06,1.380371919282984646e-06,1.373842911534029495e-06,1.366733421808883833e-06,1.358825642254158872e-06,1.350029335936918809e-06,1.340461451355838908e-06,1.330524082855116728e-06,1.320960607985740809e-06,1.312868570307221262e-06,1.307654113363117179e-06,1.306921514728683008e-06
1.311899578846551031e-06,1.325280966753532186e-06,1.344196923923211638e-06,1.366627025553576117e-06,1.390620454791708937e-06,1.414531661860843546e-06,1.437149614997395222e-06,1.457734761613873817e-06,1.475977980577256226e-06,1.491908120605126141e-06,1.505780543697730353e-06,1.517973542768784114e-06,1.528907674568263158e-06,1.538991745904236704e-06,1.548592050573529658e-06,1.558018666914762445e-06,1.567522698979511855e-06,1.577299675193605164e-06,1.587495860183595091e-06,1.598215512554226097e-06,1.609528018111151260e-06,1.621474391534728743e-06,1.634072962313040208e-06,1.647324228479851465e-06,1.661214937854822209e-06,1.675721482870360131e-06,1.690812697114611155e-06,1.706452133841561107e-06,1.722599896455224384e-06,1.739214081872531552e-06,1.756251890941427987e-06,1.773670455773687235e-06,1.791427431424841861e-06,1.809481398107909737e-06,1.827792119378760306e-06,1.846320700935131286e-06,1.865029693487127553e-06,1.883883181477605195e-06,1.902846897403164591e-06,1.921888399528842190e-06,1.940977349612629734e-06,1.960085927883328275e-06,1.979188631300525159e-06,1.998259640116968598e-06,2.017272316084259973e-06,2.036199544557493073e-06,2.055014191566144261e-06,2.073689707115726066e-06,2.092200915985661421e-06,2.110525051247875597e-06,2.128643105453737148e-06,2.146541602662495428e-06,2.164214935454537821e-06,2.181668471539798307e-06,2.198922725639193069e-06,2.216019032941387808e-06,2.233027384317634250e-06,2.250057452973053332e-06,2.267274476795533380e-06,2.284922794279172132e-06,2.303361921098971651e-06,2.258372408743934339e-06,2.151994341219429403e-06,1.988373175099666224e-06,1.773863602450794290e-06,1.517153175752994641e-06,1.229228875644065270e-06,9.227555048368795982e-07,6.137892647176527634e-07,3.171886690483746200e-07,1.702809956719242078e-07,4.053260402757864355e-07,7.111034343602756415e-07,1.023849498153946152e-06,1.333018223603122948e-06,1.620280151345385380e-06,1.870463254686253421e-06,2.070275273603158489e-06,2.209422022528333012e-06,2.280710426576510902e-06,2.279884292684685275e-06,2.205502489117999656e-06,2.058905191958551377e-06,1.844261994261247254e-06,1.568697083018435902e-06,1.242453361432503150e-06,8.789387438404937477e-07,4.954365421491436002e-07,1.576920579590375980e-07,3.750427261142347186e-07,7.850595761906530483e-07,1.213870015351599887e-06,1.653288819845337089e-06,2.101486933825074093e-06,2.554638313531584357e-06,2.989742206880584284e-06,3.389370798769260345e-06,3.738625598947408026e-06,4.025732309647496174e-06,4.241836844602422555e-06,4.380684152579055806e-06,4.438425995779183170e-06,4.413543087502849885e-06,4.306832260333960235e-06,4.121430412462060535e-06,3.862858486683822691e-06,3.539028275807927649e-06,3.160077011392211587e-06,2.738950126978365067e-06,2.286123939391483098e-06,1.812878004493939088e-06,1.332970551505267850e-06,8.680567964091177373e-07,4.815596988926460902e-07,4.320976940389106397e-07,7.457743788650777530e-07,1.117321566741370423e-06,1.466140518797645260e-06,1.770617359736338034e-06,2.020357258927043600e-06,2.209072983960338945e-06,2.333064090803669646e-06,2.390821861028988476e-06,2.382953134850839857e-06,2.312259466175980838e-06,2.183964637545708297e-06,2.006073440369299960e-06,1.789836906477801801e-06,1.553328407389657012e-06,1.301859680110500573e-06,1.039099411487414536e-06,7.689323976860600038e-07,4.959221086277472676e-07,2.276677951394535672e-07,8.729150127931532299e-08,3.163796485331711074e-07,5.470947961065305836e-07,7.480212595465830667e-07,9.093161507517666778e-07,1.024047434507087044e-06,1.087388494904788882e-06,1.096502558013575152e-06,1.050546210862372353e-06,9.507619151764360992e-07,8.008051899834789441e-07,6.080202113867624290e-07,3.902069226298564554e-07,2.304082831004890790e-07,3.600165119004069946e-07,6.534003075446289664e-07,9.868374507582466647e-07,1.333952096708694398e-06,1.682610664576863031e-06,2.023567213956569086e-06,2.348154963947708342e-06,2.645278084717680447e-06,2.905710681579723404e-06,3.121610676227156530e-06,3.286673984152699587e-06,3.396167518641984375e-06,3.446932704453200350e-06,3.437391230389869002e-06,3.367548237275524901e-06,3.238986461456721589e-06,3.054851159688514262e-06,2.819826792343639018e-06,2.540086451820852555e-06,2.223158878819277229e-06,1.878106876979525653e-06,1.513273960213780491e-06,1.137763276730452114e-06,7.627491545344155584e-07,4.089166275079719897e-07,1.999560804064250623e-07,4.060735172838183822e-07,6.972947598591597300e-07,9.661627363134698364e-07,1.195420375616898043e-06,1.377243223687804843e-06,1.506855304238402499e-06,1.581558666329384233e-06,1.644985626374509348e-06,1.698301298860774737e-06,1.742563558398384580e-06,1.778732873163351296e-06,1.807681766054735691e-06,1.830203000246325169e-06,1.847016513196988876e-06,1.858775375773602844e-06,1.866071057991728571e-06,1.869438214519951568e-06,1.869359128540078813e-06,1.866267893428156866e-06,1.860554371450543807e-06,1.852567944320464359e-06,1.842621057657775705e-06,1.830992556166602295e-06,1.817930805646650186e-06,1.803656599660875848e-06,1.788365851417899378e-06,1.772232074360823582e-06,1.755408657627309126e-06,1.738031657407037959e-06,1.720224522109079923e-06,1.702100549164686241e-06,1.683764550334561522e-06,1.665314416223923065e-06,1.646842557372708849e-06,1.628437196610893061e-06,1.610183483755447051e-06,1.592164401011205731e-06,1.574461426313021412e-06,1.557154922251908503e-06,1.540324219606409491e-06,1.524047365964558467e-06,1.508400510386507888e-06,1.493456893382200099e-06,1.479285406660894458e-06,1.465948678598186092e-06,1.453500629571812240e-06,1.441983428459269675e-06,1.431423773045949966e-06,1.421828423429515972e-06,1.413178957251486286e-06,1.405425818411034361e-06,1.398481939993134331e-06,1.392216592719673743e-06,1.386450698722857780e-06,1.380955685243833962e-06,1.375458976962071298e-06,1.369660207884048241e-06,1.363262670238332668e-06,1.356023597921869328e-06,1.347823663224748765e-06,1.338750029625905990e-06,1.329179295685263926e-06,1.319839677358785671e-06,1.311830249903045136e-06,1.306581377536338519e-06,1.305749698284398425e-06
1.310710877644026222e-06,1.324200274487001276e-06,1.343473888498539738e-06,1.366552606287333264e-06,1.391490210086327688e-06,1.416613706000417456e-06,1.440658612163191093e-06,1.462815956865898555e-06,1.482703624204635774e-06,1.500285090035475830e-06,1.515765188449283098e-06,1.529489042504132820e-06,1.541860183017453424e-06,1.553283261185124947e-06,1.564129438332424900e-06,1.574719196841165236e-06,1.585316857305249649e-06,1.596132065310441611e-06,1.607324880812746420e-06,1.619012329545413218e-06,1.631275184462096422e-06,1.644164343417364055e-06,1.657706528697794203e-06,1.671909231888950659e-06,1.686764925588116174e-06,1.702254604494046007e-06,1.718350729659566585e-06,1.735019647322871090e-06,1.752223546646547874e-06,1.769922013352786369e-06,1.788073230514488196e-06,1.806634874075750233e-06,1.825564748735808589e-06,1.844821209038531810e-06,1.864363410210474064e-06,1.884151432917132653e-06,1.904146325260680237e-06,1.924310103838678086e-06,1.944605753583504050e-06,1.964997263742844670e-06,1.985449735389295680e-06,2.005929595261898805e-06,2.026404197496593889e-06,2.046839094870713632e-06,2.067197315527312297e-06,2.087439395202471777e-06,2.107523456239408044e-06,2.127405345249067885e-06,2.147038844805025013e-06,2.166375979770634307e-06,2.185367446753529550e-06,2.203963207425873379e-06,2.222113305825130960e-06,2.239769001039422422e-06,2.256884358292383653e-06,2.273418528630754088e-06,2.289339098939110929e-06,2.304627166701569015e-06,2.319285306847762485e-06,2.333350617354741085e-06,2.346917191286704694e-06,2.294201140250230787e-06,2.177076435940616160e-06,1.999588617909941647e-06,1.768192218081702262e-06,1.492300663460841257e-06,1.185047760154424814e-06,8.602855186541351994e-07,5.504312232483709470e-07,2.615592093539881548e-07,1.790214659745266704e-07,4.421622083504012770e-07,7.510225174965452548e-07,1.072464876965968829e-06,1.411552608191141873e-06,1.730260471638722821e-06,2.011355054433261731e-06,2.238118257079565467e-06,2.398845912910482820e-06,2.485851658372954080e-06,2.494689003799525453e-06,2.423831165297536268e-06,2.274610739602255134e-06,2.051340598189732676e-06,1.761675074371007003e-06,1.417380628505963278e-06,1.035309910710610895e-06,6.338006943329972923e-07,2.471278199487599561e-07,2.112228595044760180e-07,6.048881759621956619e-07,1.023614341650760659e-06,1.457669841719793148e-06,1.912315089699878641e-06,2.404734161545261969e-06,2.878993711978633110e-06,3.317980672427716081e-06,3.704592815533869569e-06,4.026590973567157898e-06,4.275256200116888749e-06,4.444480428900149658e-06,4.530428073365258760e-06,4.531458107919297049e-06,4.448148867584931463e-06,4.283389694274499269e-06,4.042578164062576296e-06,3.733888172495742363e-06,3.367268095179842380e-06,2.962601151143899740e-06,2.526397473828898087e-06,2.068109611336236054e-06,1.599218785810772667e-06,1.134670848131789473e-06,7.017670593712425125e-07,3.997163533071384752e-07,4.909130172207952632e-07,8.120993879513679502e-07,1.146516624614428285e-06,1.446313158035103487e-06,1.695789352690270705e-06,1.886882268574930959e-06,2.014935058055014243e-06,2.077665804179458404e-06,2.074878948557235557e-06,2.008483757725970094e-06,1.882853020835861905e-06,1.705500041038578389e-06,1.485100108269588722e-06,1.265413219420409111e-06,1.037830019401497415e-06,8.014298024742255504e-07,5.577663779223409368e-07,3.097090424212902635e-07,7.089715783943004892e-08,2.067108884819177488e-07,4.531189150458595336e-07,6.835974145049621289e-07,8.842541767777699527e-07,1.045266129037166564e-06,1.159405048351504234e-06,1.221620244051875939e-06,1.228885450554221228e-06,1.180160802403533747e-06,1.076436475547917497e-06,9.209341370231287644e-07,7.198472214929468723e-07,4.856706963300042124e-07,2.618808637472846734e-07,2.756433204492721761e-07,5.520183918982884750e-07,8.871281377770293223e-07,1.239575666160691455e-06,1.595968407635834502e-06,1.947810135756480291e-06,2.289597079979938088e-06,2.604358359833613231e-06,2.882835250810732000e-06,3.116722959234988657e-06,3.299509487587845235e-06,3.426328775263736420e-06,3.493875232643175474e-06,3.500391965834653085e-06,3.445679874214253113e-06,3.331105244883205206e-06,3.159610780266025869e-06,2.935756457013366852e-06,2.665781379312414826e-06,2.357114240324239808e-06,2.021705376678287968e-06,1.666140628882320145e-06,1.298633980996763981e-06,9.289207951489073941e-07,5.708030923525499313e-07,2.660418992246445446e-07,2.645588647339724087e-07,5.250402142240002225e-07,7.904396365633042059e-07,1.022686638329209508e-06,1.211276653947295032e-06,1.350792532858514546e-06,1.438276811372864656e-06,1.513136003409517363e-06,1.576704934170822810e-06,1.630196801703423185e-06,1.674707294721552451e-06,1.711223839968007883e-06,1.740635757474010770e-06,1.763743846695890682e-06,1.781269004456983382e-06,1.793859874732618718e-06,1.802099653035321044e-06,1.806512183712646325e-06,1.807567468086744438e-06,1.805686673870509279e-06,1.801246712122837826e-06,1.794584429842654732e-06,1.786000453837883701e-06,1.775762713504492355e-06,1.764109665296129059e-06,1.751253238860799623e-06,1.737381523253992017e-06,1.722661210748622056e-06,1.707240531896990421e-06,1.691254105524247400e-06,1.674825479251819965e-06,1.658068867941681140e-06,1.641090790492620697e-06,1.623991584770709562e-06,1.606866777230819757e-06,1.589808279475301603e-06,1.572905380586346319e-06,1.556245502325663751e-06,1.539914684181918087e-06,1.523997766186146803e-06,1.508578238462190609e-06,1.493737726451033441e-06,1.479555078365896721e-06,1.466105015518672909e-06,1.453456295940312980e-06,1.441669327372955712e-06,1.430793149241295074e-06,1.420861689868657346e-06,1.411889205659885359e-06,1.403864842301744649e-06,1.396746355209437178e-06,1.390453233128285616e-06,1.384859844319084184e-06,1.379789831498745458e-06,1.375013855598383392e-06,1.370253879818374772e-06,1.365198266329993586e-06,1.359532515712510102e-06,1.352989672470054603e-06,1.345421247503388038e-06,1.336883376551537359e-06,1.327724638909687574e-06,1.318654538706952349e-06,1.310769709624237587e-06,1.305521049077627234e-06,1.304614584586862899e-06
1.309573701910739696e-06,1.323168542096512536e-06,1.342783396719587306e-06,1.366483893677244006e-06,1.392331681027191065e-06,1.418629751053769957e-06,1.444063559575408455e-06,1.467757589721990712e-06,1.489258696306259973e-06,1.508465918639569879e-06,1.525533618098486027e-06,1.540773214468829518e-06,1.554570393498997035e-06,1.567324777660120727e-06,1.579411607648509109e-06,1.591161128264537632e-06,1.602850393026577226e-06,1.614702824512559595e-06,1.626892056832434359e-06,1.639547755202105499e-06,1.652762023138668893e-06,1.666595637902209319e-06,1.681083749495281244e-06,1.696240906021422421e-06,1.712065387997190289e-06,1.728542889940898270e-06,1.745649608154577185e-06,1.763354796882699656e-06,1.781622851206416854e-06,1.800414969528663688e-06,1.819690443824152552e-06,1.839407622799185996e-06,1.859524591665491018e-06,1.879999611895709990e-06,1.900791364475690408e-06,1.921859040212662276e-06,1.943162320142932987e-06,1.964661287743474992e-06,1.986316312458915493e-06,2.008087941253929545e-06,2.029936832060157154e-06,2.051823761064284398e-06,2.073709021377750596e-06,2.095549594894205698e-06,2.117298201342796112e-06,2.138903012045395344e-06,2.160307339959561627e-06,2.181449297427015547e-06,2.202261409490533460e-06,2.222670166101351625e-06,2.242595490949449265e-06,2.261950098112447157e-06,2.280638700693002562e-06,2.298557029257005234e-06,2.315590614668500374e-06,2.331613294709654781e-06,2.346485425849171564e-06,2.360051837811996018e-06,2.372139692801219588e-06,2.382556679756472358e-06,2.391090609022509045e-06,2.330295176546846402e-06,2.201722975674193376e-06,2.008982545416400392e-06,1.757929708881374964e-06,1.457763124106639650e-06,1.126678897821695171e-06,8.061159166830464454e-07,4.966657473515693800e-07,2.128156817997520435e-07,2.029432987435431121e-07,4.870369967853097698e-07,8.016788067666582813e-07,1.129354345034690681e-06,1.471618603854024840e-06,1.829634438315872573e-06,2.150305086137723327e-06,2.409307901588047252e-06,2.594798819654597410e-06,2.699570865918393395e-06,2.719426269314234465e-06,2.652859243261294107e-06,2.501050495100953371e-06,2.268007458057643432e-06,1.961011715979894495e-06,1.592290876022858588e-06,1.186292487241668174e-06,7.869476595579830804e-07,3.923585552283689236e-07,7.354555437315660525e-08,4.270201717592688524e-07,8.405643274719425420e-07,1.271006800934103576e-06,1.723367650710634019e-06,2.205965799256153199e-06,2.723084128673451168e-06,3.206149081716386745e-06,3.631464662963765322e-06,3.988008572795450277e-06,4.268349745627862110e-06,4.467037505110197039e-06,4.580436658737501429e-06,4.606809724642752954e-06,4.546415363705216905e-06,4.401628124004616626e-06,4.177321481768413155e-06,3.882738595527090429e-06,3.538824317012090035e-06,3.153825380597958186e-06,2.735839686451599313e-06,2.294082412593609928e-06,1.839000572847773307e-06,1.382800025383440492e-06,9.422094615837190654e-07,5.537583385117114067e-07,3.645066740966081094e-07,5.491951904195957596e-07,8.518009658446049777e-07,1.140960996150798686e-06,1.386704424999121899e-06,1.577514975598720305e-06,1.707337401242312180e-06,1.772929358610628574e-06,1.773063558318676624e-06,1.708245946938850920e-06,1.581148865281852019e-06,1.400539969835538511e-06,1.209330131902589563e-06,1.010716969622246659e-06,8.034713361095816151e-07,5.873367478822883337e-07,3.631143263475610138e-07,1.328535608356029772e-07,1.094752689803066848e-07,3.505452146565516772e-07,5.985315103922608768e-07,8.327185352300598536e-07,1.036493650694774954e-06,1.199647658215911239e-06,1.314954547952281538e-06,1.377364487863172489e-06,1.383796953160496704e-06,1.333091933673763522e-06,1.226027367452532281e-06,1.065439201304814550e-06,8.567028233091212446e-07,6.098502807985401338e-07,3.487597120127534790e-07,2.054593515184605188e-07,4.284270922487820122e-07,7.625904820985606507e-07,1.120010759317409539e-06,1.483529215940323100e-06,1.843954035357603404e-06,2.194108868829618659e-06,2.526734306024028231e-06,2.823630387438296948e-06,3.075384923788897124e-06,3.275589515711680688e-06,3.419458240857556236e-06,3.503638685397568724e-06,3.526233803490579588e-06,3.486838291829392535e-06,3.386554477117538356e-06,3.228003451410131843e-06,3.015439645280820318e-06,2.755500162376517239e-06,2.460214782183022870e-06,2.136482142017738159e-06,1.791486801594440945e-06,1.433221599076677229e-06,1.070675149841803083e-06,7.149610913428208406e-07,3.871676721890757709e-07,2.030590659611612033e-07,3.802495706141984748e-07,6.356852223586072558e-07,8.685255949017201612e-07,1.062084637404739266e-06,1.209771317666314947e-06,1.308234090397222052e-06,1.392983168028594324e-06,1.465465597865868864e-06,1.527010884150101482e-06,1.578822095741515963e-06,1.621980979991612181e-06,1.657457721088959488e-06,1.686121652697701909e-06,1.708751521457998189e-06,1.726044841235678660e-06,1.738626260441749424e-06,1.747055007638628453e-06,1.751831522159368296e-06,1.753403377336335064e-06,1.752170590792603638e-06,1.748490400328996256e-06,1.742681569528949218e-06,1.735028275529865571e-06,1.725783622444967102e-06,1.715172817201445055e-06,1.703396039549689864e-06,1.690631034217327357e-06,1.677036170384106695e-06,1.662755397960997074e-06,1.647920857571080718e-06,1.632654677901555899e-06,1.617070669967055351e-06,1.601275900836214490e-06,1.585372125560889647e-06,1.569457051025438857e-06,1.553625401317826630e-06,1.537969751845565460e-06,1.522581098761774719e-06,1.507549130738571322e-06,1.492962170732163772e-06,1.478906754860194440e-06,1.465466812454866734e-06,1.452722404420501288e-06,1.440747965239820290e-06,1.429609977282098947e-06,1.419363986238518475e-06,1.410050848630221797e-06,1.401692097076656359e-06,1.394284335809766427e-06,1.387792669748777822e-06,1.382143372987270756e-06,1.377216379643693093e-06,1.372838799525652806e-06,1.368781566380076781e-06,1.364762476716481541e-06,1.360460051128514136e-06,1.355543333589506920e-06,1.349722075098625024e-06,1.342818673116165652e-06,1.334857080556825138e-06,1.326155369689558188e-06,1.317400753773439081e-06,1.309683359130180091e-06,1.304470789309082095e-06,1.303515337371383860e-06
1.308488937789148457e-06,1.322188305268481971e-06,1.342129309996921088e-06,1.366425589697931141e-06,1.393149694190510104e-06,1.420583828918411774e-06,1.447366706704115022e-06,1.472559255696344300e-06,1.495639535227956126e-06,1.516443416872976662e-06,1.535075148890506470e-06,1.551812132187080013e-06,1.567021504167280181e-06,1.581097015065286191e-06,1.594417168736340514e-06,1.607321273029037171e-06,1.620098564302608702e-06,1.632985839721949746e-06,1.646170034830755244e-06,1.659793287983703699e-06,1.673958950546994123e-06,1.688737660460163197e-06,1.704173024856078310e-06,1.720286713650561162e-06,1.737082907233238779e-06,1.754552111769648579e-06,1.772674385625009865e-06,1.791422029432097008e-06,1.810761791868052793e-06,1.830656639623128304e-06,1.851067136469531914e-06,1.871952474002955726e-06,1.893271195706449148e-06,1.914981656113552639e-06,1.937042257445422143e-06,1.959411506561625465e-06,1.982047934886032740e-06,2.004909922803898912e-06,2.027955467750410446e-06,2.051141931972972664e-06,2.074425802232869467e-06,2.097762490420247501e-06,2.121105529384217057e-06,2.144403649829844280e-06,2.167599607037314936e-06,2.190629582996470512e-06,2.213422497220580120e-06,2.235899198111995867e-06,2.257971496249755462e-06,2.279540986747494472e-06,2.300497588651880340e-06,2.320717703568516679e-06,2.340061861088153980e-06,2.358371672045857402e-06,2.375465847610141388e-06,2.391134955192730197e-06,2.405134457063391111e-06,2.417175383156879055e-06,2.426911647476779186e-06,2.433922311290824360e-06,2.437685383578403218e-06,2.369006788380740202e-06,2.229044162180637046e-06,2.020689326776969361e-06,1.747970685359933414e-06,1.414039613701532116e-06,1.084476966676806893e-06,7.629700273503258927e-07,4.509617490695231420e-07,1.704604234528410503e-07,2.371325125217096811e-07,5.383078441597886049e-07,8.616655972279441648e-07,1.198277851627156158e-06,1.549331241968932707e-06,1.915225442810010475e-06,2.290664537443237034e-06,2.586438914679481197e-06,2.798696518441673322e-06,2.922523385483555007e-06,2.954400185247285520e-06,2.892890719194181218e-06,2.738856960319861544e-06,2.495456499994155727e-06,2.167756751438174534e-06,1.760911831896858795e-06,1.355797051076948073e-06,9.558663837902327747e-07,5.591412594165793039e-07,1.640522274040833624e-07,2.475108602310041690e-07,6.595335264134017978e-07,1.088288838150746857e-06,1.538525016077346045e-06,2.016293289437680324e-06,2.525256014281172681e-06,3.062485310430029075e-06,3.525548471503221983e-06,3.914032723212639509e-06,4.223614265142730206e-06,4.449818580038905284e-06,4.589232605696788407e-06,4.639975964967524329e-06,4.601865737764230872e-06,4.476320029503132856e-06,4.265693124319708906e-06,3.995280949931192368e-06,3.673781811413611340e-06,3.309420305008670539e-06,2.910618007438565625e-06,2.486476249403859764e-06,2.046906151237641251e-06,1.602825153245135153e-06,1.167111865184234075e-06,7.591057663090467665e-07,4.308637845922389219e-07,3.697478684464197491e-07,5.943973150936009290e-07,8.626953752679747222e-07,1.100596985114732377e-06,1.288583003850634428e-06,1.418306834663503198e-06,1.485389101618190436e-06,1.487505458064378367e-06,1.423150453589278211e-06,1.289211614710771041e-06,1.134336599104938041e-06,9.652835653081337383e-07,7.850357947252542096e-07,5.943227564214926298e-07,3.935135359385836495e-07,1.831292433054694155e-07,3.630428345665127715e-08,2.639883740457458155e-07,4.997004753781579490e-07,7.427020484596408582e-07,9.899681039505201148e-07,1.201105160866855959e-06,1.368953157206047703e-06,1.487232864473716010e-06,1.551233455700928645e-06,1.557976361707635319e-06,1.506261355267898927e-06,1.396680658324008990e-06,1.231616053667883456e-06,1.015197052407285560e-06,7.613296372185092569e-07,4.810451021877024514e-07,2.201270337380097057e-07,2.900470170504082131e-07,6.149803029943784069e-07,9.763509113841192775e-07,1.346285887936375735e-06,1.714351353240017036e-06,2.072742414233301235e-06,2.414050935924229304e-06,2.730329416617561468e-06,2.999224446925272500e-06,3.215972713696129169e-06,3.376182320482668377e-06,3.476521783090900625e-06,3.514968921664181865e-06,3.490907603129759998e-06,3.405135606468773873e-06,3.259767850652009284e-06,3.057891402244832674e-06,2.812949599070683444e-06,2.531576878189107112e-06,2.220589246473361105e-06,1.887219278121560407e-06,1.539288466729561874e-06,1.185325242722829527e-06,8.351292193837681426e-07,5.030991786522003159e-07,2.377395168227912361e-07,2.705876438731378304e-07,5.041869538471078850e-07,7.346930345645654231e-07,9.312286098751617381e-07,1.085176756776103009e-06,1.192627800606751160e-06,1.285560098074214608e-06,1.365474585629444708e-06,1.433776649915525976e-06,1.491746744016514808e-06,1.540537823247238535e-06,1.581182680652231524e-06,1.614604473874476807e-06,1.641627726120328309e-06,1.662988738048564229e-06,1.679345052413226198e-06,1.691283911626739782e-06,1.699329767239590322e-06,1.703950939623389911e-06,1.705565531243436667e-06,1.704546688586658517e-06,1.701227295442301681e-06,1.695904167825473537e-06,1.688841809890502650e-06,1.680275781069648717e-06,1.670415717285305551e-06,1.659448043148607320e-06,1.647539130187630677e-06,1.634840336015806688e-06,1.621490665949002770e-06,1.607618612300449825e-06,1.593343889154316616e-06,1.578779048150530295e-06,1.564030956404815505e-06,1.549202111967793227e-06,1.534391767416689145e-06,1.519696829158525254e-06,1.505212498809457744e-06,1.491032623001347064e-06,1.477249718121509794e-06,1.463954635478306543e-06,1.451235828694392869e-06,1.439178177267336997e-06,1.427861307041056804e-06,1.417357329515470668e-06,1.407727899011263389e-06,1.399020464570436647e-06,1.391263582685672908e-06,1.384461177114383467e-06,1.378585715800985039e-06,1.373570471533856701e-06,1.369301408186595202e-06,1.365609860990602364e-06,1.362268108134410154e-06,1.358991131126880607e-06,1.355449122333510828e-06,1.351296111578190471e-06,1.346219576519255540e-06,1.340012975813541091e-06,1.332667032505448503e-06,1.324466889168789994e-06,1.316073890240436583e-06,1.308567516400040492e-06,1.303428114490876564e-06,1.302450955977971631e-06
1.307457304615482194e-06,1.321261934207203041e-06,1.341515328229902004e-06,1.366382249444564226e-06,1.393948963435373408e-06,1.422479914874571810e-06,1.450570317753359928e-06,1.477220638271745455e-06,1.501842627631171584e-06,1.524210579760545269e-06,1.544379288717529684e-06,1.562592039521472131e-06,1.579196838418753208e-06,1.594580755503432247e-06,1.609124719193808303e-06,1.623176347738797638e-06,1.637036446851638290e-06,1.650954725444909704e-06,1.665131097043806206e-06,1.679719968192814979e-06,1.694835828864856434e-06,1.710559143283644971e-06,1.726941998731063363e-06,1.744013253581985597e-06,1.761783087876761652e-06,1.780246944579825977e-06,1.799388889085759877e-06,1.819184429377217905e-06,1.839602842253096483e-06,1.860609049477465406e-06,1.882165085301015852e-06,1.904231195210364331e-06,1.926766605382225530e-06,1.949730002925044189e-06,1.973079768048579128e-06,1.996774000199431588e-06,2.020770380377969299e-06,2.045025910889425757e-06,2.069496571463405582e-06,2.094136927052314244e-06,2.118899718085375188e-06,2.143735459355559757e-06,2.168591439662534187e-06,2.193408716119465844e-06,2.218120734741467683e-06,2.242652442446057501e-06,2.266919248062252049e-06,2.290825787506412832e-06,2.314264431776286060e-06,2.337113453755776185e-06,2.359234738706348204e-06,2.380470880507558391e-06,2.400641446573551141e-06,2.419538112151892548e-06,2.436918249196842768e-06,2.452496390076418523e-06,2.465932744903559433e-06,2.476817583734583910e-06,2.484649701414723509e-06,2.488806141496127037e-06,2.488498333249626291e-06,2.412748600358623062e-06,2.262486693945236094e-06,2.040415471597305914e-06,1.750666620244291356e-06,1.398285746194905653e-06,1.059917818610963651e-06,7.316318024920931803e-07,4.128941084641658091e-07,1.352601731401232315e-07,2.777056382211114616e-07,5.951873807664715343e-07,9.306905222157605391e-07,1.280506689791878903e-06,1.647164915402190489e-06,2.034156105834195585e-06,2.446425392497580807e-06,2.774484843341455966e-06,3.012464003070826704e-06,3.155410257804360846e-06,3.199888597272550309e-06,3.144357235200518429e-06,2.989340274661977524e-06,2.737448897400152407e-06,2.393230421552864270e-06,1.962820637662248770e-06,1.547586578076549574e-06,1.142109995742850207e-06,7.417380824819872645e-07,3.417220885251748493e-07,6.312651333637287732e-08,4.771204176659473657e-07,9.064347608764408786e-07,1.356993254108878649e-06,1.835462784207695801e-06,2.349057400207608765e-06,2.907565922470227547e-06,3.395746711332557507e-06,3.809555393179996399e-06,4.144136934951171617e-06,4.394907377323343842e-06,4.558301999488055507e-06,4.632188045348756530e-06,4.616046373889470903e-06,4.510969544039394808e-06,4.319504088533405770e-06,4.070724926095410473e-06,3.770793711233380573e-06,3.427112324633101648e-06,3.047862335470476327e-06,2.641935713675925428e-06,2.218888395508381115e-06,1.788948436586576119e-06,1.363327586251975623e-06,9.557459687903294950e-07,5.898849209684030198e-07,3.433604167030136284e-07,3.960151034872910591e-07,6.203675523212312660e-07,8.444559781729353297e-07,1.026940783695720561e-06,1.155021906868684176e-06,1.222963635241242915e-06,1.227944378420366115e-06,1.168649861948306163e-06,1.044402642988195604e-06,9.053292864461502247e-07,7.520687415043927373e-07,5.859266908708980113e-07,4.077438897511912710e-07,2.181893398951172157e-07,2.394613205592814344e-08,1.963494128380860484e-07,4.187918295566548831e-07,6.525949506585891918e-07,8.980707422052590448e-07,1.156230755308644734e-06,1.375903764041735141e-06,1.550001813625699104e-06,1.672673897907165044e-06,1.739521955438350085e-06,1.747725616649926447e-06,1.696106677386490680e-06,1.585156972348460741e-06,1.417040676735312801e-06,1.195598246356800799e-06,9.362515553155217436e-07,6.456841620133388154e-07,3.396111356709399818e-07,1.687831751986706079e-07,4.472459859141726750e-07,8.104728536126248412e-07,1.186035846647672908e-06,1.561070131875634220e-06,1.927507778179213344e-06,2.278426084891773476e-06,2.607821370637214900e-06,2.891005111964761155e-06,3.122564634650409712e-06,3.297926544472488903e-06,3.413620450324685181e-06,3.467457233886840130e-06,3.458619167838690499e-06,3.387675076473507501e-06,3.256522312145255261e-06,3.068258933315805985e-06,2.837793111436129493e-06,2.570577194632025987e-06,2.272985218737260486e-06,1.952048045215429504e-06,1.615374873289969275e-06,1.271151007629486137e-06,9.284163889330018396e-07,5.987405261919187421e-07,3.082893998750125698e-07,2.066413529012375869e-07,3.976739489225249320e-07,6.223877644682221763e-07,8.198310698731683769e-07,9.780448571534046330e-07,1.092376840956271786e-06,1.191673297866001163e-06,1.277435899418438864e-06,1.351107790598979729e-06,1.414017109695396103e-06,1.467364096835269473e-06,1.512224577609141207e-06,1.549559347286612418e-06,1.580225197152856787e-06,1.604985834365398528e-06,1.624522016584065532e-06,1.639440690022199182e-06,1.650283121537645240e-06,1.657532096887668267e-06,1.661618283802440518e-06,1.662925860630232951e-06,1.661797503410285037e-06,1.658538813102543247e-06,1.653422253393650368e-06,1.646690659246471280e-06,1.638560367546953934e-06,1.629224013819757612e-06,1.618853757918326801e-06,1.607606378362679097e-06,1.595625964489803339e-06,1.583045778180627832e-06,1.569990010203967203e-06,1.556575419772384289e-06,1.542912840915026474e-06,1.529108532889529789e-06,1.515265346380643048e-06,1.501483673598510415e-06,1.487862148620157389e-06,1.474498063811990231e-06,1.461487467870638766e-06,1.448924909532111868e-06,1.436902786724784815e-06,1.425510252254323626e-06,1.414831612667187625e-06,1.404944136234529766e-06,1.395915160296994303e-06,1.387798362118083871e-06,1.380629041278317832e-06,1.374418275077403602e-06,1.369145884405590027e-06,1.364752336406073675e-06,1.361130080097011569e-06,1.358115439077715656e-06,1.355483129770968204e-06,1.352946714599457757e-06,1.350169641035778136e-06,1.346792464345024203e-06,1.342481530079570890e-06,1.337001667260729744e-06,1.330309450457539003e-06,1.322654764708104375e-06,1.314669539396878797e-06,1.307418419827749156e-06,1.302390402550787336e-06,1.301420277956526900e-06
1.306479354516817546e-06,1.320391630595928141e-06,1.340944982995503908e-06,1.366358269080663247e-06,1.394734072712027857e-06,1.424321908242606248e-06,1.453676655896463110e-06,1.481741503446695562e-06,1.507864618717652873e-06,1.531760615080002745e-06,1.553435782094643032e-06,1.573099408637141565e-06,1.591079910719899729e-06,1.607756911888949176e-06,1.623512910464996556e-06,1.638703034613125299e-06,1.653638986550031119e-06,1.668582866271251816e-06,1.683747192479386083e-06,1.699298396776716806e-06,1.715361971694370431e-06,1.732028156913780163e-06,1.749357535412355697e-06,1.767386220759128502e-06,1.786130498887154807e-06,1.805590886644958939e-06,1.825755618196014963e-06,1.846603591072081903e-06,1.868106810273776387e-06,1.890232369357275238e-06,1.912944006302067727e-06,1.936203271151652243e-06,1.959970342618495481e-06,1.984204531947950165e-06,2.008864513868057856e-06,2.033908325799558171e-06,2.059293177061620425e-06,2.084975109093509650e-06,2.110908545417037899e-06,2.137045766145928354e-06,2.163336336614640344e-06,2.189726513938513258e-06,2.216158062712102899e-06,2.242565185782538747e-06,2.268872964132589633e-06,2.294996212700359736e-06,2.320838137783393708e-06,2.346288739010336561e-06,2.371222878021703139e-06,2.395497907216579027e-06,2.418950712105871475e-06,2.441393965585068165e-06,2.462611315513016945e-06,2.482351119220475449e-06,2.500318186559850790e-06,2.516162777087815414e-06,2.529465788157630792e-06,2.539718628854752203e-06,2.546295649985653141e-06,2.548416153464536235e-06,2.545091992425206894e-06,2.463508022624469839e-06,2.304512413511366653e-06,2.070897189517063867e-06,1.767324460825598360e-06,1.400451997931184203e-06,1.050360339483175494e-06,7.114445597264935322e-07,3.820770419779574044e-07,1.090835707251684257e-07,3.222370730760126596e-07,6.571560640710056129e-07,1.008281100650393395e-06,1.375174376905261582e-06,1.761682008936486999e-06,2.173277823233846031e-06,2.617711233885591930e-06,2.974685070020685736e-06,3.236653268535931044e-06,3.398153948033190721e-06,3.455553692089594640e-06,3.407074808754548013e-06,3.252868223892037339e-06,2.995078348220526450e-06,2.637956328979818027e-06,2.188228587258744965e-06,1.760358095071410641e-06,1.346371112010191675e-06,9.399748425300901662e-07,5.356862266314018864e-07,1.300488621993659903e-07,2.916598858351877329e-07,7.225432289331316957e-07,1.175142870061330964e-06,1.656240502114360546e-06,2.174590759509485599e-06,2.742073913577125153e-06,3.245653699891699510e-06,3.677976874040936625e-06,4.032712053450964517e-06,4.304546990683262120e-06,4.489453721000070418e-06,4.584927005189330872e-06,4.590130547802098969e-06,4.505962451943518457e-06,4.335108468101349206e-06,4.107441267157924776e-06,3.828513488146732863e-06,3.505234205996721677e-06,3.145496849220294741e-06,2.757966556072352621e-06,2.351931102912647764e-06,1.937202930438908859e-06,1.524164964817589571e-06,1.124305093660069193e-06,7.527032115720371477e-07,4.408949102626959886e-07,2.983353376790804843e-07,4.253421604267020812e-07,6.247148239594133735e-07,7.983621616994867039e-07,9.232390085321816442e-07,9.914060453375633369e-07,9.996823472061965714e-07,9.474024272706774674e-07,8.359145090572669680e-07,7.091727465796235328e-07,5.674159994813209399e-07,4.115113946117057916e-07,2.425978382128441405e-07,6.686814828567055131e-08,1.434537213327775686e-07,3.497759146124828014e-07,5.712591498413950742e-07,8.072092507220010034e-07,1.058927862118564701e-06,1.328965241295115083e-06,1.558098357545626257e-06,1.739431045007969400e-06,1.867492123748592076e-06,1.938202293226967651e-06,1.948927711123586266e-06,1.898543754716075954e-06,1.787481263891748602e-06,1.617755117215826454e-06,1.393003709443177009e-06,1.129947727068091910e-06,8.336321003317610228e-07,5.119785431263846393e-07,1.953216415300058544e-07,2.655693180325497054e-07,6.248551688961009768e-07,1.005037442800343423e-06,1.386181782544796075e-06,1.759781375888399029e-06,2.119095089117426338e-06,2.458412703395010070e-06,2.753283481207208051e-06,2.997688182167782636e-06,3.186726738256208118e-06,3.316704759202891865e-06,3.385235847456566343e-06,3.391308290909506963e-06,3.335305050532782417e-06,3.218982992196327140e-06,3.045439045743251256e-06,2.829740507201390837e-06,2.576996923131879234e-06,2.293280887282933509e-06,1.985398838142977782e-06,1.660742974168172326e-06,1.327218261758294851e-06,9.933659850248568713e-07,6.693156946863214268e-07,3.729070776433477352e-07,1.895487088937698943e-07,3.166195536407489309e-07,5.321248753688105118e-07,7.285458076745363079e-07,8.890475161955462106e-07,1.008107441173327426e-06,1.111887799618622674e-06,1.201851327612241795e-06,1.279446861660714743e-06,1.346022939766957628e-06,1.402803762511333491e-06,1.450888320435274705e-06,1.491258166605612773e-06,1.524788018617291719e-06,1.552256775858805599e-06,1.574357966096036070e-06,1.591709261925131896e-06,1.604860986166710499e-06,1.614303645755788371e-06,1.620474580631527326e-06,1.623763826882547224e-06,1.624519290802760186e-06,1.623051321691227476e-06,1.619636760567525908e-06,1.614522531486175369e-06,1.607928832653903583e-06,1.600051976337614209e-06,1.591067646151702175e-06,1.581136015326552886e-06,1.570404445507467773e-06,1.559009349228869099e-06,1.547077947212365266e-06,1.534729912117962021e-06,1.522078884838743734e-06,1.509233842435876838e-06,1.496300290718217200e-06,1.483381250245418288e-06,1.470578002221731397e-06,1.457990559753347514e-06,1.445717829192290843e-06,1.433857424352244874e-06,1.422505091582388598e-06,1.411753694283469454e-06,1.401691689940638015e-06,1.392401010402113498e-06,1.383954227946160031e-06,1.376410859944544830e-06,1.369812643704979183e-06,1.364177619704119877e-06,1.359492928942707264e-06,1.355706409473518580e-06,1.352717438127810631e-06,1.350368087036496304e-06,1.348436616260940917e-06,1.346636596325786798e-06,1.344626369687516157e-06,1.342034643078421713e-06,1.338507888549603894e-06,1.333782756520067815e-06,1.327780902936543563e-06,1.320714751951698216e-06,1.313183334437063370e-06,1.306232241171126325e-06,1.301354900509393997e-06,1.300421982097416396e-06
1.305555472215586705e-06,1.319579424741810852e-06,1.340421631070386871e-06,1.366357874353193288e-06,1.395509459624126834e-06,1.426113613795679808e-06,1.456687968006224783e-06,1.486121694292368642e-06,1.513702321902456282e-06,1.539086970554943555e-06,1.562234653987211472e-06,1.583320996997932375e-06,1.602654491947915742e-06,1.620606596600229984e-06,1.637560515332381892e-06,1.653878044254857320e-06,1.669881054851644175e-06,1.685843463106529033e-06,1.701989972685351735e-06,1.718498759684840737e-06,1.735506156185380611e-06,1.753112109261093228e-06,1.771385704403556052e-06,1.790370375651609153e-06,1.810088625810987638e-06,1.830546192806589818e-06,1.851735656207444035e-06,1.873639504632725447e-06,1.896232695006407873e-06,1.919484737391738349e-06,1.943361339334060417e-06,1.967825643692144910e-06,1.992839094753551789e-06,2.018361969053400370e-06,2.044353609338840312e-06,2.070772401939075658e-06,2.097575538779114491e-06,2.124718604862725399e-06,2.152155029862583350e-06,2.179835438362775196e-06,2.207706927529409870e-06,2.235712294277167348e-06,2.263788683572852999e-06,2.291864479561874255e-06,2.319857596901885038e-06,2.347674123445370591e-06,2.375206732409058047e-06,2.402332800627371719e-06,2.428912146517624334e-06,2.454784269566381064e-06,2.479764929009124349e-06,2.503641838007943463e-06,2.526169164017985904e-06,2.547060406067633763e-06,2.565979050777889330e-06,2.582526170348668521e-06,2.596223789290548841e-06,2.606492379422430090e-06,2.612620224117431665e-06,2.613721680007314488e-06,2.608680898115579405e-06,2.522742728814748279e-06,2.356730797019404718e-06,2.113530010302630456e-06,1.798102190250422635e-06,1.417754067159337627e-06,1.054400032077871473e-06,7.019558645135988500e-07,3.583474295878070043e-07,9.452680037033843406e-08,3.692995509584143523e-07,7.238811148606500196e-07,1.094060510286529582e-06,1.481402027183217844e-06,1.890585295757667235e-06,2.328081721935605775e-06,2.802925200996040678e-06,3.186309398664171122e-06,3.470366736131132014e-06,3.649527972653011784e-06,3.720033403096400081e-06,3.679845547759486222e-06,3.528673009275194243e-06,3.268020519254924611e-06,2.901356414355855849e-06,2.434695130549841352e-06,1.993918944427611227e-06,1.569805712936055007e-06,1.155289528514605019e-06,7.445742058591254641e-07,3.339528774655130056e-07,1.147931611923417826e-07,5.348286563226889808e-07,9.896436326136549416e-07,1.473453518252216030e-06,1.994545154926056277e-06,2.564482352453214409e-06,3.076579281905739130e-06,3.521533971965389034e-06,3.891715096016797578e-06,4.180964528242570270e-06,4.384665228201683833e-06,4.499863928409642408e-06,4.525366409806259666e-06,4.461800265106037307e-06,4.311697160199077747e-06,4.104727746967361090e-06,3.846217738927100735e-06,3.542823870506819377e-06,3.202228850859228804e-06,2.832906458159515299e-06,2.443936770529497860e-06,2.044856982029842790e-06,1.645585765869978961e-06,1.256572667496007692e-06,8.897242087278548494e-07,5.626854593447226198e-07,3.190346201290702939e-07,2.945910358469646439e-07,4.472410709437966050e-07,6.073064548833679123e-07,7.271633388932223881e-07,7.945597019961062095e-07,8.055941303439963346e-07,7.599997153466168417e-07,6.602083168759873256e-07,5.430869334039871427e-07,4.095284057600299311e-07,2.610424629588654343e-07,1.037041906039608431e-07,1.029328382463157457e-07,2.890006404204177088e-07,4.967501252089416154e-07,7.209912233307878483e-07,9.622896062086939592e-07,1.222640842039242909e-06,1.505593756152351413e-06,1.744670612149273584e-06,1.933648399765236163e-06,2.067625598675360769e-06,2.142908137743354031e-06,2.157067765339733398e-06,2.109034246743038454e-06,1.999166627396605410e-06,1.829299759485342760e-06,1.602799799136912438e-06,1.337722110984324568e-06,1.038395392384467720e-06,7.105192454047015953e-07,3.636063025793188576e-07,1.079516189802232171e-07,4.225925987503025012e-07,8.060206546187300962e-07,1.192227569658106429e-06,1.571726945125006752e-06,1.937760006244493814e-06,2.284588685597517839e-06,2.588825613252327035e-06,2.844075563849146280e-06,3.045153576544981239e-06,3.188138890040676914e-06,3.270446724518638844e-06,3.290879693318098184e-06,3.249645839078481129e-06,3.148348231903741102e-06,2.989969501597949325e-06,2.789296847627596165e-06,2.551267427172310786e-06,2.281757376761958946e-06,1.987383069186027190e-06,1.675339566268541240e-06,1.353296272931169422e-06,1.029436958412267732e-06,7.130581429500723783e-07,4.182840405717672520e-07,1.982064265937050382e-07,2.596656766327129452e-07,4.637475099539258816e-07,6.575838770341953797e-07,8.185041225168303885e-07,9.401544527839343537e-07,1.046522765230579893e-06,1.139013366919715376e-06,1.219057318794440960e-06,1.288000021438645927e-06,1.347067833091408069e-06,1.397363483344450549e-06,1.439872317141956610e-06,1.475472307608678849e-06,1.504944912538917360e-06,1.528985556305085182e-06,1.548213264073924482e-06,1.563179309669710762e-06,1.574374887521771635e-06,1.582237881546445255e-06,1.587158825120694418e-06,1.589486148387806124e-06,1.589530802741718500e-06,1.587570342769502371e-06,1.583852535760751705e-06,1.578598559294658173e-06,1.572005838858017425e-06,1.564251297557154173e-06,1.555496464552356812e-06,1.545890154503064471e-06,1.535570307444328213e-06,1.524665725170941053e-06,1.513297698676550724e-06,1.501581515150806083e-06,1.489627825498447050e-06,1.477543846691242263e-06,1.465434368487796881e-06,1.453402531224828062e-06,1.441550339912891506e-06,1.429978878684460329e-06,1.418788187285635923e-06,1.408076756044654390e-06,1.397940585752363397e-06,1.388471742496869855e-06,1.379756313765590869e-06,1.371871641772286193e-06,1.364882676918195464e-06,1.358837268192850026e-06,1.353760207083121279e-06,1.349645899928883136e-06,1.346449711676715745e-06,1.344078372643657451e-06,1.342380453413707815e-06,1.341138864069269837e-06,1.340068628641972843e-06,1.338824667363224677e-06,1.337025539862933099e-06,1.334299216424750169e-06,1.330354768368437980e-06,1.325078330580704383e-06,1.318642816626102037e-06,1.311610969324492550e-06,1.305005099328257421e-06,1.300318732605260143e-06,1.299454591903910717e-06
1.304685875049742311e-06,1.318827172896764869e-06,1.339948448276282308e-06,1.366385109691624253e-06,1.396279399814776871e-06,1.427858724048918170e-06,1.459606470004077125e-06,1.490361125562430794e-06,1.519352727816361410e-06,1.546183359736999980e-06,1.570766251987611547e-06,1.593243902779281175e-06,1.613904673609295393e-06,1.633111189779291185e-06,1.651246496030986861e-06,1.668678180135509019e-06,1.685737507081390988e-06,1.702709583465632382e-06,1.719830832781611156e-06,1.737290858703599514e-06,1.755236642864474290e-06,1.773777753581660642e-06,1.792991775526106719e-06,1.812929525201720360e-06,1.833619835923095620e-06,1.855073821740713416e-06,1.877288596802678424e-06,1.900250459253099172e-06,1.923937562790460045e-06,1.948322104099060689e-06,1.973372055997924652e-06,1.999052477124398153e-06,2.025326430442577532e-06,2.052155545034619520e-06,2.079500258162595639e-06,2.107319776895543670e-06,2.135571800025681320e-06,2.164212040946524607e-06,2.193193590180027813e-06,2.222466152111475398e-06,2.251975184378681722e-06,2.281660960964836965e-06,2.311457072369252942e-06,2.341287303523900605e-06,2.371063812366502754e-06,2.400685607278169575e-06,2.430036778717505336e-06,2.458984421679274058e-06,2.487376162986059671e-06,2.515037176041479865e-06,2.541766522122090335e-06,2.567332596779090788e-06,2.591467375688316771e-06,2.613859036626811718e-06,2.634142369092890469e-06,2.651886149809884641e-06,2.666576330773180059e-06,2.677593413492875478e-06,2.684181712267033709e-06,2.685407287393096148e-06,2.680100188275520565e-06,2.591431978310039086e-06,2.420220844528483702e-06,2.169355022817424526e-06,1.843711499973994843e-06,1.450293191502011950e-06,1.072267136085933497e-06,7.035239214560825330e-07,3.420019043770108079e-07,9.253772635503633794e-08,4.180510662362071714e-07,7.952890104168203391e-07,1.188096196392535472e-06,1.599172443686264995e-06,2.033452702530878583e-06,2.497471239039817937e-06,3.000837689934765183e-06,3.407710342900808140e-06,3.711441746272264951e-06,3.906995494171550422e-06,3.990676676923904850e-06,3.960220791287993252e-06,3.814852262772676521e-06,3.555226932290993657e-06,3.183351978924022693e-06,2.702918340436499821e-06,2.249952921077149304e-06,1.814667233375553237e-06,1.390127230920185603e-06,9.706417034991218389e-07,5.522501299098340114e-07,1.530807101304580289e-07,3.460362097416167385e-07,7.988390416847672033e-07,1.284492706304763889e-06,1.806258114646311831e-06,2.374106158398117722e-06,2.889454998656860129e-06,3.342044316217861712e-06,3.723334117652170035e-06,4.026416537900990068e-06,4.246087882259119845e-06,4.378932202620624684e-06,4.423367343020342859e-06,4.379651123434183599e-06,4.249898543611696775e-06,4.062950901276042513e-06,3.824033420598401503e-06,3.539721772342036944e-06,3.217577691508850787e-06,2.865928399275681011e-06,2.493691535459541044e-06,2.110209999817114993e-06,1.725115405771973426e-06,1.348301708342571383e-06,9.902682986667248910e-07,6.638316865170712202e-07,3.886278751817301520e-07,2.429993266651845909e-07,3.167042284865187923e-07,4.565542112711979509e-07,5.694275710299470227e-07,6.347667931174535845e-07,6.472854326567220290e-07,6.067491231243922397e-07,5.160560820657226150e-07,4.057190246386761459e-07,2.777852449720745522e-07,1.378582156242733688e-07,7.621678235729341633e-08,2.324203854472411845e-07,4.257279691765731026e-07,6.379609820773057243e-07,8.682143747505963948e-07,1.117506836533246538e-06,1.388055251615187411e-06,1.684029122281399450e-06,1.932581491918839550e-06,2.128829094493744962e-06,2.268693087934984186e-06,2.348913391314763425e-06,2.367248671088440002e-06,2.322650557407561250e-06,2.215365198124940075e-06,2.046971409492796563e-06,1.820411410182244498e-06,1.554968334305321548e-06,1.254631666530283402e-06,9.244370092789292077e-07,5.705566063923806196e-07,2.047505884577115040e-07,2.080774264932596589e-07,5.922026525757971229e-07,9.823586528794419601e-07,1.366346431388770255e-06,1.737322781777155295e-06,2.089456526897286692e-06,2.400852428849882341e-06,2.664925816037681257e-06,2.876290475545757474e-06,3.030834485072527096e-06,3.125794751873969775e-06,3.159803775313668629e-06,3.132900072995608825e-06,3.046505256302591063e-06,2.903389295473197329e-06,2.717791793451759760e-06,2.494535667980399027e-06,2.239374932143158962e-06,1.958776696719346066e-06,1.659763815110557813e-06,1.349804680929138617e-06,1.036811357914483428e-06,7.295554932826844202e-07,4.402964040576471802e-07,2.077338490161346350e-07,2.232377530638165550e-07,4.165647553155899802e-07,6.067878493321330818e-07,7.664153226497218906e-07,8.885751955668443680e-07,9.956556754831855948e-07,1.089004710197855683e-06,1.170020825208563089e-06,1.240026644454834957e-06,1.300230703691056435e-06,1.351720874419615070e-06,1.395469650133558927e-06,1.432343649603672628e-06,1.463114186247909836e-06,1.488467582557697243e-06,1.509014702838252863e-06,1.525299535037887083e-06,1.537806814051902223e-06,1.546968748807356123e-06,1.553170941476742280e-06,1.556757592261018469e-06,1.558036078654496172e-06,1.557280989630490741e-06,1.554737685591738200e-06,1.550625445570740861e-06,1.545140254637682136e-06,1.538458004926805543e-06,1.530739559047323780e-06,1.522133382827403142e-06,1.512777338200378246e-06,1.502800376065430461e-06,1.492324126403822266e-06,1.481464376433698946e-06,1.470332419574840708e-06,1.459036250847494497e-06,1.447681579051124276e-06,1.436372622748226685e-06,1.425212655151023206e-06,1.414304261409478018e-06,1.403749269061093418e-06,1.393648306757889703e-06,1.384099935915711108e-06,1.375199282845330115e-06,1.367036074075563376e-06,1.359691945377390854e-06,1.353236858972559098e-06,1.347724432674999428e-06,1.343185977572003643e-06,1.339623089431651864e-06,1.336998794026400893e-06,1.335227579563941121e-06,1.334165247331898748e-06,1.333600454220968221e-06,1.333251128387955668e-06,1.332770479881274393e-06,1.331768686783579398e-06,1.329856697650971826e-06,1.326716758338587183e-06,1.322199066060030728e-06,1.316435155962480099e-06,1.309948218142807368e-06,1.303733074905179240e-06,1.299278909120786936e-06,1.298516479522904669e-06
1.303870613218292608e-06,1.318136554748036994e-06,1.339528423639522715e-06,1.366443827905529901e-06,1.397047992239720225e-06,1.429560802535419421e-06,1.462434332940186446e-06,1.494459778391260868e-06,1.524813012521160924e-06,1.553043786270510994e-06,1.579021286359700767e-06,1.602855618103030209e-06,1.624814930316122058e-06,1.645252406723993244e-06,1.664550072574072830e-06,1.683080404590389048e-06,1.701183243640266913e-06,1.719154216135017402e-06,1.737240958349149937e-06,1.755644149659572200e-06,1.774521204368842784e-06,1.793991206928762911e-06,1.814140226119281870e-06,1.835026517546269924e-06,1.856685358906385162e-06,1.879133400627637826e-06,1.902372490324911397e-06,1.926392968047256180e-06,1.951176447165458842e-06,1.976698103273550626e-06,2.002928496639949855e-06,2.029834955708074532e-06,2.057382551319586278e-06,2.085534694067949455e-06,2.114253390238800966e-06,2.143499194604491559e-06,2.173230900249119664e-06,2.203405005965480970e-06,2.233975000074165005e-06,2.264890495492697092e-06,2.296096244629600708e-06,2.327531054865612558e-06,2.359126160825049077e-06,2.390802115597298190e-06,2.422466892583632661e-06,2.454014245762992491e-06,2.485321825363414006e-06,2.516248991943534658e-06,2.546634252070546886e-06,2.576292211250007726e-06,2.605009901574394498e-06,2.632542288667205181e-06,2.658606689313488444e-06,2.682875729817773165e-06,2.704968334198938022e-06,2.724438033352867065e-06,2.740757602372838303e-06,2.753298610277714368e-06,2.761303795728079490e-06,2.763849017879812220e-06,2.759789277331106651e-06,2.670094363191614999e-06,2.495639469636002105e-06,2.239322232856605333e-06,1.905680059792616379e-06,1.500321758143936099e-06,1.105837950956230406e-06,7.174825375177101186e-07,3.339056572029408080e-07,9.982190114258362720e-08,4.679962477500926204e-07,8.716190236432392771e-07,1.291061579387253384e-06,1.729633948305437154e-06,2.191991886497957053e-06,2.683193573587030968e-06,3.210904030165573388e-06,3.636465227579791089e-06,3.956368757169724221e-06,4.166518716609627787e-06,4.263298777551676393e-06,4.244222311243240012e-06,4.108109239829199360e-06,3.854829254867697536e-06,3.484542432720337598e-06,2.996507899452689544e-06,2.532405707245962428e-06,2.084573557705247278e-06,1.647860002049508752e-06,1.217103652810583080e-06,7.881982645437134991e-07,3.650430321872222123e-07,1.872123016263849962e-07,6.042673992208764259e-07,1.089191945846508199e-06,1.609900391564691109e-06,2.171595795527131244e-06,2.685593964967592717e-06,3.141400256966212370e-06,3.529826476803372183e-06,3.843308680735733081e-06,4.076104905509003415e-06,4.224378689071604607e-06,4.286194025895520042e-06,4.261412732541987158e-06,4.151486938241377103e-06,3.983514642326049687e-06,3.762978163799908584e-06,3.496599315252430496e-06,3.191887753509723918e-06,2.857044522465637157e-06,2.500851052628935895e-06,2.132509437664411954e-06,1.761467199629420138e-06,1.397282777991905059e-06,1.049685077144576937e-06,7.294016209435578641e-07,4.478866726306668714e-07,2.467922972785441073e-07,2.331264321763159410e-07,3.464374254091150080e-07,4.509893487821031679e-07,5.130725607766537174e-07,5.254830794669404811e-07,4.878167047319392137e-07,4.031080194391696176e-07,2.966795232648240011e-07,1.736744822815170103e-07,7.355778363378665515e-08,1.760170363342081573e-07,3.536205630371337029e-07,5.542947495756949861e-07,7.743244931754137015e-07,1.013758296052919289e-06,1.273651149050840729e-06,1.555541233094538767e-06,1.862733705086563747e-06,2.118682738103967361e-06,2.320792801004605226e-06,2.465908027018812998e-06,2.551095699563272869e-06,2.574193124074467220e-06,2.534106364112096146e-06,2.430931394173731167e-06,2.265930155471004947e-06,2.041388901842029445e-06,1.777229261247198366e-06,1.477523401237431501e-06,1.147261807320954397e-06,7.919902056450749238e-07,4.179804835177659816e-07,4.634960956176156721e-08,3.673007848355379676e-07,7.603759094549889552e-07,1.147404547892994961e-06,1.521550996655764943e-06,1.876771009576724138e-06,2.193100246556287680e-06,2.463919916712237887e-06,2.683711482853403234e-06,2.848210178984630454e-06,2.954504407665454750e-06,3.001084399822592870e-06,2.987841609157127641e-06,2.916012547545725962e-06,2.788063950549524405e-06,2.617321705567754939e-06,2.408640396036748214e-06,2.167744965805872194e-06,1.900985788551654769e-06,1.615229162566461882e-06,1.317766514385169579e-06,1.016295570471478800e-06,7.192431403081194929e-07,4.379096401761459536e-07,2.052548601450365671e-07,2.028971186976610939e-07,3.896853167509207472e-07,5.757425908535674533e-07,7.325086257154965932e-07,8.531700449830189088e-07,9.591319143415833946e-07,1.051702507900883612e-06,1.132238812543493937e-06,1.202023795852456620e-06,1.262229702066483323e-06,1.313911841298799447e-06,1.358013761783818885e-06,1.395376462057813991e-06,1.426748626629809051e-06,1.452796619436791813e-06,1.474113727297837672e-06,1.491228487199818365e-06,1.504612086640705218e-06,1.514684894410617988e-06,1.521822205369396530e-06,1.526359288688954393e-06,1.528595825436793568e-06,1.528799813726741075e-06,1.527211010707274932e-06,1.524043971755368827e-06,1.519490739020143069e-06,1.513723952109616725e-06,1.506901831006149564e-06,1.499170734245139712e-06,1.490666880041803728e-06,1.481517972841255649e-06,1.471844735072796553e-06,1.461762336994073299e-06,1.451381709105254454e-06,1.440810714043397884e-06,1.430155149140369369e-06,1.419519547053740845e-06,1.409007739521462486e-06,1.398723147303803667e-06,1.388768756299269977e-06,1.379246733865390136e-06,1.370257628560172178e-06,1.361899078935319486e-06,1.354263931309110510e-06,1.347437632727814053e-06,1.341494726666309913e-06,1.336494243911831402e-06,1.332473767016849999e-06,1.329441984904936300e-06,1.327369694589465854e-06,1.326179521102610673e-06,1.325735203719923981e-06,1.325832222950908483e-06,1.326192854107054610e-06,1.326470324784917748e-06,1.326268249749201732e-06,1.325182138729748992e-06,1.322868324401917499e-06,1.319140852146408545e-06,1.314088219625899943e-06,1.308190954843675133e-06,1.302412225529991690e-06,1.298232335905521418e-06,1.297605870149998931e-06
1.303109570263269965e-06,1.317509071074197825e-06,1.339164353856574558e-06,1.366537680493540960e-06,1.397819145384325399e-06,1.431223268167659448e-06,1.465173669903046235e-06,1.498417695108064725e-06,1.530080544825628757e-06,1.559662566251816352e-06,1.586990867498189859e-06,1.612144079529877456e-06,1.635370179924081155e-06,1.657012363831388919e-06,1.677450790880383635e-06,1.697061906104962956e-06,1.716193274136071325e-06,1.735150330477450822e-06,1.754191378726256143e-06,1.773527788828755084e-06,1.793327164220168759e-06,1.813717980524346530e-06,1.834794762102741546e-06,1.856623252628035757e-06,1.879245285556867615e-06,1.902683210117765200e-06,1.926943812738090355e-06,1.952021718252799012e-06,1.977902277032523363e-06,2.004563954237278646e-06,2.031980242193571479e-06,2.060121119919790573e-06,2.088954086740891169e-06,2.118444800253731476e-06,2.148557352478692564e-06,2.179254221353719154e-06,2.210495937133465108e-06,2.242240504080661539e-06,2.274442616520352870e-06,2.307052704540825736e-06,2.340015838420881886e-06,2.373270512895624660e-06,2.406746911034346120e-06,2.440363832951737707e-06,2.474026753886982310e-06,2.507626110954760278e-06,2.541035360928654152e-06,2.574108764029402713e-06,2.606678833822751207e-06,2.638553372592143239e-06,2.669511982762265354e-06,2.699301905252609960e-06,2.727632981336014199e-06,2.754171460896133383e-06,2.778532280641592251e-06,2.800269301906778019e-06,2.818862814156101628e-06,2.833703345814631641e-06,2.844070399127316140e-06,2.849103914480200738e-06,2.847764381929143833e-06,2.758714909270419217e-06,2.583049161064354611e-06,2.323980118858559570e-06,1.986162289142572622e-06,1.573396780859541519e-06,1.158850664820713096e-06,7.460899798060411145e-07,3.354668541633898451e-07,1.109011734584087655e-07,5.188655735788451324e-07,9.534136929838134797e-07,1.404167644304136269e-06,1.875030089301824554e-06,2.370593815363991150e-06,2.892207990878047479e-06,3.432864682544137975e-06,3.868652092248443420e-06,4.199830212037754709e-06,4.422289575543052280e-06,4.531943423617927731e-06,4.525976252286419310e-06,4.403094270172271255e-06,4.163145897681229581e-06,3.805635245708260879e-06,3.324711494877002763e-06,2.848194190444843911e-06,2.384438681884190180e-06,1.932667419295827754e-06,1.487854642670201879e-06,1.045449526083677600e-06,6.057566696933574863e-07,2.222654614915728877e-07,4.162575811431675300e-07,8.903570012800260883e-07,1.408955128346805405e-06,1.958956058648824968e-06,2.466831627672643150e-06,2.921775103298458120e-06,3.313695512767881482e-06,3.634311742919249821e-06,3.877385765790590335e-06,4.038754847804597004e-06,4.116275966945076311e-06,4.109620919761675506e-06,4.019590855428923073e-06,3.868844639898069177e-06,3.664895519467097377e-06,3.414919008534178824e-06,3.126312500431286370e-06,2.807098865164011620e-06,2.465924942506282632e-06,2.111898113718304151e-06,1.754373519317875437e-06,1.402721306913450206e-06,1.066103287746737691e-06,7.537553570927269599e-07,4.746970943830455859e-07,2.558723475222829683e-07,1.850278146902628134e-07,2.741333385234623568e-07,3.712339014700120037e-07,4.294240957768383425e-07,4.401591521917541638e-07,4.031057948379437581e-07,3.214702249477787793e-07,2.160836085016943575e-07,1.039660902341607246e-07,1.186246620773719168e-07,2.750650433677009254e-07,4.645920311179798993e-07,6.756883736193889367e-07,9.069573813122734582e-07,1.159004282433307232e-06,1.433009694479113698e-06,1.728473830383817722e-06,2.040455790343819696e-06,2.299221336756421856e-06,2.504692887410022876e-06,2.653942155518521213e-06,2.743900069651563827e-06,2.772246141368623964e-06,2.737752883247917799e-06,2.640391188709274436e-06,2.481218756910632753e-06,2.261797731524755564e-06,2.000301959046752563e-06,1.702516249083785085e-06,1.373818769344991104e-06,1.019605080020540287e-06,6.456755200633762194e-07,2.582541154061423170e-07,1.361730097643715486e-07,5.309279655554283887e-07,9.194348915583162373e-07,1.295091949342448870e-06,1.650879650730046498e-06,1.969781479321762001e-06,2.245188300495643900e-06,2.471442913896386473e-06,2.644144177881645966e-06,2.760263068710316675e-06,2.818189654183521468e-06,2.817727536625738048e-06,2.760009230474534184e-06,2.647206518434524481e-06,2.490688827408825062e-06,2.296037992527170734e-06,2.069068018332625651e-06,1.815994835812223348e-06,1.543516129830612876e-06,1.258758694229654353e-06,9.692491956219106665e-07,6.831950752522471577e-07,4.115046869727600630e-07,1.868183070945809439e-07,1.965140414381185525e-07,3.824253395430056087e-07,5.638778654185401304e-07,7.162784613495064749e-07,8.335022216960032164e-07,9.365761209006136511e-07,1.026785503726461080e-06,1.105437239877686137e-06,1.173758482095352453e-06,1.232867510983233908e-06,1.283770121978735165e-06,1.327365479135685803e-06,1.364455245806685578e-06,1.395753448996320335e-06,1.421896013584673951e-06,1.443449544536539850e-06,1.460919225151057979e-06,1.474755831509076777e-06,1.485361921197179147e-06,1.493097276452461510e-06,1.498283686512050287e-06,1.501209150351989909e-06,1.502131573838660298e-06,1.501282026983734692e-06,1.498867618689613160e-06,1.495074038661951103e-06,1.490068536913035169e-06,1.484004791554710881e-06,1.477025364871809829e-06,1.469263328235937657e-06,1.460843799967134609e-06,1.451885398155892597e-06,1.442501603226260656e-06,1.432802016303093561e-06,1.422893491528533699e-06,1.412881114354781392e-06,1.402868993653145850e-06,1.392960832719019006e-06,1.383260241907541421e-06,1.373870752265303300e-06,1.364895483335553027e-06,1.356436407283458389e-06,1.348593133598377390e-06,1.341461112339617602e-06,1.335129118984318031e-06,1.329675842994712279e-06,1.325165363017461016e-06,1.321641270671989323e-06,1.319119232170329104e-06,1.317577901251948130e-06,1.316948389167196180e-06,1.317103048431979498e-06,1.317845229941487460e-06,1.318902979139771333e-06,1.319931271256247470e-06,1.320529017091569993e-06,1.320277967211369976e-06,1.318809615239091376e-06,1.315901857831803332e-06,1.311598730028235755e-06,1.306335173290075641e-06,1.301038601859689171e-06,1.297175824589568195e-06,1.296720846924330665e-06
1.302402463800406699e-06,1.316946041564219746e-06,1.338858838058795501e-06,1.366670108574947293e-06,1.398596564474102201e-06,1.432849380769956599e-06,1.467826523842341995e-06,1.502234974186024122e-06,1.535152892596225156e-06,1.566034348419025079e-06,1.594666540386701583e-06,1.621097715285201182e-06,1.645555840769913850e-06,1.668373642571216870e-06,1.689928590296852926e-06,1.710600167660412585e-06,1.730742784423970046e-06,1.750670940607102673e-06,1.770653027200462853e-06,1.790910688312353664e-06,1.811621446680534668e-06,1.832923023384651040e-06,1.854918354542648164e-06,1.877680710663689222e-06,1.901258586831458578e-06,1.925680192292451443e-06,1.950957460435509499e-06,1.977089550374959979e-06,2.004065837129720195e-06,2.031868400108148441e-06,2.060474026127716495e-06,2.089855747360064579e-06,2.119983938291090072e-06,2.150826999705874923e-06,2.182351661805794666e-06,2.214522942388892875e-06,2.247303798931191679e-06,2.280654514714452379e-06,2.314531858262109452e-06,2.348888051896756781e-06,2.383669579234930958e-06,2.418815853532127533e-06,2.454257390476136453e-06,2.489912794155947776e-06,2.525686798355011822e-06,2.561468514991765344e-06,2.597129479986382552e-06,2.632521467750532011e-06,2.667474037214175274e-06,2.701791760530651193e-06,2.735251069061559547e-06,2.767596628424635858e-06,2.798537123707760889e-06,2.827740296173424176e-06,2.854827023899922586e-06,2.879364183810736424e-06,2.900855980694059670e-06,2.918733402013256426e-06,2.932341503877748226e-06,2.940924465541940782e-06,2.943609072425669580e-06,2.856637634020225276e-06,2.681508624395223899e-06,2.422341262126996122e-06,2.086082989048484423e-06,1.683726848766271166e-06,1.236659187422487143e-06,7.919823538156350646e-07,3.484501847821487470e-07,1.212794678332474433e-07,5.705803809309396802e-07,1.041495464758183385e-06,1.528797706485116754e-06,2.037626572814957525e-06,2.576006525761069946e-06,3.146626446092610855e-06,3.663195257075336784e-06,4.096692348332146897e-06,4.433944052374643671e-06,4.666549565312610464e-06,4.788817999290718189e-06,4.797434280923592715e-06,4.691408116887025497e-06,4.472060021324903688e-06,4.143268168677819840e-06,3.713455473753949370e-06,3.206998175938162477e-06,2.719279441602780639e-06,2.249152691261345253e-06,1.787495046504957276e-06,1.328240870754390486e-06,8.702551672366832963e-07,4.315575358341234632e-07,2.814203843954099134e-07,6.953303527206721748e-07,1.213972418511940831e-06,1.738621567524864978e-06,2.235129058639737887e-06,2.685639554767313041e-06,3.077816218158801055e-06,3.402472823130806686e-06,3.652937655190869672e-06,3.824854797369440022e-06,3.916118429839044066e-06,3.926893736389302040e-06,3.859919483358458984e-06,3.722213783721062037e-06,3.532212085697974990e-06,3.296827129613790543e-06,3.022781923534243857e-06,2.717756349792570419e-06,2.390257445936164438e-06,2.049355714341754811e-06,1.704441429890191582e-06,1.364959736154181288e-06,1.039720905173652868e-06,7.346879773443485823e-07,4.613506304502919734e-07,2.405859446806665872e-07,1.521184214079388275e-07,2.357298702611047472e-07,3.291850217938262974e-07,3.833520607153035577e-07,3.908141184367501981e-07,3.521322881946559587e-07,2.722255653103626679e-07,1.635700190933297870e-07,8.191569901656504990e-08,1.851907969956143664e-07,3.622050888599080943e-07,5.658705458668528192e-07,7.910186611198866728e-07,1.036981641759857146e-06,1.305264022263809849e-06,1.599223151058208837e-06,1.919007413949535225e-06,2.214133816221617661e-06,2.468533462215394762e-06,2.674538176446740814e-06,2.826818788933566417e-06,2.921366915877778595e-06,2.955425807393622800e-06,2.927564814794263414e-06,2.837744112164233639e-06,2.687372854760150116e-06,2.479530191682811549e-06,2.220242173374769650e-06,1.925098142400047556e-06,1.599372222746073099e-06,1.247920785172740997e-06,8.763828565623459682e-07,4.912824744814022986e-07,1.048428645039282801e-07,3.010590992052803782e-07,6.879207441567913910e-07,1.063997103914644253e-06,1.416535862470221210e-06,1.735468866912149112e-06,2.013250996584572554e-06,2.243916551114177739e-06,2.422923525457304004e-06,2.547157162646257950e-06,2.614954672250877454e-06,2.626120302190542493e-06,2.581940257174640012e-06,2.485287501856086065e-06,2.341270864507044203e-06,2.159654552353605062e-06,1.946040914907403163e-06,1.706304056817670095e-06,1.446919484666696691e-06,1.174858647200178650e-06,8.975192432180792329e-07,6.230018223161220648e-07,3.623436286418155311e-07,1.542559895303321340e-07,2.062945528352847308e-07,3.944474320340135513e-07,5.704979045385946876e-07,7.170023482574932734e-07,8.289101628128513903e-07,9.274024271570264838e-07,1.013742590239590729e-06,1.089173731200810534e-06,1.154849681237870835e-06,1.211817148281851840e-06,1.261016039263030335e-06,1.303286424451900088e-06,1.339377644354609334e-06,1.369957706181733999e-06,1.395622202975757279e-06,1.416902463062896302e-06,1.434272852391868107e-06,1.448157249846782853e-06,1.458934757647653144e-06,1.466944724030965529e-06,1.472491157353524752e-06,1.475846606517348660e-06,1.477255575726720940e-06,1.476937533893059963e-06,1.475089571426073283e-06,1.471888750132173878e-06,1.467494912770499601e-06,1.462055403010078902e-06,1.455707392998607395e-06,1.448579388607312851e-06,1.440792657218439185e-06,1.432462582009556702e-06,1.423699939185117688e-06,1.414612085659126608e-06,1.405304036502888272e-06,1.395879405021717702e-06,1.386441173766777144e-06,1.377092261658501943e-06,1.367935849728812965e-06,1.359075424375327963e-06,1.350614490680557175e-06,1.342655897230687384e-06,1.335300695866302767e-06,1.328646433183626427e-06,1.322784734835686687e-06,1.317798000810977990e-06,1.313754986852719929e-06,1.310705019382537548e-06,1.308670607208296899e-06,1.307638320027101741e-06,1.307548071290446720e-06,1.308281463230279908e-06,1.309650724211625369e-06,1.311391060736969300e-06,1.313160915110217169e-06,1.314556383063089074e-06,1.315147225634879794e-06,1.314541335073144037e-06,1.312480692397489248e-06,1.308963701895535557e-06,1.304377007482866252e-06,1.299608264217417401e-06,1.296106103475330937e-06,1.295859356327481894e-06
1.301748846511788016e-06,1.316448602799379003e-06,1.338614272871217729e-06,1.366844334453912755e-06,1.399383739721344361e-06,1.434442227854041672e-06,1.470394856373227611e-06,1.505911765337222940e-06,1.540027827964777209e-06,1.572154131936356710e-06,1.602040315681989314e-06,1.629705488742829516e-06,1.655357885488711407e-06,1.679319350996213293e-06,1.701963870118269924e-06,1.723673035891714385e-06,1.744807206504047172e-06,1.765689174603867151e-06,1.786596808504443734e-06,1.807761581038262331e-06,1.829370638609814820e-06,1.851570780390158489e-06,1.874473293195677750e-06,1.898159000244523189e-06,1.922683155339915399e-06,1.948079984074653943e-06,1.974366773738282133e-06,2.001547469537345370e-06,2.029615764552802949e-06,2.058557686323747535e-06,2.088353691289886046e-06,2.118980283690414127e-06,2.150411180035533127e-06,2.182618044794321548e-06,2.215570827550994259e-06,2.249237736187793222e-06,2.283584884042625503e-06,2.318575650780377909e-06,2.354169796293152138e-06,2.390322363899418257e-06,2.426982403429662571e-06,2.464091537103047859e-06,2.501582055277382671e-06,2.539373973491463888e-06,2.577373075810507127e-06,2.615469148657707624e-06,2.653534044372472492e-06,2.691419564414139398e-06,2.728955151437138126e-06,2.765945377931507782e-06,2.802167216338610014e-06,2.837367071184841030e-06,2.871257547940272420e-06,2.903513927405417539e-06,2.933770312986098034e-06,2.961615432834399258e-06,2.986588136672169003e-06,3.008172789613559885e-06,3.025795171292843703e-06,3.038820458881622719e-06,3.046557176447753750e-06,2.962630481434893130e-06,2.788861090031057082e-06,2.529953519459873642e-06,2.193743390869935359e-06,1.791789787006710037e-06,1.340225162876404772e-06,8.564621766716101868e-07,3.748334522616583281e-07,1.278313747613072127e-07,6.233293589833464997e-07,1.137220705487813611e-06,1.666198110203320257e-06,2.216155881642768835e-06,2.806601354489793824e-06,3.366653683192128361e-06,3.873622855039506530e-06,4.305812536954624848e-06,4.648057607409847559e-06,4.889964620429049046e-06,5.024733013574637045e-06,5.048693367898562003e-06,4.961202539329530579e-06,4.764772483811661616e-06,4.465565565200981003e-06,4.074644206916293535e-06,3.609860069726699045e-06,3.090058188800786446e-06,2.602023338611312136e-06,2.121782301120948067e-06,1.641804757486507874e-06,1.161319979243257436e-06,6.901544404159796622e-07,3.218474413477822205e-07,5.182601734783511918e-07,1.000481296100567916e-06,1.506644877493981310e-06,1.991815934764726040e-06,2.435905510229194540e-06,2.825634486648466029e-06,3.151365443023302427e-06,3.406207158774893712e-06,3.585720509588805632e-06,3.687835800716252680e-06,3.712883355133597351e-06,3.663745925030593780e-06,3.546079777786337569e-06,3.367318039648102429e-06,3.145041692202597576e-06,2.884005936087339450e-06,2.591513678518991854e-06,2.276021564802660045e-06,1.946635792791082981e-06,1.612904063357415364e-06,1.284986843755459795e-06,9.677680410035114583e-07,6.709165547095690506e-07,4.051011138749305682e-07,1.903155845437083790e-07,1.280521303145482087e-07,2.329625572275381437e-07,3.258762842183476473e-07,3.752007058024930840e-07,3.770907286703633589e-07,3.330465498007254537e-07,2.482387044041637446e-07,1.360728939396786177e-07,9.295898868698144125e-08,2.399636467519136655e-07,4.365502888449470366e-07,6.584427143780665486e-07,9.016719500063352568e-07,1.165338946759468289e-06,1.451662524841279490e-06,1.771170454935923182e-06,2.080318836265687920e-06,2.366365475014653382e-06,2.616926156388903214e-06,2.823017414929808579e-06,2.978076363756441329e-06,3.077337021710114829e-06,3.117609764129541268e-06,3.097237032001730746e-06,3.016112437802106240e-06,2.875737756436216469e-06,2.679348280367613704e-06,2.432092442038295080e-06,2.140315048450477983e-06,1.819360339858338421e-06,1.472297247529843184e-06,1.104609344214941591e-06,7.231055710452445781e-07,3.375752812200672765e-07,1.058853436826280195e-07,4.598939857249029993e-07,8.294612434283875217e-07,1.177888343080471246e-06,1.494952462589658188e-06,1.772988179864599995e-06,2.005939247104393736e-06,2.189204271143036836e-06,2.319625402763833794e-06,2.395508169800160755e-06,2.416642466853528808e-06,2.384324645803152955e-06,2.301398877198531133e-06,2.172301783019372225e-06,2.002595770434722938e-06,1.801760696207743504e-06,1.574877372730939697e-06,1.328199446437518508e-06,1.068590254874700891e-06,8.033721794829255544e-07,5.406634364911492971e-07,2.924334370071176766e-07,1.181453257508095854e-07,2.365916743279107934e-07,4.254350541273244391e-07,5.947122746492281487e-07,7.337273840598104585e-07,8.385106560256743160e-07,9.308227806982863309e-07,1.011882300759475533e-06,1.082846737523310567e-06,1.144776646676190658e-06,1.198629282755058268e-06,1.245262863796446900e-06,1.285444522183930181e-06,1.319859207142049328e-06,1.349118415893268791e-06,1.373768303741337831e-06,1.394297020165725094e-06,1.411141252255908622e-06,1.424692016713065728e-06,1.435299766132161961e-06,1.443278882517093350e-06,1.448911629849471928e-06,1.452451632515561800e-06,1.454126939815203116e-06,1.454142729835238301e-06,1.452683699279761992e-06,1.449916179700608279e-06,1.445990741573912449e-06,1.441046736598866874e-06,1.435214472266107703e-06,1.428616575620330780e-06,1.421369291134570610e-06,1.413583718291157117e-06,1.405366986756676147e-06,1.396823357946869582e-06,1.388055233391489756e-06,1.379164043586596757e-06,1.370250986137084985e-06,1.361417578527102700e-06,1.352765987896978203e-06,1.344399096395541620e-06,1.336420254263054784e-06,1.328932661719873284e-06,1.322038302808909933e-06,1.315836327661418091e-06,1.310420743348567557e-06,1.305877229033049900e-06,1.302278844613298362e-06,1.299680367504854146e-06,1.298110996377350619e-06,1.297565248666811030e-06,1.297992118988665219e-06,1.299283050651130239e-06,1.301260107781989881e-06,1.303667005388057095e-06,1.306167349087004598e-06,1.308356326419109372e-06,1.309793561020648524e-06,1.310064745067555192e-06,1.308876417345856871e-06,1.306180460956141738e-06,1.302312751848961423e-06,1.298117299789563961e-06,1.295019829091153583e-06,1.295019214099365984e-06
1.301148107414606365e-06,1.316017706399789643e-06,1.338432847761977928e-06,1.367063353825146410e-06,1.400183935643205072e-06,1.436004712695508534e-06,1.472880537613858468e-06,1.509448264755931440e-06,1.544703331345416986e-06,1.578017281569392357e-06,1.609104697101726084e-06,1.637956937748146712e-06,1.664762890942464113e-06,1.689833182330539983e-06,1.713537554716583148e-06,1.736258790795878526e-06,1.758362291179276723e-06,1.780178348864317011e-06,1.801993673925423611e-06,1.824049095922109849e-06,1.846541064092517926e-06,1.869625265812272961e-06,1.893421258300782227e-06,1.918017427614329176e-06,1.943475871121359003e-06,1.969836978252305133e-06,1.997123591599685386e-06,2.025344691942238523e-06,2.054498584646432178e-06,2.084575583202495892e-06,2.115560195911219667e-06,2.147432828372592477e-06,2.180171019797425097e-06,2.213750236298207044e-06,2.248144249411307361e-06,2.283325132854876812e-06,2.319262914362103104e-06,2.355924921675057147e-06,2.393274861811903732e-06,2.431271670096124113e-06,2.469868160116584314e-06,2.509009498397008549e-06,2.548631233338472405e-06,2.588656430395714325e-06,2.628993726979507261e-06,2.669535562138651308e-06,2.710156268560704978e-06,2.750710036024390066e-06,2.791028762688449726e-06,2.830919819721486014e-06,2.870163766077335084e-06,2.908512064186520796e-06,2.945684864936536973e-06,2.981368953750646403e-06,3.015215983961264667e-06,3.046841180747771357e-06,3.075822805017124764e-06,3.101702879656002297e-06,3.123990125408257745e-06,3.142166993430450050e-06,3.155704651697523325e-06,3.075379297716996864e-06,2.903166272730427055e-06,2.643977478731569491e-06,2.305729458386068439e-06,1.899391563428901666e-06,1.438767102796611175e-06,9.392958302794818704e-07,4.181410715143301363e-07,1.276621120264270884e-07,6.777902706787230105e-07,1.243725935379211150e-06,1.819897883277051541e-06,2.403632420866376666e-06,2.988722181848370162e-06,3.545136897491583684e-06,4.049943350602333483e-06,4.483837891742800964e-06,4.831848747955509028e-06,5.083060866845113366e-06,5.230217620937307483e-06,5.269504596177950881e-06,5.200517325061658567e-06,5.026397202921403788e-06,4.754174862607627365e-06,4.395364711000896884e-06,3.966613052003237970e-06,3.489873658857434283e-06,2.998881246572557152e-06,2.499318197351933918e-06,1.993086406761098544e-06,1.483335735127349267e-06,9.789799077593166792e-07,5.213902658697370771e-07,3.997063517391337830e-07,7.884825877651037824e-07,1.270048603427264312e-06,1.741750945672127872e-06,2.177062837329018151e-06,2.561545886717295204e-06,2.885275924184241998e-06,3.141278111648564874e-06,3.325089730200329596e-06,3.434634514297849985e-06,3.470209925912616315e-06,3.434521244363443929e-06,3.332691226247723276e-06,3.172121535880670705e-06,2.963130652978145462e-06,2.713621397879584166e-06,2.431754739993617067e-06,2.126261951033938088e-06,1.806309928634173551e-06,1.481263467137641842e-06,1.160305120477193453e-06,8.513129922559452113e-07,5.631092738836827140e-07,3.058030516861589989e-07,1.062213159610598607e-07,1.461119043999045840e-07,2.747334289337495532e-07,3.645063426428611526e-07,4.065325086359880909e-07,3.999967362798959496e-07,3.469207549233920354e-07,2.520814154490528915e-07,1.282775327278591722e-07,1.019889869590387771e-07,2.779405836515779340e-07,4.981947621163427336e-07,7.437735172882512892e-07,1.010062278747472732e-06,1.294166527815517871e-06,1.593547306592069195e-06,1.903744218581503974e-06,2.206296585871563183e-06,2.487606958884790872e-06,2.736275856085561383e-06,2.943235172561699039e-06,3.101495653483192571e-06,3.205888087142022615e-06,3.252924191132258262e-06,3.240747603667088148e-06,3.169132391222191718e-06,3.039506952425997955e-06,2.854994691117021089e-06,2.620443399127336077e-06,2.342381553470869120e-06,2.029678174462556693e-06,1.688693548944170813e-06,1.325978601759019739e-06,9.488675418886601956e-07,5.666746921665244587e-07,2.061166569102674391e-07,2.525964895696145638e-07,6.007469642375834519e-07,9.413212704454962000e-07,1.253902777993392181e-06,1.529784352575811874e-06,1.762700609782946289e-06,1.947987465753221908e-06,2.082453863994858408e-06,2.164372275306605484e-06,2.193487561476972647e-06,2.171020805285492908e-06,2.099659440766807733e-06,1.983509913602060861e-06,1.827958021322928756e-06,1.639778722765836640e-06,1.425143852799670000e-06,1.190546178305860086e-06,9.428745209952861693e-07,6.894302967830597401e-07,4.384408290517858905e-07,2.042351449542749896e-07,1.129923375026007786e-07,2.894168157779698453e-07,4.745697231517671232e-07,6.353172220899785979e-07,7.652412115562177250e-07,8.611977140301956408e-07,9.458552396101682982e-07,1.020343922859455826e-06,1.085706905472495725e-06,1.142889531234386859e-06,1.192741771167875621e-06,1.236025207305625331e-06,1.273421313455251491e-06,1.305539736133486223e-06,1.332926060619253360e-06,1.356068878927892829e-06,1.375406122921556991e-06,1.391330690709415154e-06,1.404195421815179691e-06,1.414317485939901809e-06,1.421982250784448953e-06,1.427446690878974822e-06,1.430942394022008645e-06,1.432678215972840129e-06,1.432842628103140358e-06,1.431605797121168215e-06,1.429121430885645395e-06,1.425529145713301376e-06,1.420958804945937692e-06,1.415532518612604349e-06,1.409365846125191039e-06,1.402568946453808840e-06,1.395247682714424393e-06,1.387504680261716756e-06,1.379440328227606906e-06,1.371153705938872480e-06,1.362743408711224780e-06,1.354308242349345541e-06,1.345947751916346288e-06,1.337762547122264240e-06,1.329854382723968246e-06,1.322325945918268435e-06,1.315280291789483735e-06,1.308819850201885090e-06,1.303044901034695519e-06,1.298051378129167789e-06,1.293927816646596694e-06,1.290751208825336227e-06,1.288581491968091873e-06,1.287454384646534821e-06,1.287372355335566858e-06,1.288293718469061109e-06,1.290120298822845587e-06,1.292684897303481828e-06,1.295741030628226879e-06,1.298959128728466274e-06,1.301935384330194626e-06,1.304221210066451227e-06,1.305381661318566653e-06,1.305088556115712110e-06,1.303246661612753836e-06,1.300138881461066461e-06,1.296561840304180611e-06,1.293913598385511163e-06,1.294198111682155084e-06
1.300599473420744962e-06,1.315654117339529832e-06,1.338316540680977251e-06,1.367329928628858177e-06,1.401000181479107808e-06,1.437539543754276252e-06,1.475285337091443291e-06,1.512844710505127382e-06,1.549177594184862995e-06,1.583619540083231271e-06,1.615852704848448784e-06,1.645842209425550298e-06,1.673758083849768713e-06,1.699899470218693747e-06,1.724631156907434354e-06,1.748336215711642385e-06,1.771384183327704346e-06,1.794112047603426355e-06,1.816814704221504084e-06,1.839741843573576828e-06,1.863098872422703678e-06,1.887050153099104574e-06,1.911723411647993500e-06,1.937214588397337478e-06,1.963592693242877166e-06,1.990904413941680079e-06,2.019178339661425968e-06,2.048428728936805070e-06,2.078658789144663070e-06,2.109863455832943832e-06,2.142031672499090131e-06,2.175148179379409037e-06,2.209194826059418548e-06,2.244151428451288176e-06,2.279996196234136371e-06,2.316705761999852328e-06,2.354254847568795178e-06,2.392615605583243527e-06,2.431756674918277223e-06,2.471641986213870975e-06,2.512229348854414000e-06,2.553468843605562852e-06,2.595300791263258650e-06,2.637652966317501006e-06,2.680438663530518711e-06,2.723554920461389023e-06,2.766880629320065021e-06,2.810274564891695794e-06,2.853573370211253667e-06,2.896589561127721208e-06,2.939109635796339148e-06,2.980892406469382354e-06,3.021667709804995422e-06,3.061135699592917785e-06,3.098966984306544592e-06,3.134803945136622870e-06,3.168263666755114129e-06,3.198943052060207827e-06,3.226426913077762963e-06,3.250300205117715805e-06,3.270166199762422339e-06,3.193740998145779324e-06,3.023027997759254842e-06,2.762941520055377848e-06,2.421211899108246860e-06,2.008140676918930849e-06,1.536057996705922011e-06,1.018273903940213078e-06,4.676834905674117778e-07,1.101824209223918689e-07,7.011395415805035679e-07,1.305362185169326937e-06,1.914988193916497411e-06,2.522238153689269231e-06,3.115531413323074873e-06,3.675589005625907628e-06,4.183339805872833264e-06,4.621711100530286006e-06,4.976620108195654041e-06,5.237335684465566662e-06,5.396566277797702268e-06,5.450493569361392980e-06,5.398829844281410743e-06,5.244918653428975781e-06,4.995874356090845594e-06,4.662705324972164799e-06,4.260235461715166947e-06,3.806489084831094434e-06,3.321149091364805386e-06,2.815426870698038191e-06,2.296551522690161462e-06,1.771149876926622017e-06,1.248908739585171080e-06,7.553092372915099258e-07,4.226219284695465875e-07,6.061790814108960473e-07,1.040513215266667578e-06,1.492346679832396763e-06,1.915057112507592914e-06,2.290888592843795239e-06,2.609219781395007899e-06,2.862922182570624858e-06,3.047488990876763932e-06,3.160787149131158132e-06,3.202978829399471583e-06,3.176474531353542274e-06,3.085841088654117520e-06,2.937593311990928627e-06,2.739824247533864094e-06,2.500684494850919895e-06,2.228652367690336138e-06,1.932628265600519964e-06,1.621832311765245011e-06,1.305591499178726299e-06,9.930457199387210843e-07,6.928331682401577641e-07,4.135761176474536922e-07,1.650563847358701787e-07,7.117489382144548089e-08,2.366247038011546758e-07,3.653727555478742876e-07,4.465384944616359374e-07,4.781805453057423419e-07,4.605079583479348137e-07,3.955529320044177134e-07,2.873647438997181850e-07,1.452841169493062362e-07,8.932788510122112273e-08,2.834498465403287600e-07,5.234442073562991104e-07,7.883603984719964715e-07,1.072581916639368370e-06,1.371486974471645616e-06,1.679892531007580216e-06,1.990486628994711053e-06,2.291523343765394719e-06,2.571587682327801826e-06,2.820447666960535399e-06,3.029456193463113760e-06,3.191652236347033455e-06,3.301747689742441494e-06,3.356102993320266221e-06,3.352717336405669799e-06,3.291228810477686390e-06,3.172913414100137821e-06,3.000668500366789407e-06,2.778954192768789389e-06,2.513649978142952254e-06,2.211774154792056478e-06,1.880166092549960115e-06,1.525897576251637362e-06,1.156648124207559225e-06,7.815120036534044726e-07,4.160091371586802642e-07,1.665159297357261881e-07,3.931041778194257125e-07,7.150889016636273549e-07,1.018862205632382421e-06,1.289521079299101964e-06,1.519737774793533341e-06,1.704572134388503184e-06,1.840733514396012289e-06,1.926430457783260832e-06,1.961331978335854416e-06,1.946541629336983209e-06,1.884552613902402088e-06,1.779161460441693596e-06,1.635316445737332946e-06,1.458895078596577646e-06,1.256079522879420915e-06,1.033393736506478127e-06,7.977042765087801362e-07,5.562837815954770856e-07,3.176649939080431493e-07,1.058846591168598339e-07,1.694579664908342750e-07,3.630499974631311995e-07,5.402656538084814740e-07,6.907194607557378108e-07,8.100547920566117611e-07,8.956468426749208640e-07,9.713359894936977290e-07,1.038111726052527726e-06,1.096871200484561463e-06,1.148422465705359438e-06,1.193491369685138923e-06,1.232729326577271103e-06,1.266720937115042864e-06,1.295991077192746466e-06,1.321011334233783175e-06,1.342205779426115529e-06,1.359956109274796788e-06,1.374606207801352570e-06,1.386466186131202156e-06,1.395815955804629001e-06,1.402908389017539074e-06,1.407972114658636481e-06,1.411213994238336944e-06,1.412821317018028442e-06,1.412963749073082176e-06,1.411795066779328623e-06,1.409454701357458403e-06,1.406069843214440952e-06,1.401759555175447205e-06,1.396636578514875560e-06,1.390808357737883031e-06,1.384378027766605107e-06,1.377445371502560192e-06,1.370107747841284834e-06,1.362460981084224189e-06,1.354600194137752315e-06,1.346620560797139521e-06,1.338617947005381381e-06,1.330689406944153456e-06,1.322933496379947882e-06,1.315450361630187195e-06,1.308341556179445632e-06,1.301709526329745693e-06,1.295656690026383548e-06,1.290284006933941026e-06,1.285688901395637976e-06,1.281962353368461752e-06,1.279184919860589074e-06,1.277421401821744844e-06,1.276713851405175188e-06,1.277072662115642611e-06,1.278465663642070644e-06,1.280805546354833201e-06,1.283936683897193053e-06,1.287623623653739604e-06,1.291545234187051785e-06,1.295300621924299016e-06,1.298434980239625594e-06,1.300494449496760219e-06,1.301117101512106391e-06,1.300160303460186175e-06,1.297852072051873876e-06,1.294938080104762250e-06,1.292783961535254607e-06,1.293393623201101110e-06
1.300102011202339062e-06,1.315358412436386773e-06,1.338267113988477062e-06,1.367646580561955779e-06,1.401835262727854435e-06,1.439049225467276161e-06,1.477610915735516340e-06,1.516101378034130239e-06,1.553449020383548135e-06,1.588957037733945639e-06,1.622277894861597443e-06,1.653352090184552785e-06,1.682331381771523332e-06,1.709503240264230448e-06,1.735226839200005842e-06,1.759884667275362625e-06,1.783849499587802601e-06,1.807464207427387547e-06,1.831031200406018908e-06,1.854808512764215544e-06,1.879010139830117028e-06,1.903808881482328317e-06,1.929340507678854955e-06,1.955708482740491694e-06,1.982988778415137265e-06,2.011234497941399192e-06,2.040480153396855361e-06,2.070745510735892538e-06,2.102038958958875204e-06,2.134360384066218202e-06,2.167703542791147354e-06,2.202057940457944503e-06,2.237410224461532358e-06,2.273745111188693730e-06,2.311045870162206954e-06,2.349294394666311579e-06,2.388470892642301225e-06,2.428553234601181955e-06,2.469515996053060507e-06,2.511329230022653408e-06,2.553957000496757193e-06,2.597355700694940695e-06,2.641471964955567493e-06,2.686239955481626316e-06,2.731579432480579135e-06,2.777393954432850949e-06,2.823568983488017809e-06,2.869969936652559525e-06,2.916440245226493139e-06,2.962799513826767751e-06,3.008841907845428638e-06,3.054334945813632902e-06,3.099018931944352433e-06,3.142607334082879545e-06,3.184788491090112716e-06,3.225229114605239767e-06,3.263580118354878492e-06,3.299485333979920953e-06,3.332593597950430720e-06,3.362574405841791519e-06,3.389136595752394547e-06,3.316771002476005201e-06,3.147455590023550889e-06,2.886064776548089514e-06,2.540172545884003059e-06,2.119672034951311379e-06,1.636144035378014563e-06,1.101927735210302304e-06,5.289729093762990674e-07,7.283391816826207182e-08,6.934091920349307856e-07,1.325100368009364888e-06,1.958710865342518427e-06,2.583950721941774874e-06,3.188032163668053726e-06,3.755051274368462204e-06,4.268540897298754764e-06,4.713146566278791119e-06,5.075708624758924902e-06,5.345894100322213998e-06,5.516548939736026108e-06,5.583902666498496838e-06,5.547694611088783756e-06,5.411241653748219958e-06,5.181426651883632676e-06,4.868534950613301825e-06,4.485792031654465828e-06,4.048376883435504703e-06,3.571600374639218191e-06,3.067650382496829378e-06,2.546220123458186924e-06,2.016137460923595829e-06,1.487867215760301383e-06,9.805698935621884006e-07,5.594430954339521737e-07,4.932082720642987333e-07,8.325951025320245686e-07,1.252369229544774262e-06,1.656715076081531163e-06,2.019656063933612718e-06,2.328780049769507824e-06,2.576493152791672525e-06,2.758130510546609246e-06,2.871436472221758628e-06,2.916384147357926823e-06,2.895064464571090238e-06,2.811542127391436929e-06,2.671617501299208702e-06,2.482444331572031128e-06,2.251917584582265941e-06,1.988500570891223346e-06,1.701120162049029212e-06,1.399015446568720355e-06,1.091532556032897054e-06,7.878845046568360578e-07,4.969290541888438777e-07,2.270953839889173676e-07,1.417180930921940260e-08,2.190751270695720623e-07,3.827497659030510517e-07,5.005503342566615307e-07,5.695932688572169863e-07,5.885868802834886030e-07,5.578494622512205916e-07,4.792728537665454438e-07,3.563315389172708605e-07,1.951970955256373843e-07,5.994765555563297465e-08,2.549977524538985844e-07,5.114975668608839006e-07,7.921904536820575086e-07,1.090540922709829683e-06,1.400872671965828548e-06,1.716881018972975092e-06,2.030858915677163504e-06,2.333321269740161671e-06,2.614496563714700611e-06,2.865202736119997761e-06,3.077354141164713972e-06,3.244226343527309088e-06,3.360585422530316649e-06,3.422753088269169864e-06,3.428641005860928173e-06,3.377763808679266725e-06,3.271227938630833752e-06,3.111685435970918289e-06,2.903233188784320436e-06,2.651229262360463103e-06,2.361988545348240503e-06,2.042292331913598875e-06,1.699359127639196103e-06,1.340993431959845610e-06,9.760822287975928763e-07,6.169161116445501140e-07,2.976148100109564315e-07,2.468788354663274315e-07,5.111016117255364319e-07,7.975003473796554954e-07,1.058591273429201458e-06,1.282890583105336877e-06,1.464490715654096424e-06,1.599786096597549431e-06,1.686837387261094392e-06,1.725195933567142114e-06,1.715823337899336811e-06,1.661014570051224294e-06,1.564290511238965558e-06,1.430241067150513182e-06,1.264307624735693676e-06,1.072484563199954106e-06,8.611886090423684631e-07,6.371852193144567181e-07,4.076688445088184476e-07,1.819585643229940197e-07,7.316842859504062020e-08,2.650563218754823629e-07,4.538850484516296357e-07,6.202626118770386843e-07,7.589473798974103094e-07,8.664155828863449771e-07,9.403325701951686818e-07,1.005938481919557300e-06,1.064033744835164224e-06,1.115340331578509332e-06,1.160509222857601103e-06,1.200127560542366820e-06,1.234725199083018593e-06,1.264780612823035786e-06,1.290726192699684705e-06,1.312952984732990852e-06,1.331814923978713884e-06,1.347632614247913584e-06,1.360696699815245645e-06,1.371270871502811045e-06,1.379594546011497209e-06,1.385885254073760920e-06,1.390340769837570138e-06,1.393141010830679445e-06,1.394449734906615505e-06,1.394416057766240250e-06,1.393175812012594944e-06,1.390852766257340963e-06,1.387560446063978458e-06,1.383406005277074256e-06,1.378491823359154569e-06,1.372916338567562465e-06,1.366774859721386991e-06,1.360160365282112607e-06,1.353164290598808750e-06,1.345877295140056911e-06,1.338389993001818563e-06,1.330793622787914260e-06,1.323180627353755070e-06,1.315645109638221748e-06,1.308283127187187002e-06,1.301192783856712950e-06,1.294474070992993258e-06,1.288228400121166695e-06,1.282557752521996828e-06,1.277563345661996877e-06,1.273343680384297367e-06,1.269991785706093728e-06,1.267591422997842247e-06,1.266211957567727339e-06,1.265901573401334072e-06,1.266678533127564892e-06,1.268520331431284575e-06,1.271350947468084018e-06,1.275027091512516964e-06,1.279325497134386468e-06,1.283935028372317684e-06,1.288459597807963452e-06,1.292440226995833684e-06,1.295406016217358532e-06,1.296962520792655997e-06,1.296919746510868520e-06,1.295449219680030498e-06,1.293242294526458150e-06,1.291627435336063861e-06,1.292603212988455605e-06
1.299654629378595647e-06,1.315130979024372899e-06,1.338286110676511211e-06,1.368015585251562395e-06,1.402691713817236276e-06,1.440536050426657403e-06,1.479858818960874299e-06,1.519218575809085382e-06,1.557516226339929894e-06,1.594026298764160943e-06,1.628374373751948890e-06,1.660478030712351060e-06,1.690471429177579364e-06,1.718630257539707911e-06,1.745307472598268732e-06,1.770884145041660509e-06,1.795735408197278768e-06,1.820209206795176634e-06,1.844614782314905814e-06,1.869217977684620228e-06,1.894240985101670767e-06,1.919864779698831681e-06,1.946233025066812628e-06,1.973456654490912691e-06,2.001618627440065746e-06,2.030778558012129552e-06,2.060977037625964410e-06,2.092239551368935006e-06,2.124579933497893489e-06,2.158003334847011717e-06,2.192508691384935446e-06,2.228090693954351930e-06,2.264741267294711964e-06,2.302450573344753568e-06,2.341207560145422456e-06,2.381000083397576231e-06,2.421814632475951598e-06,2.463635695869245120e-06,2.506444801975898040e-06,2.550219269434673668e-06,2.594930696550311688e-06,2.640543212383895671e-06,2.687011333792012429e-06,2.734277315915057526e-06,2.782269211871367186e-06,2.830899026542385198e-06,2.880060775176460125e-06,2.929628495735054771e-06,2.979454291129451955e-06,3.029366514258694908e-06,3.079168257403958523e-06,3.128636370397591339e-06,3.177521310790593529e-06,3.225548223840084723e-06,3.272419756019973763e-06,3.317821209332082216e-06,3.361428713512227916e-06,3.402921064050770972e-06,3.441995618641809381e-06,3.478387926704645069e-06,3.511893166006806948e-06,3.443656460599673687e-06,3.275635583865375062e-06,3.012725697783356306e-06,2.662513661457943521e-06,2.234841399644313093e-06,1.741153622223465774e-06,1.193654340982361567e-06,6.044102620236715479e-07,1.811625257851058488e-08,6.556358639021288287e-07,1.305821504356344146e-06,1.955834791738460343e-06,2.594249533117627128e-06,3.208027515109922006e-06,3.782527553956511209e-06,4.302671031272419304e-06,4.754170437593672221e-06,5.124527316617068803e-06,5.403745688166468404e-06,5.584806591089758560e-06,5.663969028849490391e-06,5.640941958571759536e-06,5.518938763276744204e-06,5.304588816668494583e-06,5.007641322398464519e-06,4.640362390868554165e-06,4.216525693775376625e-06,3.749985851844148921e-06,3.253144138662655951e-06,2.736797908993801976e-06,2.210919569129839589e-06,1.686313959156437011e-06,1.178888776372545416e-06,7.272498763590895371e-07,4.821980410886536488e-07,6.638666971343443066e-07,1.031241099243055765e-06,1.409179273527687636e-06,1.754117707708095013e-06,2.049845205115101427e-06,2.287721724693094616e-06,2.462711555559285939e-06,2.572343205159899753e-06,2.616362044897510619e-06,2.596551264074093439e-06,2.516559646238778286e-06,2.381673340313106851e-06,2.198510015971026513e-06,1.974659556429416223e-06,1.718445397419480749e-06,1.438742415784166059e-06,1.144799988036581437e-06,8.460668478816633095e-07,5.520931225840092176e-07,2.731366691205344920e-07,5.290785471469123526e-08,2.277266026227074121e-07,4.184967466373314093e-07,5.690302231191811576e-07,6.735838236292203024e-07,7.290746738200383914e-07,7.341944300425026454e-07,6.892749123358288251e-07,5.961810967730384130e-07,4.581829646253787674e-07,2.800903876773564617e-07,7.657477953744838868e-08,1.933320696422029759e-07,4.632943503736567974e-07,7.566974730388652975e-07,1.066087364716262448e-06,1.385297022667173648e-06,1.707677907355107320e-06,2.025674289486510050e-06,2.330821154319998102e-06,2.614383010552859995e-06,2.867976243081748222e-06,3.084038124175400880e-06,3.256140282661707065e-06,3.379185220981196975e-06,3.449525601421156828e-06,3.465032282152126553e-06,3.425122848545062647e-06,3.330751823579562163e-06,3.184356276315216275e-06,2.989745538924330376e-06,2.751923356584270925e-06,2.476841535136234819e-06,2.171124686689830653e-06,1.841953918498076785e-06,1.497096011667495699e-06,1.145189442131875923e-06,7.969742156237064762e-07,4.718046565757512482e-07,2.498459887947765554e-07,3.517359841784052974e-07,5.996923918744513869e-07,8.441061850913578876e-07,1.058309754950398826e-06,1.233456591120672870e-06,1.365085108256378072e-06,1.450917131598178631e-06,1.490308926677461958e-06,1.484050733047284360e-06,1.434241763006813904e-06,1.344163459427979796e-06,1.218124624300461218e-06,1.061272473865158709e-06,8.793824026274208175e-07,6.786939666963821933e-07,4.657886458440426550e-07,2.476396708713349909e-07,3.908956855475643600e-08,1.842635756517874142e-07,3.802918250208461446e-07,5.579878792472538584e-07,7.118715805288386102e-07,8.377306244595181912e-07,9.323517267433418954e-07,9.935612901098594109e-07,1.048201004244243027e-06,1.096845730516698039e-06,1.140019661706057814e-06,1.178201419659066768e-06,1.211828335622278857e-06,1.241300168578524832e-06,1.266982417503756077e-06,1.289209318022391107e-06,1.308286575093036128e-06,1.324493862169045916e-06,1.338087106718436376e-06,1.349300577316097470e-06,1.358348785817184588e-06,1.365428217706266086e-06,1.370718903698253859e-06,1.374385845616188440e-06,1.376580309321099091e-06,1.377440996990802805e-06,1.377095110371697710e-06,1.375659315817833314e-06,1.373240621043867528e-06,1.369937898483975404e-06,1.365845503586362274e-06,1.361054652415288199e-06,1.355654053007083397e-06,1.349730532425944468e-06,1.343369668725463395e-06,1.336656429251713068e-06,1.329675807875669824e-06,1.322513445298961766e-06,1.315256209336967281e-06,1.307992706319578355e-06,1.300813690283350736e-06,1.293812332851592584e-06,1.287084312566641940e-06,1.280727676453014073e-06,1.274842416803757162e-06,1.269529690266865777e-06,1.264890581761126848e-06,1.261024280359066861e-06,1.258025487037200929e-06,1.255980816985267662e-06,1.254963899538883702e-06,1.255028834354459612e-06,1.256201667068900146e-06,1.258469659410930675e-06,1.261768437586215512e-06,1.265967734164252909e-06,1.270857542666333413e-06,1.276138211890251493e-06,1.281420325958781855e-06,1.286242827388843279e-06,1.290119797241671913e-06,1.292625758364079714e-06,1.293523724992331140e-06,1.292927459901179441e-06,1.291470858475446156e-06,1.290440517137719381e-06,1.291824243653672500e-06
1.299256081039103726e-06,1.314972013819158071e-06,1.338374850888232210e-06,1.368438967096111666e-06,1.403571811911330708e-06,1.442002092942056161e-06,1.482030470827027460e-06,1.522196641032950008e-06,1.561378039586361366e-06,1.598824244855322550e-06,1.634136809336893973e-06,1.667212165817025194e-06,1.698167628393319104e-06,1.727267069805530070e-06,1.754856692647012413e-06,1.781315360442213054e-06,1.807019710664482257e-06,1.832321960077276776e-06,1.857537494714670137e-06,1.882939415814566539e-06,1.908757699003069030e-06,1.935181206828135988e-06,1.962361318891143585e-06,1.990416354653900820e-06,2.019436259890597140e-06,2.049487228663847111e-06,2.080616063197733030e-06,2.112854155896563154e-06,2.146221027855752335e-06,2.180727388550038600e-06,2.216377700081665483e-06,2.253172241644147250e-06,2.291108678858610513e-06,2.330183150088413103e-06,2.370390888474248854e-06,2.411726404344796820e-06,2.454183257522311306e-06,2.497753452303802089e-06,2.542426488930526628e-06,2.588188103630544234e-06,2.635018724609006866e-06,2.682891664067797800e-06,2.731770922615437218e-06,2.781608592827914579e-06,2.832342892017356259e-06,2.883896240619230161e-06,2.936173225322726447e-06,2.989058496677429108e-06,3.042414681476148643e-06,3.096080432518580728e-06,3.149868795811152735e-06,3.203566151654121881e-06,3.256932085057919611e-06,3.309700664733647552e-06,3.361583756557464651e-06,3.412277155245414836e-06,3.461470454891858346e-06,3.508861622444417325e-06,3.554177039215653773e-06,3.597197048984483878e-06,3.637785286714029205e-06,3.573649498115082297e-06,3.406761921360314238e-06,3.142147357808636206e-06,2.787630580468801999e-06,2.353381450832423786e-06,1.851238975872751819e-06,1.293856964809225597e-06,6.938673036038041701e-07,6.740632968311285874e-08,5.897123731318269502e-07,1.250224945268044713e-06,1.909705184786904056e-06,2.556350411533824727e-06,3.177193680951699318e-06,3.758093091150273909e-06,4.284550422924361513e-06,4.742747513401225332e-06,5.120484781469347833e-06,5.407910143792387866e-06,5.598037187537314423e-06,5.687089445925736579e-06,5.674702227128865677e-06,5.563988345174915666e-06,5.361441334172240172e-06,5.076616192237429367e-06,4.721506754490129013e-06,4.309561722618992254e-06,3.854404175217272741e-06,3.368622473179707697e-06,2.863450656164923170e-06,2.349236381698189392e-06,1.836622667720987752e-06,1.339322605070492813e-06,8.835252325274594202e-07,5.513412186893179901e-07,5.532428748750855592e-07,8.386524508290161353e-07,1.179455197918129818e-06,1.500448566994908653e-06,1.778317267512299334e-06,2.002468998252546978e-06,2.167178150137892219e-06,2.269628275207819128e-06,2.309292934276195054e-06,2.287662861431481112e-06,2.208045452411301830e-06,2.075348151807009504e-06,1.895823774756669749e-06,1.676799333481732409e-06,1.426452652596989883e-06,1.153641998977971053e-06,8.678178758986036141e-07,5.792524367411558913e-07,3.015656435777599993e-07,1.042476492159735017e-07,2.609985710004642524e-07,4.705836266134612234e-07,6.494785479667741698e-07,7.871086250134254726e-07,8.782028985413173091e-07,9.197128645185374051e-07,9.104003932120523118e-07,8.507160991885220263e-07,7.426762529713389896e-07,5.896813774510222166e-07,3.963320071533625452e-07,1.692016939018660023e-07,1.019482002862095261e-07,3.812817312918884696e-07,6.844868234217961761e-07,1.002032140513054646e-06,1.327683823903992828e-06,1.654885322321645027e-06,1.976405591668532077e-06,2.284385642902317415e-06,2.570744208587812987e-06,2.827660777730439672e-06,3.047993970588471289e-06,3.225595642525399025e-06,3.355529130592154273e-06,3.434213323497693507e-06,3.459510818227816859e-06,3.430770172956425185e-06,3.348824417772934056e-06,3.215942014803878031e-06,3.035723234703639805e-06,2.812937059220210421e-06,2.553307070196357693e-06,2.263288760150706102e-06,1.949933650001857169e-06,1.620862276102476131e-06,1.284419107590429927e-06,9.503654754443418932e-07,6.328287701585016436e-07,3.664063855819766172e-07,2.808965221275864722e-07,4.403042149343131067e-07,6.544980157567799358e-07,8.525885633779372222e-07,1.017360381474724226e-06,1.142201144263385919e-06,1.224080854126909955e-06,1.262005380729895681e-06,1.256535501139735752e-06,1.209564987369427886e-06,1.124158751379778602e-06,1.004392126188240042e-06,8.551759976438376277e-07,6.820733354905583307e-07,4.911270413260384307e-07,2.886981246521125163e-07,8.133551517039651499e-08,1.246597470201322672e-07,3.226482672611219479e-07,5.067933360814836482e-07,6.715840331753250742e-07,8.121925911137488462e-07,9.246046754412174759e-07,1.005735583678338047e-06,1.053516095827774802e-06,1.096561608047781846e-06,1.135199780732151136e-06,1.169743246425766789e-06,1.200488928799940298e-06,1.227717622493237967e-06,1.251693866638677244e-06,1.272666088043846155e-06,1.290866964873668973e-06,1.306513955686944585e-06,1.319809942542120898e-06,1.330943944905302877e-06,1.340091870107144624e-06,1.347417274538482551e-06,1.353072116992603690e-06,1.357197491388887021e-06,1.359924330623089349e-06,1.361374076661624829e-06,1.361659314437419492e-06,1.360884368812129694e-06,1.359145865017969883e-06,1.356533253726888821e-06,1.353130029163703510e-06,1.349017088894944801e-06,1.344273884910008907e-06,1.338978846625750605e-06,1.333209817263439459e-06,1.327044513037961439e-06,1.320561007011654129e-06,1.313838230872210369e-06,1.306956479602745612e-06,1.299997896775150170e-06,1.293046912315140378e-06,1.286190599950881047e-06,1.279518917653382052e-06,1.273124790264113204e-06,1.267103987779824557e-06,1.261554743543490608e-06,1.256577041546338586e-06,1.252271478560168449e-06,1.248737572362175754e-06,1.246071340239611040e-06,1.244361912998547032e-06,1.243686884557145570e-06,1.244106040785934313e-06,1.245653093994303797e-06,1.248325125836428683e-06,1.252069699651073497e-06,1.256770172457765389e-06,1.262230782355522199e-06,1.268164775273255587e-06,1.274191234418033609e-06,1.279849150365316842e-06,1.284639742633573138e-06,1.288108236055257907e-06,1.289971359585076053e-06,1.290284186295015621e-06,1.289620265106491985e-06,1.289219699281138990e-06,1.291053984699641759e-06
1.298904966618510002e-06,1.314881521988527780e-06,1.338534428742515783e-06,1.368918494778392463e-06,1.404477571853096132e-06,1.443449203971062598e-06,1.484127169246256079e-06,1.525035935427717149e-06,1.565033496001872586e-06,1.603348195531517182e-06,1.639560436759785369e-06,1.673547329063197339e-06,1.705410165301522698e-06,1.735401046234810369e-06,1.763858952444379454e-06,1.791159804742595674e-06,1.817680924889662870e-06,1.843778015806604498e-06,1.869771920543231316e-06,1.895942436013486794e-06,1.922526887139711342e-06,1.949721709933184692e-06,1.977685793158416928e-06,2.006544728972308503e-06,2.036395416974285663e-06,2.067310669542362547e-06,2.099343601105988429e-06,2.132531670378195362e-06,2.166900298610523114e-06,2.202466020380304734e-06,2.239239144374512439e-06,2.277225915428902407e-06,2.316430179029960255e-06,2.356854557471260807e-06,2.398501153756983860e-06,2.441371805362019486e-06,2.485467914841066485e-06,2.530789887513525404e-06,2.577336207413556664e-06,2.625102180817144478e-06,2.674078371635355120e-06,2.724248745059397133e-06,2.775588424177262914e-06,2.828061137815180302e-06,2.881617211732631763e-06,2.936191543719991421e-06,2.991701421691860801e-06,3.048044226418379641e-06,3.105095091605663085e-06,3.162704638479513723e-06,3.220696964492810895e-06,3.278868152072019557e-06,3.336985680308513247e-06,3.394789277522606250e-06,3.451993951818162168e-06,3.508296181100230632e-06,3.563384520868211115e-06,3.616956153401226727e-06,3.668741045105267395e-06,3.718535154995043373e-06,3.766243045674687804e-06,3.706049180432193333e-06,3.539971262203665398e-06,3.273276051049577382e-06,2.914263286196522450e-06,2.473825861947702004e-06,1.964733877255295280e-06,1.400651764465136210e-06,7.951105792698124589e-07,1.638460811564686901e-07,4.984279650456356737e-07,1.160995283072936017e-06,1.822937744380034103e-06,2.472529257750122826e-06,3.097095848737714596e-06,3.682547391266283828e-06,4.214329313059115661e-06,4.678539803888564499e-06,5.062891240714902411e-06,5.357434331994418233e-06,5.555068255423712259e-06,5.651887186441122839e-06,5.647400238011182253e-06,5.544633618477281051e-06,5.350089252059775332e-06,5.073494259278724908e-06,4.727237790057521478e-06,4.325382749326989568e-06,3.882216166480267105e-06,3.410621527990279199e-06,2.921808958712706030e-06,2.425864432386006124e-06,1.932772674004486443e-06,1.454357787024974211e-06,1.009790134206238601e-06,6.474572780934457084e-07,5.101234074287388440e-07,6.838909184424441788e-07,9.740210157624510019e-07,1.264396791761645487e-06,1.519830947383711820e-06,1.726479203013023932e-06,1.877491100268944957e-06,1.969536736285026386e-06,2.001760400820923548e-06,1.975368425476575772e-06,1.893386287290475834e-06,1.760443979072238875e-06,1.582550507843593814e-06,1.366871125324312360e-06,1.121586397081522136e-06,8.559369138306247532e-07,5.809829290713633090e-07,3.152050455114925451e-07,1.548227507445248636e-07,3.109779157235142649e-07,5.338070849237779940e-07,7.369408718382446790e-07,9.050323951294697313e-07,1.030489747485026623e-06,1.108440373666475666e-06,1.135983595242277790e-06,1.112039687205458826e-06,1.037285733631713174e-06,9.140544706324690970e-07,7.461454761682919420e-07,5.385333241303001168e-07,2.971069062182919756e-07,3.764840494771837439e-08,2.692725571385814587e-07,5.792129149048422500e-07,9.018600912129187411e-07,1.231259277751012604e-06,1.561277020333216043e-06,1.885125018526070220e-06,2.195354413938659355e-06,2.484278354532712698e-06,2.744439451767428788e-06,2.969003940177415043e-06,3.152058668486459765e-06,3.288823087623872971e-06,3.375795774379737215e-06,3.410850311695189258e-06,3.393288123382330754e-06,3.323849525965059602e-06,3.204679168227693282e-06,3.039238231032816953e-06,2.832154949228005300e-06,2.589012284086345050e-06,2.316102800378300306e-06,2.020292355069827980e-06,1.708978387506162239e-06,1.390170830243415782e-06,1.072892407962638985e-06,7.686953102872591290e-07,4.980192614208193368e-07,3.188761083722719571e-07,3.424561262297642381e-07,5.006447663015190517e-07,6.730731094902114570e-07,8.223460295487933313e-07,9.367975201068883329e-07,1.011789586412287904e-06,1.045673543126822491e-06,1.038665423757089208e-06,9.924192412550793547e-07,9.097927670420478549e-07,7.946661251103109341e-07,6.517754406836586148e-07,4.865721924716795671e-07,3.052269607492147482e-07,1.163874914860950986e-07,9.399642366158470779e-08,2.832877778180604239e-07,4.683063577784341934e-07,6.395104070182097602e-07,7.911085727068053750e-07,9.182616013417589502e-07,1.017011421870224913e-06,1.084353919881263210e-06,1.118308162950817687e-06,1.149397863096282803e-06,1.177696291491826673e-06,1.203300149236403077e-06,1.226321887228632299e-06,1.246883873488642428e-06,1.265114017718542381e-06,1.281142522575485605e-06,1.295099495824206539e-06,1.307113215667842200e-06,1.317308889576118804e-06,1.325807784944610236e-06,1.332726639342598920e-06,1.338177280605620208e-06,1.342266404115217385e-06,1.345095467532427985e-06,1.346760673001515689e-06,1.347353014182442671e-06,1.346958370991778757e-06,1.345657639080269136e-06,1.343526884191405769e-06,1.340637513887368812e-06,1.337057189351111995e-06,1.332852926909008760e-06,1.328092020161928451e-06,1.322842251895416017e-06,1.317172137225705804e-06,1.311151207431620854e-06,1.304850336595578130e-06,1.298342104908868232e-06,1.291701184416708777e-06,1.285004725792105686e-06,1.278332718762918339e-06,1.271768294039453753e-06,1.265397930586743214e-06,1.259311528024459614e-06,1.253602298519181037e-06,1.248366423952942819e-06,1.243702410097627224e-06,1.239710047278153219e-06,1.236488853736062365e-06,1.234135831323775409e-06,1.232742302840785231e-06,1.232389530081946390e-06,1.233142743611459784e-06,1.235043176178375775e-06,1.238097732165167700e-06,1.242266131465829594e-06,1.247445869852195785e-06,1.253456319060678466e-06,1.260024949033325858e-06,1.266781121242262549e-06,1.273266024063663998e-06,1.278970299014663725e-06,1.283411850946536730e-06,1.286262167975342296e-06,1.287517068198656790e-06,1.287687144488745556e-06,1.287961483988340416e-06,1.290289621680901937e-06
1.298599737136842772e-06,1.314859316441796202e-06,1.338765709473306144e-06,1.369455677453963732e-06,1.405410742232336612e-06,1.444879007388189167e-06,1.486150082198807774e-06,1.527736841048947621e-06,1.568481835604864070e-06,1.607595865551810417e-06,1.644641060240699628e-06,1.679477062219419846e-06,1.712190029752115104e-06,1.743020411502829153e-06,1.772299572373563437e-06,1.800399815646001343e-06,1.827698369292540828e-06,1.854553658602212925e-06,1.881291300706539706e-06,1.908197216214722283e-06,1.935515625618770877e-06,1.963450197862840272e-06,1.992167093045317660e-06,2.021799029038008099e-06,2.052449792053583541e-06,2.084198815980312236e-06,2.117105593733391074e-06,2.151213774459877516e-06,2.186554858332822428e-06,2.223151437230569221e-06,2.261019952846422227e-06,2.300172959124138048e-06,2.340620886824473749e-06,2.382373316534528217e-06,2.425439773556843975e-06,2.469830064169974368e-06,2.515554177565381159e-06,2.562621780863491279e-06,2.611041335371719759e-06,2.660818860054455133e-06,2.711956362630217849e-06,2.764449949883413841e-06,2.818287546454381201e-06,2.873446383604926896e-06,2.929890940906663492e-06,2.987570797821085618e-06,3.046418265222525128e-06,3.106345820635840102e-06,3.167243398932778538e-06,3.228975632166529679e-06,3.291379193907325771e-06,3.354260492784898903e-06,3.417394087622917697e-06,3.480522376703266287e-06,3.543357364504735663e-06,3.605585652941920846e-06,3.666878265121162375e-06,3.726907507758967006e-06,3.785373808978541658e-06,3.842046248745812369e-06,3.896821034583045357e-06,3.840252649667719428e-06,3.674395246511569188e-06,3.404826805600948416e-06,3.040531423487223201e-06,2.593542248245079425e-06,2.078209300314321778e-06,1.509986760891013634e-06,9.039030393411474430e-07,2.750654801125513583e-07,3.857179944200306333e-07,1.040890618179627435e-06,1.697640032039577413e-06,2.344435362613452288e-06,2.969201676023547546e-06,3.557276749184330099e-06,4.093323784662540844e-06,4.562780536608529940e-06,4.952890373182973687e-06,5.253375869845418494e-06,5.456875501859183816e-06,5.559245539437973828e-06,5.559783303533024073e-06,5.461389143050227391e-06,5.270648182283493100e-06,4.997760801404533016e-06,4.656170377768925499e-06,4.261640955959673513e-06,3.830409459122194140e-06,3.375680526326529519e-06,2.908031352200937558e-06,2.436595294054263230e-06,1.970197549761561079e-06,1.518784123796410313e-06,1.096746486346460069e-06,7.346918195345742494e-07,5.196341358464349614e-07,5.737023822068868117e-07,7.983658569783950228e-07,1.050977917929233067e-06,1.279499675976106132e-06,1.465153685997663768e-06,1.599414560128056318e-06,1.678234728666465916e-06,1.700360889628629905e-06,1.666720556641287893e-06,1.580119053321190337e-06,1.445026053610904188e-06,1.267389694698519084e-06,1.054499774629450988e-06,8.152374211510701805e-07,5.616230837666963547e-07,3.187161663860961991e-07,2.052237092665820887e-07,3.685192366036621720e-07,6.011089865872596304e-07,8.246616587616627793e-07,1.020470093763611476e-06,1.178792633882888810e-06,1.292948782023641188e-06,1.358318393224673051e-06,1.372154964263436427e-06,1.333570601339306793e-06,1.243536793518318085e-06,1.104835650676040218e-06,9.219037199742232633e-07,7.005005765566564782e-07,4.471692654456315846e-07,1.688128964427452705e-07,1.324489814057875257e-07,4.455059452077272911e-07,7.697193829860056640e-07,1.099655324216609796e-06,1.429970233856979216e-06,1.754477545503608587e-06,2.065916093094836166e-06,2.356739105877771033e-06,2.619666848630231588e-06,2.848068189432448020e-06,3.036219584253203704e-06,3.179485195918832103e-06,3.274446946293808394e-06,3.318997937731945246e-06,3.312403345190216917e-06,3.255327925458431553e-06,3.149825237460340241e-06,2.999277851769570554e-06,2.808269324025370300e-06,2.582354636849836435e-06,2.327669283928324212e-06,2.050838351037304826e-06,1.758969336004737198e-06,1.459701554990395709e-06,1.161433716304654376e-06,8.741458228063832148e-07,6.123506979362052287e-07,4.060833223011904908e-07,3.238195953019633386e-07,3.961935415097039652e-07,5.281902944305802267e-07,6.549386647477597705e-07,7.546806772806915245e-07,8.195806413379074161e-07,8.467848910465878943e-07,8.359601889558552103e-07,7.884585656065045911e-07,7.069494294966417882e-07,5.952182511981972001e-07,4.580982777268554917e-07,3.018688974811185902e-07,1.391908895630358627e-07,9.869175249316677024e-08,2.632036611166699145e-07,4.427251156526997225e-07,6.156577172658337983e-07,7.744129398061720559e-07,9.131879320468854466e-07,1.027148567544231347e-06,1.112386807485318785e-06,1.165976849732475679e-06,1.186029840412188455e-06,1.205068573378990005e-06,1.222917464649977727e-06,1.239461868655633686e-06,1.254633481387097055e-06,1.268399207706284855e-06,1.280752655145688581e-06,1.291707603770323318e-06,1.301292964114845630e-06,1.309548861692250826e-06,1.316523580682488541e-06,1.322271168194163717e-06,1.326849550552671325e-06,1.330319049598546682e-06,1.332741213800045132e-06,1.334177898825545361e-06,1.334690547019627892e-06,1.334339626353520254e-06,1.333184197853275112e-06,1.331281586949365303e-06,1.328687139147166171e-06,1.325454044259991687e-06,1.321633947298816052e-06,1.317279797556362956e-06,1.312446543689714030e-06,1.307191135575474272e-06,1.301572575086959682e-06,1.295652025056151374e-06,1.289492978691312972e-06,1.283161483842472300e-06,1.276726408693723443e-06,1.270259728370171146e-06,1.263836805936160795e-06,1.257536636372003896e-06,1.251442018038429835e-06,1.245639612155804615e-06,1.240219845753200217e-06,1.235276605664489089e-06,1.230906658185026038e-06,1.227208708152536777e-06,1.224281979362191322e-06,1.222224152459379923e-06,1.221128435191569806e-06,1.221079465041601802e-06,1.222147665039603365e-06,1.224381612918119850e-06,1.227797988190390802e-06,1.232368814399845293e-06,1.238006149144047495e-06,1.244545285855025503e-06,1.251729152097290727e-06,1.259199108195564760e-06,1.266500700456578357e-06,1.273116389079942743e-06,1.278538970749186701e-06,1.282396073605423407e-06,1.284624067497749284e-06,1.285668282145640498e-06,1.286662398650662201e-06,1.289528265895630655e-06
1.298338697818886892e-06,1.314905017353823228e-06,1.339069326895247680e-06,1.370051761617299452e-06,1.406372802561712665e-06,1.446292897549535272e-06,1.488100244901531923e-06,1.530299756101316099e-06,1.571722496946738462e-06,1.611565359369279231e-06,1.649375050568338944e-06,1.684995619612285234e-06,1.718499030708950713e-06,1.750114275161922407e-06,1.780164786339581303e-06,1.809018642184588417e-06,1.837052247444809877e-06,1.864626014133781265e-06,1.892069659684426982e-06,1.919674649880306373e-06,1.947691628590793750e-06,1.976331130234611277e-06,2.005766315841052279e-06,2.036136845894951305e-06,2.067553287788772718e-06,2.100101660715900076e-06,2.133847862302679587e-06,2.168841815785987339e-06,2.205121238193694445e-06,2.242714969649166602e-06,2.281645829490525260e-06,2.321932981830393674e-06,2.363593805067898151e-06,2.406645268887823785e-06,2.451104829602922041e-06,2.496990860738687127e-06,2.544322640434800544e-06,2.593119920112497883e-06,2.643402099307885528e-06,2.695187028927070786e-06,2.748489458906220336e-06,2.803319136231261886e-06,2.859678503444879456e-06,2.917560233984815435e-06,2.976945128189571950e-06,3.037799835860753069e-06,3.100074277503875702e-06,3.163698760363896407e-06,3.228580806062538489e-06,3.294601740290476118e-06,3.361613148001535645e-06,3.429433379281452743e-06,3.497844415315503746e-06,3.566589591017996395e-06,3.635372951149621791e-06,3.703861435418729247e-06,3.771691713532329013e-06,3.838484427053868029e-06,3.903869995750287926e-06,3.967532226701640093e-06,4.029278957255497656e-06,3.975880192687334685e-06,3.809336078580378826e-06,3.535498242998446488e-06,3.164143356340881270e-06,2.708848770729603580e-06,2.186387658249282491e-06,1.615273314127407085e-06,1.013747005821546014e-06,3.952852292854364373e-07,2.577304377444418149e-07,8.926869223750993688e-07,1.535205852622386663e-06,2.172779372892023847e-06,2.794743985123540920e-06,3.384206535228716496e-06,3.923993239496389018e-06,4.398247781300760314e-06,4.793425136485054523e-06,5.098770580248665794e-06,5.306567113153451632e-06,5.412327652973360902e-06,5.414998017072297375e-06,5.317193518347720669e-06,5.125473404288641693e-06,4.850607254866499499e-06,4.507654093748740992e-06,4.115512282255988713e-06,3.695468753223571454e-06,3.260372133627932390e-06,2.818890251153687056e-06,2.378276079412049662e-06,1.945713597525659696e-06,1.529287484263445706e-06,1.139671486871197716e-06,7.960255343830836346e-07,5.512615017459544076e-07,5.078686613536789984e-07,6.562401676115180591e-07,8.641589190091956807e-07,1.061685421490003993e-06,1.223352085326624532e-06,1.338334083161243132e-06,1.401643246741016840e-06,1.411563087290860099e-06,1.368763920516451143e-06,1.275932930906193280e-06,1.137605489322663889e-06,9.601619686474413147e-07,7.520907917516077149e-07,5.266692365763811169e-07,3.170738693917184056e-07,2.540120529040686669e-07,4.254013782238141693e-07,6.645999447627243342e-07,9.046904072920232152e-07,1.125181025400766578e-06,1.314514200783570617e-06,1.464301780555928265e-06,1.568218439194502004e-06,1.621783055903970845e-06,1.622362598312236439e-06,1.569238295709799049e-06,1.463680885073432326e-06,1.308997576537101663e-06,1.110481296631769177e-06,8.751149999651651197e-07,6.108477552185958602e-07,3.255946707925498216e-07,2.615090917485259886e-08,2.889006007562292209e-07,6.103387979859624723e-07,9.368079258657212727e-07,1.264297622636487624e-06,1.587592465996894396e-06,1.899026903490625644e-06,2.190851732659637380e-06,2.455787442413133790e-06,2.687333109094901801e-06,2.879936117817952812e-06,3.029106490055347221e-06,3.131513413032588170e-06,3.185069600329670362e-06,3.188999616082825176e-06,3.143888373675900684e-06,3.051705844150930220e-06,2.915797375272936042e-06,2.740816188457055528e-06,2.532547148773885545e-06,2.296928885624835923e-06,2.040248050951145144e-06,1.769246305195121961e-06,1.491162437999335631e-06,1.213844095962947818e-06,9.461623858830312843e-07,6.994295633826031014e-07,4.924052880168266869e-07,3.619559286029701367e-07,3.505296652110823097e-07,4.265970607699087950e-07,5.219177128799435814e-07,6.018071398373252729e-07,6.531359610942093836e-07,6.710280022839203079e-07,6.543053856998553364e-07,6.039664198045815695e-07,5.226390418110566411e-07,4.145379501802189451e-07,2.864873359252196872e-07,1.564415616236264337e-07,1.269124377937366702e-07,2.608762144107738373e-07,4.286807568405047988e-07,5.985942422584354143e-07,7.606543274161153096e-07,9.079188603167691865e-07,1.034645970007712138e-06,1.136033572091852494e-06,1.208237150249185244e-06,1.248422236246617841e-06,1.254806108381616045e-06,1.261954907464510281e-06,1.269460556061944305e-06,1.277009593444915044e-06,1.284362585904263206e-06,1.291338424430731575e-06,1.297802230820399403e-06,1.303655941381739176e-06,1.308830898229403762e-06,1.313281964390008057e-06,1.316982810142644961e-06,1.319922110547895011e-06,1.322100459889849494e-06,1.323527856011388939e-06,1.324221641887096129e-06,1.324204817080805847e-06,1.323504650597950461e-06,1.322151540876140168e-06,1.320178079522328452e-06,1.317618283790258692e-06,1.314506969331094855e-06,1.310879239899853275e-06,1.306770808872595886e-06,1.302220607025807719e-06,1.297271256656559774e-06,1.291968868098182571e-06,1.286362902315693816e-06,1.280506108485379088e-06,1.274454538875136949e-06,1.268267635911373369e-06,1.262008378821653989e-06,1.255743470288613382e-06,1.249543537527005182e-06,1.243483317220938357e-06,1.237641789628161634e-06,1.232102223277929660e-06,1.226952086994116521e-06,1.222282778849844596e-06,1.218189109870552751e-06,1.214768460985426209e-06,1.212119501502795072e-06,1.210340312743204486e-06,1.209525698683483872e-06,1.209763386526041132e-06,1.211128730319960309e-06,1.213677449142070464e-06,1.217435899929264468e-06,1.222388483811884659e-06,1.228462149676235308e-06,1.235508795286387239e-06,1.243287939200716950e-06,1.251454592680363790e-06,1.259560817692890986e-06,1.267083388552219314e-06,1.273492426743889761e-06,1.278373412514225252e-06,1.281603454329603149e-06,1.283560637351396616e-06,1.285319011454771179e-06,1.288766964598670252e-06
1.298120012104871437e-06,1.315018051940813950e-06,1.339445681209058580e-06,1.370707728646813774e-06,1.407364961536218780e-06,1.447692038098140039e-06,1.489978557865570434e-06,1.532725090723836787e-06,1.574755110145601731e-06,1.615255162774520150e-06,1.653759338502299684e-06,1.690097967554866995e-06,1.724329806237063207e-06,1.756672656284460100e-06,1.787441784331895020e-06,1.817000507534800474e-06,1.845723732653218546e-06,1.873973156387509108e-06,1.902081936034080878e-06,1.930346500148813187e-06,1.959023426465179340e-06,1.988329720271893666e-06,2.018445239162320219e-06,2.049516364626037066e-06,2.081660298338950070e-06,2.114969565187586566e-06,2.149516448954160883e-06,2.185357184714436694e-06,2.222535797277754010e-06,2.261087517736713019e-06,2.301041738097247080e-06,2.342424482503535133e-06,2.385260386452376087e-06,2.429574184935396219e-06,2.475391717952485129e-06,2.522740467844983918e-06,2.571649647394143349e-06,2.622149860231784511e-06,2.674272355188506068e-06,2.728047893027077056e-06,2.783505236898755371e-06,2.840669266439186024e-06,2.899558683189166060e-06,2.960183610334030507e-06,3.022543463270404761e-06,3.086624559170314670e-06,3.152397331845453486e-06,3.219813111764035458e-06,3.288800440127140568e-06,3.359260904875930557e-06,3.431064521426166848e-06,3.504044741246065845e-06,3.577993271871335732e-06,3.652655055861908011e-06,3.727724020681767715e-06,3.802840636813868493e-06,3.877593007851183076e-06,3.951524335606613721e-06,4.024151459786816254e-06,4.095002320359943812e-06,4.163685651270703454e-06,4.112964646033297841e-06,3.944571710720390060e-06,3.664395824151297987e-06,3.282860168138233954e-06,2.815321583181810128e-06,2.282000615145439931e-06,1.706149672643646191e-06,1.115216857183579976e-06,5.172776319038664952e-07,1.309873033750239111e-07,7.190583805285236058e-07,1.335674359837714346e-06,1.956129066527958158e-06,2.574523667321384274e-06,3.165910043850126472e-06,3.710089900348933587e-06,4.189342863074760836e-06,4.589229426951457554e-06,4.898569731313705839e-06,5.109315617664375106e-06,5.216560770986409626e-06,5.218694731559956702e-06,5.117703496534462665e-06,4.919675507445974571e-06,4.635577021997131105e-06,4.282124611760193081e-06,3.882294701268880680e-06,3.472696261722146095e-06,3.061286163676413528e-06,2.651979151830085987e-06,2.248956699464207651e-06,1.857448542323714715e-06,1.484111456118500499e-06,1.137289932577501564e-06,8.247414836363104646e-07,5.801234488288169710e-07,4.759586233286833161e-07,5.484354702388067895e-07,7.064705905034018138e-07,8.697688307116733003e-07,1.005208804190214684e-06,1.099097076383951746e-06,1.145305955365787970e-06,1.141625006281314123e-06,1.088550108011899871e-06,9.888859871541399430e-07,8.478206298160628117e-07,6.739556624707494872e-07,4.821580574433005331e-07,3.141279047494904211e-07,2.981810380697436810e-07,4.747600310903374973e-07,7.163155961660363086e-07,9.684721260073791645e-07,1.210020880393134243e-06,1.427963480088697909e-06,1.612301599948920616e-06,1.755055401763040565e-06,1.850031137005885872e-06,1.892801711856066416e-06,1.880775808911392599e-06,1.813315146724337216e-06,1.691892281134324927e-06,1.520291620497731770e-06,1.304810072168245829e-06,1.054192957117670636e-06,7.786305823382959842e-07,4.897937901705248624e-07,1.910289808589063008e-07,1.157688725912032369e-07,4.288894515113659049e-07,7.466648030313409564e-07,1.067319370411737311e-06,1.387969491423546398e-06,1.698389003411952925e-06,1.990289381082498621e-06,2.256286789201543590e-06,2.490023819888781496e-06,2.686161210724894087e-06,2.840385531330109995e-06,2.949463896950734549e-06,3.011320896447679639e-06,3.025116454879818020e-06,2.991318322375022384e-06,2.911772839582734165e-06,2.789770190281580884e-06,2.630092132640730310e-06,2.439590526357298878e-06,2.223683841181053426e-06,1.988106737571036422e-06,1.739142666470898839e-06,1.483616448967858835e-06,1.228918138020604861e-06,9.831443139997721280e-07,7.552416641542517203e-07,5.586380063767106484e-07,4.150835545055021258e-07,3.528693235688465107e-07,3.721248266940071903e-07,4.288470242345503942e-07,4.837974891238544559e-07,5.181894828149191062e-07,5.244862008667077622e-07,5.004502368260537613e-07,4.469072158128538231e-07,3.672964028288516345e-07,2.693053162508872645e-07,1.756246270174203538e-07,1.639269158952523810e-07,2.717764270484937198e-07,4.233404584174662742e-07,5.857816931740283672e-07,7.471108016918768583e-07,8.997189106968311647e-07,1.036766385036816182e-06,1.152542138196834518e-06,1.242277121342966462e-06,1.302207887772571045e-06,1.329614426454072096e-06,1.322842122467498210e-06,1.318498799235836993e-06,1.315969171065649985e-06,1.314760025209232424e-06,1.314475329817224427e-06,1.314797202248242390e-06,1.315471101080199445e-06,1.316294134494690644e-06,1.317105715880732934e-06,1.317780018795096114e-06,1.318219832451464200e-06,1.318351521914712317e-06,1.318120869929015919e-06,1.317489629648597538e-06,1.316432655811520018e-06,1.314935510301445009e-06,1.312992459420242936e-06,1.310604796498146670e-06,1.307779436058403921e-06,1.304527735590542144e-06,1.300864508756805420e-06,1.296807200056413755e-06,1.292375934161173062e-06,1.287595898407753943e-06,1.282497605971694701e-06,1.277116495237844980e-06,1.271492611557015014e-06,1.265670379788927574e-06,1.259698469910706362e-06,1.253629751039337461e-06,1.247521322082308277e-06,1.241434600454003337e-06,1.235435444292288512e-06,1.229594278575667567e-06,1.223986191379575624e-06,1.218690962750410322e-06,1.213792984380539600e-06,1.209381021931167345e-06,1.205547761300029310e-06,1.202389062460998576e-06,1.200002816097195545e-06,1.198487255027842690e-06,1.197938510564683130e-06,1.198447121507939586e-06,1.200093103881234260e-06,1.202939087697257796e-06,1.207020960415674702e-06,1.212335501560481013e-06,1.218824785790031757e-06,1.226357889026114075e-06,1.234711947826170782e-06,1.243557198413655951e-06,1.252454360506000656e-06,1.260877100768310566e-06,1.268275504302707627e-06,1.274194938172712846e-06,1.278453821557289241e-06,1.281361361064173804e-06,1.283927947280210305e-06,1.288002711718100325e-06
1.297941706063304048e-06,1.315197654506443842e-06,1.339894937161804500e-06,1.371424293028543147e-06,1.408388156344550935e-06,1.449077361943869101e-06,1.491785785769738493e-06,1.535013262714700732e-06,1.577579488617058490e-06,1.618664131878798661e-06,1.657791404310536236e-06,1.694779779085175177e-06,1.729675828504414811e-06,1.762686503416710071e-06,1.794118751169753711e-06,1.824330669392693603e-06,1.853695051892559357e-06,1.882574216394890409e-06,1.911304116723244929e-06,1.940185560392570335e-06,1.969480553315690051e-06,1.999412149828019382e-06,2.030166564605882141e-06,2.061896637939304995e-06,2.094726014507756187e-06,2.128753598188587521e-06,2.164057991165152719e-06,2.200701727030276740e-06,2.238735176341053547e-06,2.278200048845534778e-06,2.319132446838898169e-06,2.361565444277723449e-06,2.405531180176130880e-06,2.451062464887069995e-06,2.498193905568452158e-06,2.546962563101256189e-06,2.597408157042395429e-06,2.649572837518125444e-06,2.703500542665350828e-06,2.759235956509731482e-06,2.816823074201266384e-06,2.876303368651484627e-06,2.937713541101765655e-06,3.001083217599431188e-06,3.066432834444638378e-06,3.133771177949909669e-06,3.203092433068642129e-06,3.274372658443437489e-06,3.347565598961219630e-06,3.422597745134503149e-06,3.499362556051126509e-06,3.577713786788602386e-06,3.657457914625511106e-06,3.738345761944891235e-06,3.820063602149759620e-06,3.902224366692754545e-06,3.984360146991770104e-06,4.065918183475976508e-06,4.146264291448104748e-06,4.224700870421455170e-06,4.300512782008147339e-06,4.252169400193102004e-06,4.080779751550787290e-06,3.791728912442804158e-06,3.395399007440357210e-06,2.908578014578246164e-06,2.356239980168081156e-06,1.764741277360572753e-06,1.194999216084365019e-06,6.321021136467274338e-07,1.114480137589122458e-07,5.228509974650945849e-07,1.096808624530091400e-06,1.687293684819129657e-06,2.309365120975689171e-06,2.906138580510676785e-06,3.457089213229977544e-06,3.942287825958364123e-06,4.346813960434598486e-06,4.659500052110227578e-06,4.872181608850565822e-06,4.979517482606955886e-06,4.979087375889812292e-06,4.871689288566356280e-06,4.661999323873467769e-06,4.360007580669868111e-06,3.983122266276784231e-06,3.550399457649988484e-06,3.155060816237563339e-06,2.775407942233218181e-06,2.406319389073225652e-06,2.048288415186310774e-06,1.704701779305180207e-06,1.381917740232495334e-06,1.092531984112647230e-06,8.205332914810585746e-07,5.933515379603438992e-07,4.613440753314778595e-07,4.714391767750820713e-07,5.784828357045976235e-07,7.058681856235736790e-07,8.139258559243948308e-07,8.858453663122141009e-07,9.142732384824125673e-07,8.965828730720281264e-07,8.333669593331251779e-07,7.282335087085054435e-07,5.888431875065981676e-07,4.339255795299342243e-07,3.114675908204194518e-07,3.341008326532678685e-07,5.114785044628872509e-07,7.501846221974307232e-07,1.007337044357688239e-06,1.265476968421171555e-06,1.508767017032919679e-06,1.725912886427415381e-06,1.907169452145149122e-06,2.044663922754160317e-06,2.132258020630275602e-06,2.165524575119091725e-06,2.141820680161491943e-06,2.060425255986260627e-06,1.922758530917646016e-06,1.732769236680344227e-06,1.497643011683886275e-06,1.228646097746444619e-06,9.378953741599763618e-07,6.503309088713642191e-07,3.604745491177807605e-07,6.727759002348271492e-08,2.309610031826567096e-07,5.327751078435928509e-07,8.404284309068192174e-07,1.159628857721843646e-06,1.468586204916552691e-06,1.759735098805964461e-06,2.025671997474891031e-06,2.260369992031756093e-06,2.458846191785212272e-06,2.617031310781434021e-06,2.731805840370491628e-06,2.801088778551461977e-06,2.823929385845635291e-06,2.800598374845738418e-06,2.732707183581731232e-06,2.623359415266540942e-06,2.476765803562664384e-06,2.304176791045651353e-06,2.108623785468497110e-06,1.894957685332549571e-06,1.668950228279846456e-06,1.437027437534865590e-06,1.206270596254771052e-06,9.848075759681191988e-07,7.783453598308596252e-07,5.978694477301464754e-07,4.579646761325592543e-07,3.756442449000861514e-07,3.558176670207962206e-07,3.758091751571885626e-07,4.038796361090485475e-07,4.195433769767496118e-07,4.133676339603111018e-07,3.825386732927813720e-07,3.289273644468722836e-07,2.605145427172763473e-07,2.004868224770020019e-07,2.023091322525971538e-07,2.894851681781297335e-07,4.226805584165955093e-07,5.741260377209563718e-07,7.307884090853088640e-07,8.846016279499996943e-07,1.029624125837584942e-06,1.158031647727059723e-06,1.264237873150711471e-06,1.343492051843267248e-06,1.392146600554438581e-06,1.407636044371648166e-06,1.388464751228291323e-06,1.373236678161675614e-06,1.361161073810373489e-06,1.351588624790365311e-06,1.343984749261022748e-06,1.337908860133865181e-06,1.332997917204349821e-06,1.328953188628371096e-06,1.325529478528078930e-06,1.322526285308844513e-06,1.319780493265734265e-06,1.317160296187778984e-06,1.314560120771820497e-06,1.311896368439293993e-06,1.309103832106321078e-06,1.306132673238576695e-06,1.302945866628403357e-06,1.299517037514207951e-06,1.295828629167516151e-06,1.291870349799288647e-06,1.287637856238901897e-06,1.283131638799071231e-06,1.278356820646931550e-06,1.273325335372862473e-06,1.268055992819964110e-06,1.262573892706916908e-06,1.256909935806451518e-06,1.251100440452000373e-06,1.245186866547164393e-06,1.239215642867473251e-06,1.233238086713263776e-06,1.227310398410260525e-06,1.221493707203826847e-06,1.215854140025183303e-06,1.210462880433396814e-06,1.205396181411547843e-06,1.200735291813987236e-06,1.196566250737533057e-06,1.192979494825570400e-06,1.190069207582575970e-06,1.187932313355874642e-06,1.186666977120664042e-06,1.186370409695948001e-06,1.187135692750697261e-06,1.189047229393676856e-06,1.192174305182400353e-06,1.196562143548155791e-06,1.202219830971648693e-06,1.209104707038800484e-06,1.217103488497910437e-06,1.226011845272013276e-06,1.235516725358261552e-06,1.245189619063527778e-06,1.254503729103171251e-06,1.262891931035188572e-06,1.269861824232533959e-06,1.275174097879966053e-06,1.279067813374390666e-06,1.282485903796653763e-06,1.287232459052761516e-06
1.297801673215096733e-06,1.315442866778003785e-06,1.340417022578752869e-06,1.372201901256708772e-06,1.409443052994037745e-06,1.450449572341733699e-06,1.493522557069017893e-06,1.537164693168161463e-06,1.580195619576495936e-06,1.621791479626596418e-06,1.661469263717690474e-06,1.699037424312714160e-06,1.734531404037630146e-06,1.768147709943639187e-06,1.800184901323691001e-06,1.830995477549478030e-06,1.860949568449804001e-06,1.890409491497946058e-06,1.919713374081958947e-06,1.949165819697705807e-06,1.979033741726317966e-06,2.009545794596961168e-06,2.040894174600700579e-06,2.073237876290635294e-06,2.106706749161205096e-06,2.141405899018277974e-06,2.177420125485717229e-06,2.214818191509492414e-06,2.253656792801814604e-06,2.293984143891776350e-06,2.335843130005735798e-06,2.379273995811360190e-06,2.424316556992588935e-06,2.471011931264896332e-06,2.519403793355814893e-06,2.569539164435996131e-06,2.621468750657165588e-06,2.675246847546163484e-06,2.730930826393353831e-06,2.788580214598460417e-06,2.848255373211153574e-06,2.910015760675725278e-06,2.973917778202339578e-06,3.040012610855340131e-06,3.108344190269414027e-06,3.178946738534524052e-06,3.251841733010808161e-06,3.327034165255052448e-06,3.404507942618617790e-06,3.484220254081759454e-06,3.566094694268815289e-06,3.650012915026358968e-06,3.735804559498964241e-06,3.823235242120436042e-06,3.911992391826104474e-06,4.001668913507846590e-06,4.091744908751541834e-06,4.181568238409556625e-06,4.270335687440290241e-06,4.357078236009791280e-06,4.440657176112723337e-06,4.394947268099501801e-06,4.220000919877000008e-06,3.919828941719674759e-06,3.503076932026597827e-06,2.985725977210234166e-06,2.403647785027329696e-06,1.841931239227243294e-06,1.297014056671416535e-06,7.622403478573162611e-07,2.439088807338232669e-07,3.362023442133081340e-07,8.703211945126199629e-07,1.426151913487365976e-06,2.005225173254297532e-06,2.610937805594299158e-06,3.173024778918771385e-06,3.665416304939371763e-06,4.074361695021528160e-06,4.389761175988270790e-06,4.603740544202081068e-06,4.710576232257112214e-06,4.706809881067207972e-06,4.591371673355231899e-06,4.365961779938435162e-06,4.037214366484312144e-06,3.628520904733340889e-06,3.240002861584454855e-06,2.874355396802261690e-06,2.525704764946227005e-06,2.190882172105219894e-06,1.869645918513347049e-06,1.564008723890306127e-06,1.277994341171346713e-06,1.017601193735211250e-06,7.883668866346390035e-07,5.871178835335269184e-07,4.493025136494250214e-07,4.172860525196365799e-07,4.781755334305367950e-07,5.704337942088641949e-07,6.514650271870592947e-07,7.017672117999532259e-07,7.129445597570379706e-07,6.823124994681683836e-07,6.114131681643365655e-07,5.071601763360513747e-07,3.894659417137859289e-07,3.098672981046502857e-07,3.592301854289770344e-07,5.335323192596310386e-07,7.660342306706812463e-07,1.022542941048874407e-06,1.286426877767533041e-06,1.546554685340527140e-06,1.793518502302304207e-06,2.012388224389165104e-06,2.192795249143562786e-06,2.327021360419529382e-06,2.409046987839963628e-06,2.434434443688286736e-06,2.400395198212031907e-06,2.305909972036593078e-06,2.151910686368610214e-06,1.941686071820218379e-06,1.682262276167192791e-06,1.390339260457207801e-06,1.103117297827480921e-06,8.195495610170080499e-07,5.371976933132696450e-07,2.545583894324035470e-07,3.558028949664172904e-08,3.186952401465328946e-07,6.103822688722293835e-07,9.090966608422269503e-07,1.215440782535683079e-06,1.505040983136253192e-06,1.769458793790485113e-06,2.003497748285411402e-06,2.202801760195706893e-06,2.363624755943614002e-06,2.482961041956724784e-06,2.558692898577131009e-06,2.589697452019699899e-06,2.575925743328549761e-06,2.518563689447037953e-06,2.420835158972961364e-06,2.293104365611111578e-06,2.139569376886341311e-06,1.964317125750886399e-06,1.772158728188505435e-06,1.568588215911651426e-06,1.359670080904198325e-06,1.151984379709954772e-06,9.526316801579840662e-07,7.690488824529564159e-07,6.079324323255537773e-07,4.800134715011059749e-07,3.958771923970718405e-07,3.580932943065636536e-07,3.531549252079001944e-07,3.588993513925903404e-07,3.579966312058674512e-07,3.417105983439270404e-07,3.086241628852766734e-07,2.649751254312200055e-07,2.297037391788152027e-07,2.377664656055552681e-07,3.080034535673181412e-07,4.229713100935941453e-07,5.617722711952677359e-07,7.114391930587635005e-07,8.633183159235963675e-07,1.010656191533966736e-06,1.147706072711438686e-06,1.269210481642509502e-06,1.367490689172858496e-06,1.437618398533753832e-06,1.476157969001645834e-06,1.480769667687581378e-06,1.450155488664665272e-06,1.424826637250340228e-06,1.403851188720692884e-06,1.386449352335517012e-06,1.371967855923994914e-06,1.359859182007850142e-06,1.349664538547529165e-06,1.340999786653327334e-06,1.333543743459347014e-06,1.327028411267702432e-06,1.321230780964560043e-06,1.315965930658137245e-06,1.311081196361891236e-06,1.306451234832758991e-06,1.301973832514862130e-06,1.297566341207782535e-06,1.293162642254432785e-06,1.288710557981344115e-06,1.284169642769378147e-06,1.279509297202143081e-06,1.274707157779549059e-06,1.269747722114169235e-06,1.264621924858957737e-06,1.259329134438593207e-06,1.253877038305495248e-06,1.248280885078012779e-06,1.242562838023587381e-06,1.236751446928627007e-06,1.230881240370536753e-06,1.224992434606932777e-06,1.219130749006824070e-06,1.213347311635776454e-06,1.207698632740400402e-06,1.202246618801424057e-06,1.197058595655055880e-06,1.192207305701819231e-06,1.187770840760874427e-06,1.183832467426376833e-06,1.180480293832536982e-06,1.177806712608981505e-06,1.175907530513407673e-06,1.174880655669817127e-06,1.174824152630230319e-06,1.175833388056072545e-06,1.177996873281675062e-06,1.181390271185858930e-06,1.186067901133371149e-06,1.192051014624304743e-06,1.199312260672673230e-06,1.207756347068195304e-06,1.217198276429962672e-06,1.227343099414855822e-06,1.237775146636247612e-06,1.247969847449671102e-06,1.257345862615859171e-06,1.265375665121399214e-06,1.271763559452687541e-06,1.276677580346165614e-06,1.280989667683594546e-06,1.286453127922861874e-06
1.297697679776143732e-06,1.315752538553182985e-06,1.341011627284691044e-06,1.373040731407635952e-06,1.410530047604472281e-06,1.451809144983911718e-06,1.495189364252272093e-06,1.539179801999571420e-06,1.582603653403856746e-06,1.624636760058559008e-06,1.664791450585201126e-06,1.702867956726843682e-06,1.738891669530381268e-06,1.773049125017956689e-06,1.805630509743094536e-06,1.836982428316319950e-06,1.867471862612100005e-06,1.897460554150451577e-06,1.927288204035447209e-06,1.957262631596527565e-06,1.987655123080838696e-06,2.018699457195360824e-06,2.050593399832334162e-06,2.083501751609601288e-06,2.117560279684959834e-06,2.152880061608187181e-06,2.189551916794922029e-06,2.227650708291226226e-06,2.267239372721381714e-06,2.308372587908064613e-06,2.351100022500990451e-06,2.395469135404990733e-06,2.441527508794423822e-06,2.489324709742449566e-06,2.538913683676078545e-06,2.590351688881186467e-06,2.643700785385970446e-06,2.699027893516882138e-06,2.756404436635256483e-06,2.815905578112995592e-06,2.877609053358462123e-06,2.941593582417378173e-06,3.007936870363786412e-06,3.076713655773002053e-06,3.147993834912129598e-06,3.221840114980132998e-06,3.298305021887599198e-06,3.377427094420416203e-06,3.459226053182051748e-06,3.543696678736943302e-06,3.630801067028642194e-06,3.720458849809103564e-06,3.812534872667760752e-06,3.906823714178445979e-06,4.003030310609225574e-06,4.100745829818971262e-06,4.199417827142335792e-06,4.298313619756943746e-06,4.396475685048926273e-06,4.492667452679805221e-06,4.585306051915696817e-06,4.543467691742065661e-06,4.365878867354320329e-06,4.054389070920796009e-06,3.612969131657862018e-06,3.043804268724830447e-06,2.485119188210971211e-06,1.944390611929152264e-06,1.419866706351345968e-06,9.071239892016982947e-07,4.063690771793045322e-07,1.725218783834512283e-07,6.521734509335597092e-07,1.176204862996830425e-06,1.720685508567128840e-06,2.286620065353325071e-06,2.869971249841922633e-06,3.369402822069514461e-06,3.781339004255981129e-06,4.098441905958483299e-06,4.313418709426211802e-06,4.420208222033434947e-06,4.414288168845086137e-06,4.292371063760901064e-06,4.050971809702728564e-06,3.681359125092738971e-06,3.313785606442969033e-06,2.960517227539000723e-06,2.624619252570334593e-06,2.304713922061852075e-06,1.999398608854035689e-06,1.708541666687725723e-06,1.433430828405868891e-06,1.176679499409994395e-06,9.421011062705072118e-07,7.346286107235431087e-07,5.628000149205329424e-07,4.309063385341436775e-07,3.756176785973392468e-07,4.005328691107000381e-07,4.617049485651734306e-07,5.180469449610353121e-07,5.486377180869210935e-07,5.447187167215069767e-07,5.045706641099879670e-07,4.331230338655011182e-07,3.501907764090283426e-07,3.049047357405771130e-07,3.682534375518660054e-07,5.352661869858287552e-07,7.586704327709178606e-07,1.010997578786412535e-06,1.277171587550909574e-06,1.546387862553951228e-06,1.809389203021548411e-06,2.057432055346489743e-06,2.281580509874842117e-06,2.463425898898354805e-06,2.596427371657593720e-06,2.674898950706002603e-06,2.694413388901446614e-06,2.651975075945306646e-06,2.546102083367048705e-06,2.376799734118632406e-06,2.145219933365087727e-06,1.852093537739360424e-06,1.560835194214266436e-06,1.275417916721246946e-06,9.955722036435361516e-07,7.196624351579161297e-07,4.460956188379017108e-07,1.742854872624291192e-07,1.064672649780449505e-07,3.801025966653844182e-07,6.602000140084363359e-07,9.451793396772272811e-07,1.233469995238631656e-06,1.494098374162001877e-06,1.725233002627349322e-06,1.923493847659394086e-06,2.085432451941735523e-06,2.208094711817244133e-06,2.289280738952474626e-06,2.327650996419209603e-06,2.322681703742075428e-06,2.274303265686755959e-06,2.193150092687491152e-06,2.083162688689890532e-06,1.948333010242375239e-06,1.792907351642747346e-06,1.621641888693785815e-06,1.439830166623295881e-06,1.253248617710170834e-06,1.068100240470708715e-06,8.909804953494239579e-07,7.288509600499572687e-07,5.891206234617359309e-07,4.777361379635895557e-07,4.017433527409001748e-07,3.610031322834074261e-07,3.448930021156310590e-07,3.375595338012199128e-07,3.264300025131002128e-07,3.059899460696789072e-07,2.787664712304885812e-07,2.573660448508304381e-07,2.654921225199402676e-07,3.205590912828695557e-07,4.179551058749138273e-07,5.433082050709109111e-07,6.845962857299457295e-07,8.329615562008425185e-07,9.813252513117164277e-07,1.123577066154911054e-06,1.254223613191850627e-06,1.368181599572947422e-06,1.460590812292205997e-06,1.522994799955383018e-06,1.552640794102632580e-06,1.547523149633269801e-06,1.506571543118223891e-06,1.472067415190132551e-06,1.442968891455056920e-06,1.418390327914622371e-06,1.397579711654750283e-06,1.379898987568116373e-06,1.364807210677670768e-06,1.351846198376222175e-06,1.340628330711809840e-06,1.330826176264155600e-06,1.322163663260583150e-06,1.314408557208112907e-06,1.307366043616522174e-06,1.300873246541539977e-06,1.294794540894821243e-06,1.289017539283926348e-06,1.283449653174104320e-06,1.278015143995496503e-06,1.272652592985810914e-06,1.267312729518753930e-06,1.261956566809921194e-06,1.256553801535979986e-06,1.251082196365116704e-06,1.245529422980008628e-06,1.239892786234756520e-06,1.234178311551740075e-06,1.228399955875228249e-06,1.222578948406437988e-06,1.216743262931437824e-06,1.210927218370209485e-06,1.205171198357747796e-06,1.199521474637720608e-06,1.194030113297304533e-06,1.188754937812343840e-06,1.183759518723860280e-06,1.179113156438068012e-06,1.174890820600226516e-06,1.171173005611497774e-06,1.168045455231728849e-06,1.165598696936767025e-06,1.163927304645993629e-06,1.163128771079702626e-06,1.163301811532739095e-06,1.164543832002120760e-06,1.166947171201328838e-06,1.170593570770224881e-06,1.175546163245771340e-06,1.181838155292788669e-06,1.189457456882512452e-06,1.198327004360230138e-06,1.208281812833627618e-06,1.219046322370817683e-06,1.230219716463980550e-06,1.241282368981698555e-06,1.251641866367304875e-06,1.260738474435450184e-06,1.268221839898491586e-06,1.274188490130289739e-06,1.279436130890085267e-06,1.285661621240327007e-06
1.297627370323279067e-06,1.316125328678753295e-06,1.341678202433531073e-06,1.373940693381555526e-06,1.411649268620196845e-06,1.453156331013511872e-06,1.496786564659851134e-06,1.541059003339431930e-06,1.584803891977448158e-06,1.627199850573367558e-06,1.667756996683129751e-06,1.706269095868586856e-06,1.742752583554930364e-06,1.777384560254971339e-06,1.810446938655456831e-06,1.842280215460987136e-06,1.873247809713388739e-06,1.903710359196743384e-06,1.934008564175197513e-06,1.964452884221536145e-06,1.995318431077920495e-06,2.026843605510630752e-06,2.059231294245962201e-06,2.092651711243323079e-06,2.127246203699923373e-06,2.163131535441916389e-06,2.200404308497695907e-06,2.239145293087896352e-06,2.279423514437592574e-06,2.321299999178128286e-06,2.364831121196671651e-06,2.410071511885304129e-06,2.457076516822904040e-06,2.505904192808655974e-06,2.556616847679311560e-06,2.609282131494926675e-06,2.663973691830291123e-06,2.720771407901277360e-06,2.779761217501111758e-06,2.841034546274228342e-06,2.904687339455752676e-06,2.970818680343354121e-06,3.039529014242940779e-06,3.110918479436277820e-06,3.185085295954840681e-06,3.262123661585841692e-06,3.342120970725929037e-06,3.425154155299063272e-06,3.511284886479198059e-06,3.600553296860366810e-06,3.692969779249204511e-06,3.788504282962172986e-06,3.887072351771134338e-06,3.988516917093240828e-06,4.092584559730242348e-06,4.198894562354170851e-06,4.306898562760507557e-06,4.415827932976325147e-06,4.524625039676464799e-06,4.631852993747368211e-06,4.735575533812746006e-06,4.700063688136065360e-06,4.522982382606176142e-06,4.204971630908116069e-06,3.749128799752421689e-06,3.160147043497020833e-06,2.604893868124457969e-06,2.074991901186900984e-06,1.564387146837517132e-06,1.067699304214158492e-06,5.823925144756215761e-07,1.552616658422481971e-07,4.426093696990546551e-07,9.369989716054149584e-07,1.455268757171043399e-06,1.997452501152856733e-06,2.570904027156270507e-06,3.066790745364940973e-06,3.477411010463573792e-06,3.794557186489236458e-06,4.010525567967455694e-06,4.118776235542666627e-06,4.114152804846306019e-06,3.992675020695555851e-06,3.750820525431144393e-06,3.384352175633634003e-06,3.039653549152115094e-06,2.712864741962514667e-06,2.402733131956613492e-06,2.107970392578825617e-06,1.827689864584413095e-06,1.561856279803133280e-06,1.311428854890252707e-06,1.078380667977266152e-06,8.658114707076083932e-07,6.785877722915647892e-07,5.257091748050229009e-07,4.021463210447201960e-07,3.365964891685542152e-07,3.379863397460052418e-07,3.753049891262611377e-07,4.115031244964514652e-07,4.260192210415945908e-07,4.111469606577191341e-07,3.686739616486851483e-07,3.137834034909577704e-07,2.905939294942918685e-07,3.563755235285591250e-07,5.118124287641833790e-07,7.231666552804810627e-07,9.678740468837970987e-07,1.232400480582210735e-06,1.506598716127084700e-06,1.781568703259062583e-06,2.048962568043252411e-06,2.300790206512134652e-06,2.529551438218142448e-06,2.714017273110847450e-06,2.847592064903339112e-06,2.924638941228415602e-06,2.940670343293599573e-06,2.892472890662406831e-06,2.778162433727474592e-06,2.597153580596238405e-06,2.349993970947649757e-06,2.038031193133790739e-06,1.740646888757568851e-06,1.454553086399904672e-06,1.177391594338414804e-06,9.069701766822972989e-07,6.413706567143164130e-07,3.791866732734032277e-07,1.225169283774748477e-07,1.537884095487096126e-07,4.143563786376089243e-07,6.815914004643993661e-07,9.554584843299449164e-07,1.206683849085937834e-06,1.431723532182217975e-06,1.626766403904769918e-06,1.788188299966764969e-06,1.912907616185927996e-06,1.998598320200936607e-06,2.043788685624472665e-06,2.047860747205724747e-06,2.010966977117076318e-06,1.944405139773742655e-06,1.850838450399545717e-06,1.733780010564743059e-06,1.597316870878135720e-06,1.446068689613264811e-06,1.285150960579292799e-06,1.120122666032058434e-06,9.569408318868249552e-07,8.019407820768330062e-07,6.618376742772801881e-07,5.436624953413833783e-07,4.514059417092204585e-07,3.892354431695809690e-07,3.545065301268288124e-07,3.372736906377717572e-07,3.255070182873208716e-07,3.110645424808486326e-07,2.926777529650379733e-07,2.775397915456592783e-07,2.814221512680866248e-07,3.218059397353667213e-07,4.020034550456353420e-07,5.133718830364338502e-07,6.452919701963061084e-07,7.889221889110532812e-07,9.369964372079047450e-07,1.083203440631069876e-06,1.221847109155277015e-06,1.347718108012931936e-06,1.456077550088898443e-06,1.542770042431799434e-06,1.598391267232116460e-06,1.620282399621041772e-06,1.606630034621609209e-06,1.556552828024637052e-06,1.513908723491786914e-06,1.477569515710251423e-06,1.446565371872250924e-06,1.420064435830784545e-06,1.397354347743561780e-06,1.377825892544631251e-06,1.360958709317331372e-06,1.346308888504358548e-06,1.333498251676138258e-06,1.322205107845626043e-06,1.312156293421980450e-06,1.303120321644908636e-06,1.294901487650468022e-06,1.287334795102322484e-06,1.280281588564532177e-06,1.273625792076732647e-06,1.267270668638996394e-06,1.261136027618664622e-06,1.255155817636270389e-06,1.249276051483300796e-06,1.243453017281684585e-06,1.237652500388692710e-06,1.231851502177810273e-06,1.226037824777888993e-06,1.220209022536405522e-06,1.214371487521424782e-06,1.208539674398609976e-06,1.202735466253305890e-06,1.196987678387923641e-06,1.191331691808160283e-06,1.185809202394381365e-06,1.180468066147391522e-06,1.175362215879992533e-06,1.170551620614545601e-06,1.166102255773200652e-06,1.162086049617035510e-06,1.158580768315243345e-06,1.155669796714631453e-06,1.153441761477103185e-06,1.151989923530571187e-06,1.151411231842529144e-06,1.151804872720688687e-06,1.153270059324257294e-06,1.155902676985404448e-06,1.159790230022646086e-06,1.165004341995033148e-06,1.171589900354091250e-06,1.179549937259854548e-06,1.188825743225245809e-06,1.199272903516481477e-06,1.210636422586661462e-06,1.222532278192373181e-06,1.234448513436785349e-06,1.245784902690102170e-06,1.255952681096730637e-06,1.264548938606564519e-06,1.271598628228626399e-06,1.277822306847355340e-06,1.284854835959963969e-06
1.297588273886043470e-06,1.316559706382838746e-06,1.342415960265624167e-06,1.374901429804684640e-06,1.412800579884376229e-06,1.454491160862402700e-06,1.498314381770192538e-06,1.542802700782973670e-06,1.586796776097610117e-06,1.629480932460452930e-06,1.670365408945899069e-06,1.709239206807133887e-06,1.746110914570882938e-06,1.781148792437221199e-06,1.814626660337189944e-06,1.846878777336968171e-06,1.878264654847643215e-06,1.909143348529493189e-06,1.939856010143300332e-06,1.970715169918580873e-06,2.001999206063768808e-06,2.033950613453326765e-06,2.066776914301501971e-06,2.100653298312401268e-06,2.135726303732880392e-06,2.172118038448170983e-06,2.209930588304014741e-06,2.249250371321567029e-06,2.290152277378951639e-06,2.332703489932208437e-06,2.376966925617636571e-06,2.423004254292111492e-06,2.470878480253018693e-06,2.520656077956476887e-06,2.572408684472149593e-06,2.626214357310861765e-06,2.682158410606017379e-06,2.740333844842837377e-06,2.800841384869737794e-06,2.863789136837807897e-06,2.929291865645303246e-06,2.997469878678532995e-06,3.068447546549075578e-06,3.142351999492221244e-06,3.219311897042057825e-06,3.299455721305917935e-06,3.382909407627075612e-06,3.469793093426752609e-06,3.560216692922494911e-06,3.654273906941230528e-06,3.752034143912080533e-06,3.853531647493379496e-06,3.958750880318693412e-06,4.067606877252175353e-06,4.179918821105101517e-06,4.295374462619103470e-06,4.413482144686671604e-06,4.533506029187165102e-06,4.654378609874906765e-06,4.774582772958348925e-06,4.891993943700156239e-06,4.866147260476208489e-06,4.693919026072755313e-06,4.375241826160144232e-06,3.913120351845755290e-06,3.314127496207653052e-06,2.758272905514796759e-06,2.233554175960871201e-06,1.731468130167567124e-06,1.245487815122679308e-06,7.714738853177136641e-07,3.186305925310573302e-07,2.534226461849015933e-07,7.063286434761222490e-07,1.202058174366548636e-06,1.723712314473443664e-06,2.278249551065301920e-06,2.764115211176191479e-06,3.169958087679133057e-06,3.485859179791597388e-06,3.703238339989505817e-06,3.815031505296992770e-06,3.815796001982473683e-06,3.701686747128859500e-06,3.470415434206398348e-06,3.121647875824601422e-06,2.798066197657643193e-06,2.493718829508940546e-06,2.205674435920231441e-06,1.932303518622030465e-06,1.672824780795032531e-06,1.427261374989892616e-06,1.196454727850059705e-06,9.821072312876464184e-07,7.869849106597432095e-07,6.155938248953081309e-07,4.758123029580273071e-07,3.602126887195218555e-07,2.923724790811262312e-07,2.820711141107397127e-07,3.047513290892799487e-07,3.270309262387775372e-07,3.303218078395962622e-07,3.101362075182705571e-07,2.762857844666459624e-07,2.623506752837894191e-07,3.202918572040360271e-07,4.596681914346742683e-07,6.558862740076778397e-07,8.895799134803608590e-07,1.148509340847157984e-06,1.423270939997167132e-06,1.705439649526725480e-06,1.986963244927440793e-06,2.260024968840947339e-06,2.517105274197869729e-06,2.751181889213513573e-06,2.939502418875764372e-06,3.075419974346954494e-06,3.153290754177490325e-06,3.168554230073977977e-06,3.117806088248889290e-06,2.998838160919149677e-06,2.810653297055511926e-06,2.553510810957660347e-06,2.229172618680008389e-06,1.926075107082969932e-06,1.638908741858157390e-06,1.363978779440476383e-06,1.098448328455074290e-06,8.400482340036329849e-07,5.870211812171408342e-07,3.385431540485592529e-07,1.031932533993895417e-07,1.758113618784009309e-07,4.207490090399539724e-07,6.747423758732238991e-07,9.125778510835720521e-07,1.128761708813184987e-06,1.318574286190113651e-06,1.477919003252035790e-06,1.603443355919415735e-06,1.692655063323352977e-06,1.743990734121152185e-06,1.756841593991432856e-06,1.731571101150297483e-06,1.678545201981271008e-06,1.600171780522017366e-06,1.499705091765989636e-06,1.381059416723152426e-06,1.248710722565586069e-06,1.107630824833239860e-06,9.632372219468142414e-07,8.213653083565157726e-07,6.882647910149089566e-07,5.705600454348400331e-07,4.748934489583775987e-07,4.041119830616856809e-07,3.596040212351368146e-07,3.360242929428084108e-07,3.233217850974291468e-07,3.122388279749110221e-07,2.985805353187847136e-07,2.853177747611646001e-07,2.834754070887405280e-07,3.086019458813587045e-07,3.709883403931420597e-07,4.674427596456092120e-07,5.889840247838384225e-07,7.267953080514145787e-07,8.734069365467131143e-07,1.022336653170623580e-06,1.167727154296917541e-06,1.304181291800881874e-06,1.426732241272194032e-06,1.530894871578975984e-06,1.612783509423757074e-06,1.662663628086987497e-06,1.677965666575078022e-06,1.657024251354307489e-06,1.599117981585188987e-06,1.549455026692728388e-06,1.506841204157766966e-06,1.470241988138181964e-06,1.438763407383515579e-06,1.411634546252346912e-06,1.388191748088505235e-06,1.367864538285638745e-06,1.350163203474929931e-06,1.334667910220137049e-06,1.321019219782201977e-06,1.308909847416531112e-06,1.298077518250691772e-06,1.288298781850902128e-06,1.279383660658060956e-06,1.271171021417670905e-06,1.263524572314107176e-06,1.256329401110047975e-06,1.249488980911801010e-06,1.242922580168079663e-06,1.236563022215949839e-06,1.230354747221885327e-06,1.224252908169433411e-06,1.218224996493083584e-06,1.212250310778563865e-06,1.206318792731293072e-06,1.200430005826378765e-06,1.194592261030604096e-06,1.188821890893896687e-06,1.183142669430503264e-06,1.177585370417380393e-06,1.172187451361378647e-06,1.166992844953781640e-06,1.162051834879308332e-06,1.157420988787248761e-06,1.153163118214988468e-06,1.149347233020933228e-06,1.146048455589344378e-06,1.143347856048696436e-06,1.141332161212253401e-06,1.140093272619927159e-06,1.139727496735503138e-06,1.140334334634700786e-06,1.142014589099717924e-06,1.144867413545201749e-06,1.148985744462226184e-06,1.154449338755573663e-06,1.161314429925639444e-06,1.169598946887739424e-06,1.179262549865725556e-06,1.190181828186853133e-06,1.202123406880458443e-06,1.214721914247563453e-06,1.227475773161494239e-06,1.239780304447913874e-06,1.251021123262695449e-06,1.260745227222596136e-06,1.268906351792353685e-06,1.276145346542791743e-06,1.284029675866853601e-06
1.297577810463936515e-06,1.317053952982500508e-06,1.343223874312452988e-06,1.375922317581671702e-06,1.413983584514467580e-06,1.455813448811222272e-06,1.499772906864837364e-06,1.544411282488291454e-06,1.588582872133851366e-06,1.631480469994473592e-06,1.672616644629292018e-06,1.711777276892996778e-06,1.748964225660029711e-06,1.784337562508690612e-06,1.818163275888110543e-06,1.850769339907963183e-06,1.882511083561392101e-06,1.913745552006593363e-06,1.944813828749206331e-06,1.976029952257095706e-06,2.007674997621865013e-06,2.039995001036699318e-06,2.073201598864952335e-06,2.107474474296714888e-06,2.142964916059844001e-06,2.179799976444977949e-06,2.218086863485052022e-06,2.257917315352006815e-06,2.299371788452126391e-06,2.342523350187083972e-06,2.387441208709724444e-06,2.434193840305676847e-06,2.482851694329385575e-06,2.533489468936875071e-06,2.586187960262864668e-06,2.641035494449527588e-06,2.698128956632336411e-06,2.757574433642011140e-06,2.819487487315242257e-06,2.883993071986076160e-06,2.951225101551930593e-06,3.021325656568615422e-06,3.094443874910148851e-06,3.170735098108928895e-06,3.250360143214128856e-06,3.333484158100894605e-06,3.420274883105082211e-06,3.510900100006616668e-06,3.605523970388246826e-06,3.704301856804865324e-06,3.807373070239553727e-06,3.914850779193251261e-06,4.026808025336284706e-06,4.143258383224363902e-06,4.264129227355803604e-06,4.389224758640962185e-06,4.518174799935567328e-06,4.650363785656024270e-06,4.784832263830366888e-06,4.920140727809461690e-06,5.054183581698016431e-06,5.041857680852752715e-06,4.879399476056428947e-06,4.566022560551398631e-06,4.104064674751732197e-06,3.499805839845905590e-06,2.942923875261403809e-06,2.420285505615553430e-06,1.922512075628634486e-06,1.442539795073408742e-06,9.753984889774857954e-07,5.220287408909587047e-07,1.769987997038571891e-07,4.854804334137491375e-07,9.568790953419058836e-07,1.458830422350888841e-06,1.991959654261221698e-06,2.465029523155626377e-06,2.864365131643028753e-06,3.178577596738752477e-06,3.398228345160457410e-06,3.515802467348030193e-06,3.525737683797440840e-06,3.424467270678984213e-06,3.210600930070101719e-06,2.885586163288221434e-06,2.583788855356097369e-06,2.299875633896488460e-06,2.030919521131569509e-06,1.775398851271633239e-06,1.532710202407743565e-06,1.303002834292214897e-06,1.087135241010235732e-06,8.867070713487144049e-07,7.042514243731418894e-07,5.438131845530029888e-07,4.122387532322785831e-07,3.029269623942128041e-07,2.376349791287738631e-07,2.261897753213250391e-07,2.439663043720249370e-07,2.587175148456338721e-07,2.550245219691434984e-07,2.342719322064796199e-07,2.198109269665738650e-07,2.594040156957499110e-07,3.771745951647807051e-07,5.548504986439567736e-07,7.741339469353263164e-07,1.023563253543739496e-06,1.294457109721743864e-06,1.578963985328353541e-06,1.869432460291853733e-06,2.158269383125945065e-06,2.437987489084826570e-06,2.701353011281989123e-06,2.941608008327181049e-06,3.135006810316780139e-06,3.275003100089461720e-06,3.356010040834348767e-06,3.373440536218726614e-06,3.323749540083139850e-06,3.204448533395362319e-06,3.014109041901332997e-06,2.752447699586607610e-06,2.420717835483164926e-06,2.114288364528509976e-06,1.826982660884237208e-06,1.554499793492581522e-06,1.293648386623621829e-06,1.041947939815897787e-06,7.974797434013038673e-07,5.589424327315538042e-07,3.265296557116968475e-07,1.152550036589621784e-07,1.730815915046373877e-07,3.966152497271611472e-07,6.173466119271279534e-07,8.223359231447165562e-07,1.005167087867143483e-06,1.160995704103990513e-06,1.286081712191491070e-06,1.377728398640522769e-06,1.434281836626396474e-06,1.455136757445665413e-06,1.440751818262221665e-06,1.400120798443191358e-06,1.335606024743709549e-06,1.250344419999622333e-06,1.148135080496484818e-06,1.033353944692318924e-06,9.108969928033483129e-07,7.861552830817978478e-07,6.650300647951866831e-07,5.539664584897632307e-07,4.598333595491850520e-07,3.890594660932017744e-07,3.431324425509567035e-07,3.195941522210019521e-07,3.097168189987757712e-07,3.033776465231343161e-07,2.940700405386494518e-07,2.814009307735491901e-07,2.725099423800421877e-07,2.818159310260050513e-07,3.237243515985091364e-07,4.028089174820221318e-07,5.122403389228915718e-07,6.429151252341782860e-07,7.868631749185831626e-07,9.373120082934114172e-07,1.088233918477166081e-06,1.234074713308846883e-06,1.369661775947127814e-06,1.490217678598424020e-06,1.591436562515558235e-06,1.669602221521140599e-06,1.714858837620950067e-06,1.724775922065265894e-06,1.697835965815971815e-06,1.633462900223916338e-06,1.577967425495424135e-06,1.530109023968539173e-06,1.488806697836229344e-06,1.453121120164921621e-06,1.422238018897572193e-06,1.395452909443291499e-06,1.372157280167139512e-06,1.351826251814452839e-06,1.334007659244412625e-06,1.318312457772851201e-06,1.304406333446686799e-06,1.292002389585318572e-06,1.280854784746354162e-06,1.270753205483419437e-06,1.261518067982235405e-06,1.252996354130180724e-06,1.245057998790530817e-06,1.237592755492299673e-06,1.230507477180054037e-06,1.223723757035876211e-06,1.217175881722022569e-06,1.210809837338435526e-06,1.204584873941138042e-06,1.198472882771558218e-06,1.192457138360778404e-06,1.186531190049141940e-06,1.180697906321891160e-06,1.174968672960498773e-06,1.169362742806851958e-06,1.163906730686858852e-06,1.158634242030620587e-06,1.153585618495355860e-06,1.148807779036592318e-06,1.144354130879502526e-06,1.140284521979333967e-06,1.136665204704004704e-06,1.133568778922192159e-06,1.131074079907894332e-06,1.129265969784741339e-06,1.128234976330869793e-06,1.128076693414798912e-06,1.128890804098982785e-06,1.130779498909462661e-06,1.133844925206932126e-06,1.138185110064402826e-06,1.143887554868108956e-06,1.151019448948768489e-06,1.159613310426192550e-06,1.169647077559568791e-06,1.181018653190001356e-06,1.193517214045723118e-06,1.206797796505987074e-06,1.220371878168447164e-06,1.233633754432873833e-06,1.245947039994242260e-06,1.256811454250944333e-06,1.266110302840040621e-06,1.274402554359916135e-06,1.283183064649734652e-06
1.297593297965861515e-06,1.317606163988199149e-06,1.344100680068265671e-06,1.377002470086049622e-06,1.415197629513632304e-06,1.457122798167073331e-06,1.501162100983333755e-06,1.545885116123147684e-06,1.590162858040189156e-06,1.633199188396921657e-06,1.674511084803832353e-06,1.713882890281329493e-06,1.751310856441647702e-06,1.786947571167198031e-06,1.821051530071295778e-06,1.853944455396586706e-06,1.885977287854184138e-06,1.917504683505440235e-06,1.948867166209698885e-06,1.980379728311173933e-06,2.012325562749394575e-06,2.044953670539885436e-06,2.078479245885092336e-06,2.113085939351054992e-06,2.148929298522125145e-06,2.186140863174523748e-06,2.224832538814742721e-06,2.265100987094508555e-06,2.307031857304036487e-06,2.350703744944922667e-06,2.396191806730456390e-06,2.443570991198287982e-06,2.492918864525583222e-06,2.544318025223487093e-06,2.597858111353658199e-06,2.653637411146385679e-06,2.711764093114494822e-06,2.772357075075580493e-06,2.835546552529934824e-06,2.901474204711923679e-06,2.970293089934007547e-06,3.042167228568751694e-06,3.117270931014031421e-06,3.195788472537574616e-06,3.277913983383693217e-06,3.363851027380953077e-06,3.453811713486148103e-06,3.548015142804104295e-06,3.646684917024304323e-06,3.750045327280689231e-06,3.858315692456976537e-06,3.971702104448228267e-06,4.090385537736619018e-06,4.214504851672079954e-06,4.344132596011450744e-06,4.479240633234944645e-06,4.619651279155827783e-06,4.764967735491905564e-06,4.914474762154957745e-06,5.066996474238273396e-06,5.220692663386956001e-06,5.226003041706987846e-06,5.078676592944506929e-06,4.777085376720719018e-06,4.322022476490227181e-06,3.717127706360762638e-06,3.159895707384563345e-06,2.637134832275908974e-06,2.139995509084887908e-06,1.661639653766972300e-06,1.196863208555251354e-06,7.438316647989898326e-07,3.230106912602325531e-07,2.930017078465469502e-07,7.195117925393577096e-07,1.201074800006367453e-06,1.712556842918659175e-06,2.172259724332282504e-06,2.564794430800692524e-06,2.877663369925595246e-06,3.100763059243418594e-06,3.226268397659791608e-06,3.248590258223980642e-06,3.164348057813720917e-06,2.972420283870145622e-06,2.674337040278006444e-06,2.394719186080277181e-06,2.129551714309629378e-06,1.876873762238196556e-06,1.635750311129010883e-06,1.405942998245867272e-06,1.187834373586124086e-06,9.824062466925465336e-07,7.912523414629965367e-07,6.167105898822097364e-07,4.623335396511891472e-07,3.341530601661939990e-07,2.287211668838095764e-07,1.706485708611400529e-07,1.705576026361707355e-07,1.933125889294460432e-07,2.048847319336064393e-07,1.945608076103899204e-07,1.719575391792439298e-07,1.795469470902394286e-07,2.653724546699011076e-07,4.200071484758798298e-07,6.213796581230125829e-07,8.574444763876823389e-07,1.120056880315083071e-06,1.401999399298227090e-06,1.696137495678966905e-06,1.995234327768342401e-06,2.291976295918102737e-06,2.579077783830582709e-06,2.849452349312805283e-06,3.096515731285250960e-06,3.296003650149491342e-06,3.441660448781518449e-06,3.528064013863188778e-06,3.550681632450933679e-06,3.505909039472473747e-06,3.391041469019722095e-06,3.204172907734644633e-06,2.944093477686226979e-06,2.610476380044439277e-06,2.303933785445302720e-06,2.018030073272602439e-06,1.748590055405321892e-06,1.492454610419998316e-06,1.247114003979920946e-06,1.010635171487202666e-06,7.816587841303163984e-07,5.595550140795537393e-07,3.456124147518256013e-07,1.551060825388502986e-07,1.517163175629136836e-07,3.320453860155855158e-07,5.206185571026792587e-07,6.939970396940149628e-07,8.445913010568664327e-07,9.677912772678247101e-07,1.060547717508816960e-06,1.121064110778935721e-06,1.148700344704057266e-06,1.143935442956047353e-06,1.114249451379492977e-06,1.062013908601044422e-06,9.903276404415324045e-07,9.029439098515221188e-07,8.042214633979762043e-07,6.991155399785729753e-07,5.932354522415600883e-07,4.929921422789568120e-07,4.057521626954381352e-07,3.394242791753308591e-07,2.999295574633364925e-07,2.847370841565152286e-07,2.846391595179550949e-07,2.877538724305067546e-07,2.855246952144985632e-07,2.748638510481805651e-07,2.591073307862789777e-07,2.498033306563492437e-07,2.657219255122242436e-07,3.206729639450616852e-07,4.137935865860547771e-07,5.349676831312394350e-07,6.746516651030729784e-07,8.252585940387049600e-07,9.804149024184618276e-07,1.134389414437482380e-06,1.281847498925499840e-06,1.417789180538874243e-06,1.537577839528438952e-06,1.637024347012821614e-06,1.712534098249150227e-06,1.754279198846540833e-06,1.760019948551913569e-06,1.728394897226033769e-06,1.658961060671711216e-06,1.598864729354716130e-06,1.546837345376764070e-06,1.501768412311003542e-06,1.462689127130921264e-06,1.428756530837981185e-06,1.399238657486007203e-06,1.373500947016221321e-06,1.350994019331838362e-06,1.331242798584784863e-06,1.313836914301802173e-06,1.298422274640529749e-06,1.284693695155602978e-06,1.272388466045153177e-06,1.261280746797854567e-06,1.251176686251838043e-06,1.241910176364400123e-06,1.233339158350048298e-06,1.225342409664381240e-06,1.217816749298740363e-06,1.210674606898917851e-06,1.203841908329840133e-06,1.197257027953083832e-06,1.190872324332864978e-06,1.184653451252617712e-06,1.178578028340964169e-06,1.172634465903192909e-06,1.166820946339936086e-06,1.161144562835971397e-06,1.155620613479248192e-06,1.150272045274399655e-06,1.145129037893786875e-06,1.140228712006582372e-06,1.135614942280127530e-06,1.131338251233311651e-06,1.127455757409497152e-06,1.124031149833216542e-06,1.121134659864840962e-06,1.118842999987202929e-06,1.117239234169896907e-06,1.116412531988966710e-06,1.116457732037216310e-06,1.117474589785222131e-06,1.119566498172662440e-06,1.122838330950580176e-06,1.127392856628724310e-06,1.133324905773454628e-06,1.140712183374749167e-06,1.149601412496802410e-06,1.159988614379907513e-06,1.171793190683926182e-06,1.184827670409193855e-06,1.198769143604290717e-06,1.213144760458137282e-06,1.227351261052790280e-06,1.240734060708730814e-06,1.252748747702776247e-06,1.263209420286190947e-06,1.272591403585740379e-06,1.282311959204517440e-06
1.297631959565263698e-06,1.318214251626092514e-06,1.345044876147701990e-06,1.378140739973743635e-06,1.416441811049239774e-06,1.458418606953348531e-06,1.502481797083222627e-06,1.547224543668192498e-06,1.591537508892745657e-06,1.634638050979940409e-06,1.676049506630015626e-06,1.715556200731243408e-06,1.753149902638797058e-06,1.788976471384889262e-06,1.823287322306428929e-06,1.856398036315149827e-06,1.888655026842333749e-06,1.920410231010488617e-06,1.952003149903004458e-06,1.983749184058680183e-06,2.015933056886744493e-06,2.048806135400359118e-06,2.082586581833846445e-06,2.117461445605435285e-06,2.153589991778120276e-06,2.191107734517291461e-06,2.230130789812950276e-06,2.270760277556283103e-06,2.313086590767583997e-06,2.357193413690604377e-06,2.403161415666634866e-06,2.451071578999775167e-06,2.501008140514456633e-06,2.553061141386812130e-06,2.607328590419375497e-06,2.663918253744524236e-06,2.722949089821482084e-06,2.784552352781650836e-06,2.848872389398220314e-06,2.916067154414295234e-06,2.986308464300477630e-06,3.059781998691278876e-06,3.136687121315825284e-06,3.217237147857645478e-06,3.301659953991402488e-06,3.390198419660682356e-06,3.483110587961241071e-06,3.580669384189130794e-06,3.683161675234614728e-06,3.790886356936379726e-06,3.904151025477800634e-06,4.023266601124645509e-06,4.148539002887339846e-06,4.280256582234712581e-06,4.418671452861963524e-06,4.563972006416947881e-06,4.716242623370106788e-06,4.875404599361400373e-06,5.041129100977705568e-06,5.212707526132785611e-06,5.388854811906927347e-06,5.415908823482954920e-06,5.289492467453553765e-06,5.007386394307051239e-06,4.568396929522253770e-06,3.970704745539770588e-06,3.413846053548344476e-06,2.888208935709240222e-06,2.387734888976024581e-06,1.906481070467004018e-06,1.439307477827149321e-06,9.833434127432835925e-07,5.444688060299325174e-07,2.308408624727036219e-07,4.972650240202287951e-07,9.519057921522754413e-07,1.441680567919139401e-06,1.888463800247515922e-06,2.274778713334088411e-06,2.587143485517869862e-06,2.814967500125660300e-06,2.950289582671375310e-06,2.987636860820419889e-06,2.923837439524896400e-06,2.757664741266101519e-06,2.489265014694526750e-06,2.231258696279201347e-06,1.982483133465104293e-06,1.742945643534046171e-06,1.512624195072085176e-06,1.291740933146120378e-06,1.080985209212492328e-06,8.815579360148059683e-07,6.951404606340054752e-07,5.239063742663125715e-07,3.708100042572122327e-07,2.409652644565488450e-07,1.369312379203852956e-07,1.016988566993951675e-07,1.368612742843773477e-07,1.716325741995085544e-07,1.793867641995206566e-07,1.560246498299952697e-07,1.161169709201009644e-07,1.331291835317374819e-07,2.536149982114223130e-07,4.331257390420552020e-07,6.520104297520421141e-07,9.019514792367333919e-07,1.176390883454874839e-06,1.468818747198366170e-06,1.772478695635632454e-06,2.080387159841615457e-06,2.385425344486999996e-06,2.680425533030589294e-06,2.958261428514252721e-06,3.212234648210859361e-06,3.418380231984367619e-06,3.570966781403721184e-06,3.664827758645744615e-06,3.695569506651905731e-06,3.659656402932739460e-06,3.554342735963098184e-06,3.377400497575946039e-06,3.126540791687954125e-06,2.798529044428699342e-06,2.495353319383340043e-06,2.212284298947840437e-06,1.946482371395538150e-06,1.695170033589074905e-06,1.455890289417010346e-06,1.226779684586697208e-06,1.006626165251999680e-06,7.948237216323677639e-07,5.914262904135631330e-07,3.981654940468006193e-07,2.260547469283193111e-07,1.420862409685747798e-07,2.473473548630197792e-07,3.981010742220546928e-07,5.386110153385675984e-07,6.571324158726398990e-07,7.488826772966321982e-07,8.114972315871283995e-07,8.441316741315847815e-07,8.471887096503228132e-07,8.265588738088598714e-07,7.846586520875555924e-07,7.246043838884443162e-07,6.501913095581668241e-07,5.659283552864415563e-07,4.771839194137452775e-07,3.905598410126275442e-07,3.145876932760653048e-07,2.600764450023093346e-07,2.365018289258742120e-07,2.422256135994563741e-07,2.620410982542522868e-07,2.812435907353700715e-07,2.905298026713353561e-07,2.856277282620229332e-07,2.666461850588322089e-07,2.394100989698250199e-07,2.196330669690355164e-07,2.337350037804726276e-07,2.976144627871938438e-07,4.031616102144155201e-07,5.356114617637358023e-07,6.844808034767810817e-07,8.423064515948613592e-07,1.002965754443019239e-06,1.160940629188535846e-06,1.311067925947672363e-06,1.448488217378227435e-06,1.568666640050869640e-06,1.667447470419702443e-06,1.741235499123565455e-06,1.780491955132764661e-06,1.783226967170642222e-06,1.748228242358925136e-06,1.675161848032667261e-06,1.611723140110241593e-06,1.556630781658478130e-06,1.508760261889670481e-06,1.467128408198282185e-06,1.430877820664461287e-06,1.399262162726000044e-06,1.371632689881699697e-06,1.347426132714700501e-06,1.326153919569387540e-06,1.307392660311122848e-06,1.290775783998088274e-06,1.275986213924490517e-06,1.262749964624518851e-06,1.250830552074841107e-06,1.240024117587883549e-06,1.230155176047815138e-06,1.221072909238587085e-06,1.212647934529727701e-06,1.204769487874626369e-06,1.197342967853196028e-06,1.190287794363361932e-06,1.183536343359961465e-06,1.177035485691020480e-06,1.170745857367125762e-06,1.164640481422620766e-06,1.158703546825856453e-06,1.152929345788185169e-06,1.147321369826538054e-06,1.141891563088521953e-06,1.136659728314453869e-06,1.131653076595444190e-06,1.126905907336597446e-06,1.122459400225093660e-06,1.118361497179997831e-06,1.114666849693592948e-06,1.111436805794260951e-06,1.108739410657491211e-06,1.106649394433618769e-06,1.105248117706159694e-06,1.104623434941471473e-06,1.104869412657459566e-06,1.106085791865662489e-06,1.108376999878122599e-06,1.111850378013256795e-06,1.116613083182581291e-06,1.122766838485250199e-06,1.130399380545992658e-06,1.139571182604619456e-06,1.150296055244904549e-06,1.162514961406960839e-06,1.176064447802310185e-06,1.190645179219759912e-06,1.205802517861543981e-06,1.220939132397449353e-06,1.235386192464612769e-06,1.248558615739731776e-06,1.260202950676536573e-06,1.270709551484259523e-06,1.281413363106617315e-06
1.297690931461072761e-06,1.318875947798292848e-06,1.346054725947575864e-06,1.379335722602031693e-06,1.417714980326760873e-06,1.459700074006624888e-06,1.503731702325559984e-06,1.548429876092248270e-06,1.592707682111033031e-06,1.635798235792469335e-06,1.677233054863823316e-06,1.716797903190048290e-06,1.754481193772896558e-06,1.790422858200616953e-06,1.824867713927603539e-06,1.858125384667752297e-06,1.890537681478000113e-06,1.922453539666313742e-06,1.954211002056670060e-06,1.986125340758055889e-06,2.018482215053193028e-06,2.051534738431865025e-06,2.085503419791357890e-06,2.120578098545861525e-06,2.156921168216155789e-06,2.194671550136787624e-06,2.233949023442347676e-06,2.274858634194233229e-06,2.317494995966244360e-06,2.361946360024968230e-06,2.408298380132944718e-06,2.456637529663026464e-06,2.507054151240337886e-06,2.559645134801893349e-06,2.614516231212652943e-06,2.671784017048562013e-06,2.731577532818400322e-06,2.794039622123922405e-06,2.859328002897406870e-06,2.927616103227441692e-06,2.999093692118533151e-06,3.073967327826588836e-06,3.152460709985169599e-06,3.234815583096256211e-06,3.321293134829221271e-06,3.412175414119264449e-06,3.507766691812352120e-06,3.608394671507741920e-06,3.714411412196630506e-06,3.826193757874204078e-06,3.944142973502210060e-06,4.068683148329156969e-06,4.200257727099530513e-06,4.339323237664900129e-06,4.486338854401900460e-06,4.641749797319723672e-06,4.805961591805643030e-06,4.979300673465765760e-06,5.161954250480955195e-06,5.353877682111319436e-06,5.554648246070648512e-06,5.607068312915492161e-06,5.507344486645920639e-06,5.253862700422339532e-06,4.845132935400708558e-06,4.273081191620505703e-06,3.713743558132522060e-06,3.179604984032459458e-06,2.670798491804993900e-06,2.181754712281675782e-06,1.706985868920850711e-06,1.243190952292620253e-06,7.921056720837929862e-07,3.835493912557035017e-07,3.240578771208675050e-07,7.175359851231462016e-07,1.182471359052582832e-06,1.616639532563045828e-06,1.997608364685981914e-06,2.310435236338647436e-06,2.544074953329101109e-06,2.690604487075109366e-06,2.744925687048462435e-06,2.704479657022613564e-06,2.568519997808142769e-06,2.335477499686633845e-06,2.096013405681276808e-06,1.859577033621710712e-06,1.629348979309177101e-06,1.405956858902898961e-06,1.189883454692098704e-06,9.821285427110346862e-07,7.842349807590948217e-07,5.981416811933318202e-07,4.259824626012376352e-07,2.698936535320999629e-07,1.327979780531076906e-07,3.616377789173639201e-08,1.050173364428536216e-07,1.749764260408287100e-07,2.123975617228234431e-07,2.121634766624861715e-07,1.721447176439169245e-07,9.515428174267898429e-08,6.541701038400856000e-08,2.132059967153035171e-07,4.113307328281960195e-07,6.442349350473442718e-07,9.061489943349673860e-07,1.191362018856337826e-06,1.493708457852191657e-06,1.806627831402541865e-06,2.123309847329849770e-06,2.436829053520942146e-06,2.740163644684271627e-06,3.025894842347940211e-06,3.285751511659757271e-06,3.498422980193127078e-06,3.658764439260816992e-06,3.761798340381689182e-06,3.803305935278531650e-06,3.779986151890730181e-06,3.689400833976939578e-06,3.529641046638413896e-06,3.298288984255861227e-06,2.988955919061954072e-06,2.690957090161517889e-06,2.410851208704149189e-06,2.148938860145601805e-06,1.902548131821433490e-06,1.668998610708514542e-06,1.446471571066703146e-06,1.234080593650309946e-06,1.031684510638188860e-06,8.394313655637794337e-07,6.568364624977909146e-07,4.837506623107957575e-07,3.176724668718658989e-07,1.915591300984620182e-07,1.805088565378795525e-07,2.690225713065858171e-07,3.696975023010070011e-07,4.542777253239595775e-07,5.150533868801023282e-07,5.495923590876885771e-07,5.577189611960627529e-07,5.434487777492769507e-07,5.092914723386662409e-07,4.584004440523983030e-07,3.947825915189683724e-07,3.236502725307174369e-07,2.524391605733685923e-07,1.934475810913393098e-07,1.662636000021749860e-07,1.823203065563120283e-07,2.245532938653019820e-07,2.710512561509423682e-07,3.087331650064130242e-07,3.314074365120250549e-07,3.357265965144464030e-07,3.203554207506879263e-07,2.862760179083424600e-07,2.387089073154413731e-07,1.936537953011175317e-07,1.891513574891835454e-07,2.549329202974544376e-07,3.714557839555528180e-07,5.149875672474007974e-07,6.732786209735338516e-07,8.388164807454555710e-07,1.005653243385324255e-06,1.168438193798089540e-06,1.322155045300144114e-06,1.462081450758693333e-06,1.583786273741722032e-06,1.683036587837903489e-06,1.755677541839272361e-06,1.793290596163684065e-06,1.794125965621506362e-06,1.757049766110055598e-06,1.681785912705707268e-06,1.616274629381303597e-06,1.559234047667096239e-06,1.509540223794870770e-06,1.466210421158948528e-06,1.428386889009318989e-06,1.395321901860990294e-06,1.366364272978156347e-06,1.340947344126418133e-06,1.318578367833304394e-06,1.298829164365269064e-06,1.281327925430832393e-06,1.265752038121812122e-06,1.251821809929968954e-06,1.239294985702707698e-06,1.227961958377054812e-06,1.217641586261349553e-06,1.208177539973248985e-06,1.199435111619661457e-06,1.191298427315831949e-06,1.183668011683014647e-06,1.176458659588436906e-06,1.169598388645567716e-06,1.163030012165111229e-06,1.156710393885263338e-06,1.150609043694265182e-06,1.144706871325041339e-06,1.138995098344416753e-06,1.133474328461270930e-06,1.128153774998265895e-06,1.123050641798765076e-06,1.118189650044279160e-06,1.113602698981416907e-06,1.109328644106092835e-06,1.105413172632799007e-06,1.101908753647750528e-06,1.098874639455994243e-06,1.096376895015708161e-06,1.094488432935309059e-06,1.093289030003371184e-06,1.092865293537314864e-06,1.093310525281857982e-06,1.094724386923732231e-06,1.097212189974929538e-06,1.100883495318059675e-06,1.105849495080882052e-06,1.112218352252924879e-06,1.120087313796617030e-06,1.129530084763983713e-06,1.140577878566025894e-06,1.153193161362161745e-06,1.167237024284443265e-06,1.182435091635059378e-06,1.198353377661063477e-06,1.214403948856206205e-06,1.229907805144367989e-06,1.244242945278759726e-06,1.257090457533051604e-06,1.268754853832952352e-06,1.280484340185509754e-06
1.297767271031009301e-06,1.319588807499906762e-06,1.347128259829698316e-06,1.380585760033660429e-06,1.419015749985268878e-06,1.460966205377578896e-06,1.504911400413059472e-06,1.549501387923375604e-06,1.593674302529734449e-06,1.636681112089165702e-06,1.678063213036692979e-06,1.717609204665650593e-06,1.755305269461484411e-06,1.791286256134213872e-06,1.825790931835411002e-06,1.859123216145838169e-06,1.891620302761162207e-06,1.923627886782501989e-06,1.955482143845461995e-06,1.987497690214364465e-06,2.019960520380729104e-06,2.053124855980642587e-06,2.087212902040678445e-06,2.122416641510376646e-06,2.158900962633007717e-06,2.196807575606822378e-06,2.236259318108593967e-06,2.277364566559213268e-06,2.320221560937209029e-06,2.364922518421353316e-06,2.411557459544980863e-06,2.460217704442321054e-06,2.510999020261363891e-06,2.564004417256941693e-06,2.619346602996378324e-06,2.677150113278453770e-06,2.737553145880949019e-06,2.800709129623100842e-06,2.866788066438095111e-06,2.935977687651190020e-06,3.008484466305873184e-06,3.084534523260404023e-06,3.164374526492352153e-06,3.248273244243130032e-06,3.336523769062825581e-06,3.429445970214202602e-06,3.527389148425593732e-06,3.630734876893616490e-06,3.739899991910675236e-06,3.855339665224499684e-06,3.977550443359486451e-06,4.107073069706342957e-06,4.244494803388222805e-06,4.390450800876870504e-06,4.545623912565758364e-06,4.710741939555683518e-06,4.886570956896163434e-06,5.073902683357106891e-06,5.273532990247272655e-06,5.486227423217679144e-06,5.712668185824968223e-06,5.792780263561650523e-06,5.724176342881168502e-06,5.507950458636790156e-06,5.149071141591588767e-06,4.659191667057347259e-06,4.072366484450955405e-06,3.517706094232195114e-06,2.994964998114985567e-06,2.493248373543558555e-06,2.005196454896842227e-06,1.527377385479040753e-06,1.060595936084307872e-06,6.174714108686605198e-07,3.069918605280945978e-07,5.165265496220419469e-07,9.400799626939056485e-07,1.360316823721984478e-06,1.736586472196303143e-06,2.050605597140049889e-06,2.290649799198389145e-06,2.448937607835492665e-06,2.521010898881754544e-06,2.505648693257675592e-06,2.405204938145417541e-06,2.227311949054970618e-06,1.993017274546824989e-06,1.761907962304450215e-06,1.536683766837079486e-06,1.316236980095855214e-06,1.100681652413529152e-06,8.913646796353238797e-07,6.904335205894493077e-07,5.005101950809550076e-07,3.244036634331335462e-07,1.644626034918025733e-07,2.997467538619963745e-08,1.144199782498755544e-07,2.140148501929483212e-07,2.827780987676674730e-07,3.152470218733403750e-07,3.077864427262280389e-07,2.582269011098193419e-07,1.659231634678116697e-07,3.308020805652642201e-08,1.438848892391714675e-07,3.543975298384711715e-07,5.980624782331353224e-07,8.701061212016140759e-07,1.164967344381738885e-06,1.476498589346159955e-06,1.798167109236172065e-06,2.123269117509218162e-06,2.445161745479368492e-06,2.757398565167228276e-06,3.052871077810619036e-06,3.314366538112630752e-06,3.532666009472169533e-06,3.701182352694592178e-06,3.814672506290286327e-06,3.869050453083785629e-06,3.861396068216791013e-06,3.789980458219295746e-06,3.654305693003901967e-06,3.455356401842160933e-06,3.197127165891714810e-06,2.894881526490464392e-06,2.614760005676548522e-06,2.356923808885387665e-06,2.115823044638183296e-06,1.887670781466762312e-06,1.670632785529144410e-06,1.464391585501707334e-06,1.269893999420198062e-06,1.088825340167016130e-06,9.195192540722699213e-07,7.455282794480169911e-07,5.750139162613177932e-07,4.174691156348399289e-07,2.849875792237620887e-07,1.981529813450111819e-07,1.813029658090387263e-07,2.146739516483951066e-07,2.548401063027471364e-07,2.813397232755731740e-07,2.880767129329075895e-07,2.747220973898442647e-07,2.436654678009715389e-07,1.976965251304396303e-07,1.417257143590554427e-07,8.781229228470319837e-08,7.782971765077424397e-08,1.311203609670622617e-07,2.018269833078214238e-07,2.717673380352373476e-07,3.340738153523725301e-07,3.834640727469936660e-07,4.164419455662534929e-07,4.303096203623502040e-07,4.231613370320969021e-07,3.940492726007674527e-07,3.433512338500297366e-07,2.738400325708446523e-07,1.951031493706976510e-07,1.445480353681074689e-07,1.947295374476015233e-07,3.200014610740369919e-07,4.744924710551473234e-07,6.424031185054183820e-07,8.160318667918776306e-07,9.895727909182853545e-07,1.157815623631950720e-06,1.315876921633820569e-06,1.459205668239111429e-06,1.583632008281518631e-06,1.685044633677665299e-06,1.755965594610778648e-06,1.792587919086387310e-06,1.792604246775066429e-06,1.754745841320942545e-06,1.678720786441667045e-06,1.612405537637084906e-06,1.554531440654343559e-06,1.503990890156818736e-06,1.459817017472728437e-06,1.421166039353087158e-06,1.387301819222472538e-06,1.357582346928976659e-06,1.331447901285771642e-06,1.308410691976325929e-06,1.288045801054579003e-06,1.269983264256673193e-06,1.253901150250594182e-06,1.239519512309636071e-06,1.226595101847837154e-06,1.214916746821092541e-06,1.204301310183181401e-06,1.194590154424401022e-06,1.185646047778744079e-06,1.177350456057759816e-06,1.169601171366183252e-06,1.162310235292887730e-06,1.155402943030404001e-06,1.148819479901972089e-06,1.142514185058015793e-06,1.136454143199585138e-06,1.130617933330040632e-06,1.124994533854047435e-06,1.119582383725535586e-06,1.114388598813959075e-06,1.109428340640122507e-06,1.104724331263715498e-06,1.100306503919856239e-06,1.096211774727908057e-06,1.092483917189166089e-06,1.089173518890573149e-06,1.086337999198863397e-06,1.084041667633651554e-06,1.082355804138689560e-06,1.081358742512790761e-06,1.081135932876249038e-06,1.081779941606220144e-06,1.083390307285181346e-06,1.086073093731534056e-06,1.089939846194464631e-06,1.095105442432026984e-06,1.101684022210870580e-06,1.109781791225769287e-06,1.119485111919473668e-06,1.130842127693314328e-06,1.143836632686899108e-06,1.158354647917578843e-06,1.174147994882655915e-06,1.190805660247333925e-06,1.207752534472901544e-06,1.224303614622131358e-06,1.239803998540360931e-06,1.253871829219302079e-06,1.266725378818036498e-06,1.279522028129896800e-06
1.297857965360084273e-06,1.320350212710135180e-06,1.348263277839959964e-06,1.381888945603113167e-06,1.420342500939526180e-06,1.462215820936311654e-06,1.506020353915782686e-06,1.550439311747480100e-06,1.594438347491104000e-06,1.637288216938358987e-06,1.678541774742993820e-06,1.717991794876082355e-06,1.755623354783023287e-06,1.791567104571617668e-06,1.826056368687779412e-06,1.859389679173045949e-06,1.891899652935178850e-06,1.923928547847055625e-06,1.955810288458936878e-06,1.987858316936924365e-06,2.020358357429751261e-06,2.053565084718234063e-06,2.087701723108049577e-06,2.122961718382111053e-06,2.159511778793615222e-06,2.197495738033098370e-06,2.237038834702471506e-06,2.278252120483678917e-06,2.321236801291712947e-06,2.366088384570558741e-06,2.412900555591019583e-06,2.461768740591894748e-06,2.512793338966263927e-06,2.566082623841213882e-06,2.621755322961922342e-06,2.679942901653381353e-06,2.740791578015599621e-06,2.804464108052821219e-06,2.871141385263433190e-06,2.941023904922159033e-06,3.014333146867246803e-06,3.091312930273266010e-06,3.172230850508936130e-06,3.257380462625742199e-06,3.347084322920733059e-06,3.441697478602029486e-06,3.541611432765277824e-06,3.647258652167108739e-06,3.759117693678701087e-06,3.877719034054946564e-06,4.003651696634950719e-06,4.137570777941607747e-06,4.280205987889197319e-06,4.432371332754184470e-06,4.594976099095768787e-06,4.769037361311940102e-06,4.955694387525808315e-06,5.156225680879564784e-06,5.372070259844605769e-06,5.604856873290283328e-06,5.856449995183301890e-06,5.964395868559926747e-06,5.927756980615272484e-06,5.749913759939358942e-06,5.439347737213304504e-06,5.011403702278935656e-06,4.490830808322802779e-06,3.903535341858889039e-06,3.366237085872643637e-06,2.848440980306036514e-06,2.340817524869055100e-06,1.841143837255975398e-06,1.351281444030961924e-06,8.801157640362011909e-07,4.713265245270896139e-07,3.783683540240501016e-07,7.205571636556114095e-07,1.123613332235382625e-06,1.495254657536823493e-06,1.810613290827167492e-06,2.056854431513405441e-06,2.226268248188921157e-06,2.314931011026057703e-06,2.322525250631930737e-06,2.252675561041471808e-06,2.113836143980428691e-06,1.920432017697728418e-06,1.688233927370510133e-06,1.465574366961737695e-06,1.244587413705115425e-06,1.025062396451812567e-06,8.092608588990686402e-07,6.005626291435758763e-07,4.033735068407608841e-07,2.250948749692003615e-07,8.914048392435597236e-08,1.446185574911488654e-07,2.646052816373273025e-07,3.639677253449858277e-07,4.310450386018330407e-07,4.603703244820661932e-07,4.485255410537379720e-07,3.937747031632325384e-07,2.963833132350121615e-07,1.614861771536748594e-07,7.982721289108528339e-08,2.675840601154382839e-07,5.157750467566399264e-07,7.953435338676534132e-07,1.098375904589637618e-06,1.418082643584646342e-06,1.747670913285524915e-06,2.080361002642589485e-06,2.409753135793849157e-06,2.730948940218259690e-06,3.028401689447109490e-06,3.293318356900374394e-06,3.517629185360707169e-06,3.694773454370763499e-06,3.819574221570315127e-06,3.888182420945620452e-06,3.898114600218496828e-06,3.848359655129634313e-06,3.739593455145700920e-06,3.574649357049265813e-06,3.359536386624259727e-06,3.104903714253219059e-06,2.821931671848325352e-06,2.571278934539586117e-06,2.336993937259022839e-06,2.113965196966479376e-06,1.900777094078623714e-06,1.697961875000390870e-06,1.508153907545555710e-06,1.338837082495697279e-06,1.164222697158756283e-06,9.894521769788369530e-07,8.198227367503186892e-07,6.608454627555873175e-07,5.177592920644308033e-07,3.952663590240843156e-07,2.972203087898095350e-07,2.256605638023564074e-07,1.785503192515097973e-07,1.479181039400575114e-07,1.228458125686717090e-07,9.594411661524698629e-08,6.925054186338093968e-08,6.557025776439746183e-08,1.042128808732329167e-07,1.653233987717561154e-07,2.352500272976711054e-07,3.076486547630859137e-07,3.779873022153030883e-07,4.424860995292063043e-07,4.962378031743014073e-07,5.357377532024026057e-07,5.579121162999985265e-07,5.602441433075486500e-07,5.408819491294329201e-07,4.987555522757749874e-07,4.337338205342091679e-07,3.469668241744757734e-07,2.422081764316218880e-07,1.350405141191752149e-07,1.218454224381725646e-07,2.506033837819318185e-07,4.159638759024256212e-07,5.936300549849300036e-07,7.755921008293302429e-07,9.562017631638309840e-07,1.130368046428914544e-06,1.293298952512631940e-06,1.440608472046435666e-06,1.568777731955058789e-06,1.670420444262313366e-06,1.741382252769636751e-06,1.778251982335940329e-06,1.778686363257965356e-06,1.741376737453347242e-06,1.666023341816319832e-06,1.600157488417827691e-06,1.542546531708178593e-06,1.492118510815952018e-06,1.447939242295023042e-06,1.409193673061674392e-06,1.375170240435420696e-06,1.345247535136667083e-06,1.318882820811333606e-06,1.295602096705394547e-06,1.274991466278865727e-06,1.256689622818544494e-06,1.240381296609424466e-06,1.225791533236268057e-06,1.212680692273382318e-06,1.200840071665758147e-06,1.190088076464703656e-06,1.180266861845163031e-06,1.171239389896846272e-06,1.162886847837762757e-06,1.155106382273595271e-06,1.147809110103951543e-06,1.140919206102235772e-06,1.134375630424498397e-06,1.128131424650253120e-06,1.122152320779034490e-06,1.116415504525148076e-06,1.110908531269392851e-06,1.105628394065184194e-06,1.100580743185120554e-06,1.095779255217725987e-06,1.091245146784764487e-06,1.087006824070381778e-06,1.083099655273195624e-06,1.079565849608048850e-06,1.076454424304744920e-06,1.073821240637256517e-06,1.071729091372228007e-06,1.070247824404150745e-06,1.069454488818784146e-06,1.069433486444794584e-06,1.070276697624048568e-06,1.072083514037785283e-06,1.074960638428304562e-06,1.079021379868100466e-06,1.084383959455298938e-06,1.091168025756288592e-06,1.099488168525885361e-06,1.109442785175708731e-06,1.121096397283395949e-06,1.134453838916712574e-06,1.149426303851632521e-06,1.165792891744182465e-06,1.183167743068120022e-06,1.200991927236708292e-06,1.218578664021467806e-06,1.235244407539393003e-06,1.250547285245347576e-06,1.264619420183952757e-06,1.278523652047231142e-06
1.297959940123312384e-06,1.321157376772708470e-06,1.349457352976850743e-06,1.383243129019395160e-06,1.421693389593238297e-06,1.463447561087289166e-06,1.507057906528158842e-06,1.551243832674052557e-06,1.595000832129312314e-06,1.637621232276718191e-06,1.678670815450444737e-06,1.717947817143137792e-06,1.755437335153397848e-06,1.791266741461690828e-06,1.825664579784292255e-06,1.858924368688817769e-06,1.891374239215964655e-06,1.923352852689834799e-06,1.955191521806596850e-06,1.987202005319254527e-06,2.019669147814696520e-06,2.052847407924804316e-06,2.086960329346329402e-06,2.122202109722478141e-06,2.158740566141148466e-06,2.196720948316796930e-06,2.236270190527417930e-06,2.277501311125108033e-06,2.320517761412006150e-06,2.365417595650319523e-06,2.412297384738890141e-06,2.461255831976800111e-06,2.512397074432044029e-06,2.565833671197456426e-06,2.621689292958873846e-06,2.680101137806671158e-06,2.741222107425114346e-06,2.805222786458900974e-06,2.872293276234010823e-06,2.942644941838751792e-06,3.016512137993954756e-06,3.094153982505819378e-06,3.175856293976015006e-06,3.261934350836987498e-06,3.352736695170627501e-06,3.448649600089558738e-06,3.550102277491362761e-06,3.657572976731140361e-06,3.771596162238095745e-06,3.892771007000163255e-06,4.021771503533827102e-06,4.159358581065893165e-06,4.306394737620065216e-06,4.463861865752028666e-06,4.632883200630069036e-06,4.814750703077732690e-06,5.010959810377879686e-06,5.223254544818220164e-06,5.453687869148629631e-06,5.704705749590867511e-06,5.979270328349609055e-06,6.112959935889611384e-06,6.105946879687003615e-06,5.963022004591663637e-06,5.694183346361058791e-06,5.315502149692771557e-06,4.849987676443350512e-06,4.327705520304784259e-06,3.794477077480263882e-06,3.258727661708358933e-06,2.723330231979472384e-06,2.191287256854301365e-06,1.667126058384037718e-06,1.159147186818061783e-06,6.901801476459544797e-07,3.783122459981182621e-07,5.417485502660910311e-07,9.131373208651270025e-07,1.277807159319197057e-06,1.593518333716922101e-06,1.844774125351445566e-06,2.023545732325927757e-06,2.126138737227380995e-06,2.152589174422199181e-06,2.106708078720419692e-06,1.996351564311883581e-06,1.833534128822132111e-06,1.633698654899949966e-06,1.418044051320561778e-06,1.193495410943958463e-06,9.648361941629418887e-07,7.369854424107845295e-07,5.157947407634944061e-07,3.103951455881665406e-07,1.518994437570258711e-07,1.707445348560387488e-07,3.056687237630831777e-07,4.359387883569128126e-07,5.393521841555402931e-07,6.079054759891659151e-07,6.367506129112524218e-07,6.228404210746316255e-07,5.648106101628833000e-07,4.632966633673916382e-07,3.225455201193886994e-07,1.647119642129523692e-07,1.748646689540943230e-07,4.035329571257089477e-07,6.852062000357093860e-07,9.940657894749722739e-07,1.320526947438376525e-06,1.656888329320268963e-06,1.995814525333955530e-06,2.330058489247313311e-06,2.652077472342702758e-06,2.951807669350362924e-06,3.220667379953055500e-06,3.451166979024155109e-06,3.637075964542437284e-06,3.773481259458640229e-06,3.856838953923511789e-06,3.885064121741568083e-06,3.857676870752045494e-06,3.776037792906368254e-06,3.643732413843107051e-06,3.467152711511541522e-06,3.256144846341026359e-06,3.024382261437134781e-06,2.794495225209411988e-06,2.569942996976313321e-06,2.351389731298188385e-06,2.139581533884083916e-06,1.935766587107487405e-06,1.741569304488811292e-06,1.557878285056243038e-06,1.378322902019300984e-06,1.203493860655057759e-06,1.036257612138425416e-06,8.801863269146497965e-07,7.387380928089536515e-07,6.147454992413906259e-07,5.100509750140002181e-07,4.252630291236741296e-07,3.597646690557468211e-07,3.122184105266180935e-07,2.816187412700841734e-07,2.682555807509918008e-07,2.733784603867469345e-07,2.973162391864497728e-07,3.378880678174068509e-07,3.908861041124017258e-07,4.513582211825638617e-07,5.143951517425214561e-07,5.753768409660559852e-07,6.299749853360569336e-07,6.738763956715629208e-07,7.033849701684401434e-07,7.153587972206953856e-07,7.072583798283029223e-07,6.772179052370660948e-07,6.241165158179121303e-07,5.476450407564234680e-07,4.483878587337111281e-07,3.280375587451913706e-07,1.906553761806720975e-07,6.613252249188058269e-08,1.648136817782481183e-07,3.416043952361624171e-07,5.291356645830567501e-07,7.195131445752250360e-07,9.073881775561627651e-07,1.087774113582247268e-06,1.255851095661369533e-06,1.406989854761285130e-06,1.536689866292436982e-06,1.639790674401044482e-06,1.712157131119175970e-06,1.750539558579888432e-06,1.752654653962204975e-06,1.717214299761572974e-06,1.643931805120813276e-06,1.579730289375829751e-06,1.523441488447552979e-06,1.474050900718661693e-06,1.430674777533808213e-06,1.392541712466455026e-06,1.358977482354740874e-06,1.329392317751795218e-06,1.303270071189368022e-06,1.280158917629176059e-06,1.259663320956900867e-06,1.241437063549920012e-06,1.225177178523023942e-06,1.210618654563738343e-06,1.197529805872804121e-06,1.185708217216676942e-06,1.174977188014195234e-06,1.165182610676171261e-06,1.156190227723173922e-06,1.147883219957521046e-06,1.140160084474652647e-06,1.132932766802392454e-06,1.126125861215370839e-06,1.119678454077564112e-06,1.113543474077442693e-06,1.107686338543802767e-06,1.102083749651462807e-06,1.096722637976778780e-06,1.091599252525302193e-06,1.086718397029826612e-06,1.082092811362721163e-06,1.077742694394262225e-06,1.073695361065158214e-06,1.069985022569421931e-06,1.066652675189059079e-06,1.063746081252413546e-06,1.061319825454954873e-06,1.059435431515222043e-06,1.058161527258183875e-06,1.057574048995750472e-06,1.057756474980598963e-06,1.058800066458820336e-06,1.060804063121758119e-06,1.063875711812869753e-06,1.068129881216911229e-06,1.073687804355177646e-06,1.080674171348258752e-06,1.089211365678314280e-06,1.099409157771901001e-06,1.111347824641681142e-06,1.125052844791333198e-06,1.140460684937346382e-06,1.157378638858380582e-06,1.175448025122480160e-06,1.194129348518628192e-06,1.212738303186955184e-06,1.230567166534654426e-06,1.247117380940860942e-06,1.262435509533143853e-06,1.277486537897072078e-06
1.298070068797755493e-06,1.322007349278645976e-06,1.350707835020183509e-06,1.384645921977182605e-06,1.423066355348534586e-06,1.464659893505150356e-06,1.508023285210795245e-06,1.551915082816121105e-06,1.595362795017194386e-06,1.637681962705657862e-06,1.678452665225346370e-06,1.717479839967816136e-06,1.754749731132163600e-06,1.790387385650921656e-06,1.824617276804562141e-06,1.857728334593178329e-06,1.890044339668993946e-06,1.921900231034980623e-06,1.953624369659479537e-06,1.985526330135755976e-06,2.017889465862807656e-06,2.050967338341852578e-06,2.084983091412151107e-06,2.120130937866661802e-06,2.156579061228927582e-06,2.194473383529946612e-06,2.233941788292409199e-06,2.275098505520374281e-06,2.318048459021353915e-06,2.362891447168086342e-06,2.409726079775598248e-06,2.458653430358201457e-06,2.509780388709784066e-06,2.563222717011885574e-06,2.619107826296177200e-06,2.677577301140837149e-06,2.738789210394991337e-06,2.802920251373584059e-06,2.870167784714582498e-06,2.940751826805663671e-06,3.014917075644157046e-06,3.092935052666205552e-06,3.175106478200109724e-06,3.261764516546009590e-06,3.353279240480447481e-06,3.450062954952889500e-06,3.552576497141992220e-06,3.661336738045395950e-06,3.776925574342325419e-06,3.900000783934331462e-06,4.031309232352415130e-06,4.171703071645807601e-06,4.322159785331682868e-06,4.483807227827754709e-06,4.657955223610487149e-06,4.846135892401011057e-06,5.050155754329654803e-06,5.272164016037242363e-06,5.514743540304066912e-06,5.781034355108462152e-06,6.074904943789399866e-06,6.230415124509745177e-06,6.248446032438654094e-06,6.134477822623397301e-06,5.898881946682777076e-06,5.557146631509845201e-06,5.129789103458417156e-06,4.641513077630070806e-06,4.119147819930173478e-06,3.578054411086617590e-06,3.027785662995199255e-06,2.475779006864213686e-06,1.929320352721866068e-06,1.397563066979393949e-06,8.973651602930045918e-07,4.873426573031891155e-07,4.280133111804582244e-07,7.362591971722136057e-07,1.088489110378013151e-06,1.402323725885621531e-06,1.656511213594307387e-06,1.842006658763429434e-06,1.954980390665633786e-06,1.995413741161188428e-06,1.966784916584552556e-06,1.875960554150533394e-06,1.732922781173682106e-06,1.550039943643133409e-06,1.340871038399864900e-06,1.114942073445372417e-06,8.799814129012733993e-07,6.437536306709673187e-07,4.167824817452678717e-07,2.261768037292557433e-07,1.875947615735957696e-07,3.248917798001654372e-07,4.848443711053089787e-07,6.257569426751760877e-07,7.356961877199756119e-07,8.081228268147581799e-07,8.386604205896275840e-07,8.245698291657914988e-07,7.647480870338198132e-07,6.599596701952349093e-07,5.136580224443253533e-07,3.362291103931816178e-07,1.832731644393977214e-07,2.787914577509548619e-07,5.423800611886764564e-07,8.502633006357920339e-07,1.179307724539084530e-06,1.519080808074854459e-06,1.861290142479212806e-06,2.198127431102198180e-06,2.521717449912416706e-06,2.823698989676092168e-06,3.096302136724369895e-06,3.332643646230443579e-06,3.526930164567504666e-06,3.674592959594306180e-06,3.772399614123564062e-06,3.818574414013754860e-06,3.812946016275873556e-06,3.757137289320648185e-06,3.654804671712571801e-06,3.511897252805609203e-06,3.336809801244235014e-06,3.140195108875731334e-06,2.934144518725382412e-06,2.725055218489606155e-06,2.516473847767165006e-06,2.310870875859219306e-06,2.110306144687929022e-06,1.916466749548085977e-06,1.730156516297942559e-06,1.550416265901025408e-06,1.378019673453453668e-06,1.215014193122240978e-06,1.063996227818912165e-06,9.275366053086664549e-07,8.077778013897196091e-07,7.061883015966418854e-07,6.234851330473029853e-07,5.597518227169682437e-07,5.147298399800215163e-07,4.881280086231891296e-07,4.796832500037487047e-07,4.888288212038390364e-07,5.141781184374074084e-07,5.532198045582398204e-07,6.024524686702203292e-07,6.577594734906259700e-07,7.147692203604257177e-07,7.690974541225122519e-07,8.164806061519033856e-07,8.528438164073053526e-07,8.745388283964913365e-07,8.784421392213180625e-07,8.620359610852722574e-07,8.234817761564845688e-07,7.616811631994632479e-07,6.763184976170172969e-07,5.678828668431832824e-07,4.376725705840610135e-07,2.878150160991008615e-07,1.217373341401646239e-07,6.506370729407745347e-08,2.531514679972829219e-07,4.494483067979022178e-07,6.472430735893624486e-07,8.416191194169339907e-07,1.027696413878139103e-06,1.200641178426526268e-06,1.355732599145498855e-06,1.488383675883237446e-06,1.594107781173148645e-06,1.669037809231349753e-06,1.710091469962687690e-06,1.715077930931213078e-06,1.682757763195849899e-06,1.612870762669970530e-06,1.551481281200035785e-06,1.497513860905760011e-06,1.450033256575980737e-06,1.408223579963176628e-06,1.371371442301232729e-06,1.338852069938418368e-06,1.310117686696039324e-06,1.284687671432589699e-06,1.262140139877231127e-06,1.242104692253019553e-06,1.224256130404906918e-06,1.208308991280541803e-06,1.194012774515660410e-06,1.181147764717042031e-06,1.169521366393133387e-06,1.158964882988542001e-06,1.149330682198147127e-06,1.140489698384809219e-06,1.132329229997486312e-06,1.124750995737546546e-06,1.117669418108959706e-06,1.111010962654253108e-06,1.104716118970318178e-06,1.098738825087272640e-06,1.093045169591594924e-06,1.087612237687671531e-06,1.082427097836612261e-06,1.077485927858312188e-06,1.072793280606057897e-06,1.068361488864837438e-06,1.064210207031427233e-06,1.060366083892190541e-06,1.056862557161845775e-06,1.053739757227469298e-06,1.051044505571318591e-06,1.048830393255254065e-06,1.047157926888059791e-06,1.046094733246061677e-06,1.045715817659390469e-06,1.046103872134882261e-06,1.047349620947368569e-06,1.049552163994191882e-06,1.052819215819496579e-06,1.057267018317373107e-06,1.063019499285095125e-06,1.070205929375779128e-06,1.078955887262230737e-06,1.089389823660648147e-06,1.101603086015883498e-06,1.115641300688657328e-06,1.131466166040227681e-06,1.148913914168197866e-06,1.167654892248851200e-06,1.187172171872783168e-06,1.206788166510334478e-06,1.225775622470474348e-06,1.243583010435435321e-06,1.260172427673732604e-06,1.276408125714018818e-06
1.298185182175040152e-06,1.322897021461625929e-06,1.352011854928079544e-06,1.386094704245801136e-06,1.424459128338072288e-06,1.465851119809839992e-06,1.508915602180860509e-06,1.552453135838491359e-06,1.595525284342926410e-06,1.637472314308018596e-06,1.677889882735585640e-06,1.716590829689751724e-06,1.753563673543368112e-06,1.788932118161507980e-06,1.822917318562703554e-06,1.855804084806666401e-06,1.887912020916016096e-06,1.919572246789179456e-06,1.951109850178037211e-06,1.982831728845638515e-06,2.015019132272124715e-06,2.047924034964650307e-06,2.081768446329465548e-06,2.116745836898805118e-06,2.153023988897170263e-06,2.190748723383361897e-06,2.230048092924342705e-06,2.271036745947091822e-06,2.313820262673650597e-06,2.358499333806813247e-06,2.405173705227523720e-06,2.453945849028635329e-06,2.504924347289242540e-06,2.558226993603889072e-06,2.613983631348376499e-06,2.672338759124116066e-06,2.733453944283879249e-06,2.797510095861006650e-06,2.864709659062949650e-06,2.935278804713326533e-06,3.009469698014059190e-06,3.087562940322442274e-06,3.169870295655887528e-06,3.256738301363891292e-06,3.348553250265213680e-06,3.445747193729017418e-06,3.548805108965962846e-06,3.658273514880408629e-06,3.774770904824437671e-06,3.899000477010033313e-06,4.031765794678959051e-06,4.173990212980742012e-06,4.326741188130167284e-06,4.491260964955017737e-06,4.669005660382728757e-06,4.861695476281322166e-06,5.071379757448334961e-06,5.300521952158117671e-06,5.552111339773476934e-06,5.829810744390492010e-06,6.138152286390097507e-06,6.310238067874593996e-06,6.347338216738507611e-06,6.255178059879903734e-06,6.043989258111207657e-06,5.728336040861221744e-06,5.326520965160526594e-06,4.859272824496110475e-06,4.347305900618913090e-06,3.806903845276705124e-06,3.250520403490102209e-06,2.688334238293126822e-06,2.129671617543790044e-06,1.584648727105301528e-06,1.067937700459736384e-06,6.158671352892618624e-07,3.914377151566462360e-07,5.984662993866839933e-07,9.306173940158897302e-07,1.239601634696074901e-06,1.494067136344638249e-06,1.683148139136684707e-06,1.802562279713000119e-06,1.851994230587450007e-06,1.834399135767489248e-06,1.755659865427421268e-06,1.624161680021462080e-06,1.450082267784231638e-06,1.244304040157265360e-06,1.016765148100795591e-06,7.770356342538485940e-07,5.364509483562851530e-07,3.171228773382000105e-07,2.063086882079633219e-07,3.177080465164223923e-07,5.015158297094189098e-07,6.791377965079111083e-07,8.314647340404704689e-07,9.496205779282604203e-07,1.027741078344911455e-06,1.061730602795121241e-06,1.049063644107766607e-06,9.888316646956540201e-07,8.818998337761373537e-07,7.313187096423367305e-07,5.438982069532771869e-07,3.391482887559760052e-07,2.200232308371222628e-07,3.845302383792551699e-07,6.751434105898332235e-07,1.000431777994127160e-06,1.339584953123362728e-06,1.681975941002191086e-06,2.019117418167187093e-06,2.343127593425458398e-06,2.646372959537568652e-06,2.921756059678994399e-06,3.162957997159773742e-06,3.364632976730557151e-06,3.522563268876868103e-06,3.633792650279523480e-06,3.696753704016068322e-06,3.711397166652440512e-06,3.679322968999674174e-06,3.603897209253200447e-06,3.490306865551065323e-06,3.345447813886245375e-06,3.177471863883390320e-06,2.994722523988707637e-06,2.803510471868846908e-06,2.608390790388294441e-06,2.412823424858309770e-06,2.219583522479072138e-06,2.030882463535793575e-06,1.848295968144714029e-06,1.672811742743043058e-06,1.505833140956362865e-06,1.349273739098128418e-06,1.205290972213678243e-06,1.075962488901975772e-06,9.630217438601116917e-07,8.676984917649179731e-07,7.906842028016761126e-07,7.322152014442627824e-07,6.922163662346772413e-07,6.703954090989676902e-07,6.661838248026994033e-07,6.785251662778835209e-07,7.056411252055867173e-07,7.449294684361311400e-07,7.930553466850537657e-07,8.461646010296933377e-07,9.001181455033047905e-07,9.506906044960605762e-07,9.937257280260151942e-07,1.025272257636253248e-06,1.041750090935304080e-06,1.040078315576422447e-06,1.017777799483201018e-06,9.730536790593431807e-07,9.048573753618584815e-07,8.129263806478958835e-07,6.978005256002106303e-07,5.608152148728958458e-07,4.040788387514665834e-07,2.304925662949127437e-07,4.585890080385553718e-08,1.560838582915965425e-07,3.583346320770623965e-07,5.619145252349715290e-07,7.617025471311176026e-07,9.527658262746978940e-07,1.130231524056127155e-06,1.289356979346992128e-06,1.425609032817849169e-06,1.534768793472566762e-06,1.613172737758522201e-06,1.657881015076373463e-06,1.666793740393990201e-06,1.638725187218238537e-06,1.573444004718298979e-06,1.515918034297034284e-06,1.465189231362161823e-06,1.420421087337253085e-06,1.380881328533222924e-06,1.345927594175152268e-06,1.314995494856163402e-06,1.287588564388690062e-06,1.263269727752969327e-06,1.241653996950464876e-06,1.222402174088648548e-06,1.205215390941543025e-06,1.189830350997400360e-06,1.176015167270046077e-06,1.163565709615992622e-06,1.152302390886409764e-06,1.142067333297878428e-06,1.132721865871591380e-06,1.124144311332167862e-06,1.116228026948091836e-06,1.108879668777555520e-06,1.102017652905598999e-06,1.095571656222782616e-06,1.089484753532423704e-06,1.083712933785242217e-06,1.078223874640235677e-06,1.072995853631200513e-06,1.068016791847420898e-06,1.063283428824901747e-06,1.058800629070105936e-06,1.054580820645220910e-06,1.050643564556846025e-06,1.047015250770817918e-06,1.043728913250793979e-06,1.040824153339410022e-06,1.038347158917934943e-06,1.036350806793763678e-06,1.034894838034015730e-06,1.034046100228301544e-06,1.033878855623418598e-06,1.034475156730481519e-06,1.035925285677353648e-06,1.038328230496894295e-06,1.041792115132192841e-06,1.046434387338406139e-06,1.052381369967485632e-06,1.059766464704183068e-06,1.068725846061187947e-06,1.079389930477093521e-06,1.091868397744958599e-06,1.106226431710355867e-06,1.122450782184684549e-06,1.140407186913249472e-06,1.159796683449387858e-06,1.180127891429255326e-06,1.200734149267770932e-06,1.220873463460351834e-06,1.239945407896026866e-06,1.257829214915172448e-06,1.275285982532742500e-06
1.298302078141563392e-06,1.323823132113256971e-06,1.353366329807212631e-06,1.387586630203370550e-06,1.425869237308406900e-06,1.467019382107717072e-06,1.509733856725530430e-06,1.552858001634643245e-06,1.595489344779192706e-06,1.636994274743655053e-06,1.676985230860764825e-06,1.715284124591717651e-06,1.751882879256838762e-06,1.786904862692330904e-06,1.820568698937293352e-06,1.853155582929228091e-06,1.884981147423318758e-06,1.916372620529006567e-06,1.947651510944314759e-06,1.979121554419437880e-06,2.011061284021106217e-06,2.043720391497788533e-06,2.077319006257999158e-06,2.112049083930173174e-06,2.148077218812181745e-06,2.185548335462124422e-06,2.224589849760653558e-06,2.265316006322492947e-06,2.307832192790378775e-06,2.352239102953195263e-06,2.398636672953404868e-06,2.447127752142381707e-06,2.497821496423197231e-06,2.550836490709364063e-06,2.606303621280363079e-06,2.664368730509512897e-06,2.725195097237624585e-06,2.788965796984451247e-06,2.855886007754750196e-06,2.926185339437902381e-06,3.000120277163574820e-06,3.077976840085025441e-06,3.160073553436856525e-06,3.246765279839008080e-06,3.338448543047825699e-06,3.435567989374723150e-06,3.538624138014021771e-06,3.648182742952921742e-06,3.764886185967770205e-06,3.889467449870987639e-06,4.022767395494111842e-06,4.165756300901854057e-06,4.319560938461264156e-06,4.485498892648178710e-06,4.665122394005755744e-06,4.860274703278464733e-06,5.073163064158025680e-06,5.306453473117999345e-06,5.563393945569875634e-06,5.847974382239663090e-06,6.165131995213656200e-06,6.347693894770503834e-06,6.397107708829659167e-06,6.319133964128739001e-06,6.123754265009139630e-06,5.824799733610932145e-06,5.439166165533084770e-06,4.985483368471392232e-06,4.482217026350524867e-06,3.945579781419679623e-06,3.389163840100490085e-06,2.824530069056286120e-06,2.262144645165772362e-06,1.712663292973449824e-06,1.189610310815441936e-06,7.196301680114206708e-07,4.055436092079602795e-07,5.001814919109363735e-07,8.057607616806088050e-07,1.107171745401414483e-06,1.359172474199822631e-06,1.548562960946780588e-06,1.670447562144485904e-06,1.724124304137279482e-06,1.712019866937722373e-06,1.639204897194042956e-06,1.512938735929380601e-06,1.342087494833275634e-06,1.136437309433297967e-06,9.061812026377804437e-07,6.628226843577646384e-07,4.243243852783071823e-07,2.469181765492222422e-07,2.882916001293699657e-07,4.814004135327919546e-07,6.916347500414819881e-07,8.852781314002163905e-07,1.049802529365237277e-06,1.177494320613623375e-06,1.262769991617555302e-06,1.301663488051561937e-06,1.291781229440321027e-06,1.232371299014538914e-06,1.124431627504084385e-06,9.709109648911327180e-07,7.773292988456248949e-07,5.544674427090683265e-07,3.347337886337553022e-07,2.702215020318224349e-07,4.848173633433780374e-07,7.927619609368351973e-07,1.125384191217375328e-06,1.464104609492618882e-06,1.798665884634578393e-06,2.120921101246062316e-06,2.423583611087313344e-06,2.700053800208649951e-06,2.944497290596007162e-06,3.151978667944444138e-06,3.318598668896296929e-06,3.441623218443646162e-06,3.519602475872927084e-06,3.552476821961869823e-06,3.541660196376662781e-06,3.490078941942646025e-06,3.402124469540048023e-06,3.283453056770449262e-06,3.140549933298348314e-06,2.979999142059022434e-06,2.807568507614493416e-06,2.628031405705860053e-06,2.445327383588502428e-06,2.262744174956945529e-06,2.083021689671556532e-06,1.908408802846055652e-06,1.740801228803951083e-06,1.582089629259113551e-06,1.434258651965434611e-06,1.299287977079546244e-06,1.178980078158846634e-06,1.074802972430207660e-06,9.877980295872185490e-07,9.185716455402463330e-07,8.673549347647480894e-07,8.340780018089697380e-07,8.183867121027043815e-07,8.195586012343156990e-07,8.363462299832552479e-07,8.668359258984128937e-07,9.084046671943825704e-07,9.577998498998678402e-07,1.011299915748672059e-06,1.064897891557784999e-06,1.114472893077135385e-06,1.155944227551134740e-06,1.185421242143679752e-06,1.199361305711872360e-06,1.194710370365183751e-06,1.169018552205051546e-06,1.120529837073748015e-06,1.048246651700793669e-06,9.519706070590228956e-07,8.323219932307350648e-07,6.907455480745278465e-07,5.295315486050318835e-07,3.520093950921367658e-07,1.645783023509224579e-07,7.319476622741260954e-08,2.613736637042794838e-07,4.672942222370075081e-07,6.708029667008512176e-07,8.658423427944020273e-07,1.047276387801269572e-06,1.210293449252767269e-06,1.350392313255231763e-06,1.463476528162608757e-06,1.546008166135176588e-06,1.595148676678890079e-06,1.608869368956574441e-06,1.586028514954796957e-06,1.526416757589816591e-06,1.473684286340553760e-06,1.427009394433741687e-06,1.385670016845741644e-06,1.349030556016141280e-06,1.316530633472063602e-06,1.287675527025882813e-06,1.262028026216223124e-06,1.239201462454161426e-06,1.218853709207293731e-06,1.200681986262905137e-06,1.184418335346087878e-06,1.169825661140181223e-06,1.156694252703953606e-06,1.144838716484537231e-06,1.134095264644988110e-06,1.124319312145335545e-06,1.115383343627374410e-06,1.107175017178737579e-06,1.099595476879508746e-06,1.092557849951879973e-06,1.085985907551986465e-06,1.079813745727262288e-06,1.073988093264849535e-06,1.068467934964870432e-06,1.063223373152147467e-06,1.058234617265882993e-06,1.053491096805680214e-06,1.048990696193134479e-06,1.044739112287109790e-06,1.040749335727568236e-06,1.037041255983949074e-06,1.033641387385292244e-06,1.030582710217086383e-06,1.027904618034109761e-06,1.025652960532344557e-06,1.023880171403732344e-06,1.022645473023975537e-06,1.022015154489595882e-06,1.022062925345874897e-06,1.022870351636218202e-06,1.024527378356975360e-06,1.027132923685563244e-06,1.030795480254755807e-06,1.035633554381508766e-06,1.041775584539003775e-06,1.049358670478516084e-06,1.058524989596501166e-06,1.069414196615892816e-06,1.082149522097187765e-06,1.096815031381564862e-06,1.113422210612780583e-06,1.131866690348213968e-06,1.151881658484779079e-06,1.173004090110834945e-06,1.194582382639054177e-06,1.215864705379067841e-06,1.236206146983187113e-06,1.255405180215404742e-06,1.274117814925104015e-06
1.298417531689604138e-06,1.324782274022170954e-06,1.354767968458004891e-06,1.389118635781558477e-06,1.427294017586304220e-06,1.468162669334355436e-06,1.510476936823943424e-06,1.553129621198210355e-06,1.595256005200534381e-06,1.636249894859573313e-06,1.675741654201231748e-06,1.713563410764717049e-06,1.749711627932137618e-06,1.784310365591677734e-06,1.817576532129636666e-06,1.849788240509562703e-06,1.881257382194452379e-06,1.912307239773411377e-06,1.943255449798780610e-06,1.974402107652846215e-06,2.006022419106553832e-06,2.038363094604936951e-06,2.071641631586163450e-06,2.106047688709743326e-06,2.141745873711292988e-06,2.178879404766434634e-06,2.217574238704864918e-06,2.257943375078798120e-06,2.300091138301384960e-06,2.344117311279415353e-06,2.390121046209847436e-06,2.438204515475977646e-06,2.488476291848452626e-06,2.541054465979399213e-06,2.596069523337635481e-06,2.653667014467598701e-06,2.714010063352197522e-06,2.777281769768610729e-06,2.843687573402742255e-06,2.913457660190993091e-06,2.986849504349345969e-06,3.064150651452378755e-06,3.145681818058595323e-06,3.231800782739037728e-06,3.322907853874893120e-06,3.419452539627361658e-06,3.521941558840965529e-06,3.630948529709617948e-06,3.747125774031172705e-06,3.871218809945356776e-06,4.004084287316864635e-06,4.146712363657830028e-06,4.300254846108283884e-06,4.466060863822867432e-06,4.645722417940793299e-06,4.841132917949623023e-06,5.054562779905436334e-06,5.288757325400003020e-06,5.547063481483918171e-06,5.833592839814956977e-06,6.153428783451553413e-06,6.339895815195948180e-06,6.394486682999121215e-06,6.322928980821807187e-06,6.135048530490195955e-06,5.844344849766235799e-06,5.467171791949455950e-06,5.021450198230740337e-06,4.524994955033230264e-06,3.993913397943309460e-06,3.442079030090272957e-06,2.881440449568432521e-06,2.322747130046640898e-06,1.776610464705198882e-06,1.255580055003646541e-06,7.813056051363976541e-07,4.267148218280600501e-07,4.346445764198489889e-07,7.135680694210069662e-07,1.006061897570542490e-06,1.253218306610649389e-06,1.439798520344516563e-06,1.560386534893045245e-06,1.613938605974714780e-06,1.602447186805997128e-06,1.530387732435245510e-06,1.404288911722487079e-06,1.232289841899749456e-06,1.023774763502397139e-06,7.895338509389770960e-07,5.442513981760944526e-07,3.217807076019804233e-07,2.544218221866461613e-07,4.250351990060700510e-07,6.589258729572528904e-07,8.900044248991480352e-07,1.099385673385465663e-06,1.276903434243354864e-06,1.415256995726194367e-06,1.508910309450468095e-06,1.553910963554987126e-06,1.547929329761785665e-06,1.490343922622263043e-06,1.382325853165437349e-06,1.226934411744612531e-06,1.029340240174811826e-06,7.976926879913498361e-07,5.473176441279334047e-07,3.273587542831337007e-07,3.250372919138460302e-07,5.715079218626264956e-07,8.858624562677255498e-07,1.215271554046460579e-06,1.543411890628705389e-06,1.860885197709307114e-06,2.160365409897255950e-06,2.435567947275987377e-06,2.681046585234639286e-06,2.892216835177847485e-06,3.065446991554560736e-06,3.198165962251911960e-06,3.288966937043259669e-06,3.337693263225715701e-06,3.345491791808961318e-06,3.314813114330899285e-06,3.249329418755857632e-06,3.153733872653062006e-06,3.033391981248462364e-06,2.893856581609718336e-06,2.740366578786046729e-06,2.577616141855774009e-06,2.409727858091508812e-06,2.240299997205092781e-06,2.072459165563420964e-06,1.908915764727239257e-06,1.752059142987388574e-06,1.604100196717192002e-06,1.467123775466518702e-06,1.343041613490851320e-06,1.233497689365500760e-06,1.139781466150920072e-06,1.062786654504806320e-06,1.003026608194080374e-06,9.606859880956151570e-07,9.356622740720255861e-07,9.275488461091779546e-07,9.355444209770255760e-07,9.583238782199653572e-07,9.939342149446348004e-07,1.039768205632179387e-06,1.092638376113100717e-06,1.148915373952352698e-06,1.204684762434731905e-06,1.255896459233148660e-06,1.298506773446082112e-06,1.328630733983468215e-06,1.342716097464846095e-06,1.337701440641551069e-06,1.311142916668062366e-06,1.261308178044181786e-06,1.187240925214441799e-06,1.088800645824806345e-06,9.666831149699934822e-07,8.224325261969804676e-07,6.584788851197505364e-07,4.783449776878781386e-07,2.879702411449800431e-07,1.128986609748459919e-07,1.706960694859960532e-07,3.682948323093493788e-07,5.724900530635905156e-07,7.699818190587395619e-07,9.545239956519413937e-07,1.121020907088108655e-06,1.264911727768691538e-06,1.382131271060605532e-06,1.469200109578948209e-06,1.523336491660215183e-06,1.542554952745827461e-06,1.525739836566716012e-06,1.472690765173990688e-06,1.425540575925875899e-06,1.383616680104563383e-06,1.346322745914248353e-06,1.313129633519428978e-06,1.283567375170465174e-06,1.257218189612714649e-06,1.233710428880901631e-06,1.212713330138312983e-06,1.193932449711129463e-06,1.177105672061467653e-06,1.161999704234837384e-06,1.148406982636579997e-06,1.136142932685507473e-06,1.125043532906871770e-06,1.114963143711721067e-06,1.105772567910763470e-06,1.097357315342548728e-06,1.089616048202397990e-06,1.082459187010608329e-06,1.075807659862413240e-06,1.069591779812781084e-06,1.063751120323202804e-06,1.058237004461876336e-06,1.053012247632140453e-06,1.048050118218079295e-06,1.043333416792916346e-06,1.038853668644302791e-06,1.034610428094441568e-06,1.030610695673559827e-06,1.026868450032633822e-06,1.023404295548876961e-06,1.020245224292683692e-06,1.017424488067680780e-06,1.014981573444446858e-06,1.012962270968149356e-06,1.011418829833190709e-06,1.010410191831427329e-06,1.010002303334664048e-06,1.010268510608228103e-06,1.011290049492651267e-06,1.013156640566057020e-06,1.015967186506756593e-06,1.019830524838012829e-06,1.024866093912637191e-06,1.031204191199614781e-06,1.038985202739924599e-06,1.048356729169153795e-06,1.059466932070799763e-06,1.072451777564724686e-06,1.087413459867673203e-06,1.104387756797356388e-06,1.123300397340913573e-06,1.143917966963748498e-06,1.165808407909505465e-06,1.188339207592193074e-06,1.210753676645576119e-06,1.232367138499943050e-06,1.252899909087507070e-06,1.272901481057432958e-06
1.298528305118789397e-06,1.325770900937216520e-06,1.356213277492949480e-06,1.390687445784807118e-06,1.428730619063590342e-06,1.469278823344518161e-06,1.511143620574054418e-06,1.553267861759550122e-06,1.594826267395843966e-06,1.635241272024624338e-06,1.674162258736974663e-06,1.711432699999954545e-06,1.747054739979828869e-06,1.781154175516114422e-06,1.813947035393169776e-06,1.845708903961869829e-06,1.876748178761736123e-06,1.907384156754837923e-06,1.937930318975477637e-06,1.968682648201821317e-06,1.999912415042150416e-06,2.031862650537527759e-06,2.064747466532853951e-06,2.098753439288609434e-06,2.134042386535173670e-06,2.170755004104281905e-06,2.209014960136732292e-06,2.248933159401036517e-06,2.290611982678858141e-06,2.334149376828773233e-06,2.379642722992120182e-06,2.427192447379609304e-06,2.476905365115887908e-06,2.528897766205402303e-06,2.583298266665644826e-06,2.640250459446328254e-06,2.699915410503576729e-06,2.762474056376091664e-06,2.828129571369239329e-06,2.897109785038760645e-06,2.969669743510737319e-06,3.046094519846140666e-06,3.126702318060879438e-06,3.211848256925767655e-06,3.301929775930144037e-06,3.397393253115788826e-06,3.498741940012381237e-06,3.606545539521859780e-06,3.721451848813019170e-06,3.844201017636010103e-06,3.975643144404760106e-06,4.116760163417257464e-06,4.268693287381784215e-06,4.432777687017318640e-06,4.610586647809922642e-06,4.803988182453136146e-06,5.015218034649071025e-06,5.246974205692246398e-06,5.502539528387039495e-06,5.785940209159604312e-06,6.102149127912647932e-06,6.285795992754452131e-06,6.338315005479491012e-06,6.265378254938420467e-06,6.076807085974819902e-06,5.786214143552758378e-06,5.410246942449179581e-06,4.967300014110925861e-06,4.475662196108210856e-06,3.951454444470306266e-06,3.408226110671828726e-06,2.857464519884962553e-06,2.309393039436097157e-06,1.773951657020653365e-06,1.262537859362023990e-06,7.937419004459113589e-07,4.267023461506592251e-07,3.907417554456444456e-07,6.527349622558046871e-07,9.368652585057147227e-07,1.177358084435020598e-06,1.358314966021387218e-06,1.474155685154870105e-06,1.523640826233504731e-06,1.508469791537194268e-06,1.432734711722313998e-06,1.302543691853917430e-06,1.125701622789807861e-06,9.116184887916569251e-07,6.722589556710947613e-07,4.285286774429050097e-07,2.546315670631333535e-07,3.403409257925963195e-07,5.804429765406279079e-07,8.416152705794171585e-07,1.091729181555761123e-06,1.317116095210067877e-06,1.508463253419958767e-06,1.658502408685124857e-06,1.761587202204048703e-06,1.813684775928456142e-06,1.812467134216340271e-06,1.757414387978926873e-06,1.649899059630034910e-06,1.493242510512623912e-06,1.292768195246117141e-06,1.056004487312895033e-06,7.937688644096517637e-07,5.261418861919920189e-07,3.208367797014583398e-07,3.744997795318123531e-07,6.357061716474126394e-07,9.451874496060081002e-07,1.261305616882175009e-06,1.569966880567860556e-06,1.862920599586183921e-06,2.133887348604682706e-06,2.377669657154516658e-06,2.589952556328414614e-06,2.767308336691647209e-06,2.907267615953621922e-06,3.008404208199663331e-06,3.070406690992966335e-06,3.094117583923609056e-06,3.081522454827725238e-06,3.035670251725069714e-06,2.960506671223159750e-06,2.860610367757978654e-06,2.740846322126076388e-06,2.606005619584142577e-06,2.460594793556608069e-06,2.308751523106040733e-06,2.154223769041625942e-06,2.000371496206481948e-06,1.850181961917163445e-06,1.706311870217205021e-06,1.571159535732499854e-06,1.446882615839500501e-06,1.335360262609296433e-06,1.238133842855661245e-06,1.156363656879116584e-06,1.090825710867872800e-06,1.041949081663867986e-06,1.009867941749215172e-06,9.944466856857000705e-07,9.952463081362345252e-07,1.011434272859271922e-06,1.041674057246176080e-06,1.084036017055386653e-06,1.135957119919574113e-06,1.194314781262113589e-06,1.255560563805892853e-06,1.315860907680622670e-06,1.371220719981477597e-06,1.417596549455484625e-06,1.451040707063611035e-06,1.467927610517220501e-06,1.465142551840140050e-06,1.440218712724822294e-06,1.391429888283972802e-06,1.317849533223373505e-06,1.219385157431050167e-06,1.096795782222860059e-06,9.517034923248114002e-07,7.866279181912892240e-07,6.051490181522012066e-07,4.127212336394048747e-07,2.223992202922295258e-07,1.258849802299222484e-07,2.727144999882268012e-07,4.709680467089972757e-07,6.684497980464062239e-07,8.548068546656624796e-07,1.024071194115529763e-06,1.171432424933789033e-06,1.292752767286761533e-06,1.384541965328914874e-06,1.444027672080083014e-06,1.469235611353487131e-06,1.459054139355596619e-06,1.413275477612191756e-06,1.372341425652212193e-06,1.335735461198662652e-06,1.302993782955054163e-06,1.273699992998538290e-06,1.247480196066062926e-06,1.223998599818380313e-06,1.202953607541311774e-06,1.184074357589003488e-06,1.167117654015158182e-06,1.151865235032677396e-06,1.138121332532909129e-06,1.125710483330283443e-06,1.114475559611488167e-06,1.104275991793548112e-06,1.094986161605511439e-06,1.086493946845039618e-06,1.078699402108160276e-06,1.071513562022099826e-06,1.064857355274247412e-06,1.058660619141018386e-06,1.052861205367464806e-06,1.047405059848391115e-06,1.042248899571183945e-06,1.037360084276782686e-06,1.032715685933372197e-06,1.028301666493394440e-06,1.024112158272000407e-06,1.020148845400756942e-06,1.016420447739481864e-06,1.012942309805368166e-06,1.009736096687433425e-06,1.006829596933476723e-06,1.004256629674418824e-06,1.002057050604574802e-06,1.000276849751744241e-06,9.989683340832908634e-07,9.981903905280726377e-07,9.980088301262996720e-07,9.984968211108413120e-07,9.997354257258197844e-07,1.001814258101211473e-06,1.004832270335153845e-06,1.008898637103235761e-06,1.014133623483566930e-06,1.020669154261702418e-06,1.028648515397423732e-06,1.038224170953130892e-06,1.049552062636418033e-06,1.062780053320623754e-06,1.078027646554427331e-06,1.095354344405028398e-06,1.114715998975945333e-06,1.135913619139435345e-06,1.158548510459712100e-06,1.182011147827657240e-06,1.205545001294095785e-06,1.228430626219875238e-06,1.250313270179244434e-06,1.271635002174957989e-06
1.298631158383543183e-06,1.326785335051044538e-06,1.357698568022439843e-06,1.392289581546691790e-06,1.430176014140760258e-06,1.470365544705096787e-06,1.511732577431563262e-06,1.553272512261554290e-06,1.594201095912481459e-06,1.633970535370947804e-06,1.672250293844074962e-06,1.708896309922167007e-06,1.743917555944391112e-06,1.777442622952416705e-06,1.809687509363882724e-06,1.840925836190134694e-06,1.871462764441751424e-06,1.901613573532618483e-06,1.931687312230266964e-06,1.961975383856944269e-06,1.992744520429533081e-06,2.024233379216219232e-06,2.056651936057251663e-06,2.090182902218918562e-06,2.124984504556385549e-06,2.161194103006584039e-06,2.198932249726158185e-06,2.238306907350295968e-06,2.279417635129059296e-06,2.322359621444228070e-06,2.367227492351738647e-06,2.414118862213577579e-06,2.463137618071947462e-06,2.514396947619198083e-06,2.568022134242800566e-06,2.624153153839623532e-06,2.682947118460486286e-06,2.744580622386253545e-06,2.809252057469374821e-06,2.877183976495823080e-06,2.948625595291535839e-06,3.023855534779248949e-06,3.103184808655824308e-06,3.186960337300361433e-06,3.275570091518419800e-06,3.369449405240954455e-06,3.469088509024721174e-06,3.575041575491548689e-06,3.687937650856679249e-06,3.808493956861574527e-06,3.937532194534559627e-06,4.075998678810500514e-06,4.224989399973669005e-06,4.385781470331157186e-06,4.559872908887156622e-06,4.749033393462476689e-06,4.955369537450892529e-06,5.181409517703321699e-06,5.430213599262321025e-06,5.705519368264945768e-06,6.011933272609012856e-06,6.186173230105664650e-06,6.229485586663168612e-06,6.147417734749310714e-06,5.949871049609898345e-06,5.650949307716644721e-06,5.268420447473258890e-06,4.822499850979166781e-06,4.333518819635740439e-06,3.817600980504739568e-06,3.287159348599166515e-06,2.752274622324321238e-06,2.221826155125147172e-06,1.704454105345287483e-06,1.210046856826261148e-06,7.548934844090282306e-07,3.938875977472054626e-07,3.612479353950005361e-07,6.229553777257031271e-07,9.003384613587701782e-07,1.132710080316901822e-06,1.305519636211232980e-06,1.413493111600137662e-06,1.455375406938603361e-06,1.432718397063580823e-06,1.349416557656392698e-06,1.211401949600977007e-06,1.026433979846734733e-06,8.042809988896857876e-07,5.588518425731383484e-07,3.239238203302533202e-07,2.539541218811991736e-07,4.602754017797412445e-07,7.393914638881636151e-07,1.023137710204697363e-06,1.291871115276012470e-06,1.533859094290274268e-06,1.739941158519838804e-06,1.902645153608195703e-06,2.016095711369725077e-06,2.076097707569199532e-06,2.080259095225809845e-06,2.028115297596632238e-06,1.921237515791046348e-06,1.763306591009141392e-06,1.560127372599850394e-06,1.319575488680863988e-06,1.051631183067197404e-06,7.694462534389183496e-07,4.966756413436034560e-07,3.163381339013667652e-07,4.083723183592835178e-07,6.683434698525102314e-07,9.623107974344355473e-07,1.256428576741152827e-06,1.538584778420254363e-06,1.801712425762442851e-06,2.040581728116136893e-06,2.251013925124707954e-06,2.429698399184703178e-06,2.574197093395141080e-06,2.683004341684661338e-06,2.755607970121416917e-06,2.792524719408428209e-06,2.795294095795026835e-06,2.766419856513344661e-06,2.709251158996843544e-06,2.627796005184123654e-06,2.526453022276455379e-06,2.409638912432630012e-06,2.281626608796901151e-06,2.146468067002078201e-06,2.007945768727769734e-06,1.869531530539474309e-06,1.734347285790566939e-06,1.605150255830543091e-06,1.484419384548377113e-06,1.374344580252605819e-06,1.276774515593467689e-06,1.193168347232089697e-06,1.124580009777036906e-06,1.071685755325001820e-06,1.034842417290081521e-06,1.014142533589410607e-06,1.009427970375845726e-06,1.020245469575400144e-06,1.045763793360175201e-06,1.084690357665006022e-06,1.135195003804296038e-06,1.194783037572158223e-06,1.260395889439869980e-06,1.328567001965111793e-06,1.395556284965509408e-06,1.457437063250823284e-06,1.510139664127986937e-06,1.549536298056996749e-06,1.571836576312490193e-06,1.573818151654526667e-06,1.552964091614571393e-06,1.507542140631712453e-06,1.436648803711326876e-06,1.340232539187378170e-06,1.219104614999508102e-06,1.074946663872951565e-06,9.103361596182224292e-07,7.288599723693161927e-07,5.356077740845448350e-07,3.397276770126517368e-07,1.749620620956821273e-07,1.969485087097647607e-07,3.717403301154203074e-07,5.648046650731789448e-07,7.510272870004797130e-07,9.219946749610323327e-07,1.072250272381975771e-06,1.197417035993889855e-06,1.293903769820421739e-06,1.358892763761136108e-06,1.390385867954163492e-06,1.387251764314156028e-06,1.349257779861991751e-06,1.315010732347558664e-06,1.284151935609954089e-06,1.256352665536437483e-06,1.231312083034814184e-06,1.208755199353806490e-06,1.188430943877473023e-06,1.170110352630108968e-06,1.153584878259731904e-06,1.138664815485634855e-06,1.125177833948772187e-06,1.112967610400386550e-06,1.101892552939744166e-06,1.091824610972723093e-06,1.082648165448621614e-06,1.074258994649926835e-06,1.066563311347119273e-06,1.059476867511755944e-06,1.052924123041309646e-06,1.046837475123803998e-06,1.041156544989133309e-06,1.035827518880575003e-06,1.030803437024687853e-06,1.026047060408635834e-06,1.021530877811046720e-06,1.017236291209862803e-06,1.013152898661965692e-06,1.009277868685162189e-06,1.005615404629076473e-06,1.002176300745114677e-06,9.989775931471781350e-07,9.960423085768370854e-07,9.933993121965340179e-07,9.910832531437622957e-07,9.891346040765257629e-07,9.875997893019715386e-07,9.865313961620911516e-07,9.859884668420812430e-07,9.860368729720489645e-07,9.867497828859489974e-07,9.882082394707129878e-07,9.905018712809174111e-07,9.937297535046136803e-07,9.980014052893974133e-07,1.003437834496718565e-06,1.010172388219975177e-06,1.018350895092737535e-06,1.028130148653722072e-06,1.039673157024778158e-06,1.053138827489305786e-06,1.068663096784243026e-06,1.086328509161219862e-06,1.106120886260803607e-06,1.127876458610819573e-06,1.151232058144323317e-06,1.175604881985417633e-06,1.200243580445131771e-06,1.224399180893988929e-06,1.247645420445353765e-06,1.270316573420060809e-06
1.298722859538592007e-06,1.327821774996204360e-06,1.359219962898679126e-06,1.393921368885235314e-06,1.431627005574945639e-06,1.471420398157536790e-06,1.512242369278499309e-06,1.553143279251281409e-06,1.593381409156454682e-06,1.632439833094740637e-06,1.670009136831438858e-06,1.705958846525269119e-06,1.740305917460901818e-06,1.773182799739849175e-06,1.804806316106332390e-06,1.835448693001199780e-06,1.865412114889922743e-06,1.895007814423616673e-06,1.924540134862651027e-06,1.954295437868489497e-06,1.984535319309258632e-06,2.015493375352034322e-06,2.047374703524328544e-06,2.080357376573438750e-06,2.114595239601283527e-06,2.150221514038862381e-06,2.187352820759503919e-06,2.226093346162626049e-06,2.266538964847648865e-06,2.308781200978980157e-06,2.352910960560688277e-06,2.399022002442456349e-06,2.447214140806826507e-06,2.497596189525099934e-06,2.550288671872936113e-06,2.605426329779343767e-06,2.663160476556998237e-06,2.723661246897088034e-06,2.787119808264529902e-06,2.853750608615596099e-06,2.923793745834076239e-06,2.997517552771412629e-06,3.075221357542914744e-06,3.157238579002496948e-06,3.243941426471235458e-06,3.335746679572027308e-06,3.433122529656520509e-06,3.536596719188703913e-06,3.646766278161321483e-06,3.764309238805333891e-06,3.889998818562424556e-06,4.024720706644209343e-06,4.169494286364751318e-06,4.325498896284271609e-06,4.494106613191106775e-06,4.676923586053202846e-06,4.875842757904100058e-06,5.093112047090271442e-06,5.331424008264145694e-06,5.594036152294830987e-06,5.884936273041508797e-06,6.043635840843680844e-06,6.070990760946547804e-06,5.972216256028023095e-06,5.757169238843049481e-06,5.440589994301737667e-06,5.042089947238536793e-06,4.585478221960160188e-06,4.096898017734083233e-06,3.591558137188531878e-06,3.079074687980890475e-06,2.566857101890136829e-06,2.061614073645175679e-06,1.570157539943171867e-06,1.100466551199676995e-06,6.663991373460271777e-07,3.279749316027124196e-07,3.508195010850484645e-07,6.263696702377845257e-07,8.977470806507128364e-07,1.120455174784229828e-06,1.282772755067565045e-06,1.380057648737900616e-06,1.411167069704011446e-06,1.377615982391294182e-06,1.283247009805647774e-06,1.134011624965840637e-06,9.378569561115525229e-07,7.052251544025071115e-07,4.527935893396558336e-07,2.413602178612635557e-07,3.122438858165911189e-07,5.866075343775702678e-07,8.931765647349065221e-07,1.197816175258694777e-06,1.485482351865033499e-06,1.744944447519927661e-06,1.966771095859662027e-06,2.143117241909207323e-06,2.267789663381364728e-06,2.336360268834048843e-06,2.346297316939741859e-06,2.297110494899498749e-06,2.190506566693586076e-06,2.030542088132934701e-06,1.823723963729704277e-06,1.578938268497808615e-06,1.307083738092793130e-06,1.020709604430658370e-06,7.324593839832313130e-07,4.665769865333472242e-07,3.113957800460856736e-07,4.170054342066628640e-07,6.612518862780168407e-07,9.306445858058808936e-07,1.196045167974263765e-06,1.446861561831838101e-06,1.677065936716045334e-06,1.882326706349580089e-06,2.059299200094044778e-06,2.205475811374180535e-06,2.319197997537308576e-06,2.399702777399427588e-06,2.447156593619975211e-06,2.462658874372701957e-06,2.448211201376588300e-06,2.406655214446818914e-06,2.341581420745669041e-06,2.257168887630587304e-06,2.157495231098588548e-06,2.046553494863780576e-06,1.928239123755012726e-06,1.806295293007125817e-06,1.684233839261509290e-06,1.565219127693153840e-06,1.451920103890051630e-06,1.346810171912140041e-06,1.252079466377421676e-06,1.169536188684818903e-06,1.100555260143188816e-06,1.046086440780652850e-06,1.006713842112003438e-06,9.827361791521241331e-07,9.742222595494322490e-07,9.810067138107963571e-07,1.002630088355438980e-06,1.038271294448243405e-06,1.086729781999563931e-06,1.146440069485607721e-06,1.214972307343635163e-06,1.289305081452411936e-06,1.366055806315934526e-06,1.441622400989919608e-06,1.512226857235866505e-06,1.573806894154961387e-06,1.621773598079748388e-06,1.652043501879420267e-06,1.661235289704943675e-06,1.646769976056854956e-06,1.606912585275196386e-06,1.540787073769352553e-06,1.448381966827358901e-06,1.330552691732375637e-06,1.189025318836793705e-06,1.026415310972737807e-06,8.463053016979104810e-07,6.535441057587532438e-07,4.555320183852902123e-07,2.695725270544751300e-07,1.741780939885668120e-07,2.833911910847635707e-07,4.631310164170396609e-07,6.461564372911771075e-07,8.173110038898569112e-07,9.696366381068412679e-07,1.098201963666843576e-06,1.199180800670909081e-06,1.269642612455341491e-06,1.307527877885334703e-06,1.311662377588341965e-06,1.281771853352987872e-06,1.254516617589382303e-06,1.229693122216371064e-06,1.207106367309824499e-06,1.186570575379069993e-06,1.167909724249784072e-06,1.150957890828773881e-06,1.135559407720436043e-06,1.121568856326065210e-06,1.108850926124783998e-06,1.097280168840567455e-06,1.086740672665857104e-06,1.077125677687675662e-06,1.068337149935375708e-06,1.060285328263137528e-06,1.052888255595836615e-06,1.046071303835161368e-06,1.039766699865698154e-06,1.033913058550253673e-06,1.028454927305963818e-06,1.023342345765712689e-06,1.018530423120274233e-06,1.013979836743300705e-06,1.009659886625032401e-06,1.005548641146207728e-06,1.001632242901632621e-06,9.979043008854847918e-07,9.943653628690129098e-07,9.910224665456337311e-07,9.878887714823828572e-07,9.849832756585451321e-07,9.823306203768551307e-07,9.799609859171755020e-07,9.779100780380676904e-07,9.762192030706384813e-07,9.749354277484773304e-07,9.741118199429741586e-07,9.738077688663339820e-07,9.740893884836106681e-07,9.750300156206480575e-07,9.767108231918505107e-07,9.792215757162928812e-07,9.826615520803531496e-07,9.871406371387558204e-07,9.927805188265439610e-07,9.997157894941331130e-07,1.008094495500287063e-06,1.018077257224923058e-06,1.029833456411766109e-06,1.043532188833458950e-06,1.059324902492519040e-06,1.077316396527380306e-06,1.097522135001673538e-06,1.119814137111213088e-06,1.143866675965664882e-06,1.169127215324781969e-06,1.194854572301428265e-06,1.220275692449246061e-06,1.244896808839763074e-06,1.268944573891581425e-06
1.298800195231235259e-06,1.328876304341390606e-06,1.360773404504211650e-06,1.395578946318568981e-06,1.433080234183862868e-06,1.472440817727166583e-06,1.512671451348927203e-06,1.552879783265317850e-06,1.592368071859548602e-06,1.630651321938032696e-06,1.667442280114572819e-06,1.702625189217011335e-06,1.736226149884559772e-06,1.768382538689189898e-06,1.799312854972836305e-06,1.829288494407118532e-06,1.858608920057674941e-06,1.887581285855937296e-06,1.916504956738654626e-06,1.945660794430962887e-06,1.975304668401657046e-06,2.005664436718490059e-06,2.036939589238786494e-06,2.069302801899924785e-06,2.102902764480710770e-06,2.137867776626103353e-06,2.174309734096458028e-06,2.212328236844620933e-06,2.252014638465767479e-06,2.293455923429083205e-06,2.336738347287200375e-06,2.381950809597223861e-06,2.429187953358054163e-06,2.478553001682752975e-06,2.530160354865010275e-06,2.584137981005853407e-06,2.640629642383284447e-06,2.699797008669793124e-06,2.761821717304402332e-06,2.826907450623066545e-06,2.895282107874071975e-06,2.967200156169984985e-06,3.042945068329395996e-06,3.122831873947276210e-06,3.207211263074770417e-06,3.296474645651705818e-06,3.391060065144075543e-06,3.491459133516767426e-06,3.598225192065130511e-06,3.711982949770217727e-06,3.833439911022869091e-06,3.963399982777498499e-06,4.102779755483583246e-06,4.252628096216032377e-06,4.414149901014375289e-06,4.588735173298437031e-06,4.777995118178243798e-06,4.983807854168680201e-06,5.208378027156557939e-06,5.454317863445531413e-06,5.724763666552573731e-06,5.862617960213345922e-06,5.868046217846140831e-06,5.745503670256661421e-06,5.504285847387381181e-06,5.159370365186991063e-06,4.732339084294984619e-06,4.251796846392047813e-06,3.762247010400292328e-06,3.272242309700676919e-06,2.785002858376750099e-06,2.303683279429441974e-06,1.832174081127649250e-06,1.375325789910226097e-06,9.393502137626359433e-07,5.334571588871090152e-07,2.424448132200567060e-07,3.759788917938029712e-07,6.665811023652800513e-07,9.304666700535751884e-07,1.141630695241793250e-06,1.291249419622736117e-06,1.375323802285233406e-06,1.392845527168919236e-06,1.345340495144920876e-06,1.236691541365911956e-06,1.073022144981387412e-06,8.626349828681438231e-07,6.172061267675452398e-07,3.564685679032168592e-07,1.947703656442274155e-07,3.928120634853382328e-07,7.059160969461023811e-07,1.034902582434106376e-06,1.360234370130238166e-06,1.667735554187529437e-06,1.945858907623818577e-06,2.184580340721705165e-06,2.375571274043399373e-06,2.512278208066389389e-06,2.589991569627147000e-06,2.605953795354039775e-06,2.559515544088163287e-06,2.452351372069826657e-06,2.288754456968987872e-06,2.075990933821251533e-06,1.824483123166733290e-06,1.547236073149397843e-06,1.261289526433617356e-06,9.741494604511517419e-07,6.948004859123133135e-07,4.447440489583429405e-07,3.028880501165377060e-07,3.935101797224832064e-07,6.090632719762217601e-07,8.466375033650144071e-07,1.078733714324319861e-06,1.295606112058973687e-06,1.491896287695081632e-06,1.663862563863890919e-06,1.808733423233124166e-06,1.924579125682218701e-06,2.010312906984133342e-06,2.065709677123090225e-06,2.091409967458303955e-06,2.088908134226212526e-06,2.060543275492312459e-06,2.009544046421308993e-06,1.940440171972956480e-06,1.856836951118261311e-06,1.762346104831379147e-06,1.660647563575452041e-06,1.555410919782074495e-06,1.450190854070821237e-06,1.348229634933121980e-06,1.251700002303127918e-06,1.163049501081327251e-06,1.084469822061245100e-06,1.017712288452749182e-06,9.640407742516230986e-07,9.242802585151814774e-07,8.989236501439497660e-07,8.882386734049357690e-07,8.923115706111100832e-07,9.109991616051513258e-07,9.438273765038455437e-07,9.899320186157213112e-07,1.048166527945901594e-06,1.117766512073645262e-06,1.196191805911514709e-06,1.280353801209950534e-06,1.366942305717149584e-06,1.452573301495339891e-06,1.533842682440805968e-06,1.607054838094621741e-06,1.666254679805150835e-06,1.706979466778026415e-06,1.725679370785845374e-06,1.719741010274828022e-06,1.687459595369764197e-06,1.628008039252105339e-06,1.541421488075735538e-06,1.428592692678446425e-06,1.291275256200302172e-06,1.132102721126773254e-06,9.546522638842228738e-07,7.636385514315016241e-07,5.655864844904145287e-07,3.721221359963389571e-07,2.185069217616702014e-07,2.212949425273786994e-07,3.686123888926148045e-07,5.432751469491249808e-07,7.124453091218329647e-07,8.657884708497081232e-07,9.971434540635920869e-07,1.102252242337764969e-06,1.177988698758653600e-06,1.222194166146808742e-06,1.233631299668520188e-06,1.211970046065342213e-06,1.191846559471391603e-06,1.173205787400676626e-06,1.155981488951177557e-06,1.140099309822757651e-06,1.125479593430125074e-06,1.112039760992713006e-06,1.099696243647554211e-06,1.088366007990604256e-06,1.077967733389229261e-06,1.068422699299205367e-06,1.059655434643815881e-06,1.051594173708780182e-06,1.044171155760898345e-06,1.037322799273910777e-06,1.030989776315996365e-06,1.025117008221066927e-06,1.019653599990092028e-06,1.014552727815116039e-06,1.009771491574166661e-06,1.005270742018606025e-06,1.001014890593100985e-06,9.969726135265006606e-07,9.931200876129733781e-07,9.894412750914900575e-07,9.859273517694146207e-07,9.825762103263088724e-07,9.793920325357637939e-07,9.763849291232165576e-07,9.735706496278320706e-07,9.709703665929043980e-07,9.686105386637691456e-07,9.665228560127576783e-07,9.647442694645935706e-07,9.633171024732029454e-07,9.622892435310230895e-07,9.617144165384144069e-07,9.616525289047402401e-07,9.621701022142784165e-07,9.633407981447462098e-07,9.652460619320066532e-07,9.679759141779202937e-07,9.716299232241047589e-07,9.763183735185439594e-07,9.821635911712226857e-07,9.893012655332388262e-07,9.978813706174761983e-07,1.008067887130788251e-06,1.020035905900594535e-06,1.033963861420331900e-06,1.050017756443545773e-06,1.068323763060272448e-06,1.088926493885600615e-06,1.111734091547668614e-06,1.136459924407986908e-06,1.162585051091798444e-06,1.189383370806057327e-06,1.216063360405042219e-06,1.242068178463249425e-06,1.267517575853855005e-06
1.298859981185946981e-06,1.329944900570869710e-06,1.362354663067626946e-06,1.397258273502374700e-06,1.434532186363922899e-06,1.473424111467879670e-06,1.513018173048421401e-06,1.552481555786782930e-06,1.591161889009460761e-06,1.628607158941378108e-06,1.664553321096988544e-06,1.698900478425204385e-06,1.731685046639143579e-06,1.763050393353624447e-06,1.793217536355496255e-06,1.822457590935125665e-06,1.851067541722292779e-06,1.879350423880497951e-06,1.907600348627396616e-06,1.936092222731457771e-06,1.965075607748551143e-06,1.994771960208891325e-06,2.025374450623626293e-06,2.057049621050651156e-06,2.089940256760974414e-06,2.124168979746922279e-06,2.159842197380738476e-06,2.197054147010903754e-06,2.235890863025421205e-06,2.276433957813736258e-06,2.318764155219845949e-06,2.362964548318170362e-06,2.409123576378639732e-06,2.457337731941942917e-06,2.507714020591635756e-06,2.560372205238161896e-06,2.615446874877107249e-06,2.673089385658822023e-06,2.733469729987866946e-06,2.796778396966344776e-06,2.863228293809176079e-06,2.933056800927458639e-06,3.006527812947568578e-06,3.083933648313285200e-06,3.165598442895453887e-06,3.251882352545045884e-06,3.343186372646074946e-06,3.439957865105542460e-06,3.542696893005225807e-06,3.651963471938776023e-06,3.768385853698414269e-06,3.892669960995059892e-06,4.025610089859899919e-06,4.168100988892147343e-06,4.321151414884372236e-06,4.485899266051164382e-06,4.663628446384960142e-06,4.855787820551875449e-06,5.064013239351232784e-06,5.290155313714602498e-06,5.536320101696773334e-06,5.649302429929232922e-06,5.628212449692899540e-06,5.476070490487336452e-06,5.200508974703001092e-06,4.815401865895053762e-06,4.343280121116284687e-06,3.807870567127625904e-06,3.322646657848381331e-06,2.858670261803524526e-06,2.407456522278973129e-06,1.967130257657500159e-06,1.538751351998735928e-06,1.125804405538821455e-06,7.369225039198857061e-07,3.657173957936410148e-07,1.898302011812722912e-07,4.507394478413057643e-07,7.455771323503894282e-07,9.989850860358328711e-07,1.196653026321191482e-06,1.331644096396402062e-06,1.400376086776207480e-06,1.401907581255924809e-06,1.337748958512803543e-06,1.211840354646635796e-06,1.030613273583548211e-06,8.024296494032492153e-07,5.424490960056587027e-07,2.711992079505321961e-07,1.897187452731662539e-07,4.715186133464755192e-07,8.097454183465750282e-07,1.157717413229831490e-06,1.505221882641019684e-06,1.834124019038414144e-06,2.132499818474458616e-06,2.389418770035306930e-06,2.596071874683591006e-06,2.745598432072826462e-06,2.833005439297656014e-06,2.855222871969416772e-06,2.811250101252632897e-06,2.702407434562635943e-06,2.532792594023973306e-06,2.310132040811111857e-06,2.046859171467850241e-06,1.756725377904741402e-06,1.475628711946026504e-06,1.199069550100011045e-06,9.288814536680601465e-07,6.711135850497164534e-07,4.416912701074518809e-07,2.958544051675613118e-07,3.403098924823343753e-07,5.117962415454784579e-07,7.109803192837722602e-07,9.069825738740434008e-07,1.089265774581210115e-06,1.252367988660657950e-06,1.392705466210257029e-06,1.507808896501761002e-06,1.596125848355378191e-06,1.656962122869163804e-06,1.690449180810107436e-06,1.697516449384160046e-06,1.679876262097133792e-06,1.639886142337139319e-06,1.584521764690430316e-06,1.515884227286588965e-06,1.437042196147655982e-06,1.351435792966889293e-06,1.262658839839710853e-06,1.174393725949133593e-06,1.090598226798627035e-06,1.011496017805954419e-06,9.399059725144545166e-07,8.780710931648421090e-07,8.276290286682429016e-07,7.896444400849637388e-07,7.647547540770720066e-07,7.533660885735182522e-07,7.557945226986534864e-07,7.722614123891771174e-07,8.027341539133795218e-07,8.467144192515038603e-07,9.031212975269120348e-07,9.701760694920263549e-07,1.050089145780615847e-06,1.139082405681744045e-06,1.233795530111023607e-06,1.330963481880585222e-06,1.427477288637134031e-06,1.520679657674897756e-06,1.609313412554351027e-06,1.682469746551392967e-06,1.736006648834030524e-06,1.766277474648655032e-06,1.770732727090742925e-06,1.747775850586091827e-06,1.696669991771305957e-06,1.617508620698664651e-06,1.511212187033815127e-06,1.379535791933320202e-06,1.225095315665515035e-06,1.051444689513457833e-06,8.632584279741554671e-07,6.665328155265634522e-07,4.712259670467207490e-07,2.954646101475143021e-07,2.062861573648599305e-07,2.887676978895546577e-07,4.457175018660267985e-07,6.096160767744550701e-07,7.628099719401080907e-07,8.962108168727547420e-07,1.004952803591595669e-06,1.085611375123060020e-06,1.135894717301352724e-06,1.154488147433945790e-06,1.140994990747075222e-06,1.127983241710078649e-06,1.115535810399298150e-06,1.103706728517048992e-06,1.092526418798417736e-06,1.082006473414791878e-06,1.072143760540404689e-06,1.062923864911370161e-06,1.054323930293797185e-06,1.046314986266162513e-06,1.038863838651388055e-06,1.031934594149373352e-06,1.025489879849976589e-06,1.019491809057609440e-06,1.013902736752778210e-06,1.008685841106830934e-06,1.003805561641231236e-06,9.992279197265347315e-07,9.949207429983022944e-07,9.908538117968572192e-07,9.869989428068247274e-07,9.833300225924546854e-07,9.798239086681167554e-07,9.764638364318527488e-07,9.732398406305681192e-07,9.701483051593891882e-07,9.671915770011518294e-07,9.643776380590424500e-07,9.617198337972980195e-07,9.592366613869127552e-07,9.569516221776843880e-07,9.548931437882479761e-07,9.530945761813817786e-07,9.515942642543354819e-07,9.504356973863302854e-07,9.496677348403596432e-07,9.493449057656856049e-07,9.495277845988355266e-07,9.502834475224409422e-07,9.516860234697076619e-07,9.538173632398391429e-07,9.567678602963469470e-07,9.606374615977335809e-07,9.655368963548239201e-07,9.715891070694197730e-07,9.789307610125402692e-07,9.877135066217791007e-07,9.981042586364165221e-07,1.010283187371858460e-06,1.024437231798775304e-06,1.040745969726935363e-06,1.059355981285146294e-06,1.080340375774766090e-06,1.103643523434918513e-06,1.129019271509270338e-06,1.155985361791609435e-06,1.183835583110797848e-06,1.211765682547323690e-06,1.239160567111219799e-06,1.266034353006567499e-06
1.298899072624068027e-06,1.331023444525312644e-06,1.363959345484945631e-06,1.398955139850978715e-06,1.435979201387748322e-06,1.474367465841483666e-06,1.513280778712279665e-06,1.551948036850682488e-06,1.589763601323013476e-06,1.626309495525131446e-06,1.661345954784052154e-06,1.694790105764937304e-06,1.726689855278456009e-06,1.757195617965912930e-06,1.786531753392598345e-06,1.814969625080299380e-06,1.842803962824165953e-06,1.870333629700876170e-06,1.897847202364045634e-06,1.925613180254332856e-06,1.953874245657402710e-06,1.982844806821390722e-06,2.012711025463477252e-06,2.043632599627806839e-06,2.075745691988591345e-06,2.109166526048158036e-06,2.143995296575166728e-06,2.180320145657686171e-06,2.218221038936039672e-06,2.257773439186211837e-06,2.299051719679665615e-06,2.342132291470192987e-06,2.387096440601278392e-06,2.434032886313141706e-06,2.483040082142535857e-06,2.534228290198920334e-06,2.587721466125699647e-06,2.643658999027734206e-06,2.702197357147378000e-06,2.763511695904840043e-06,2.827797488978692833e-06,2.895272243319248671e-06,2.966177092533642604e-06,3.040778000586235307e-06,3.119368373956923283e-06,3.202272327737345057e-06,3.289848321728687289e-06,3.382493180466651253e-06,3.480646494103289808e-06,3.584795368693003921e-06,3.695479448981336808e-06,3.813296066029505443e-06,3.938905254003421477e-06,4.073034218059979295e-06,4.216480593842038419e-06,4.370113483221171932e-06,4.534870729412929832e-06,4.711750133326605516e-06,4.901791208042890886e-06,5.106042500889736448e-06,5.325507512493950884e-06,5.411348122570284456e-06,5.361330688030610249e-06,5.176254386596381731e-06,4.860245297589948238e-06,4.423269228250823649e-06,3.895637371238215053e-06,3.400018530648839668e-06,2.937174821087842876e-06,2.497348034968671717e-06,2.074039955043437707e-06,1.664076564500669514e-06,1.266525641434573446e-06,8.821103454945570571e-07,5.136656345348545186e-07,1.817835374856327313e-07,2.589181163219918855e-07,5.734039828091783349e-07,8.617334430690497256e-07,1.102144205933564088e-06,1.284879167592899450e-06,1.403851028515896254e-06,1.455660485416026809e-06,1.439342547389110840e-06,1.356280447865949469e-06,1.210328045079676857e-06,1.008856743027102182e-06,7.658699289886352751e-07,4.893225653583036491e-07,2.009431441550285437e-07,2.114494379129915617e-07,5.421428654253087154e-07,9.010278165025687161e-07,1.266067198395119331e-06,1.628559515901859226e-06,1.980741109482586315e-06,2.301515409739751778e-06,2.578002595601934560e-06,2.801249610523755340e-06,2.964325186722007314e-06,3.062021808788880310e-06,3.090891826737665448e-06,3.049362985796868544e-06,2.937919480143822177e-06,2.759521120847928224e-06,2.521104016109404098e-06,2.240244656699138404e-06,1.963469295277383414e-06,1.692981488244135549e-06,1.428603287624927495e-06,1.171310056368757450e-06,9.234803755605508322e-07,6.894979146763385271e-07,4.788707784412568003e-07,3.193918595079530293e-07,2.819678163106253468e-07,3.804546688397685159e-07,5.312129067741209963e-07,6.884677754307454223e-07,8.363823308869675967e-07,9.678561951297606835e-07,1.078856982775911586e-06,1.166924071149741204e-06,1.230688567100131425e-06,1.269665018619443076e-06,1.284136473630746023e-06,1.275241423742909202e-06,1.248212674198297180e-06,1.205895436545445946e-06,1.150994769315168942e-06,1.086575100623026607e-06,1.015992700892036954e-06,9.427639601115804156e-07,8.704304297876417637e-07,8.023675501207747858e-07,7.412007101453777746e-07,6.874792603948524831e-07,6.432603752706931892e-07,6.097891747078024138e-07,5.876424525073384709e-07,5.771071941494828886e-07,5.785655271772575779e-07,5.926630347259007859e-07,6.201306585764477821e-07,6.613342678476083211e-07,7.158280607467521097e-07,7.823614672790020651e-07,8.627279545234447485e-07,9.548964992928182972e-07,1.055824634553614715e-06,1.162282928078548524e-06,1.271063545914025414e-06,1.379099486382060454e-06,1.483580138403445206e-06,1.581968761126288936e-06,1.671091160239893167e-06,1.739533581190043680e-06,1.783048484726168362e-06,1.799363121058732873e-06,1.787126569677510669e-06,1.745744696678574401e-06,1.675377268955225101e-06,1.576955060499114304e-06,1.452194013263232675e-06,1.303620093915474522e-06,1.134676381151934729e-06,9.502228497788298606e-07,7.577960297460406441e-07,5.638058516932665582e-07,3.799099846341999448e-07,2.404410697820990452e-07,2.361605903966331182e-07,3.593938042722748489e-07,5.131513642404502972e-07,6.628588082839195262e-07,7.973059646339436059e-07,9.090588929572790164e-07,9.941347956785073237e-07,1.050086580533806870e-06,1.075516670998711589e-06,1.069952657019493006e-06,1.063881292848826536e-06,1.057508371125147442e-06,1.050996064566720407e-06,1.044470039544814521e-06,1.038025703219805912e-06,1.031733580947737387e-06,1.025643895886455408e-06,1.019790441668009688e-06,1.014193839447881119e-06,1.008864264269152083e-06,1.003803716940383981e-06,9.990079084575269425e-07,9.944678152691118953e-07,9.901709557444674764e-07,9.861024311593866129e-07,9.822457683454893853e-07,9.785835957897446511e-07,9.750981803331236109e-07,9.717718476147676215e-07,9.685873059590894084e-07,9.655278904349741426e-07,9.625786484942923762e-07,9.597299043172811259e-07,9.569778116571205213e-07,9.543240223272990530e-07,9.517754081229925543e-07,9.493438300559332113e-07,9.470459540693888736e-07,9.449031162591939063e-07,9.429412428721920531e-07,9.411908310039568841e-07,9.396869952054969931e-07,9.384695835681963530e-07,9.375833648989468908e-07,9.370782870730492900e-07,9.370098063904062554e-07,9.374392895832754872e-07,9.384344947122928384e-07,9.400701448641721488e-07,9.424286189217264486e-07,9.456007949225958221e-07,9.496870893320928768e-07,9.547987311264585275e-07,9.610592765769572053e-07,9.686062808992269533e-07,9.775928519000652299e-07,9.881884556249024383e-07,1.000577753182295128e-06,1.014955378195673868e-06,1.031513492142830313e-06,1.050418047879177915e-06,1.071769852187348402e-06,1.095549380845297708e-06,1.121552066349343874e-06,1.149335160583591314e-06,1.178217006012592908e-06,1.207386441913336696e-06,1.236175306176316805e-06,1.264493887729861696e-06
1.298914374558854353e-06,1.332107730277396308e-06,1.365582904621249038e-06,1.400665173304919547e-06,1.437417478453778499e-06,1.475267949741703949e-06,1.513457408354830011e-06,1.551278573371728208e-06,1.588173882325566655e-06,1.623760473924768865e-06,1.657823969109378267e-06,1.690299706714789009e-06,1.721248265204681055e-06,1.750828147516916219e-06,1.779267851673385909e-06,1.806839488052162506e-06,1.833835728908377750e-06,1.860551193702670906e-06,1.887268635543725440e-06,1.914249696310018811e-06,1.941729619220914615e-06,1.969915137195963761e-06,1.998984740240067308e-06,2.029090604536798224e-06,2.060361589400069439e-06,2.092906841042678225e-06,2.126819664231320338e-06,2.162181425177006682e-06,2.199065329298663983e-06,2.237539977484486573e-06,2.277672647562539786e-06,2.319532277708401255e-06,2.363192149036540883e-06,2.408732278657923420e-06,2.456241544405778140e-06,2.505819569968917547e-06,2.557578405479704186e-06,2.611644044296764568e-06,2.668157821889502247e-06,2.727277746888598631e-06,2.789179816331301227e-06,2.854059364785054591e-06,2.922132183649526363e-06,2.993634988047050445e-06,3.068827219501660671e-06,3.147993353287467842e-06,3.231445338496483304e-06,3.319525115774764825e-06,3.412607117782392932e-06,3.511100597545433402e-06,3.615451540570649398e-06,3.726143783942919086e-06,3.843698768767748882e-06,3.968673059580561047e-06,4.101652326454945749e-06,4.243239823130667985e-06,4.394036373022810071e-06,4.554607250188267706e-06,4.725428630121486113e-06,4.906801422262499370e-06,5.098710664383578579e-06,5.157249903507106568e-06,5.078933184491078231e-06,4.862022295560931771e-06,4.504508379158933698e-06,3.997662103241632377e-06,3.504196093293924628e-06,3.036459517446771408e-06,2.595369234670719393e-06,2.176357847513688332e-06,1.774732756834891950e-06,1.387111522786128843e-06,1.011408365597804011e-06,6.465809868686728790e-07,2.937566124321608121e-07,9.572019604512924949e-08,4.169925233467535013e-07,7.332804994998151063e-07,1.010694996434460957e-06,1.237235257795023305e-06,1.404507405180168704e-06,1.506792906973490322e-06,1.540799094054483517e-06,1.505507760618826614e-06,1.401973418695477800e-06,1.232841448088463147e-06,1.015195548252767319e-06,7.554444707419717011e-07,4.605185142467274162e-07,1.471518294600203460e-07,2.377590663645575869e-07,5.994387099857583639e-07,9.770068134853689021e-07,1.358802207057326637e-06,1.737077101639745886e-06,2.104091399196847634e-06,2.450870525279340694e-06,2.747957367238970681e-06,2.988366880375478882e-06,3.165568951744936198e-06,3.274242094796462481e-06,3.310539237025706426e-06,3.272181375950879267e-06,3.158390621796788518e-06,2.969418182392274503e-06,2.704569586484039001e-06,2.435441951732721443e-06,2.169778080433082508e-06,1.910453009796888458e-06,1.658491070495293292e-06,1.414844483816408569e-06,1.180898529933907668e-06,9.586016067976442792e-07,7.507179960494447258e-07,5.617577854472924049e-07,4.009868974711298495e-07,2.906424163315517141e-07,2.657604822691786733e-07,3.334113214820530611e-07,4.402508131764644114e-07,5.509135591860022354e-07,6.511290691674175366e-07,7.345581071525846176e-07,7.980269951857837710e-07,8.399560202331326108e-07,8.595977155474086649e-07,8.601765315759994835e-07,8.438097586935483594e-07,8.129970400118266415e-07,7.705154446235842633e-07,7.194907605933940101e-07,6.633553251972099307e-07,6.057358533784273362e-07,5.502738069752807291e-07,5.003300041468881082e-07,4.585252173551502518e-07,4.263770425693459544e-07,4.032879022623097650e-07,3.889921994481727298e-07,3.825877248250617488e-07,3.836888227322447148e-07,3.931928924786677924e-07,4.132828419570393276e-07,4.465680568775175011e-07,4.947373301597613171e-07,5.573931997503219556e-07,6.362458400349678432e-07,7.295440904724593278e-07,8.346306029716733855e-07,9.483354456780827242e-07,1.067367335460015893e-06,1.188491214332976520e-06,1.308606528953880246e-06,1.424771021984084060e-06,1.534116630352906781e-06,1.633500643452721335e-06,1.719124699974022142e-06,1.776908214095584307e-06,1.805968977492647451e-06,1.805403955344654484e-06,1.774783444288416215e-06,1.714318248276937593e-06,1.624922812595120535e-06,1.508229080357746322e-06,1.366555578377237746e-06,1.202777603159076931e-06,1.025044677655706307e-06,8.380248929033091216e-07,6.473120477929597451e-07,4.614399406669449303e-07,2.997742798941201451e-07,2.216918314120615110e-07,2.894198034642033640e-07,4.255682609254109768e-07,5.693679449528416316e-07,7.021627358795809862e-07,8.162893692579927889e-07,9.051033158950294137e-07,9.661411225162712810e-07,9.979235191732087997e-07,9.998857775211809830e-07,1.000445098492268756e-06,9.999093805048139407e-07,9.985330991746515766e-07,9.965250158489710773e-07,9.940549314695002290e-07,9.912596447758430864e-07,9.882481782513061852e-07,9.851063248149705971e-07,9.819005733760459267e-07,9.786814754942147963e-07,9.754865159130353620e-07,9.723425473278625896e-07,9.692678455466876781e-07,9.662738361139444881e-07,9.633665381054106213e-07,9.605477655390247692e-07,9.578161218892891918e-07,9.551678186444022534e-07,9.525973447433763313e-07,9.500980100756575108e-07,9.476623829975504524e-07,9.452835446675794845e-07,9.429587939385341415e-07,9.406903239418194232e-07,9.384850041054586894e-07,9.363542054014325750e-07,9.343136629452644194e-07,9.323833754231630514e-07,9.305875447033377864e-07,9.289545613071267797e-07,9.275170422095986204e-07,9.263119269147754523e-07,9.253806362940916619e-07,9.247692968448015736e-07,9.245290315184720034e-07,9.247163178868179973e-07,9.253934159776265846e-07,9.266288723662054478e-07,9.284981145181902167e-07,9.310841598318598300e-07,9.344784760443525158e-07,9.387820401559578052e-07,9.441066442316535093e-07,9.505764736564065380e-07,9.583299102121797121e-07,9.675213448913102999e-07,9.783224584565570692e-07,9.909218601771126892e-07,1.005521101226726094e-06,1.022323935077894254e-06,1.041514594929137441e-06,1.063220650908261349e-06,1.087458342972144418e-06,1.114065514147976764e-06,1.142641473015354659e-06,1.172533601524112242e-06,1.202929692153080327e-06,1.233114017871337097e-06,1.262895377223466215e-06
1.298902851904066041e-06,1.333193475410569517e-06,1.367220649063255211e-06,1.402383849209130609e-06,1.438843083468362843e-06,1.476122518183060219e-06,1.513546098468442602e-06,1.550472418264899307e-06,1.586393337082016759e-06,1.620962225973798312e-06,1.653991242910788437e-06,1.685435155701120865e-06,1.715368396940099679e-06,1.743958577913550160e-06,1.771439096969047450e-06,1.798083271982440241e-06,1.824181882027222333e-06,1.850025208578323217e-06,1.875889881631523350e-06,1.902030237012903546e-06,1.928673532029642314e-06,1.956018219770778078e-06,1.984234486142282419e-06,2.013466344821469244e-06,2.043834713975052926e-06,2.075441032047643743e-06,2.108371090093184592e-06,2.142698857333837945e-06,2.178490153671920473e-06,2.215806079939684115e-06,2.254706157347706158e-06,2.295251155728441370e-06,2.337505609258851976e-06,2.381540031278246124e-06,2.427432848831876120e-06,2.475272084279763758e-06,2.525156816756624917e-06,2.577198460973068480e-06,2.631521904818955466e-06,2.688266549922055342e-06,2.747587299515426269e-06,2.809655533587889487e-06,2.874659750839654953e-06,2.942805299545023633e-06,3.014315383026984871e-06,3.089432438404570200e-06,3.168419437377389721e-06,3.251560998671270753e-06,3.339164145383637738e-06,3.431558458494561120e-06,3.529095258603729265e-06,3.632145274257908018e-06,3.741094001165762447e-06,3.856333582712248710e-06,3.978249487082648317e-06,4.107199421683289357e-06,4.243480648097965507e-06,4.387279856113766791e-06,4.538596498567588147e-06,4.697124947226917017e-06,4.862070844271026096e-06,4.895173312694861694e-06,4.792522865973519212e-06,4.551911250673468626e-06,4.171700917013786366e-06,3.649199637657543200e-06,3.166442396351449990e-06,2.715157772480222775e-06,2.290497128606200398e-06,1.887632078972665764e-06,1.502157315922174775e-06,1.130479108967824123e-06,7.697850408882087741e-07,4.178163624100872462e-07,7.417490841106090502e-08,2.711384936538857356e-07,6.110478856625542666e-07,9.208023357657911981e-07,1.187426756547650764e-06,1.400677975160574821e-06,1.552807043314912675e-06,1.638441683933214701e-06,1.654495893700637096e-06,1.600075511317929939e-06,1.476348798309778731e-06,1.286368075416418763e-06,1.050139400903090328e-06,7.723550570439112780e-07,4.586348867227872565e-07,1.171400961666595619e-07,2.564459869007040197e-07,6.406769772623229103e-07,1.035904731120806182e-06,1.434557956317155552e-06,1.829601833999634618e-06,2.214130532940505904e-06,2.581693750880992804e-06,2.897906869613782161e-06,3.155184750810542595e-06,3.346816275879065339e-06,3.467243904230524719e-06,3.512233488754853685e-06,3.478931036505301935e-06,3.365794055680807136e-06,3.172339984394141250e-06,2.898680350532067517e-06,2.633175140840006039e-06,2.375502789293736006e-06,2.126277494828274735e-06,1.886099739350093581e-06,1.655719636278757652e-06,1.436168923722216011e-06,1.228767956961618937e-06,1.035084584536102644e-06,8.569139963598353239e-07,6.963245797889481043e-07,5.558211590045969857e-07,4.225401524214668053e-07,3.085226785212158867e-07,2.347612408802817870e-07,2.245922475803434059e-07,2.659393360744737154e-07,3.234559371942593214e-07,3.761284601730843462e-07,4.153035539462992174e-07,4.375814950109088330e-07,4.440379180184305526e-07,4.357186296888684865e-07,4.147562988642341291e-07,3.840753642898123758e-07,3.473616359243073494e-07,3.091016982851305075e-07,2.745217398259779392e-07,2.490038278352682736e-07,2.363843857420457558e-07,2.366988688839700871e-07,2.459153231018581430e-07,2.572492831977689025e-07,2.658520414913986010e-07,2.690411585966956925e-07,2.668739721245360405e-07,2.627377161073116186e-07,2.638637180721638411e-07,2.801434411187037871e-07,3.194552657403391479e-07,3.830090116911774015e-07,4.697242978058145473e-07,5.744072863940393249e-07,6.922595201660780002e-07,8.190907892972863972e-07,9.511768470078993983e-07,1.085117119289061160e-06,1.217750481104707943e-06,1.346108451635677442e-06,1.467374235283540626e-06,1.578863939259362957e-06,1.678286160140037914e-06,1.749571872330579572e-06,1.791459163727959077e-06,1.803023278472596197e-06,1.783845685949275535e-06,1.734124603737242060e-06,1.654729992461584641e-06,1.547217614196426233e-06,1.413810222774157346e-06,1.257356421379255208e-06,1.086816547117580145e-06,9.060942109915082415e-07,7.200693616118732282e-07,5.355231458285536466e-07,3.649562130366819604e-07,2.425381740717924416e-07,2.421594714360922454e-07,3.493954481677410019e-07,4.838577264179070006e-07,6.137882579383624973e-07,7.284473405325127532e-07,8.199443921453353615e-07,8.852988316449244416e-07,9.228034492092145925e-07,9.317477981024378038e-07,9.385083845180994734e-07,9.434688211815819752e-07,9.469570956326536739e-07,9.492510036831419108e-07,9.505838849904595935e-07,9.511502538477171993e-07,9.511110861937388485e-07,9.505986410979563914e-07,9.497207705224340904e-07,9.485647168507403306e-07,9.472004235364480518e-07,9.456833975028416610e-07,9.440571674757870270e-07,9.423553833897395622e-07,9.406036003528367371e-07,9.388207876205193249e-07,9.370205993591117524e-07,9.352124401301134505e-07,9.334023542525143880e-07,9.315937646468270104e-07,9.297880835011329058e-07,9.279861165078435595e-07,9.261918887952039841e-07,9.244134354759987644e-07,9.226626901025431274e-07,9.209554067876744341e-07,9.193111104829309588e-07,9.177530752584360586e-07,9.163083342760509714e-07,9.150077274922922658e-07,9.138859940275443068e-07,9.129819157753368212e-07,9.123385175383318916e-07,9.120033272658783604e-07,9.120286984780039161e-07,9.124721964518534209e-07,9.133970510340390872e-07,9.148726828074403248e-07,9.169753163827624349e-07,9.197887049575857453e-07,9.234050032030906149e-07,9.279258383340858500e-07,9.334636355958070509e-07,9.401432413878388674e-07,9.481038303512601125e-07,9.575009394254113484e-07,9.685081754152788985e-07,9.813176034932080570e-07,9.961369556118989209e-07,1.013180596454515142e-06,1.032649903998270195e-06,1.054698156642198062e-06,1.079376807378607031e-06,1.106566653150962206e-06,1.135911309307768411e-06,1.166791471751185952e-06,1.198399741346242979e-06,1.229978610749417052e-06,1.261238238463925978e-06
1.298861539332600294e-06,1.334276331664466734e-06,1.368867753289823496e-06,1.404106499267694807e-06,1.440251955548636045e-06,1.476928015684555382e-06,1.513544782935972487e-06,1.549528730423876652e-06,1.584422502606446916e-06,1.617916874196653959e-06,1.649851746451883767e-06,1.680202563443742883e-06,1.709058792804615540e-06,1.736598146120343765e-06,1.763059641003692145e-06,1.788718217777355629e-06,1.813862887516998479e-06,1.838779472250377164e-06,1.863738166540145078e-06,1.888985553167421824e-06,1.914740371005356717e-06,1.941192214020397471e-06,1.968502365822673425e-06,1.996806078550371845e-06,2.026215739405461751e-06,2.056824502370064555e-06,2.088710080638594808e-06,2.121938491110860876e-06,2.156567615742570675e-06,2.192650498388224412e-06,2.230238333814179377e-06,2.269383131665159871e-06,2.310140055739031005e-06,2.352569450723991742e-06,2.396738576678571676e-06,2.442723077471908833e-06,2.490608214083321221e-06,2.540489897518522392e-06,2.592475559081365265e-06,2.646684897271327691e-06,2.703250539469552145e-06,2.762318650860711578e-06,2.824049116079918679e-06,2.888614562353833463e-06,2.956200614119625264e-06,3.027006416525499631e-06,3.101244909416979300e-06,3.179142703852430859e-06,3.260939348261238083e-06,3.346885678960500230e-06,3.437240817900274089e-06,3.532267191651767433e-06,3.632222673803356657e-06,3.737348559249887695e-06,3.847851504733665513e-06,3.963876726238826794e-06,4.085468494421927815e-06,4.212512108733659483e-06,4.344648760985558130e-06,4.481150636396223854e-06,4.620737945731092321e-06,4.631412793889434105e-06,4.509554693690737437e-06,4.253677887504577072e-06,3.864187139478408688e-06,3.343705965449199567e-06,2.869074657180470594e-06,2.428964988154412414e-06,2.016065525033102305e-06,1.624790762654704631e-06,1.250566030350385296e-06,8.896092772080783098e-07,5.387833975609318449e-07,1.958877359008296824e-07,1.477073014112017466e-07,4.846603721346277604e-07,8.250578670325565543e-07,1.129803331623841544e-06,1.387407443225377517e-06,1.588632254313168650e-06,1.726433494631896164e-06,1.795933389766622125e-06,1.794396790881432361e-06,1.721195699072468853e-06,1.577761787683336563e-06,1.367559411943890615e-06,1.112267496115801225e-06,8.162018766764174752e-07,4.846035624216559547e-07,1.240071796165476531e-07,2.628481776179956146e-07,6.644444253132360102e-07,1.076436481905074043e-06,1.491776851638240855e-06,1.903691040375426373e-06,2.305697192566957465e-06,2.691917641034755826e-06,3.025869098333267270e-06,3.299438950133184244e-06,3.505636816946855020e-06,3.638651549629662160e-06,3.693922421363090228e-06,3.668169240276178162e-06,3.559381315595450873e-06,3.366825025242691601e-06,3.091269835646496947e-06,2.829275515158631030e-06,2.578626112049183002e-06,2.338660019766151963e-06,2.109449988272779485e-06,1.891521606510456401e-06,1.685760595042804509e-06,1.493349018514418249e-06,1.315696038957524355e-06,1.154376800378587547e-06,1.011101772452173521e-06,8.877176152888743811e-07,7.594393838259732877e-07,6.317456680472750110e-07,5.096325559074285093e-07,3.974414126915553687e-07,2.987543437279720140e-07,2.163080574585145006e-07,1.517960926991029917e-07,1.052468757597359178e-07,7.374598057587842850e-08,5.146168998052586050e-08,3.359990876395336198e-08,3.122095588639525752e-08,5.787534173572385129e-08,9.902456452328097530e-08,1.471019676984416651e-07,1.984149956954780556e-07,2.498342155753907497e-07,2.983746228365678836e-07,3.412033586602334525e-07,3.757033200099633661e-07,3.977551747850745515e-07,4.054124286310092063e-07,3.974355158046972615e-07,3.735090040618967218e-07,3.346768288390350086e-07,2.844267668405293038e-07,2.317235405884093203e-07,1.980793502615146020e-07,2.158575672377501482e-07,2.913464932833056891e-07,4.018501069977965293e-07,5.311574262930527861e-07,6.709887036567914734e-07,8.162953997318906332e-07,9.632621241072394398e-07,1.108615636972604558e-06,1.249388687971766378e-06,1.382853855795232786e-06,1.506558970069702693e-06,1.618499825820355163e-06,1.702521635825239242e-06,1.756975994578098320e-06,1.780772529600633544e-06,1.773406717756565327e-06,1.735008249832586242e-06,1.666373552830256433e-06,1.568975663296010753e-06,1.444956955313654562e-06,1.297124045869875010e-06,1.134640100057388911e-06,9.611008642573613865e-07,7.809073015578689479e-07,5.997795475266982016e-07,4.267604229358207275e-07,2.823689574568551428e-07,2.222405889630924743e-07,2.872475263853700340e-07,4.074791262503082937e-07,5.327193948055003216e-07,6.465757341299821227e-07,7.397470342595715832e-07,8.085937887194502965e-07,8.511033006199935984e-07,8.663802969620462255e-07,8.788173666893319872e-07,8.888470218398575873e-07,8.968513242337491964e-07,9.031623805054803577e-07,9.080655518613919679e-07,9.118038539717356783e-07,9.145827294755055833e-07,9.165747560170129232e-07,9.179240649109644283e-07,9.187503660062837625e-07,9.191525428397807882e-07,9.192118205264421153e-07,9.189945294351072361e-07,9.185544978086932554e-07,9.179351104328455050e-07,9.171710708417429785e-07,9.162899029530343790e-07,9.153132254011229945e-07,9.142578287640688144e-07,9.131365826944610567e-07,9.119591968644002097e-07,9.107337539614617631e-07,9.094706350333480355e-07,9.081834124173477568e-07,9.068888358646937950e-07,9.056068435210179105e-07,9.043605927561325045e-07,9.031765111216281223e-07,9.020843714704467200e-07,9.011173975956792479e-07,9.003124077139527317e-07,8.997100028908636283e-07,8.993548063727099351e-07,8.992957581914930566e-07,8.995864679372319698e-07,9.002856279559358038e-07,9.014574902280035089e-07,9.031724136184693370e-07,9.055074947744937093e-07,9.085473060746984998e-07,9.123847773875258175e-07,9.171222731036245113e-07,9.228729269368996797e-07,9.297622931604696393e-07,9.379303319230635425e-07,9.475336272872705258e-07,9.587474723233280076e-07,9.717669496522721430e-07,9.868052823900882306e-07,1.004086487322921625e-06,1.023827922712151959e-06,1.046207414591306539e-06,1.071310879976851958e-06,1.099062333464377173e-06,1.129151637397067584e-06,1.160996833255081040e-06,1.193801134365659458e-06,1.226771273510543952e-06,1.259522111910316499e-06
1.298787550820505257e-06,1.335351895905546031e-06,1.370519268223898824e-06,1.405828320543309144e-06,1.441639913242420974e-06,1.477681179387154272e-06,1.513451294124184267e-06,1.548446575616094009e-06,1.582261849958738030e-06,1.614626535143857300e-06,1.645409544346927386e-06,1.674608276374162595e-06,1.702328408811689776e-06,1.728758710158789464e-06,1.754144485267766146e-06,1.778762658814474782e-06,1.802900554115825431e-06,1.826839381394215324e-06,1.850842572876221260e-06,1.875148512728260989e-06,1.899966904552670183e-06,1.925477931576557241e-06,1.951833414385305942e-06,1.979159290018087503e-06,2.007558877138214457e-06,2.037116526931249586e-06,2.067901374957931837e-06,2.099971001244744620e-06,2.133374875419478880e-06,2.168157514040803366e-06,2.204361312479019017e-06,2.242029037652463200e-06,2.281205983916125071e-06,2.321941805056702167e-06,2.364292042623589149e-06,2.408319376069906338e-06,2.454094624216702704e-06,2.501697530740802153e-06,2.551217368626637230e-06,2.602753399248927238e-06,2.656415219861385849e-06,2.712323026996435738e-06,2.770607370992683274e-06,2.831407521387104407e-06,2.894871042630964374e-06,2.961153566667182476e-06,3.030418190672331501e-06,3.102834333781608645e-06,3.178575821412134686e-06,3.257817874991191816e-06,3.340732558005585540e-06,3.427482051287846372e-06,3.518208879676536821e-06,3.613021857315618402e-06,3.711976014801126107e-06,3.815044054300150184e-06,3.922075862333783500e-06,4.032741190843844789e-06,4.146448715690176441e-06,4.262232393139647479e-06,4.378594103600128973e-06,4.370199889298671459e-06,4.234086905595176251e-06,3.969777935298082530e-06,3.579380199214437238e-06,3.068260628037057085e-06,2.602438325094228883e-06,2.170982199780827963e-06,1.766265243423659571e-06,1.382578575249552637e-06,1.015404329939733060e-06,6.612035054293743685e-07,3.184639783913217952e-07,7.305206673261183159e-08,3.736806669135056864e-07,7.102459927884637590e-07,1.054246790138156271e-06,1.356462271577959052e-06,1.606811799978726176e-06,1.797257355051435998e-06,1.921649391059682438e-06,1.975752225924919762e-06,1.957289817027161908e-06,1.865967819669931542e-06,1.703478068616181249e-06,1.473533342070542373e-06,1.199351638843631067e-06,8.852825708165739623e-07,5.370321232231673045e-07,1.669354449691502711e-07,2.564494102344352947e-07,6.702251059030132140e-07,1.097810958910734314e-06,1.529245168274020724e-06,1.957474369994398030e-06,2.376083720132194129e-06,2.779343286820713847e-06,3.129680094461338481e-06,3.418788826354704900e-06,3.639532926102423918e-06,3.785936127536587231e-06,3.853207228854020309e-06,3.837742274621532815e-06,3.737111499885924540e-06,3.550126095832776545e-06,3.277225509031421785e-06,3.020486091213503732e-06,2.777108814158712431e-06,2.545989871113835780e-06,2.326979549191233094e-06,2.120511523028408896e-06,1.927457035385984305e-06,1.749046723350785863e-06,1.586802034119994884e-06,1.442493706579873453e-06,1.318198980659393170e-06,1.216523407061724152e-06,1.104081673936105719e-06,9.870873692077249488e-07,8.710435292085268455e-07,7.605313092606497513e-07,6.591729522307389817e-07,5.696920262720929282e-07,4.940467146134810804e-07,4.336151392772879713e-07,3.893579177855689029e-07,3.636514073135125950e-07,3.561934786092115915e-07,3.655886002733982906e-07,3.892366678954453169e-07,4.237306483467636068e-07,4.653859722084381457e-07,5.105736181963974470e-07,5.558473029599404254e-07,5.979810468781885075e-07,6.339993584117779600e-07,6.612295444156288359e-07,6.742158431257018267e-07,6.710059657059660143e-07,6.501770496163443760e-07,6.109003844534027219e-07,5.530312738800125804e-07,4.772630600757365074e-07,3.855072464325028890e-07,2.822280892759054279e-07,1.810781726478264852e-07,1.396705014627725301e-07,2.199200955620848703e-07,3.552140450946847555e-07,5.072577441405847312e-07,6.656811698942895717e-07,8.256342402880876484e-07,9.836384817916212506e-07,1.136718072168521412e-06,1.282199156609257765e-06,1.417711465991158754e-06,1.541289461675860674e-06,1.637308009278583120e-06,1.703879327050112351e-06,1.739749550756186129e-06,1.744295372699103635e-06,1.717545697136370113e-06,1.660198971316948694e-06,1.573626200196552324e-06,1.459863072608856465e-06,1.321607902040429994e-06,1.168008515606983970e-06,1.002468293713132713e-06,8.290632258647671034e-07,6.528347427728432896e-07,4.809128623101729721e-07,3.268540034207948053e-07,2.267811183176504864e-07,2.415493716278154574e-07,3.411888207390659002e-07,4.595660395956645479e-07,5.714216028113014500e-07,6.653356664519849356e-07,7.368552512604861101e-07,7.836113634645675364e-07,8.045014062801856899e-07,8.220199978463549376e-07,8.366248913282284870e-07,8.487342176391805396e-07,8.587202498844561392e-07,8.669089756920179366e-07,8.735825646778901570e-07,8.789831649391160061e-07,8.833171780323885595e-07,8.867595536381932160e-07,8.894578643873778718e-07,8.915360456654345373e-07,8.930977558616481624e-07,8.942293522048907182e-07,8.950024988888775025e-07,8.954764350937643311e-07,8.956999351577959210e-07,8.957129941719992247e-07,8.955482712470200300e-07,8.952323205913005202e-07,8.947866379204573736e-07,8.942285469321647884e-07,8.935728381647064549e-07,8.928357705513486756e-07,8.920360536822861126e-07,8.911949214376286101e-07,8.903362225060124771e-07,8.894865234263344922e-07,8.886752249338797387e-07,8.879346959988257730e-07,8.873004321990109632e-07,8.868112460672218629e-07,8.865094969327394864e-07,8.864413667813692796e-07,8.866571871698121461e-07,8.872118207763279831e-07,8.881651004105468686e-07,8.895823290052273383e-07,8.915348470913633525e-07,8.941006803088425831e-07,8.973652892410211655e-07,9.014224573899418877e-07,9.063753693243272512e-07,9.123379461431181172e-07,9.194365100520578233e-07,9.278118240414326632e-07,9.376214577855647644e-07,9.490421999488663348e-07,9.622717684728563094e-07,9.775282411402017578e-07,9.950443596600250974e-07,1.015052283552166005e-06,1.037753136810807339e-06,1.063266367754678743e-06,1.091559197977304034e-06,1.122369356931931540e-06,1.155155991081194770e-06,1.189138633889974378e-06,1.223494467096032318e-06,1.257746863896059319e-06
1.298678088810991357e-06,1.336415721376776125e-06,1.372170132126134681e-06,1.407544384472158754e-06,1.443002660469326879e-06,1.478378641952292277e-06,1.513263364228249611e-06,1.547224928345585197e-06,1.579911788017529868e-06,1.611093324872946911e-06,1.640668800711331203e-06,1.668658877899740860e-06,1.695186607560298638e-06,1.720452728813281146e-06,1.744709442868404169e-06,1.768235960701404762e-06,1.791317947938819019e-06,1.814231816448898382e-06,1.837233893186250668e-06,1.860553919676363481e-06,1.884392064450597094e-06,1.908918578307458031e-06,1.934275298418676339e-06,1.960578341910951338e-06,1.987921477094156116e-06,2.016379796029640073e-06,2.046013424943196990e-06,2.076871096919054194e-06,2.108993476578606615e-06,2.142416173033734494e-06,2.177172409597778531e-06,2.213295340418459776e-06,2.250820018564219333e-06,2.289785029617629623e-06,2.330233811304206889e-06,2.372215684327689582e-06,2.415786623112566960e-06,2.461009797856151777e-06,2.507955921048420260e-06,2.556703431904682297e-06,2.607338550008696786e-06,2.659955223416510915e-06,2.714654500541045833e-06,2.771542302675035271e-06,2.830728408797530634e-06,2.892325598957362938e-06,2.956448345118441159e-06,3.023210883503748180e-06,3.092724444393998007e-06,3.165093336651834581e-06,3.240409477404720705e-06,3.318744811918586597e-06,3.400140870377861912e-06,3.484594437367262579e-06,3.572037939696350806e-06,3.662312653961307980e-06,3.755132154589901923e-06,3.850032524096107127e-06,3.946304716397695919e-06,4.042903199943207750e-06,4.138324052641174556e-06,4.114108308939191179e-06,3.968098697370940293e-06,3.700742111123420289e-06,3.315114970053795612e-06,2.817323774895693041e-06,2.360845700623177902e-06,1.936119378765972075e-06,1.536477674889488076e-06,1.156845519586912660e-06,7.934054473077232150e-07,4.447315562563696281e-07,1.359150306488677490e-07,2.773828035709316689e-07,6.066647170952181158e-07,9.470134892610451896e-07,1.297125929045967603e-06,1.598211045638491471e-06,1.842242703307905498e-06,2.022675395715795702e-06,2.134387076670595955e-06,2.173855836672465751e-06,2.139309437214860739e-06,2.030797752360120291e-06,1.850204832424864992e-06,1.601275930647415613e-06,1.308704379080533737e-06,9.770686719106570827e-07,6.129383415860057142e-07,2.337550607723871599e-07,2.400599462905686270e-07,6.582817287236110459e-07,1.099787836237236738e-06,1.546313122571024168e-06,1.989853125934287400e-06,2.423730517855971085e-06,2.842175352691087860e-06,3.207267330035036302e-06,3.510865074018280946e-06,3.745886096939194328e-06,3.906327380778246234e-06,3.987296964338544168e-06,3.984979957408986466e-06,3.896528412446124658e-06,3.719944683020281083e-06,3.454250391009771207e-06,3.205074612218377634e-06,2.969632650480782652e-06,2.747123727056597171e-06,2.537555779697172339e-06,2.341431828372212518e-06,2.159710493659846391e-06,1.993775118562193583e-06,1.845353594208000538e-06,1.716431409938334735e-06,1.609338021320641097e-06,1.527386388363295337e-06,1.429857977607090523e-06,1.324293332357411824e-06,1.217106242172599636e-06,1.113492521434855373e-06,1.017524487904906254e-06,9.322635012084191327e-07,8.598488248268520522e-07,8.015499734326731997e-07,7.577854768714710243e-07,7.317669136349963205e-07,7.224072425770086599e-07,7.280035291573975125e-07,7.462318561701089801e-07,7.742762152077645327e-07,8.090092460218486663e-07,8.471616551415649789e-07,8.854546494742871593e-07,9.207000577886198883e-07,9.498973021515334094e-07,9.703799943827364058e-07,9.753859807146679325e-07,9.631171670256795554e-07,9.322107209268911858e-07,8.817950366954574211e-07,8.115474525106670114e-07,7.217373735482136491e-07,6.132634211950900004e-07,4.877341883282719983e-07,3.478264911484782995e-07,2.027040131285279661e-07,8.819921338447266157e-08,1.700458416300081955e-07,3.313774583246364253e-07,5.026307095633342692e-07,6.753212866135925144e-07,8.456429153748387938e-07,1.010625596242939640e-06,1.167625127511599469e-06,1.314269545310178614e-06,1.448557684424697249e-06,1.555729517447669423e-06,1.633783672729987805e-06,1.681340778335485407e-06,1.697655728288045608e-06,1.682641687030679020e-06,1.636882826686910803e-06,1.561629363628204428e-06,1.458777818914514914e-06,1.330853172179081613e-06,1.186833006449924518e-06,1.029979744725428120e-06,8.641477491723804222e-07,6.939247333716993117e-07,5.252950733162629316e-07,3.680982167539755860e-07,2.456687942937996990e-07,2.133499054392426866e-07,2.856402698974530915e-07,3.947575448271521911e-07,5.035066238738555350e-07,5.973180276864473002e-07,6.707255848019766640e-07,7.209608858567827723e-07,7.467033490505396583e-07,7.686611154790099664e-07,7.872981764762433381e-07,8.030534180071165512e-07,8.163266137412805666e-07,8.274737269531011663e-07,8.368070372014277026e-07,8.445976783720440551e-07,8.510792710480811611e-07,8.564519282912352078e-07,8.608862451414607083e-07,8.645270691009005582e-07,8.674969552872506020e-07,8.698992704600391840e-07,8.718209440569818293e-07,8.733348827453973318e-07,8.745020742030384115e-07,8.753734096783169155e-07,8.759912556039509001e-07,8.763908035131591111e-07,8.766012255568956793e-07,8.766466605400864836e-07,8.765479345741121758e-07,8.763266146017056950e-07,8.760060658251477734e-07,8.756116015835998519e-07,8.751706430484710609e-07,8.747128851666586147e-07,8.742704702072371625e-07,8.738781736677203379e-07,8.735736094345954219e-07,8.733974620842731912e-07,8.733937541700399317e-07,8.736101554662271359e-07,8.740983397558470267e-07,8.749143933166292716e-07,8.761192783853001612e-07,8.777793552853259653e-07,8.799669694053165687e-07,8.827611146717083661e-07,8.862481943676540138e-07,8.905229136051968765e-07,8.956893550708307859e-07,9.018623082467295388e-07,9.091689346451407173e-07,9.177508401315279102e-07,9.277665541586574722e-07,9.393942188794582660e-07,9.528338633681083694e-07,9.683078417364863297e-07,9.860567349396946868e-07,1.006326324528482694e-06,1.029339711168390985e-06,1.055248774237823746e-06,1.084063665491561106e-06,1.115571274413139836e-06,1.149275312637703332e-06,1.184417200179180048e-06,1.220150915085649339e-06,1.255912587652631410e-06
1.298530452932918137e-06,1.337463329175593919e-06,1.373815181787476147e-06,1.409249645867806833e-06,1.444335792194962748e-06,1.479016934296014894e-06,1.512978626938596711e-06,1.545862674726144417e-06,1.577372668899926647e-06,1.607319366451543522e-06,1.635633786327973922e-06,1.662361191253913687e-06,1.687643151870897133e-06,1.711693240872284585e-06,1.734771098407008518e-06,1.757158457331676351e-06,1.779139300872207068e-06,1.800985019080628397e-06,1.822944473641612863e-06,1.845238321294100132e-06,1.868056714080759355e-06,1.891559480639348302e-06,1.915877997127385987e-06,1.941118107357557670e-06,1.967363605966252845e-06,1.994679934268651736e-06,2.023117848109733650e-06,2.052716900442430036e-06,2.083508642051982251e-06,2.115519486435855701e-06,2.148773213867316632e-06,2.183293108996791664e-06,2.219103739056389706e-06,2.256232388135874522e-06,2.294710168727972156e-06,2.334572835873021493e-06,2.375861332382022350e-06,2.418622096007789865e-06,2.462907160944814739e-06,2.508774086219297925e-06,2.556285741604380280e-06,2.605509976562677272e-06,2.656518660251307718e-06,2.709384934123404267e-06,2.764181700391149061e-06,2.820980262182932802e-06,2.879848477271603156e-06,2.940848275002133850e-06,3.004032340646503778e-06,3.069439712495988456e-06,3.137089960745663858e-06,3.206975518921281614e-06,3.279051612599852529e-06,3.353223070013149311e-06,3.429327097872552642e-06,3.507110856670593705e-06,3.586202366503436545e-06,3.666072907882019658e-06,3.745988620318680918e-06,3.824948312891556731e-06,3.901603091063359268e-06,3.864466520077736141e-06,3.712291652145706834e-06,3.446414933644519237e-06,3.070400438908765521e-06,2.589408458090894803e-06,2.141747520993893400e-06,1.721200175191000033e-06,1.323396896563743700e-06,9.447054900827530463e-07,5.835910387489104338e-07,2.524308060753890591e-07,2.023821108805637993e-07,5.111173329498296566e-07,8.502439946164668250e-07,1.197255817301446408e-06,1.553601884451581104e-06,1.852941597384185866e-06,2.090294416372937797e-06,2.260755090098146507e-06,2.360176473731650932e-06,2.385696581124249642e-06,2.336027212838277789e-06,2.211557490203603307e-06,2.014303549362032034e-06,1.747744384578714588e-06,1.437469598546646733e-06,1.088671720050103653e-06,7.089023764060121587e-07,3.176168013788645468e-07,2.209239654512306031e-07,6.296624017166256234e-07,1.082699865909607996e-06,1.542955376341548250e-06,2.000529927564988744e-06,2.448025657448056189e-06,2.879114352417575029e-06,3.256728661122299891e-06,3.573290335984703688e-06,3.821934975619988432e-06,3.996762469269156279e-06,4.092947381558010114e-06,4.106678828026169785e-06,4.034886100478754968e-06,3.874649578911977704e-06,3.622288887706021501e-06,3.382968360620777368e-06,3.155811981023061398e-06,2.941498145278496879e-06,2.740510017220941003e-06,2.553465895722111939e-06,2.381451939357668370e-06,2.226096929386359612e-06,2.089438269455453502e-06,1.973609087980995098e-06,1.880571716558889427e-06,1.813274125321539972e-06,1.726409811454334300e-06,1.629432758490886138e-06,1.529551289685892710e-06,1.432273538353546016e-06,1.341784952314526473e-06,1.261152291625846743e-06,1.192417035857878222e-06,1.136610508529793328e-06,1.093712296774033036e-06,1.067877710043697380e-06,1.057909381630238364e-06,1.062100942022450599e-06,1.078180465928084130e-06,1.103441719004515243e-06,1.134897319178608167e-06,1.169413885514522804e-06,1.203818295515893462e-06,1.234970192532698076e-06,1.259826763105736376e-06,1.275669172240789551e-06,1.274770738624066350e-06,1.255618559607821714e-06,1.216974404867779178e-06,1.158005647043713058e-06,1.078371800038342116e-06,9.782622717083912882e-07,8.583887154201246853e-07,7.199314395659761862e-07,5.644546679210543532e-07,3.991471625195349103e-07,2.262218651695460710e-07,5.636225926545316268e-08,1.469985424147093009e-07,3.308783440888447933e-07,5.158740435452023664e-07,6.978867784953241381e-07,8.740837236956693852e-07,1.041863154546427194e-06,1.198768594143623398e-06,1.342606516130517604e-06,1.459872352722327745e-06,1.548563718000988254e-06,1.607201109755606267e-06,1.634914975390875226e-06,1.631494666875775202e-06,1.597403503531116179e-06,1.533764880774421165e-06,1.442318492607379053e-06,1.325348652063373867e-06,1.191425082232634498e-06,1.043771964806195807e-06,8.861174751468151046e-07,7.227324874133343791e-07,5.588630210513570532e-07,4.022222509797448720e-07,2.687477629263248155e-07,2.005960531298916674e-07,2.409624577149040933e-07,3.384480686457223815e-07,4.431343605913322939e-07,5.361092073476688914e-07,6.106774659435844616e-07,6.636389227001869075e-07,6.934554689929049794e-07,7.191820112017930010e-07,7.412750997905092613e-07,7.601824130944283843e-07,7.763205646609012029e-07,7.900659836050036785e-07,8.017526179095961306e-07,8.116731403619436071e-07,8.200818596820670759e-07,8.271983540101207271e-07,8.332112904012502029e-07,8.382821434326658103e-07,8.425486672396476628e-07,8.461280556752351365e-07,8.491197708288704255e-07,8.516080454405918002e-07,8.536640781812288452e-07,8.553479472232796420e-07,8.567102698975976076e-07,8.577936362523984156e-07,8.586338430497686622e-07,8.592609527831531024e-07,8.597010714359028178e-07,8.599804292261175328e-07,8.601264982563580307e-07,8.601682065577221832e-07,8.601361558325032616e-07,8.600628402668782892e-07,8.599828684151376531e-07,8.599331932959246585e-07,8.599533578202110360e-07,8.600857636196052927e-07,8.603759713561501715e-07,8.608730398250995763e-07,8.616299098754256051e-07,8.627038377691360500e-07,8.641568816205838690e-07,8.660564446765957624e-07,8.684758812157730597e-07,8.714951756605869226e-07,8.752017140577495142e-07,8.796911802288257423e-07,8.850686268952510545e-07,8.914497934985781465e-07,8.989627615661638175e-07,9.077500403151091191e-07,9.179711267048077662e-07,9.298054215880410286e-07,9.434549996399896892e-07,9.591459751937607653e-07,9.771259330465839329e-07,9.976531113922057409e-07,1.020971212707707693e-06,1.047263297647180252e-06,1.076581916153595910e-06,1.108764079651206457e-06,1.143361201608017936e-06,1.179641969736850467e-06,1.216743592425389987e-06,1.254019602920012394e-06
1.298342048208659561e-06,1.338490219905006175e-06,1.375449163975344389e-06,1.410938951890875651e-06,1.445634799857693174e-06,1.479592488219724848e-06,1.512594619501181766e-06,1.544358616397635807e-06,1.574644794979576659e-06,1.603306799333610236e-06,1.630308887591089691e-06,1.655722283644427883e-06,1.679708198889630524e-06,1.702493843718925790e-06,1.724346765874324213e-06,1.745551383491842596e-06,1.766389913988248883e-06,1.787128463126294120e-06,1.808008049687168784e-06,1.829239805928558460e-06,1.851003405712449690e-06,1.873447799542584101e-06,1.896693469765808956e-06,1.920835586940613163e-06,1.945947609157109881e-06,1.972085001826074226e-06,1.999288861504711572e-06,2.027589305838669271e-06,2.057008547495399228e-06,2.087563608337578045e-06,2.119268655790382208e-06,2.152136960255058915e-06,2.186182483456942101e-06,2.221421114920875758e-06,2.257871578805245888e-06,2.295556037029510383e-06,2.334500417509774898e-06,2.374734498543597259e-06,2.416291781847258041e-06,2.459209187092930603e-06,2.503526599466438038e-06,2.549286298089146350e-06,2.596531716587988569e-06,2.645304250615404444e-06,2.695641342785049525e-06,2.747574738539814746e-06,2.801128257682050484e-06,2.856314957597767265e-06,2.913133534636216606e-06,2.971563774921252244e-06,3.031560825097735741e-06,3.093048008195794577e-06,3.155907862889216956e-06,3.219971042312567302e-06,3.285002683404038513e-06,3.350685870484195951e-06,3.416601900375245487e-06,3.482207253409045590e-06,3.546807511726856659e-06,3.609528841570231719e-06,3.669287423125096151e-06,3.621601907000889398e-06,3.466303673972080679e-06,3.205945435455957248e-06,2.845125288039768111e-06,2.387650248295659784e-06,1.945315329246977709e-06,1.524572862840122857e-06,1.124930528222389359e-06,7.450666356246199459e-07,3.918562420433541534e-07,1.815786183182054545e-07,4.193491839269437368e-07,7.580054075242230904e-07,1.109553565442037849e-06,1.466626234064281484e-06,1.824165218622837381e-06,2.118132884449471636e-06,2.346976799309271580e-06,2.506802916118748372e-06,2.594005862656328081e-06,2.606169867607404564e-06,2.542425750360532822e-06,2.403551449038229258e-06,2.191828910708954265e-06,1.910361343817034868e-06,1.582878072091663779e-06,1.217105287385446764e-06,8.216626539062187943e-07,4.157221402140006508e-07,2.126677728468320704e-07,5.863012458676488480e-07,1.047428175996552421e-06,1.519734382679153801e-06,1.990065118384578055e-06,2.449689967289835775e-06,2.889309331886011800e-06,3.276259458209803684e-06,3.603656189044925472e-06,3.864772087985912367e-06,4.053853709900541667e-06,4.166331545104338159e-06,4.198776596849787235e-06,4.148568849487448348e-06,4.012859977950881858e-06,3.785114841712199624e-06,3.556041350445294741e-06,3.336042574830729654e-06,3.129028175849299877e-06,2.935628620907555099e-06,2.756247820820010274e-06,2.592029058833338623e-06,2.444986347077344711e-06,2.317786511234112654e-06,2.212984239211221567e-06,2.131023218617424927e-06,2.068988628152204885e-06,1.985950336170133311e-06,1.893239792067688379e-06,1.798098575017263597e-06,1.705795072048050861e-06,1.620281796971992757e-06,1.544428408139722441e-06,1.480096308685032364e-06,1.428108874670254140e-06,1.388036035888619986e-06,1.363937242166073274e-06,1.355171125064531982e-06,1.360164909517237484e-06,1.376614959506749351e-06,1.401794433364329088e-06,1.432738041494478450e-06,1.466369777145766329e-06,1.499594110843061663e-06,1.529313317392642377e-06,1.552284859569327873e-06,1.565068353450710181e-06,1.560074375277653808e-06,1.536079206229527459e-06,1.491892630761381199e-06,1.426683480393487076e-06,1.340102753758437771e-06,1.232324648008356283e-06,1.104027802289350678e-06,9.562926360424469670e-07,7.902897691870441716e-07,6.134757797332598517e-07,4.282446760838944810e-07,2.368670227153969331e-07,4.217925044781290928e-08,1.558994868877091648e-07,3.517945635771082541e-07,5.442314937285170631e-07,7.305399927243980875e-07,9.081403130899091079e-07,1.074366174234865027e-06,1.226082805444181313e-06,1.352064651130029439e-06,1.450320895521817609e-06,1.519222428866109017e-06,1.557749039414405831e-06,1.565557579593703025e-06,1.542994421314993631e-06,1.491075242641251144e-06,1.411419419453104796e-06,1.306061822128092427e-06,1.182477227811481476e-06,1.044302900696562453e-06,8.952402595875950682e-07,7.393023832698192992e-07,5.812123779016394089e-07,4.273771400024750908e-07,2.894709775664641438e-07,1.980124691486557055e-07,2.064721718295592225e-07,2.904848821821765299e-07,3.903984560554718297e-07,4.819498359737445578e-07,5.570303875324032273e-07,6.119976367478456291e-07,6.451104724118895195e-07,6.739229927648742351e-07,6.988765290549777097e-07,7.204192634138147848e-07,7.389762076277323277e-07,7.549360546983768536e-07,7.686467265806675809e-07,7.804153920894233955e-07,7.905107118137034590e-07,7.991660979388813407e-07,8.065833296936113710e-07,8.129361690134325648e-07,8.183737911609388832e-07,8.230239413722622150e-07,8.269957832401459467e-07,8.303824352082766603e-07,8.332632082446063616e-07,8.357055662536026898e-07,8.377668344655692443e-07,8.394956819211751932e-07,8.409334034628754572e-07,8.421150250844415931e-07,8.430711139990337033e-07,8.438318618376659612e-07,8.444282471223636422e-07,8.448923008706945702e-07,8.452573707593182670e-07,8.455583823033882655e-07,8.458320997672451849e-07,8.461173923473956589e-07,8.464555129481647067e-07,8.468903977434521396e-07,8.474689947581855518e-07,8.482416290222092143e-07,8.492624106562068830e-07,8.505896908797478303e-07,8.522865698614267489e-07,8.544214601803163202e-07,8.570687112035155677e-07,8.603093038262020960e-07,8.642316328347358232e-07,8.689324067722033886e-07,8.745177134765190713e-07,8.811043230592657638e-07,8.888213250650473952e-07,8.978122105011749294e-07,9.082374825791930395e-07,9.202777514745406534e-07,9.341369304302660620e-07,9.500444431924956216e-07,9.682541011192539324e-07,9.890354610388016991e-07,1.012651417193068359e-06,1.039314831681172734e-06,1.069119879258913479e-06,1.101954323703268589e-06,1.137420072079509580e-06,1.174818232992167622e-06,1.213275712527432678e-06,1.252068454108606106e-06
1.298110392687244537e-06,1.339491885438643365e-06,1.377066747085792884e-06,1.412607050964739598e-06,1.446895076574484636e-06,1.480101639003823654e-06,1.512108785240749308e-06,1.542711475507753350e-06,1.571728427436288054e-06,1.599057790436737867e-06,1.624698616964812818e-06,1.648749471388749983e-06,1.671392294367500487e-06,1.692868671076802688e-06,1.713454444557532022e-06,1.733436804293048720e-06,1.753096056617593621e-06,1.772692720093622810e-06,1.792459575238574868e-06,1.812597793400176222e-06,1.833276129636082359e-06,1.854632235673311929e-06,1.876775313637521140e-06,1.899789515791434321e-06,1.923737662435614998e-06,1.948664985224346005e-06,1.974602705086350435e-06,2.001571327130674623e-06,2.029583585520580601e-06,2.058647005254552687e-06,2.088766070065951435e-06,2.119944000067339722e-06,2.152184152114657363e-06,2.185491062095192162e-06,2.219871152736427049e-06,2.255333133873735710e-06,2.291888124809266013e-06,2.329549530562881968e-06,2.368332705365800281e-06,2.408254437437221132e-06,2.449332288607539693e-06,2.491583820479949370e-06,2.535025125899059677e-06,2.579667263175557308e-06,2.625514022165491115e-06,2.672559899461086569e-06,2.720787617043065840e-06,2.770165092418831289e-06,2.820641755144543311e-06,2.872144093357888532e-06,2.924570307898215645e-06,2.977783956670453607e-06,3.031606498215610941e-06,3.085808707920587267e-06,3.140101070944098348e-06,3.194123498546282835e-06,3.247435143272037050e-06,3.299505823138393721e-06,3.349711801885128907e-06,3.397340754312406386e-06,3.441614379761242877e-06,3.384993498896977519e-06,3.228522070912364068e-06,2.976591427707917463e-06,2.637575403598055432e-06,2.226138757568379905e-06,1.773428956722581192e-06,1.345057188261323606e-06,9.400708389507542448e-07,5.605734708376431476e-07,2.543831764935486403e-07,3.333021133474453863e-07,6.621951247604658437e-07,1.021261432598318379e-06,1.391401136687888609e-06,1.769793230068874987e-06,2.107605668905072670e-06,2.389288924773962582e-06,2.607002910009831888e-06,2.755274713608030926e-06,2.830218909501210472e-06,2.829570471242538262e-06,2.752805524221416378e-06,2.601224280409662995e-06,2.378025318778383974e-06,2.088608658694985096e-06,1.742271827856562921e-06,1.359216351266088587e-06,9.481291328924012843e-07,5.262604226748751395e-07,2.321925674364031114e-07,5.312732430470136407e-07,9.953263666356045827e-07,1.477567683706962525e-06,1.959722632070455347e-06,2.432500992446550478e-06,2.871764869513418130e-06,3.263854245883044275e-06,3.599487086967587723e-06,3.871407989415576360e-06,4.073944288727166569e-06,4.202944940109216422e-06,4.255785540866510088e-06,4.231404829286896299e-06,4.130563234921112896e-06,3.957390218474497155e-06,3.727690718574928173e-06,3.510495186153524089e-06,3.309738984339875156e-06,3.123148902640862532e-06,2.949949650615510701e-06,2.791212813774762671e-06,2.649559691905678551e-06,2.529056932646057126e-06,2.434685395714587299e-06,2.366617544270002376e-06,2.288260413377177465e-06,2.200109569728111001e-06,2.107075436614535062e-06,2.014109376303041324e-06,1.925430189670224085e-06,1.844408703008512883e-06,1.773559076898048727e-06,1.714540981898602177e-06,1.668169732475645074e-06,1.634493669646359396e-06,1.613251254389567677e-06,1.607417858090998697e-06,1.615404293802841790e-06,1.634625785811782642e-06,1.662208700940243367e-06,1.695139745179738855e-06,1.730367110340102470e-06,1.764915373044401469e-06,1.795935319914116196e-06,1.820107542589116909e-06,1.829851337184422389e-06,1.822288819937283142e-06,1.795469213635318783e-06,1.747961989521082286e-06,1.678843140834137213e-06,1.587731636864164237e-06,1.474811606398764700e-06,1.340830160320335229e-06,1.187080892444198867e-06,1.015440442866802069e-06,8.288172379728166671e-07,6.342778145597822610e-07,4.343588129478324205e-07,2.323386407515585081e-07,5.527281717888048017e-08,1.919017650428118390e-07,3.898634195135475920e-07,5.840523602604184036e-07,7.701475818996440272e-07,9.453153059537867457e-07,1.101761913056828491e-06,1.234747917421348152e-06,1.341324545801149138e-06,1.419497666911736658e-06,1.468049438293873151e-06,1.486498127923421302e-06,1.475083814775740317e-06,1.434755568360860581e-06,1.367165042242074228e-06,1.274722568949695637e-06,1.160999468339020658e-06,1.032274247835582457e-06,8.920473393551679882e-07,7.439842539258008088e-07,5.923822469080014350e-07,4.427912568662077216e-07,3.043387631900930368e-07,1.994196706361325586e-07,1.804710554927967438e-07,2.504713028467253191e-07,3.451944064259056137e-07,4.349249424676715202e-07,5.099690573169558911e-07,5.662678108009252359e-07,6.019127658117223068e-07,6.331278526632331991e-07,6.603378648415061397e-07,6.839868708486624803e-07,7.045019592402041454e-07,7.222771291983930043e-07,7.376673191411912631e-07,7.509875863980281486e-07,7.625148589022386473e-07,7.724908895109174619e-07,7.811256754582761531e-07,7.886009461470294591e-07,7.950735106641797749e-07,8.006783620420276384e-07,8.055314949984982743e-07,8.097324274848904177e-07,8.133664348555001185e-07,8.165065151259374488e-07,8.192151082538097055e-07,8.215455938141557829e-07,8.235435911447004163e-07,8.252480847827880320e-07,8.266932424006271097e-07,8.279124761353452656e-07,8.289396343412724389e-07,8.298093058950396618e-07,8.305571189223423505e-07,8.312200336186227988e-07,8.318366326528111788e-07,8.324474151094065998e-07,8.330951014679829824e-07,8.338249578866290573e-07,8.346851481000866243e-07,8.357271206364657595e-07,8.370060379529975889e-07,8.385812527638051551e-07,8.405168356900312797e-07,8.428821579627092495e-07,8.457525339745642293e-07,8.492099319265654036e-07,8.533437677980799451e-07,8.582518097609403034e-07,8.640412383502549967e-07,8.708299328265272735e-07,8.787480839785793725e-07,8.879402583496029278e-07,8.985680322552382777e-07,9.108132187250409473e-07,9.248814200422163042e-07,9.410049859134648411e-07,9.594432419277316006e-07,9.804759657521613693e-07,1.004383816592043231e-06,1.031407968825045967e-06,1.061683223473544311e-06,1.095148398434642802e-06,1.131458323067903031e-06,1.169951411143083400e-06,1.209750712797387266e-06,1.250059906987988694e-06
1.297833124440291510e-06,1.340463820736890038e-06,1.378662532952097496e-06,1.414248601621030960e-06,1.448111922159063045e-06,1.480540628034721836e-06,1.511518476613742235e-06,1.540919900770179654e-06,1.568623796252487425e-06,1.594574546727302660e-06,1.618807624672809690e-06,1.641450325708479730e-06,1.662706366810196745e-06,1.682832369714736783e-06,1.702112772962470974e-06,1.720837541719804386e-06,1.739284861744352065e-06,1.757709320328861656e-06,1.776335047048850100e-06,1.795352820244710735e-06,1.814920057956310570e-06,1.835162729163651665e-06,1.856178416899919104e-06,1.878039965828523457e-06,1.900799319285499700e-06,1.924491284592119754e-06,1.949137062707682136e-06,1.974747445743215898e-06,2.001325630979710300e-06,2.028869629394199405e-06,2.057374265437727693e-06,2.086832776697073775e-06,2.117238029730211879e-06,2.148583373538091014e-06,2.180863155918401844e-06,2.214072930969344465e-06,2.248209388571517365e-06,2.283270038844384873e-06,2.319252686279448102e-06,2.356154729371619599e-06,2.393972322052596135e-06,2.432699433305519676e-06,2.472326195040093324e-06,2.512835028373711264e-06,2.554198163336839428e-06,2.596375416886446245e-06,2.639311556873887141e-06,2.682933192519977316e-06,2.727145133635609115e-06,2.771826170390896112e-06,2.816824248601294870e-06,2.861951061438222354e-06,2.906976161822320442e-06,2.951620843848775450e-06,2.995552283698936836e-06,3.038378830629271435e-06,3.079647995056987799e-06,3.118849759402360851e-06,3.155429633475052630e-06,3.188818958063089788e-06,3.218495532646578014e-06,3.153620995165840370e-06,2.996169898901532816e-06,2.751647946294880240e-06,2.429728760614969148e-06,2.045462714084578144e-06,1.620808546410109728e-06,1.179501382456508649e-06,7.693657306726350924e-07,4.048450499449649533e-07,2.782537907742068847e-07,5.588526170457854347e-07,9.240433413153336944e-07,1.303461641464696010e-06,1.698695049170927938e-06,2.064745037956319367e-06,2.388409903786883341e-06,2.657526357364349708e-06,2.863367095836011084e-06,2.999757806379473829e-06,3.062588439456543352e-06,3.049681315928602942e-06,2.960792605737983654e-06,2.797648097971847481e-06,2.564006607158133714e-06,2.265812243205766771e-06,1.911460123692241184e-06,1.511126246355420683e-06,1.085200514095261310e-06,6.473697519454563784e-07,2.866254549920241758e-07,4.693866588020408829e-07,9.281770047875704684e-07,1.417086070762131477e-06,1.909312948885951188e-06,2.381899441250859817e-06,2.821606293481506121e-06,3.216823093960214838e-06,3.558354124108815485e-06,3.839009516855712713e-06,4.053392424688810223e-06,4.197868805184880500e-06,4.270648923234420544e-06,4.271997514435634140e-06,4.204713056978315097e-06,4.075167155888375710e-06,3.894801147351658004e-06,3.676028925518040097e-06,3.483398450677037312e-06,3.304021591376233099e-06,3.135593028597115248e-06,2.979411556663632317e-06,2.838814734874975413e-06,2.719807491929393724e-06,2.635529959457139393e-06,2.546394245890320639e-06,2.453450440461884628e-06,2.357772979568117308e-06,2.262088886868506117e-06,2.169694030076559817e-06,2.083754428710196604e-06,2.006972900822533752e-06,1.941434996303279358e-06,1.888542181532253500e-06,1.849003209071915103e-06,1.822890322022951195e-06,1.809764159947189643e-06,1.808563884171927568e-06,1.821935666251172449e-06,1.846372144782073968e-06,1.878772208475949610e-06,1.916041548890351801e-06,1.955104189559727398e-06,1.993118731033496658e-06,2.028142190940787270e-06,2.051982301813582839e-06,2.061400533538928522e-06,2.053537769281614325e-06,2.026176852425369006e-06,1.977700655092083150e-06,1.907082465729057506e-06,1.813899176375768471e-06,1.698344160921491381e-06,1.561232007879711200e-06,1.404002042728072061e-06,1.228744494766761355e-06,1.038264264750126069e-06,8.358624136221312340e-07,6.289872094634221114e-07,4.199011860137032548e-07,2.160294255633682983e-07,9.342517540329508799e-08,2.449083293582753630e-07,4.398362373311201690e-07,6.315112064662850751e-07,8.104310111794019484e-07,9.714195950647117944e-07,1.110296093407239569e-06,1.223980171358085737e-06,1.310303446536519755e-06,1.367902694340407604e-06,1.396174080009398113e-06,1.395252578169415839e-06,1.366000556302001161e-06,1.310005234218618871e-06,1.229596709231481265e-06,1.127879040472424180e-06,1.008462085548658986e-06,8.772858316954196685e-07,7.374000868092831436e-07,5.927571434365332867e-07,4.483360257577132535e-07,3.116831649091232533e-07,1.999345215928214252e-07,1.603446901258762805e-07,2.170238797929438149e-07,3.071512538042244181e-07,3.949879164074128711e-07,4.695682590977954326e-07,5.265752217277139269e-07,5.640080970326382555e-07,5.969492738618019907e-07,6.258118718903628922e-07,6.510342491037709939e-07,6.730408699640630155e-07,6.922250242979994793e-07,7.089422939853087470e-07,7.235093979538585534e-07,7.362057028104542256e-07,7.472759835251128266e-07,7.569336807423601071e-07,7.653642519761935413e-07,7.727284050847174256e-07,7.791651087391424935e-07,7.847943343865291655e-07,7.897195177947651927e-07,7.940297468128379646e-07,7.978016917631645128e-07,8.011012995301551628e-07,8.039852740518601188e-07,8.065023658320795649e-07,8.086944920364505936e-07,8.105985386233262615e-07,8.122503763497809037e-07,8.136860664008092134e-07,8.149421905450694804e-07,8.160561725927789091e-07,8.170665921507533580e-07,8.180134949839582313e-07,8.189387063617939413e-07,8.198861550462140582e-07,8.209022162151767993e-07,8.220360816425511924e-07,8.233401649093248342e-07,8.248705484043223132e-07,8.266874775963352884e-07,8.288559068647571618e-07,8.314461005530919060e-07,8.345342935269779526e-07,8.382034182712407938e-07,8.425439116474611044e-07,8.476546254193868624e-07,8.536438823807249112e-07,8.606307459140930755e-07,8.687466044411926845e-07,8.781372063153586015e-07,8.889652927013623057e-07,9.014139128900428709e-07,9.156902644036087846e-07,9.320293078560176799e-07,9.506952414152375253e-07,9.719770179405594973e-07,9.961716362352870233e-07,1.023547006061308743e-06,1.054277349490403602e-06,1.088352517832948748e-06,1.125482313611992068e-06,1.165047032309150509e-06,1.206172238657509827e-06,1.247994943889167891e-06
1.297508007860497806e-06,1.341401535647923391e-06,1.380231068758786700e-06,1.415858181262496668e-06,1.449280547991697801e-06,1.480905605538659362e-06,1.510820958853370030e-06,1.538982474598168905e-06,1.565331111554624636e-06,1.589859329101750228e-06,1.612640711318926544e-06,1.633832678843055796e-06,1.653661721189920558e-06,1.672400074918420378e-06,1.690340980766902508e-06,1.707777098608043149e-06,1.724984218411233788e-06,1.742210610982302174e-06,1.759671325875022008e-06,1.777546321970620905e-06,1.795981285826410681e-06,1.815090157491567706e-06,1.834958610310558491e-06,1.855647948046786438e-06,1.877199059698610834e-06,1.899636204105861360e-06,1.922970488434304434e-06,1.947202965915151153e-06,1.972327317590435369e-06,1.998332107421618797e-06,2.025202615248787936e-06,2.052922261420034359e-06,2.081473642878346689e-06,2.110839204625923141e-06,2.141001573680634605e-06,2.171943585364307110e-06,2.203648034204452926e-06,2.236097183907869518e-06,2.269272072725350672e-06,2.303151652063403153e-06,2.337711797611214733e-06,2.372924234216640748e-06,2.408754739306849495e-06,2.445159018411385794e-06,2.482080037150022906e-06,2.519445664156410158e-06,2.557165946935347335e-06,2.595129990079223933e-06,2.633202418499240932e-06,2.671219433392578193e-06,2.708984512425830102e-06,2.746263878561537013e-06,2.782781980140607598e-06,2.818217412865934939e-06,2.852200010128028838e-06,2.884310290650682151e-06,2.914083174876298284e-06,2.941019014400466196e-06,2.964606772611336248e-06,2.984367078682097391e-06,2.999927594121511751e-06,2.926818958433877412e-06,2.767558726287944587e-06,2.528035390957870203e-06,2.217869501999747677e-06,1.850846114615343091e-06,1.445151538141510103e-06,1.023065833593367795e-06,6.184563464122967021e-07,3.227167730125883002e-07,4.506483569788324326e-07,8.142526835473613399e-07,1.209122512786579700e-06,1.604096994915081799e-06,1.989273222224401699e-06,2.344882512701713722e-06,2.657041412627329980e-06,2.914550842352921988e-06,3.108802878506717399e-06,3.233537021653143269e-06,3.284647091083267683e-06,3.260096781762760368e-06,3.159897027033744450e-06,2.986102763426448109e-06,2.742814192406506405e-06,2.436186138584415437e-06,2.074435658371384095e-06,1.667842123238203197e-06,1.230010035684359167e-06,7.770465502809507885e-07,3.695927354087679205e-07,4.083892995312174716e-07,8.486565866620024984e-07,1.338536381619158765e-06,1.828315297310372819e-06,2.299022137518260151e-06,2.737715862282764801e-06,3.133789754178869919e-06,3.478608095403308243e-06,3.765383836772016537e-06,3.989142504812671867e-06,4.146770007016990621e-06,4.237141913291466949e-06,4.261356932091299588e-06,4.223130687919036990e-06,4.129400200799160017e-06,3.991019560333840465e-06,3.823246999760107044e-06,3.651236798633576994e-06,3.481015603834947226e-06,3.315721613536199194e-06,3.158448323731801917e-06,3.012627032173152571e-06,2.881744258671650232e-06,2.767427095129929451e-06,2.658692530642487049e-06,2.552709347438815854e-06,2.449470702273040046e-06,2.350528304725464192e-06,2.258129893022999850e-06,2.174634180317239892e-06,2.102154661547511649e-06,2.042356368404082400e-06,1.996351205276217851e-06,1.964664801050523943e-06,1.947266985391726018e-06,1.943665294996051257e-06,1.953072811352943102e-06,1.975016158775845439e-06,2.007202239400738272e-06,2.046776931942426115e-06,2.090625945401912827e-06,2.135503039118130858e-06,2.178100357341348216e-06,2.214921473494637205e-06,2.241071685132770417e-06,2.252833894729255743e-06,2.247182452525479054e-06,2.221736181314819387e-06,2.174745322853951499e-06,2.105095744559209236e-06,2.012321604395563755e-06,1.896616532940691304e-06,1.758838635027849878e-06,1.600511267722376452e-06,1.423826716728139972e-06,1.231657147246347336e-06,1.027575759766671082e-06,8.162379135175864789e-07,6.014574605420770895e-07,3.888355211686761142e-07,1.957192861883498847e-07,1.468662061257258606e-07,3.069928208352188331e-07,4.945201531101388831e-07,6.744145578868553827e-07,8.383314504045646762e-07,9.816031143783640276e-07,1.100967695859321431e-06,1.194122648877644425e-06,1.259585312107587643e-06,1.296638457400891863e-06,1.305305150247118966e-06,1.286333496269879342e-06,1.241184564370951290e-06,1.172020267211978781e-06,1.081678576203006221e-06,9.736061367162386791e-07,8.519680059226107732e-07,7.204515239737971866e-07,5.830168607975219992e-07,4.443139090820054202e-07,3.108788673043169230e-07,1.964714900066899624e-07,1.428768508833324397e-07,1.893824085391161081e-07,2.760370288529660369e-07,3.620787424350805509e-07,4.358352077141877884e-07,4.929591383613348170e-07,5.314528061195182799e-07,5.654539364971105160e-07,5.953716637479462532e-07,6.216383018807298544e-07,6.446716599937670565e-07,6.648587378384708307e-07,6.825497173831071388e-07,6.980570225712053390e-07,7.116568576162798794e-07,7.235918928655232171e-07,7.340743979746832180e-07,7.432894512869921277e-07,7.513980317124986739e-07,7.585398972861160946e-07,7.648362093251895250e-07,7.703918917651121383e-07,7.752977321537110084e-07,7.796322397025243316e-07,7.834632800344878884e-07,7.868495077718205971e-07,7.898416180308430406e-07,7.924834369296745470e-07,7.948136853907394565e-07,7.968699276188113690e-07,7.986897756182799917e-07,8.003112326110685933e-07,8.017730256650349751e-07,8.031149299262668799e-07,8.043780896132639340e-07,8.056053425751569337e-07,8.068415562084561023e-07,8.081339830122432988e-07,8.095326440553115485e-07,8.110907481317141055e-07,8.128651534494218041e-07,8.149168774819630650e-07,8.173116593884811135e-07,8.201205785931510142e-07,8.234207333130007593e-07,8.272959848875711435e-07,8.318377789083326712e-07,8.371460640712783698e-07,8.433303465958200278e-07,8.505109442859916157e-07,8.588205407211745552e-07,8.684061820167033831e-07,8.794318873756064340e-07,8.920820121426757890e-07,9.065653084998181254e-07,9.231191013618570724e-07,9.420118950630660444e-07,9.635408350223499923e-07,9.880178533789663220e-07,1.015735952829477602e-06,1.046907385111299162e-06,1.081572701183737878e-06,1.119498338606912598e-06,1.160110707148554439e-06,1.202544126147872158e-06,1.245874757418905037e-06
1.297132939205331999e-06,1.342300566624736122e-06,1.381766859009032130e-06,1.417430294834504445e-06,1.450396081785405995e-06,1.481192633497581841e-06,1.510013414263936422e-06,1.536897721300140774e-06,1.561850576181369975e-06,1.584914467336224990e-06,1.606202841126530846e-06,1.625904630137209419e-06,1.644270031912803678e-06,1.661587384547375644e-06,1.678158838837411348e-06,1.694279580383404236e-06,1.710222661837172943e-06,1.726229611906204166e-06,1.742505956061358059e-06,1.759220414473064902e-06,1.776506572829750269e-06,1.794466034742065197e-06,1.813172321878580615e-06,1.832675019525734882e-06,1.853003845848662805e-06,1.874172451887415776e-06,1.896181845395481429e-06,1.919023386337197981e-06,1.942681335235825620e-06,1.967134955284650968e-06,1.992360180594298802e-06,2.018330869710159064e-06,2.045019667816689038e-06,2.072398504149772711e-06,2.100438753753574836e-06,2.129111095144493431e-06,2.158385097751940789e-06,2.188228575154238843e-06,2.218606742080859803e-06,2.249481215008111992e-06,2.280808898368364173e-06,2.312540802019933522e-06,2.344620132548249000e-06,2.376977966825581600e-06,2.409530441605238249e-06,2.442176303720338210e-06,2.474794136457617083e-06,2.507239253869899330e-06,2.539340275442166516e-06,2.570895427738792996e-06,2.601668674252682723e-06,2.631385859651276824e-06,2.659731184601214418e-06,2.686344523720399247e-06,2.710820393104447335e-06,2.732709810609106808e-06,2.751526937174006007e-06,2.766763334367079626e-06,2.777914049930656005e-06,2.784521705082877138e-06,2.786247422950737279e-06,2.704657138931309623e-06,2.542508844023606500e-06,2.305647919352064451e-06,2.003171630813149452e-06,1.647598477108483735e-06,1.255231614475170425e-06,8.485509583561809468e-07,4.767449597809178520e-07,3.607725896763324508e-07,6.581539682301322822e-07,1.058891857571065524e-06,1.470647995141312290e-06,1.873181803402438983e-06,2.255110612072028054e-06,2.603325526766429056e-06,2.906016084133166821e-06,3.153090820658875255e-06,3.336448641326964977e-06,3.450071319901773348e-06,3.490039407718039096e-06,3.454532890965797772e-06,3.343824569211093043e-06,3.160255602186186456e-06,2.908182519469276758e-06,2.593888083702593424e-06,2.225452936660446487e-06,1.812636576055687047e-06,1.367123761810071301e-06,9.042987635801251667e-07,4.672517830446441563e-07,3.557289522099589600e-07,7.520413390207806724e-07,1.234710030461742196e-06,1.719559359801939326e-06,2.185758312405235673e-06,2.620766792954392882e-06,3.014743036208934186e-06,3.359695262358203206e-06,3.649358505297269904e-06,3.879225337010599732e-06,4.046636797015011864e-06,4.150919765648113139e-06,4.193575564211919011e-06,4.178524314806106641e-06,4.112375901438092576e-06,4.004604333090959587e-06,3.867391081033326260e-06,3.714812423663546822e-06,3.555399218151241335e-06,3.394800445022548769e-06,3.237434211657368110e-06,3.087010945487192645e-06,2.946314457322940938e-06,2.816162440586995894e-06,2.693721585481373048e-06,2.577685829644307529e-06,2.468232977365806021e-06,2.366559364944074871e-06,2.274387904039570778e-06,2.193561142686387137e-06,2.125747698267687241e-06,2.072249666902812816e-06,2.033890267399732714e-06,2.010965615094752271e-06,2.003250093919126530e-06,2.010045259786684163e-06,2.030254885041645643e-06,2.062436209133791286e-06,2.104319749308488422e-06,2.153080272683153024e-06,2.205543774817280988e-06,2.258314084737880783e-06,2.307835124081012023e-06,2.350362743482835073e-06,2.381858840945241543e-06,2.398715849417637435e-06,2.397871294693917977e-06,2.376858256718006367e-06,2.333838262720201715e-06,2.267628039252173425e-06,2.177721353005098906e-06,2.064303159040730003e-06,1.928253433274771331e-06,1.771139657179892053e-06,1.595197685371359530e-06,1.403298709147995133e-06,1.198897446383587468e-06,9.859574556175328660e-07,7.685389649531783771e-07,5.516765368449772595e-07,3.446520962448046835e-07,1.836236252267697980e-07,2.077730830513824219e-07,3.683706087751323349e-07,5.428212820118128583e-07,7.065234052274333422e-07,8.519939872839422307e-07,9.752248780837978497e-07,1.073623412877178840e-06,1.145539054678023916e-06,1.190120149315777248e-06,1.207259641294292380e-06,1.197566353345600667e-06,1.162340420614236694e-06,1.103542272834212392e-06,1.023744383865869476e-06,9.260535526446632018e-07,8.140036924461744020e-07,6.912193247246958210e-07,5.615609823263326473e-07,4.294088293240678894e-07,3.005881344897567540e-07,1.866625938566879727e-07,1.256330864077899488e-07,1.669804477465705356e-07,2.517476449102024322e-07,3.361457061536713015e-07,4.087240064361329727e-07,4.653804552979606856e-07,5.042186460395141496e-07,5.386257708502841852e-07,5.690131397343939658e-07,5.958057477582815402e-07,6.194102617717266422e-07,6.402016758591183768e-07,6.585187823043541568e-07,6.746639060455367181e-07,6.889046834475847314e-07,7.014767592102621132e-07,7.125868151675676718e-07,7.224156234299904365e-07,7.311209652915982966e-07,7.388403390180519953e-07,7.456934251093333044e-07,7.517843029933334977e-07,7.572034270140848556e-07,7.620293768446707986e-07,7.663304008319581188e-07,7.701657718800903989e-07,7.735869752642360233e-07,7.766387468174346006e-07,7.793607773738214988e-07,7.817915731180896308e-07,7.839696446722317412e-07,7.859338516883208277e-07,7.877237355914051915e-07,7.893798443005951135e-07,7.909440549410090846e-07,7.924599017638154030e-07,7.939729171847662104e-07,7.955309941722475741e-07,7.971847781620603950e-07,7.989880962191003299e-07,8.009984303185767760e-07,8.032774404772886745e-07,8.058915422356829013e-07,8.089125420199241918e-07,8.124183337287489846e-07,8.164936612862618983e-07,8.212309560758733231e-07,8.267312669060462408e-07,8.331053159582366461e-07,8.404747400324650757e-07,8.489736145692445137e-07,8.587504062021560866e-07,8.699705431888155141e-07,8.828197892356221615e-07,8.975084606648089162e-07,9.142760676164912043e-07,9.333949327707816312e-07,9.551694841302402395e-07,9.799252168848884620e-07,1.007978541058989815e-06,1.039578182718182525e-06,1.074814758196292291e-06,1.113512605536186569e-06,1.155148104098640132e-06,1.198870383200528381e-06,1.243700742697033568e-06
1.296705951332061796e-06,1.343156488286894966e-06,1.383264377492751473e-06,1.418959383400311404e-06,1.451453572298072513e-06,1.481397688822834058e-06,1.509092947215002180e-06,1.534664116311145437e-06,1.558182399345208027e-06,1.579742375863383829e-06,1.599499155476281439e-06,1.617674551756622448e-06,1.634543334744337238e-06,1.650410331512024220e-06,1.665586607362736143e-06,1.680369614908515609e-06,1.695029261957761989e-06,1.709799870609157378e-06,1.724876985118154789e-06,1.740417676672545911e-06,1.756543087096706975e-06,1.773342215400605461e-06,1.790876238150644245e-06,1.809182899516432692e-06,1.828280689684340862e-06,1.848172655131540783e-06,1.868849763740451847e-06,1.890293795452737386e-06,1.912479756312297393e-06,1.935377828474132799e-06,1.958954876509655073e-06,1.983175534525947215e-06,2.008002901224594938e-06,2.033398872110512833e-06,2.059324140093952712e-06,2.085737897835510264e-06,2.112597277311835259e-06,2.139856564125864889e-06,2.167466226017528593e-06,2.195371797040172077e-06,2.223512661599233512e-06,2.251820787478728939e-06,2.280218731038534144e-06,2.308615150185178255e-06,2.336901885677963454e-06,2.364951445100731870e-06,2.392614196953121292e-06,2.419715281022416038e-06,2.446051265068085248e-06,2.471386615031571889e-06,2.495450102360856491e-06,2.517931355830558990e-06,2.538477887796182451e-06,2.556693101605576761e-06,2.572136038503725388e-06,2.584323975266347620e-06,2.592739469599480892e-06,2.596844100806937109e-06,2.596101983514620062e-06,2.590017094209713652e-06,2.578189313678832350e-06,2.487921413353467693e-06,2.322035999698337370e-06,2.086170509861945908e-06,1.788881961998848179e-06,1.441915649221447900e-06,1.061497515402066748e-06,6.761058142366648101e-07,3.859814492585573180e-07,4.937844681470565928e-07,8.669836039660548858e-07,1.286834308735943993e-06,1.707580311959100076e-06,2.113275042408579943e-06,2.492700652871414482e-06,2.834832156574639559e-06,3.129286888457126872e-06,3.366895777755080467e-06,3.540119923935397704e-06,3.643301715688584735e-06,3.672802895656662960e-06,3.627073298172066576e-06,3.506668813827908719e-06,3.314219916794342628e-06,3.054344187384417023e-06,2.733495282944823110e-06,2.359752337275486506e-06,1.942609871377535883e-06,1.493052602091698471e-06,1.025274939260861787e-06,5.710261732403016453e-07,3.281409237156436700e-07,6.448787312872626386e-07,1.111749057014631495e-06,1.587094995162443099e-06,2.044971561353117843e-06,2.472668704323547987e-06,2.860892069262975703e-06,3.202246859450996193e-06,3.490990955289007242e-06,3.723058210531082676e-06,3.896152977163674781e-06,4.009868752471652163e-06,4.065814725376559558e-06,4.067729764445137843e-06,4.021533901495632437e-06,3.935210075452832547e-06,3.818332480540847070e-06,3.680943325212458438e-06,3.531172959501432938e-06,3.375370403956754427e-06,3.218630231527403430e-06,3.065055861997224137e-06,2.917688739446473979e-06,2.778197920727935040e-06,2.646799566367366366e-06,2.523792538404805639e-06,2.410000007654480262e-06,2.306722317270589161e-06,2.215517392171028014e-06,2.137954511925753180e-06,2.075403577422207617e-06,2.028879108748028123e-06,1.998939631022253160e-06,1.985636852063623133e-06,1.988506646409695297e-06,2.006589975323422311e-06,2.038463014878821172e-06,2.082237347308497659e-06,2.135462884377223335e-06,2.195217858387268491e-06,2.258232081375657892e-06,2.320992360343233544e-06,2.379821302325851083e-06,2.430936414562649732e-06,2.470543096628513217e-06,2.495128130629998353e-06,2.501626051898026087e-06,2.487519298273427977e-06,2.450904820305546619e-06,2.390541513858695267e-06,2.305883590236955983e-06,2.197100277826644175e-06,2.065080160534378222e-06,1.911417489771898844e-06,1.738376902747177310e-06,1.548831979835670171e-06,1.346173898999682150e-06,1.134193579982959057e-06,9.169687211687570250e-07,6.992334130646792121e-07,4.878209842018912618e-07,2.984466566894154899e-07,1.932970504812025240e-07,2.690817586206127249e-07,4.228335041406065034e-07,5.806655192358914448e-07,7.251174331588095485e-07,8.498752976643608397e-07,9.516029663663546507e-07,1.028321819582959646e-06,1.078978077767177172e-06,1.103297970075963325e-06,1.101724547235253420e-06,1.075375331070897600e-06,1.025997758520024148e-06,9.559100913359494669e-07,8.679195914159945076e-07,7.652145204449530173e-07,6.512256632247065443e-07,5.296404180557522951e-07,4.045783946773197696e-07,2.813170535864185754e-07,1.699710472069700312e-07,1.071887197266731993e-07,1.498280361665509055e-07,2.343458525901498957e-07,3.171392200276988467e-07,3.881292209342995207e-07,4.437187227958416393e-07,4.821923160040904170e-07,5.163669450234461828e-07,5.466567050405470019e-07,5.734751176534441422e-07,5.972118259066976187e-07,6.182235201858987942e-07,6.368314674936437012e-07,6.533221705463393346e-07,6.679494822939457603e-07,6.809373343006888863e-07,6.924826451470625786e-07,7.027581841013085330e-07,7.119152765715798987e-07,7.200862986669781502e-07,7.273869419410581289e-07,7.339182481127128685e-07,7.397684237164950154e-07,7.450144498160383880e-07,7.497235041766053351e-07,7.539542138451332983e-07,7.577577556541431497e-07,7.611788211911104873e-07,7.642572426672910107e-07,7.670317464621849976e-07,7.695411133766374962e-07,7.718245130425145404e-07,7.739218264476744793e-07,7.758739618299112819e-07,7.777231707880042435e-07,7.795133722220398664e-07,7.812904921063680299e-07,7.831028272473484989e-07,7.850014410677124898e-07,7.870405990356191525e-07,7.892782505937352507e-07,7.917765633861692951e-07,7.946025143714800588e-07,7.978285413191841361e-07,8.015332576630098652e-07,8.058022344443299061e-07,8.107288562729033088e-07,8.164152656740455562e-07,8.229734245924123515e-07,8.305263467500529616e-07,8.392095934697799453e-07,8.491731786173783472e-07,8.605840846313392222e-07,8.736296142309173258e-07,8.885217036758960829e-07,9.055019349522374863e-07,9.248460419803079286e-07,9.468649063182036549e-07,9.718962677269529762e-07,1.000278237077182825e-06,1.032294319070366294e-06,1.068084276146917354e-06,1.107531212253112841e-06,1.150164924402678237e-06,1.195155169694242300e-06,1.241474488140408721e-06
1.296225217574414409e-06,1.343964924754199824e-06,1.384718079202584546e-06,1.420439832618865623e-06,1.452447994043952634e-06,1.481516666861723698e-06,1.508056589878302843e-06,1.532280096421143231e-06,1.554326811240020174e-06,1.574345570124604724e-06,1.592534986418469707e-06,1.609151093691876973e-06,1.624494017410313212e-06,1.638885354527566121e-06,1.652644982179376565e-06,1.666072270804484594e-06,1.679433511099419726e-06,1.692955317366301244e-06,1.706822784816048873e-06,1.721180936344091059e-06,1.736138154591604558e-06,1.751770605605340242e-06,1.768126975576396368e-06,1.785233098601502098e-06,1.803096237021175983e-06,1.821708895668373833e-06,1.841052123574231703e-06,1.861098297010072412e-06,1.881813398470392367e-06,1.903158815855135075e-06,1.925092690139791729e-06,1.947570841446217164e-06,1.970547304376374101e-06,1.993974504542835186e-06,2.017803109668666157e-06,2.041981590380695168e-06,2.066455527703947235e-06,2.091166706107420420e-06,2.116052032715327806e-06,2.141042325249468173e-06,2.166061014234430484e-06,2.191022810784285399e-06,2.215831646530486410e-06,2.240376061713099310e-06,2.264526204189405736e-06,2.288131262863659212e-06,2.311016633159465459e-06,2.332980827111230202e-06,2.353792164087646493e-06,2.373185313212951682e-06,2.390857809692879730e-06,2.406466740338880738e-06,2.419625896076257963e-06,2.429903830216528240e-06,2.436823451049096733e-06,2.439864025706701585e-06,2.438466784532700957e-06,2.432045682412381884e-06,2.420005252039698857e-06,2.401767753479850353e-06,2.376811708394569931e-06,2.277913337106422307e-06,2.107888418379900937e-06,1.872163942299218104e-06,1.578949364443493491e-06,1.239913539182068954e-06,8.734606247423372146e-07,5.247510418521433102e-07,3.885812184825566029e-07,6.580240896809423017e-07,1.064072173441204076e-06,1.493091857626979450e-06,1.917262391941504115e-06,2.322796957576296541e-06,2.698800176890831859e-06,3.035010672606758413e-06,3.321808001988353002e-06,3.550637087238555293e-06,3.714417360301828587e-06,3.807843136231790119e-06,3.827577751168351895e-06,3.772362933628169147e-06,3.643057924562135267e-06,3.442611065885530263e-06,3.175957240678737730e-06,2.849831616922703200e-06,2.472502895575324323e-06,2.053484989943973731e-06,1.603475548539874666e-06,1.135551913351592714e-06,6.738667370138331669e-07,3.379409133975261648e-07,5.343072529591713833e-07,9.749421504097146913e-07,1.435257734238909495e-06,1.880189965414006976e-06,2.296255371327596278e-06,2.674505397169307874e-06,3.008054232366761923e-06,3.291631106227501969e-06,3.521553033602333251e-06,3.695797613941665973e-06,3.814091745281455979e-06,3.877983543608685594e-06,3.890868591034509370e-06,3.857925795483773150e-06,3.785892492268439050e-06,3.682588642830457141e-06,3.556119183240967272e-06,3.413853900578452881e-06,3.262135638323751205e-06,3.106328151578134251e-06,2.950882526412406282e-06,2.799321853306094838e-06,2.654199109409535752e-06,2.517237176432661021e-06,2.389889495612297131e-06,2.273648952910467077e-06,2.170103840501611366e-06,2.080850667943563508e-06,2.007353012372017564e-06,1.950799913248565233e-06,1.911990013759102620e-06,1.891251311729946619e-06,1.888397718996554779e-06,1.902718473130973952e-06,1.932991668400133086e-06,1.977507719325552310e-06,2.034085294784543886e-06,2.100075009729757738e-06,2.172419099593725290e-06,2.247738332176193673e-06,2.322422086742064240e-06,2.392714837398020689e-06,2.454807561331428736e-06,2.504960606446505140e-06,2.539685826485645969e-06,2.555899367376030844e-06,2.551036158695150931e-06,2.523134135996213535e-06,2.470896049207699564e-06,2.393733248293143662e-06,2.291792469696313088e-06,2.165963972417447333e-06,2.017867151607312609e-06,1.849807959585462423e-06,1.664702246896961111e-06,1.465964097432071842e-06,1.257376213347842789e-06,1.043008737394916662e-06,8.273878899157861001e-07,6.162305580419955947e-07,4.192107238209615728e-07,2.625287627383818256e-07,2.239429269538124139e-07,3.248536110419191545e-07,4.663134148466922226e-07,6.049222055464437161e-07,7.281623451544807703e-07,8.309207213376765136e-07,9.105449798926633616e-07,9.656401763770194070e-07,9.957001425883701960e-07,1.000966502675208991e-06,9.823546045166837223e-07,9.413940519309366614e-07,8.801634282839355642e-07,8.012110732618316354e-07,7.074629173042805491e-07,6.021333931188551657e-07,4.887034046268871140e-07,3.710293159982281276e-07,2.539267057715809033e-07,1.465511360015707864e-07,8.761484304593095081e-08,1.387808943235287503e-07,2.240276311647612863e-07,3.049709370388703103e-07,3.738618830382342090e-07,4.277604672886685242e-07,4.651710552364887313e-07,4.984973564051373554e-07,5.281487182365617796e-07,5.545190754578074358e-07,5.779733226537137840e-07,5.988427963556313477e-07,6.174249147025750421e-07,6.339847326186565356e-07,6.487573374254532892e-07,6.619505478659108174e-07,6.737476423824403825e-07,6.843099772619623433e-07,6.937794270475008089e-07,7.022806188895685375e-07,7.099229542690444669e-07,7.168024235012097910e-07,7.230032247920443600e-07,7.285992026932578908e-07,7.336551219409733509e-07,7.382277926672982712e-07,7.423670623317786028e-07,7.461166887306253316e-07,7.495158701969918630e-07,7.526028758802201771e-07,7.554161649126669682e-07,7.579947002239401878e-07,7.603782514421247735e-07,7.626076935038037290e-07,7.647253086106147946e-07,7.667750995075322925e-07,7.688031221547855812e-07,7.708578458422031388e-07,7.729905486233649685e-07,7.752557555523207787e-07,7.777117265293728890e-07,7.804209996019345610e-07,7.834509944032497249e-07,7.868746792414757363e-07,7.907713045358152531e-07,7.952272054623086042e-07,8.003366788929565839e-07,8.062029457837688987e-07,8.129392229284395458e-07,8.206699514595947669e-07,8.295322681829390118e-07,8.396778620943212866e-07,8.512754252978725934e-07,8.645139541287377318e-07,8.796071026546876955e-07,8.967984743287602809e-07,9.163668888114029099e-07,9.386289399741901130e-07,9.639333600300587529e-07,9.926382551748682542e-07,1.025060097338262743e-06,1.061386609084828376e-06,1.101560125950964792e-06,1.145166877087693192e-06,1.191402776409318771e-06,1.239197764830072245e-06
1.295689054715895558e-06,1.344721560678313600e-06,1.386122412145233263e-06,1.421865981127534620e-06,1.453374252061081150e-06,1.481545385310082155e-06,1.506901308741830827e-06,1.529744070948151878e-06,1.550284078434588100e-06,1.568726683238040217e-06,1.585315869836797991e-06,1.600343187721997135e-06,1.614134808611763603e-06,1.627029267028109019e-06,1.639355039390692663e-06,1.651412974626322450e-06,1.663465211491676736e-06,1.675730121547176719e-06,1.688381875237747121e-06,1.701553060975803471e-06,1.715339015819965248e-06,1.729802884535050408e-06,1.744980765074395560e-06,1.760886564513816661e-06,1.777516372206442701e-06,1.794852270550046292e-06,1.812865568004160914e-06,1.831519471564627469e-06,1.850771230033455429e-06,1.870573783949035208e-06,1.890876958354002417e-06,1.911628233665298926e-06,1.932773129224089538e-06,1.954255234168297506e-06,1.976015921098526299e-06,1.997993779359412765e-06,2.020123806320532622e-06,2.042336396563461787e-06,2.064556170311637115e-06,2.086700684100137304e-06,2.108679069551074147e-06,2.130390652281900549e-06,2.151722843714601083e-06,2.172546436440356174e-06,2.192712542261331007e-06,2.212049985267875980e-06,2.230362436707840411e-06,2.247425303674682346e-06,2.262982403920983569e-06,2.276742488511025687e-06,2.288375715545561720e-06,2.297510235409961395e-06,2.303729124951609165e-06,2.306568008719938685e-06,2.305513832900130882e-06,2.300005411699680385e-06,2.289436539489690218e-06,2.273162633758144016e-06,2.250511997651649649e-06,2.220802780416250949e-06,2.183366432154577924e-06,2.076208745825668217e-06,1.902135570967436386e-06,1.666446546142070415e-06,1.377290079014595478e-06,1.047117891767329789e-06,6.998850825868682099e-07,4.178077019353357404e-07,4.716362262235961854e-07,8.214568220298216589e-07,1.241352860859981097e-06,1.672866099690780205e-06,2.096155735955771210e-06,2.498741727835045483e-06,2.869998004628738590e-06,3.199947286145882220e-06,3.479303357112201037e-06,3.699842564961078263e-06,3.854789304035938846e-06,3.939119955835004841e-06,3.949772590835928089e-06,3.885774081928559472e-06,3.748295415052480637e-06,3.540636084639159265e-06,3.268126828173408831e-06,2.937931797519567791e-06,2.558737303162320376e-06,2.140361221353220063e-06,1.693477288215360618e-06,1.230217797565913687e-06,7.694395967707630865e-07,3.813887468284980199e-07,4.289515527325498316e-07,8.293916834270516263e-07,1.268520666314330764e-06,1.695396638606269319e-06,2.095069474995559834e-06,2.458753907589907892e-06,2.779979135943545444e-06,3.053877563499147755e-06,3.277083769328908214e-06,3.447773551258807667e-06,3.565721708465137116e-06,3.632334286356314155e-06,3.650626019626640353e-06,3.625110411206357127e-06,3.561563487608465403e-06,3.466627511734542668e-06,3.347261534840823908e-06,3.210158577907913196e-06,3.061428386115541521e-06,2.906485956045065881e-06,2.750019457812704919e-06,2.595975834347019669e-06,2.447579250763637878e-06,2.307449351627686679e-06,2.177844008545482130e-06,2.060828060726153261e-06,1.958320950854405873e-06,1.872054945346604376e-06,1.803489157606346759e-06,1.753714510616328436e-06,1.723371289778412502e-06,1.712590535076476692e-06,1.720963679337816623e-06,1.747539983278390806e-06,1.790846763867677664e-06,1.848922815068183038e-06,1.919353805905619917e-06,1.999307787806051422e-06,2.085591187784676388e-06,2.174720867067661947e-06,2.263003212051593180e-06,2.346617590942360759e-06,2.421711227077901410e-06,2.484520891138648036e-06,2.531527370658069002e-06,2.559599474033790707e-06,2.566111746123396528e-06,2.549036200191257174e-06,2.507012520502456540e-06,2.439400234447194957e-06,2.346313870157779375e-06,2.228639241805742291e-06,2.088025793899405447e-06,1.926846556176960244e-06,1.748115350135601960e-06,1.555355249187243141e-06,1.352432779803147922e-06,1.143425735938809605e-06,9.326884650624305233e-07,7.252705148877351506e-07,5.282779511162052391e-07,3.558088541863844978e-07,2.466746484822648232e-07,2.638611209206724776e-07,3.704708525468758920e-07,4.957470661553128347e-07,6.134187368612654471e-07,7.144402273643497531e-07,7.948104834175296578e-07,8.525392769533357446e-07,8.867766581269868126e-07,8.975086913353497248e-07,8.854225043805882360e-07,8.518223667422911494e-07,7.985558103967504108e-07,7.279351258987501220e-07,6.426528748125923200e-07,5.457035082455159303e-07,4.403448867050616757e-07,3.301620687392274349e-07,2.195432768129443623e-07,1.170299070663647567e-07,6.946773408449510824e-08,1.353272859574809146e-07,2.209469193035345714e-07,2.994343955408358671e-07,3.656130749035261108e-07,4.171832412934236329e-07,4.528570762096574107e-07,4.847542334097316467e-07,5.132635670625961587e-07,5.387475550143275109e-07,5.615369985564143552e-07,5.819302681030441948e-07,6.001945748001507310e-07,6.165681216432025498e-07,6.312625829990440196e-07,6.444656378992776238e-07,6.563434187669649582e-07,6.670428078741589533e-07,6.766935518701656521e-07,6.854101857029509792e-07,6.932937688834586922e-07,7.004334433408516447e-07,7.069078252953280624e-07,7.127862449010216090e-07,7.181298476377174607e-07,7.229925710164492208e-07,7.274220093958193631e-07,7.314601787609783938e-07,7.351449365706403946e-07,7.385134747894628334e-07,7.416033870907407614e-07,7.444529528113281134e-07,7.471014119346692485e-07,7.495892389859668045e-07,7.519584241949632861e-07,7.542527702215134197e-07,7.565182125590350481e-07,7.588031715427948130e-07,7.611589436573727926e-07,7.636401394705042521e-07,7.663051749334311560e-07,7.692168219370004567e-07,7.724428229221528250e-07,7.760565731348523949e-07,7.801378730601550193e-07,7.847737531928366465e-07,7.900593745747632863e-07,7.960990131817242564e-07,8.030071471623472737e-07,8.109096874625318992e-07,8.199454299586009728e-07,8.302678652006074917e-07,8.420475570794590805e-07,8.554753695688965674e-07,8.707668098303407600e-07,8.881675119186645274e-07,9.079591370166602166e-07,9.304633431643810755e-07,9.560386823490988719e-07,9.850615725956867653e-07,1.017879551259097074e-06,1.054726869122918027e-06,1.095605163448876566e-06,1.140159654058842190e-06,1.187617603013252548e-06,1.236872514511229910e-06
1.295095925020157516e-06,1.345422151898117141e-06,1.387471828996385326e-06,1.423232128835513574e-06,1.454227186793318276e-06,1.481479588600786695e-06,1.505624011926057941e-06,1.527054433791602627e-06,1.546054519880781478e-06,1.562888482718103985e-06,1.577847557945502423e-06,1.591260050025343059e-06,1.603478765218775193e-06,1.614859224155480402e-06,1.625738178407590725e-06,1.636417427284244480e-06,1.647154363308547024e-06,1.658158550173656419e-06,1.669592753134690882e-06,1.681576755348008550e-06,1.694192591997980076e-06,1.707490238332857811e-06,1.721493152566076874e-06,1.736203347760486681e-06,1.751605846896013175e-06,1.767672481606662201e-06,1.784365050661467590e-06,1.801637878723223422e-06,1.819439823315470471e-06,1.837715777305414830e-06,1.856407710832566408e-06,1.875455293203233074e-06,1.894796132978371544e-06,1.914365673549918495e-06,1.934096781699693165e-06,1.953919067537577367e-06,1.973757975374232470e-06,1.993533686166083747e-06,2.013159873098324509e-06,2.032542353007136914e-06,2.051577678781581546e-06,2.070151723939662348e-06,2.088137541363290826e-06,2.105390596605986402e-06,2.121745664896444189e-06,2.137014193370304765e-06,2.150981404534410575e-06,2.163403147149851130e-06,2.174002516180156370e-06,2.182466285346590481e-06,2.188441225902381492e-06,2.191530425348192206e-06,2.191289771715722028e-06,2.187224833937364540e-06,2.178788446594005589e-06,2.165379395556158823e-06,2.146342693860190190e-06,2.120972025313797920e-06,2.088515008598846590e-06,2.048182008536268939e-06,1.999159382430393637e-06,1.884440636098010747e-06,1.706855636494409238e-06,1.471697007988945772e-06,1.187384701216832747e-06,8.682489680056451283e-07,5.494513557631903754e-07,3.781649822447145544e-07,5.856923861845244055e-07,9.693230155934731368e-07,1.392667863032045817e-06,1.821581385094325567e-06,2.240423251018358097e-06,2.637667156771382781e-06,3.002905087737504817e-06,3.326175856484599089e-06,3.598219925326950782e-06,3.810903844053292116e-06,3.957601908826615808e-06,4.033483488086874912e-06,4.035710780825879883e-06,3.963565315177932943e-06,3.818516188258266075e-06,3.604230421681759740e-06,3.326509095951642680e-06,2.993113471443869018e-06,2.613431886222848527e-06,2.197959742560448495e-06,1.757688888576239533e-06,1.303967488089504426e-06,8.517208632161486335e-07,4.427998606303997608e-07,3.403126516665192571e-07,6.802103920251760097e-07,1.091418347980448896e-06,1.494872282365048447e-06,1.873186582372378073e-06,2.217553156367498017e-06,2.521823544803160879e-06,2.781463650719482099e-06,2.993364579010339253e-06,3.155843158349519664e-06,3.268671823930779202e-06,3.333084943470893166e-06,3.351734625172814367e-06,3.328574344640852305e-06,3.268650382438447910e-06,3.177788594364752091e-06,3.062188388394984912e-06,2.927994359497319446e-06,2.781022188912831049e-06,2.626617279312329080e-06,2.469586737014198915e-06,2.314171089416749801e-06,2.164055840358322956e-06,2.022440082760097115e-06,1.892153271755041218e-06,1.775726338980331829e-06,1.675397983858473473e-06,1.593074094373450777e-06,1.530263937142608512e-06,1.488012436335607150e-06,1.466842129742698517e-06,1.466713670044764746e-06,1.487010289689619142e-06,1.526548722632064711e-06,1.583615213790976930e-06,1.656018821692747471e-06,1.741146591397831542e-06,1.836009014736047449e-06,1.937294956676504870e-06,2.041435900043674552e-06,2.144674692123807497e-06,2.243136831318940145e-06,2.332910963460348639e-06,2.410160194153881368e-06,2.471287938313710967e-06,2.513085032652694410e-06,2.532847161015899229e-06,2.528467166404622264e-06,2.498508313450593859e-06,2.442262582649107925e-06,2.359795439758860543e-06,2.251975534126228422e-06,2.120483624904521666e-06,1.967788821641813413e-06,1.797072614830966311e-06,1.612076993329556873e-06,1.416864644010706292e-06,1.215545188507472967e-06,1.012296007851919533e-06,8.116591220803409110e-07,6.193203588123605978e-07,4.443992707403428820e-07,3.069311306508864068e-07,2.515393390475907833e-07,3.018518661614156928e-07,4.024965539618523932e-07,5.090839840811551292e-07,6.049937293198589577e-07,6.836593108220190126e-07,7.420560479584182788e-07,7.788080034267854706e-07,7.935617059867427842e-07,7.867363837306480504e-07,7.593956436648015988e-07,7.131568162512100195e-07,6.501075615277732421e-07,5.727200263242682973e-07,4.837672827094545048e-07,3.862723604824477472e-07,2.835345527142155278e-07,1.795024100941799456e-07,8.237331078365502257e-08,5.991610757435457522e-08,1.406392037625204084e-07,2.249507908283860129e-07,3.001144354407444351e-07,3.629185424385893472e-07,4.115424987897673262e-07,4.448546260700762156e-07,4.747938876914684082e-07,5.017074698270975912e-07,5.259122953982163830e-07,5.476949858049161202e-07,5.673132983233527248e-07,5.849981756407066876e-07,6.009560043970877877e-07,6.153708848582735124e-07,6.284068125143205527e-07,6.402097230673610771e-07,6.509093796965039897e-07,6.606210968480509228e-07,6.694473034922365343e-07,6.774789536045155190e-07,6.847967941143459619e-07,6.914725016244520153e-07,6.975696993964215693e-07,7.031448657770090519e-07,7.082481446296229855e-07,7.129240675813135667e-07,7.172121970876610050e-07,7.211484239189154114e-07,7.247683116716924273e-07,7.281081027152666195e-07,7.312049643582259998e-07,7.340972288937626884e-07,7.368246365188967097e-07,7.394285901054976541e-07,7.419524303858847819e-07,7.444417396861691312e-07,7.469446820007589221e-07,7.495123869117192841e-07,7.521993845176812996e-07,7.550640980426378143e-07,7.581694000660047904e-07,7.615832373232179363e-07,7.653793278208102721e-07,7.696379327701269788e-07,7.744467049822563156e-07,7.799016157311307532e-07,7.861079653027299652e-07,7.931814913678517661e-07,8.012496084985559816e-07,8.104528477906578874e-07,8.209466237970178567e-07,8.329035373203017167e-07,8.465165088212752290e-07,8.620030662713882652e-07,8.796109387757408187e-07,8.996244646058298849e-07,9.223698146604038821e-07,9.482142789011112354e-07,9.775509457023124998e-07,1.010756451276417155e-06,1.048109919812511117e-06,1.089671972906401377e-06,1.135148905475039789e-06,1.183804135218230062e-06,1.234500836288619342e-06
1.294444437284720799e-06,1.346062535644898336e-06,1.388760798548662666e-06,1.424532545136832540e-06,1.455001579146992353e-06,1.481314952833909162e-06,1.504221557317218169e-06,1.524209576288842217e-06,1.541638523355667303e-06,1.556833886980090560e-06,1.570136030810933516e-06,1.581911182147075580e-06,1.592539257439225120e-06,1.602392687771459341e-06,1.611816063566529624e-06,1.621111520112368341e-06,1.630531053910167803e-06,1.640274829661067132e-06,1.650493725828528153e-06,1.661294367360742949e-06,1.672745262499903769e-06,1.684883108670129992e-06,1.697718717872943145e-06,1.711242289741498791e-06,1.725427935930674102e-06,1.740237457260608438e-06,1.755623421289025551e-06,1.771531604019511805e-06,1.787902860012338372e-06,1.804674479398088248e-06,1.821781083276613812e-06,1.839155103132633908e-06,1.856726886040336619e-06,1.874424465512947399e-06,1.892173037407032565e-06,1.909894180698230626e-06,1.927504863621380544e-06,1.944916276196612830e-06,1.962032530432042356e-06,1.978749269887173947e-06,1.994952231983913048e-06,2.010515811948763647e-06,2.025300902839537129e-06,2.039150097716955818e-06,2.051884566793650728e-06,2.063301401431546882e-06,2.073170691696603277e-06,2.081232334462019897e-06,2.087192578999532837e-06,2.090720330921951320e-06,2.091443254135226260e-06,2.088943735020360514e-06,2.082754804198223651e-06,2.072356149597253853e-06,2.057170400860997303e-06,2.036559921156391397e-06,2.009824414144753329e-06,1.976199760153034929e-06,1.934858690429841866e-06,1.884914335019533385e-06,1.825428700115257100e-06,1.704129165706302171e-06,1.523917053842986095e-06,1.290205173329055330e-06,1.012042565022103472e-06,7.070982284280351857e-07,4.312556771486682055e-07,4.027684049020429000e-07,6.982789944278300751e-07,1.093212180423933743e-06,1.512995370621931713e-06,1.935004864013123046e-06,2.346259357276684309e-06,2.736115200192835968e-06,3.094378801394689445e-06,3.410785812180116275e-06,3.675796218430018370e-06,3.881147462808545041e-06,4.020229663387634241e-06,4.088326343288099461e-06,4.082769088587826252e-06,4.003043880540289683e-06,3.850869381554069287e-06,3.630250884340051881e-06,3.347492510556758852e-06,3.011114442984606703e-06,2.631570376046862137e-06,2.220625763857362867e-06,1.790283809699653940e-06,1.351152909680697530e-06,9.148470481737056009e-07,5.066066092965875169e-07,2.832223704202982104e-07,5.326291744516627898e-07,9.084259765968077184e-07,1.283035698211395645e-06,1.635047368334558216e-06,1.955401045791317905e-06,2.238174427171060105e-06,2.479101022891059826e-06,2.675276989268188307e-06,2.825119526516359923e-06,2.928371565443843010e-06,2.986091438293617779e-06,3.000602936838709761e-06,2.975392675119278894e-06,2.914946075176352884e-06,2.824513361998419646e-06,2.709787483880712985e-06,2.576465315001798980e-06,2.430045765552787593e-06,2.275721787548860855e-06,2.118311861156586159e-06,1.962218452842048212e-06,1.811415086221193144e-06,1.669472305777913871e-06,1.539639240576174982e-06,1.424834479076127433e-06,1.327593028848975952e-06,1.250004456060742811e-06,1.193653629660830257e-06,1.159568542469264410e-06,1.148179471731196363e-06,1.159294480707166366e-06,1.192096863053128808e-06,1.245170582504135341e-06,1.316558456644645743e-06,1.403848668392939802e-06,1.504259237833906461e-06,1.614672769497326268e-06,1.731689013251063249e-06,1.851684568929590412e-06,1.970871618964029596e-06,2.085348625572784283e-06,2.191142756921445808e-06,2.284284084787786548e-06,2.361051527174610935e-06,2.418129958778473063e-06,2.452719537923021408e-06,2.462620019075797829e-06,2.446301055101373641e-06,2.402963734640337490e-06,2.332595599411494680e-06,2.236019221246999480e-06,2.114930417035503363e-06,1.971912843001181422e-06,1.810398255045719432e-06,1.634517952710016775e-06,1.448758846872717322e-06,1.257270904057868793e-06,1.063982954131786995e-06,8.729457467952013788e-07,6.888683656758026945e-07,5.183113797987128542e-07,3.730314884620917804e-07,2.780819196564128797e-07,2.679864236271763351e-07,3.306082711101599652e-07,4.187479620636917753e-07,5.053763794698486831e-07,5.795406717520587020e-07,6.364772595562877785e-07,6.739976218217724920e-07,6.912806213847803429e-07,6.884171311092411393e-07,6.662032791815052966e-07,6.260193339768419698e-07,5.697347832040276777e-07,4.996136407778771348e-07,4.182059544929386832e-07,3.282887420646176814e-07,2.328554362887090853e-07,1.353471815209351845e-07,4.391005180363286550e-08,6.801453412128149364e-08,1.545090712024756459e-07,2.353927345305015095e-07,3.063332988620716631e-07,3.651422054683025507e-07,4.102691984916235701e-07,4.406734525927301148e-07,4.681975075243569964e-07,4.931249645557571817e-07,5.157132574415779817e-07,5.361952932592011036e-07,5.547812693413712114e-07,5.716605318865641260e-07,5.870033981207679392e-07,6.009628964715310914e-07,6.136763996178555708e-07,6.252671385063993696e-07,6.358455940239043528e-07,6.455107684746018722e-07,6.543513422986803647e-07,6.624467232634405645e-07,6.698679961550388845e-07,6.766787811528699853e-07,6.829360088344064629e-07,6.886906193100698869e-07,6.939881924401633067e-07,6.988695155105769004e-07,7.033710941823294295e-07,7.075263185247830419e-07,7.113686506310768910e-07,7.149325617937430167e-07,7.182537344549326694e-07,7.213692617080732478e-07,7.243178542680692660e-07,7.271400643959442331e-07,7.298785355494750915e-07,7.325782858879542590e-07,7.352870332870554943e-07,7.380555691807523309e-07,7.409381882390063413e-07,7.439931804923640807e-07,7.472833919193178101e-07,7.508768586435348653e-07,7.548475187271819765e-07,7.592760041793894719e-07,7.642505145183214728e-07,7.698677727357164222e-07,7.762340662864519204e-07,7.834663825290158220e-07,7.916936645269343994e-07,8.010582460628751410e-07,8.117175818549709480e-07,8.238464742594396037e-07,8.376400993181948255e-07,8.533182007381049362e-07,8.711307176112308856e-07,8.913645780311559820e-07,9.143500134291631386e-07,9.404620704729582997e-07,9.701089270629723682e-07,1.003694312503383986e-06,1.041540371577987454e-06,1.083766017064609318e-06,1.130140215568242078e-06,1.179966921260786302e-06,1.232084972092584237e-06
1.293733346890803209e-06,1.346638640224611469e-06,1.389983816903674234e-06,1.425761477054704234e-06,1.455692155782384338e-06,1.481047091308729877e-06,1.502690761521893500e-06,1.521207900785854517e-06,1.537036562148990475e-06,1.550565981364760948e-06,1.562187506602027020e-06,1.572306370058402700e-06,1.581329951793728866e-06,1.589647389478974317e-06,1.597610564508217814e-06,1.605521250992974952e-06,1.613625348930262130e-06,1.622113011627988508e-06,1.631122751779525041e-06,1.640747703462649770e-06,1.651042655161364636e-06,1.662030957748207381e-06,1.673710813989980035e-06,1.686060735587610913e-06,1.699044122744045516e-06,1.712613009233083976e-06,1.726711052221707472e-06,1.741275853424619447e-06,1.756240691825201865e-06,1.771535737323919627e-06,1.787088804090386726e-06,1.802825694173139836e-06,1.818670176544992720e-06,1.834543643881220039e-06,1.850364488265255602e-06,1.866047236886790387e-06,1.881501488921409644e-06,1.896630694656070785e-06,1.911330817399373178e-06,1.925488918180993429e-06,1.938981703945751884e-06,1.951674084492656700e-06,1.963417008594185553e-06,1.974042667403960971e-06,1.983361376009619762e-06,1.991158917405745338e-06,1.997193609078054213e-06,2.001193078519647603e-06,2.002850738496255158e-06,2.001821959348732544e-06,1.997719944543834837e-06,1.990111327689290763e-06,1.978511525322929590e-06,1.962379901929840885e-06,1.941114836189130984e-06,1.914048830559558972e-06,1.880443903848944005e-06,1.839487704010921642e-06,1.790291204533691636e-06,1.731889797626281587e-06,1.663251751537148293e-06,1.536563001757735739e-06,1.354839184107544999e-06,1.123723493580776741e-06,8.532532739607104416e-07,5.663974194172905141e-07,3.535249454851132884e-07,4.593316092518236209e-07,7.937758702036347195e-07,1.187597119037080877e-06,1.598221149068982111e-06,2.009323057923413370e-06,2.410008122590906101e-06,2.790730229086750242e-06,3.141694408553050224e-06,3.451588221806189082e-06,3.710202015960907071e-06,3.908950715324582409e-06,4.041159328217781708e-06,4.102189790178716223e-06,4.089505103222728968e-06,4.002729999261866905e-06,3.843732923572835926e-06,3.616740691847463601e-06,3.328483458924275901e-06,2.988319838597137060e-06,2.608177389515495680e-06,2.202033394588037439e-06,1.784779528818837662e-06,1.365782021967544153e-06,9.531147362721946898e-07,5.613801264911553851e-07,2.685186882783584029e-07,3.923362468322742112e-07,7.237912060763348527e-07,1.064268217627655150e-06,1.385291716359047648e-06,1.677215096977985225e-06,1.934236937004474128e-06,2.152301167672877700e-06,2.328671023408094821e-06,2.461838715327529666e-06,2.551505551636434686e-06,2.598559250008917750e-06,2.605024747673719555e-06,2.573983446776625587e-06,2.509465388339332076e-06,2.416318344983717068e-06,2.300006958270417005e-06,2.165821782246363033e-06,2.018898134384389123e-06,1.864198824813328712e-06,1.706459470648188818e-06,1.550133062222577244e-06,1.399342363839148266e-06,1.257845352697920028e-06,1.129225705126441152e-06,1.016756966263018248e-06,9.232568102236586716e-07,8.509947644391708556e-07,8.016357433104194036e-07,7.762020619015891092e-07,7.750471528244317132e-07,7.978411299276200013e-07,8.435735613990805024e-07,9.105854511378902593e-07,9.966504000209037037e-07,1.099121595197924151e-06,1.215091366514182499e-06,1.341347667007959977e-06,1.474434413426537015e-06,1.610713712924403127e-06,1.746420337798885155e-06,1.877690790014680650e-06,2.000526447746050589e-06,2.110688569898067006e-06,2.204278033451562212e-06,2.277856981656309024e-06,2.328524230720904911e-06,2.353978253876116275e-06,2.352577397949128999e-06,2.323400872450485420e-06,2.266312712991713547e-06,2.182032348153817007e-06,2.072215221754622802e-06,1.939537621045466414e-06,1.787751513810882044e-06,1.621635232548803628e-06,1.446719674809201765e-06,1.267068010355759248e-06,1.086136926809659713e-06,9.073903984107852397e-07,7.347395309402287689e-07,5.731898401839658828e-07,4.303537331647664646e-07,3.201665000351724578e-07,2.671788803404885584e-07,2.848022863625550790e-07,3.460797820986650341e-07,4.183576380246381802e-07,4.848071827331607030e-07,5.379760006772809264e-07,5.744435968855302991e-07,5.927327402261417307e-07,5.925165454881648091e-07,5.742810584617395279e-07,5.391535324921488614e-07,4.887909712442260154e-07,4.252804210078056723e-07,3.509451058084248486e-07,2.683082794399184220e-07,1.800515680834208582e-07,8.901891585384086268e-08,8.710329532815144010e-09,9.190980121053224915e-08,1.753107498690767051e-07,2.511537959492115617e-07,3.171657800462194830e-07,3.714902321514022104e-07,4.126831200566201842e-07,4.397409423793886195e-07,4.644820539167301766e-07,4.871085757537881107e-07,5.078071288221921741e-07,5.267492439296027600e-07,5.440920555159545426e-07,5.599791548793931170e-07,5.745415147642789875e-07,5.878984276717682002e-07,6.001584225673892966e-07,6.114201399830781710e-07,6.217731555609469852e-07,6.312987483707938670e-07,6.400706140329048384e-07,6.481555246732353565e-07,6.556139386645144701e-07,6.625005634043247590e-07,6.688648743410080733e-07,6.747515932626157214e-07,6.802011286192594665e-07,6.852499804108832471e-07,6.899311119651305603e-07,6.942749785396028033e-07,6.983125527080771430e-07,7.020761871965970184e-07,7.055997678299858472e-07,7.089188684075574673e-07,7.120709181284251149e-07,7.150953914331116107e-07,7.180340291803067738e-07,7.209310992630287181e-07,7.238337041877732614e-07,7.267921427627777855e-07,7.298603327682283755e-07,7.330963011846411607e-07,7.365627481048598616e-07,7.403276897330197652e-07,7.444651847974871797e-07,7.490561472679763541e-07,7.541892466379787276e-07,7.599618957573943908e-07,7.664813265664698115e-07,7.738657586971630651e-07,7.822456794103611014e-07,7.917652829155906692e-07,8.025841718839567218e-07,8.148795110932567672e-07,8.288489370122566419e-07,8.447146258480251869e-07,8.627288867482579792e-07,8.831812238669124274e-07,9.064055763952736629e-07,9.327838747398197944e-07,9.627378831957624435e-07,9.966964043302149506e-07,1.035022579164153183e-06,1.077892558095398132e-06,1.125139079065037118e-06,1.176110547862025100e-06,1.229627291003560556e-06
1.292961554828963859e-06,1.347146494106321141e-06,1.391135418361318689e-06,1.426913157331472395e-06,1.456293594699604309e-06,1.480671560711413897e-06,1.501028409636089491e-06,1.518047834822038271e-06,1.532249211801560218e-06,1.544088033421860593e-06,1.554008450291281732e-06,1.562455681072955510e-06,1.569864791766665050e-06,1.576641291676160183e-06,1.583143695527254224e-06,1.589672640948009294e-06,1.596467185824303831e-06,1.603706843586202427e-06,1.611517288819396144e-06,1.619977854853002493e-06,1.629129450773171139e-06,1.638982051224893076e-06,1.649521328364679570e-06,1.660714273479350386e-06,1.672513816185252258e-06,1.684862526133726774e-06,1.697695507840385614e-06,1.710942597640929969e-06,1.724529958499579825e-06,1.738381152483174674e-06,1.752417756656915533e-06,1.766559577650214636e-06,1.780724513306965203e-06,1.794828106016921015e-06,1.808782830561920516e-06,1.822497158612243655e-06,1.835874441524218319e-06,1.848811652232226054e-06,1.861198025601519600e-06,1.872913634999293691e-06,1.883827942328969174e-06,1.893798362040817212e-06,1.902668109284272145e-06,1.910261438949111253e-06,1.916380559854576492e-06,1.920803003669246961e-06,1.923278706150986500e-06,1.923526776504919329e-06,1.921231930245291760e-06,1.916040561010670094e-06,1.907556427702214638e-06,1.895335935954773739e-06,1.878882999249211678e-06,1.857643479217820316e-06,1.830999236225319134e-06,1.798261890311779948e-06,1.758666542557647490e-06,1.711366031926958718e-06,1.655427008104521742e-06,1.589830643629679097e-06,1.513484232860055413e-06,1.382729933274509365e-06,1.200720770821977033e-06,9.733979083825868913e-07,7.121005149048580757e-07,4.476392034540155601e-07,3.176891131634570761e-07,5.184253480504089723e-07,8.643764917799278123e-07,1.248722233107331649e-06,1.645091909178326600e-06,2.041178876825099099e-06,2.428081696597020353e-06,2.798015856973975723e-06,3.142717366736983986e-06,3.447356382396501395e-06,3.700742984043153849e-06,3.893887070718736256e-06,4.020089007107321078e-06,4.074844432120530844e-06,4.055752953333816640e-06,3.962504979259365858e-06,3.796953398650168475e-06,3.563288955397458036e-06,3.268366831823425692e-06,2.922207791135915906e-06,2.538455794514098042e-06,2.134178506720283781e-06,1.733557709633732496e-06,1.341531806146972243e-06,9.611318557083758079e-07,5.991297416894397201e-07,2.887384445775849346e-07,2.670589069613021512e-07,5.413761971036769021e-07,8.427451735390109635e-07,1.128612912323977100e-06,1.388183913310971934e-06,1.615669849263679923e-06,1.807189614437060796e-06,1.960155483589220547e-06,2.073125210558656634e-06,2.145757956176511729e-06,2.178779778616716981e-06,2.173932753550436492e-06,2.133910207510028910e-06,2.062302505797814211e-06,1.963619047409069785e-06,1.843734194882890578e-06,1.707365722090744242e-06,1.559160000610516143e-06,1.403767382506619997e-06,1.245766364961875325e-06,1.089587343703846952e-06,9.394261509155613527e-07,7.989352520733025104e-07,6.720680872088548770e-07,5.624986125089871358e-07,4.733153414355205117e-07,4.069101989196286594e-07,3.649483683598501469e-07,3.483893582927571507e-07,3.575299630992369746e-07,3.919991072493804289e-07,4.506893793486648520e-07,5.317185977682878333e-07,6.325134071617228506e-07,7.500900758431079250e-07,8.815193884213868988e-07,1.023506925434336949e-06,1.172563106373760914e-06,1.325074901823276992e-06,1.477370942551940515e-06,1.625767650952798488e-06,1.766455665038703213e-06,1.894465257371626279e-06,2.005706278671107410e-06,2.096638915013177921e-06,2.164279194860581970e-06,2.206229216364706385e-06,2.220722110869099559e-06,2.206678728877819527e-06,2.163775424820905092e-06,2.092531699260813495e-06,1.994437671838561644e-06,1.872142324254106966e-06,1.729677667882616505e-06,1.572633777595345588e-06,1.409691673691937402e-06,1.243929707496799797e-06,1.077781233863934728e-06,9.139389904875760194e-07,7.556084467339372690e-07,6.068155210664164176e-07,4.729656633659346675e-07,3.612523571524410050e-07,2.865396904524950166e-07,2.656124985336901711e-07,2.942241680742552777e-07,3.466339300457920203e-07,4.017269618858759447e-07,4.486165115090360956e-07,4.821330271889709979e-07,4.998861870462048502e-07,5.010049809246471177e-07,4.856012070142911315e-07,4.545181380793760315e-07,4.091979449708334741e-07,3.516640385487395453e-07,2.839879902315620839e-07,2.084607304308944777e-07,1.275957846926942638e-07,4.455748666018557483e-08,4.261272433869500839e-08,1.237235218837543794e-07,2.008224657391073601e-07,2.708287867310470721e-07,3.315153766175409657e-07,3.810538883812145459e-07,4.180213427759550026e-07,4.414226401033870805e-07,4.631160314887748921e-07,4.832114597703138337e-07,5.018177421303820787e-07,5.190402045002081798e-07,5.349794125315176491e-07,5.497305432420832315e-07,5.633831312513835847e-07,5.760210333758681513e-07,5.877225198430619014e-07,5.985604385891347429e-07,6.086024216881546376e-07,6.179111161153669766e-07,6.265444285109019704e-07,6.345557776982416769e-07,6.419943508620806964e-07,6.489053603841559197e-07,6.553302988963669004e-07,6.613071904333915622e-07,6.668708358066600748e-07,6.720530505492411890e-07,6.768828940219393441e-07,6.813875578677741580e-07,6.855952269696004064e-07,6.895358644582828326e-07,6.932413126176041478e-07,6.967454006522235004e-07,7.000840704065209692e-07,7.032955301492316302e-07,7.064204454304349013e-07,7.095021750792380220e-07,7.125870597486192886e-07,7.157247700110745830e-07,7.189687207755215033e-07,7.223765586042690118e-07,7.260107282120496901e-07,7.299391238749804075e-07,7.342358305237040102e-07,7.389819578461059976e-07,7.442665688216834461e-07,7.501877021255070935e-07,7.568534868523919630e-07,7.643833504098423926e-07,7.729093307344833471e-07,7.825775296361847880e-07,7.935497953110598329e-07,8.060058090039998946e-07,8.201458738670956174e-07,8.361948317822853518e-07,8.544075613656660613e-07,8.750761979567247134e-07,8.985381343179456804e-07,9.251814257461343936e-07,9.554400127059901841e-07,9.897657614789471866e-07,1.028560641026816258e-06,1.072056644123578647e-06,1.120150878363910544e-06,1.172239615833623569e-06,1.227130272534511444e-06
1.292128105687662294e-06,1.347582234348640407e-06,1.392210185961954546e-06,1.427981812480511006e-06,1.456800531176725261e-06,1.480183868004705227e-06,1.499231265810665371e-06,1.514727845818480078e-06,1.527277166696142437e-06,1.537403507198714146e-06,1.545605580548764895e-06,1.552369458419312559e-06,1.558157976044177838e-06,1.563392546706172847e-06,1.568437554128355299e-06,1.573591651609783841e-06,1.579086270458246739e-06,1.585089645243766233e-06,1.591714150917516064e-06,1.599025035444787940e-06,1.607049202856468892e-06,1.615783260244335654e-06,1.625200467433234292e-06,1.635256501756072097e-06,1.645894100105386330e-06,1.657046705302094185e-06,1.668641258363320121e-06,1.680600267507288101e-06,1.692843264535730278e-06,1.705287738378441820e-06,1.717849618171305939e-06,1.730443365546307935e-06,1.742981727589234207e-06,1.755375197201425792e-06,1.767531225182964936e-06,1.779353227066720482e-06,1.790739426599532185e-06,1.801581576118887760e-06,1.811763591670707709e-06,1.821160137928312698e-06,1.829635196093809118e-06,1.837040649706840858e-06,1.843214162175114224e-06,1.847974487816628085e-06,1.851118450906158134e-06,1.852418371223074472e-06,1.851619195875295311e-06,1.848435304105413580e-06,1.842546947258062227e-06,1.833596280939308253e-06,1.821182941079583491e-06,1.804859111417424488e-06,1.784124029934224211e-06,1.758417892737390960e-06,1.727115150001899953e-06,1.689517279203664606e-06,1.644845326769128998e-06,1.592232957733429303e-06,1.530721717308262732e-06,1.459262295937321649e-06,1.376730215562917033e-06,1.243292732912979248e-06,1.062230767482896533e-06,8.397780694789348247e-07,5.887559719709935013e-07,3.508758706099761422e-07,3.125173892732720989e-07,5.642607379242898942e-07,9.060716546865432631e-07,1.274251923648443749e-06,1.651301841612775799e-06,2.027773260953000024e-06,2.396713993511203129e-06,2.753159456669329303e-06,3.096418789569871892e-06,3.398238487525146754e-06,3.648147795761432336e-06,3.836884338235207705e-06,3.957991709418067874e-06,4.007308563435428705e-06,3.982647326335385805e-06,3.883699647755079757e-06,3.712076627013166304e-06,3.471493005282885354e-06,3.168244633452587939e-06,2.812294342513265722e-06,2.418860511631274435e-06,2.004020535017005301e-06,1.627160618879632001e-06,1.272065412823234883e-06,9.342380715126992197e-07,6.144176735367046871e-07,3.238263595502901306e-07,1.738806211955418129e-07,3.648264620757526932e-07,6.223670346962329399e-07,8.696817124767963871e-07,1.093656876647370616e-06,1.288436421738243955e-06,1.450323373832652749e-06,1.576886924809352150e-06,1.666756853354664709e-06,1.719561315284502253e-06,1.735880075224738181e-06,1.717181167109680417e-06,1.665745773415842900e-06,1.584602229088053072e-06,1.477352259076499535e-06,1.352643158264863009e-06,1.213412205410207908e-06,1.063627832715260269e-06,9.076023672145473155e-07,7.497578243641813983e-07,5.945672113763473833e-07,4.467117259651049644e-07,3.093247996477180058e-07,1.888259862850267473e-07,9.657964549147558590e-08,6.841824193720899961e-08,1.004798242489252159e-07,1.274396486205283187e-07,1.320950778555270539e-07,1.118993122743984096e-07,6.997589801763528350e-08,4.659676159384690822e-08,1.223687388809797295e-07,2.350560944326031328e-07,3.665402634145903343e-07,5.127584222852516198e-07,6.698898038618913860e-07,8.343229704743827042e-07,1.002463733460835878e-06,1.170774267358123427e-06,1.335960450032960485e-06,1.495540361021807389e-06,1.641911355971688147e-06,1.771235788254335504e-06,1.879965722845111835e-06,1.965088342903562970e-06,2.024132473536185598e-06,2.055200078518054561e-06,2.057017820791214547e-06,2.028998291118050788e-06,1.971322787912340721e-06,1.885091939335853269e-06,1.772638148362485078e-06,1.637999504196279269e-06,1.485909143480651027e-06,1.336678455900008647e-06,1.187413898484649033e-06,1.038667032421748242e-06,8.922644730951357730e-07,7.508182542016484901e-07,6.178774035886762787e-07,4.988848694396454216e-07,3.936557869920275237e-07,3.120577042353339554e-07,2.667806594378994825e-07,2.641554736368966136e-07,2.925010286433778797e-07,3.324578453709241103e-07,3.703721423080322547e-07,3.989582570647357609e-07,4.146215628080108189e-07,4.157839633151748294e-07,4.020934957025821669e-07,3.740557503482016831e-07,3.328012015247810934e-07,2.807527494370640134e-07,2.195587854697273372e-07,1.514800789594800871e-07,8.008770096103036613e-08,2.974584587972174933e-08,8.533533129692741201e-08,1.585016815712896361e-07,2.289009286192641164e-07,2.929392735937587516e-07,3.482159887203408882e-07,3.928685237044197428e-07,4.254763272165968987e-07,4.450483923000290971e-07,4.635386324959990890e-07,4.809621475876667402e-07,4.973478540990986602e-07,5.127332395760120068e-07,5.271610242911672306e-07,5.406769615439342067e-07,5.533283358282842312e-07,5.651629012807890940e-07,5.762281083890585228e-07,5.865705286205720717e-07,5.962354225798518232e-07,6.052664179700006300e-07,6.137052752920399338e-07,6.215917256794546321e-07,6.289633688439872585e-07,6.358556211639829063e-07,6.423017052510947828e-07,6.483326732985940869e-07,6.539774573482152151e-07,6.592629403984655927e-07,6.642140430411169297e-07,6.688544723983383993e-07,6.732094196168503024e-07,6.773062657351339908e-07,6.811746293292616259e-07,6.848464263316104875e-07,6.883559533380626429e-07,6.917400046372306553e-07,6.950380320033592433e-07,6.982923552827783042e-07,7.015484310899765032e-07,7.048551865154427167e-07,7.082654245599339877e-07,7.118363079264535068e-07,7.156299276662118573e-07,7.197139628075190749e-07,7.241624363013593834e-07,7.290565712128262862e-07,7.344857489867070812e-07,7.405485690118821196e-07,7.473540064446634503e-07,7.550226654454792170e-07,7.636881319489809074e-07,7.734984513459211389e-07,7.846178031410992432e-07,7.972285295019295000e-07,8.115338038055471722e-07,8.277613777895501291e-07,8.461689321794496504e-07,8.670513520409840656e-07,8.907493256570438728e-07,9.176563923199990031e-07,9.482173645532614568e-07,9.829051962943017518e-07,1.022158400575434806e-06,1.066263097468464202e-06,1.115180861614799023e-06,1.168358715500222677e-06,1.224596488982016607e-06
1.291232184599604337e-06,1.347942114299427977e-06,1.393202761639929598e-06,1.428961670818117229e-06,1.457207564115395654e-06,1.479579478057744860e-06,1.497296084583514462e-06,1.511246456149723865e-06,1.522121256300558237e-06,1.530516076290180017e-06,1.536985874595959321e-06,1.542058313305381318e-06,1.546223934292721790e-06,1.549919454204329152e-06,1.553514259048115690e-06,1.557304103979833164e-06,1.561511977279167378e-06,1.566294191072886908e-06,1.571749374219848124e-06,1.577928432394274962e-06,1.584844173570638360e-06,1.592479883448453311e-06,1.600796565299501448e-06,1.609738824687633241e-06,1.619239516544394935e-06,1.629223323675268440e-06,1.639609438655774048e-06,1.650313501066324010e-06,1.661248914947652687e-06,1.672327645686298573e-06,1.683460574906154132e-06,1.694557477177581577e-06,1.705526672822904364e-06,1.716274405519331352e-06,1.726703990338498921e-06,1.736714775975140912e-06,1.746200963111381555e-06,1.755050318392088505e-06,1.763142820066353394e-06,1.770349267330913229e-06,1.776529882073540071e-06,1.781532931765509768e-06,1.785192654965092299e-06,1.787324682075303753e-06,1.787723114701824226e-06,1.786158045157692656e-06,1.782372783444552883e-06,1.776080751712218737e-06,1.766961998441790981e-06,1.754659275364481117e-06,1.738773609925798396e-06,1.718859296560125432e-06,1.694418225090330738e-06,1.664893472749628363e-06,1.629662125251430482e-06,1.588027397623850400e-06,1.539210369298242887e-06,1.482342179023834859e-06,1.416458661565956690e-06,1.340501863593295970e-06,1.253338356431785570e-06,1.118603580143651323e-06,9.396574798700208905e-07,7.229202286990057845e-07,4.826134546550704404e-07,2.746658554582655331e-07,3.212402719595040072e-07,5.972116704187770680e-07,9.295661532727387853e-07,1.280709991168230701e-06,1.638432891402577230e-06,1.995189413084871857e-06,2.345039607702442932e-06,2.683138759246208630e-06,3.005511431503177302e-06,3.306353417490760001e-06,3.554933333975372994e-06,3.740357006524366237e-06,3.857092425969685686e-06,3.901753012113402335e-06,3.872516530720435631e-06,3.769043019685226916e-06,3.592472997829489306e-06,3.345466195892881855e-06,3.032502099512163415e-06,2.661627785821853573e-06,2.253634456282640874e-06,1.878596496088614994e-06,1.534438996030040955e-06,1.214602818743713604e-06,9.149493030062057174e-07,6.339064268707644766e-07,3.737428072322480978e-07,1.612526571606241230e-07,2.005275932657812438e-07,4.070972093896028886e-07,6.132384711805438184e-07,7.990987055581012900e-07,9.586791503030088772e-07,1.088519839901104467e-06,1.186367927327019303e-06,1.250939847193220899e-06,1.281856526802745846e-06,1.279585578115359732e-06,1.245352190216652573e-06,1.181032228435143500e-06,1.089195417150122280e-06,9.766261554056531901e-07,8.473100051119772262e-07,7.049641821432680102e-07,5.537179948072574847e-07,3.983326792617153643e-07,2.453875924667342145e-07,1.143155134224650109e-07,1.181490484567466979e-07,2.351613184364129069e-07,3.538797718201894734e-07,4.559992712347908720e-07,5.356721985094942990e-07,5.896170615094236019e-07,6.158068436504483952e-07,6.131674340072937346e-07,5.814915409071484394e-07,5.214237649427052279e-07,4.344958439168243209e-07,3.232717402259234014e-07,1.919480995223928872e-07,4.857438895797807045e-08,1.226709653345789464e-07,2.939694782964087412e-07,4.735256168188975944e-07,6.570204888443101728e-07,8.408441247425843964e-07,1.021577571872066949e-06,1.195972680916844201e-06,1.360446056360558337e-06,1.507779472654006059e-06,1.634271643412615490e-06,1.736959909370970148e-06,1.813338784206523090e-06,1.861382078948476025e-06,1.879598454468560494e-06,1.867072777823423509e-06,1.823495913852319373e-06,1.749241111340623360e-06,1.645793407537436786e-06,1.518106999649490252e-06,1.387504019385799920e-06,1.256009096913627616e-06,1.123935893227323760e-06,9.922039244554981589e-07,8.624114522760408683e-07,7.367321621650323668e-07,6.179253787057022086e-07,5.094240819033164325e-07,4.148924856317045124e-07,3.351471456930712094e-07,2.785097133394286955e-07,2.528225158136697234e-07,2.569205431552612035e-07,2.788239788760403139e-07,3.051020637508387687e-07,3.267369787767923388e-07,3.387613451203277064e-07,3.387243205955685114e-07,3.257057748713644376e-07,2.998707095514525174e-07,2.628674828299592466e-07,2.161238410123538059e-07,1.616214872970824942e-07,1.028626699980712729e-07,5.260425739944824910e-08,6.661399517941526164e-08,1.272786794393496747e-07,1.935083204923893686e-07,2.577121020288184410e-07,3.160900277448315521e-07,3.661272236508705409e-07,4.059736890445420378e-07,4.342358243944044226e-07,4.499399617064736878e-07,4.651799519972264684e-07,4.798800562590805094e-07,4.939914826687597965e-07,5.074851796502020070e-07,5.203468644653550080e-07,5.325734641951889781e-07,5.441704696805070529e-07,5.551498978718422660e-07,5.655286772745416696e-07,5.753273433263177497e-07,5.845689732183483447e-07,5.932783142532715346e-07,6.014810736768507250e-07,6.092033456552286757e-07,6.164711555045135970e-07,6.233101040380001688e-07,6.297450968644251636e-07,6.358001450951454231e-07,6.414982253992226558e-07,6.468611887544042083e-07,6.519097085895543255e-07,6.566638941995460291e-07,6.611458288712304761e-07,6.653801975192140109e-07,6.693942817033193077e-07,6.732179722957828906e-07,6.768838111126088654e-07,6.804270717437276724e-07,6.838858886181388940e-07,6.873014423051085831e-07,6.907182083162293663e-07,6.941842762626610915e-07,6.977517460853631253e-07,7.014772081033538903e-07,7.054223136576665549e-07,7.096544429641901753e-07,7.142474761844229312e-07,7.192826724171106521e-07,7.248496590930338268e-07,7.310475311283731523e-07,7.379860557468897135e-07,7.457869769254651264e-07,7.545854169678296696e-07,7.645313892218262692e-07,7.757914772067904397e-07,7.885508164245070247e-07,8.030156474498527253e-07,8.194168817671216121e-07,8.380152617422861504e-07,8.591085979131664351e-07,8.830408083363668063e-07,9.102103952141461278e-07,9.410718561901659424e-07,9.761173120479869295e-07,1.015819449156325449e-06,1.060516504633301964e-06,1.110234121839332759e-06,1.164472402112654617e-06,1.222028586967026438e-06
1.290273113148872117e-06,1.348222510508305727e-06,1.394107855950153632e-06,1.429846970494675476e-06,1.457509262845552283e-06,1.478853822045044926e-06,1.495219622937530288e-06,1.507602258470699291e-06,1.516782460862959639e-06,1.523429635419318078e-06,1.528156570813682764e-06,1.531533114349368609e-06,1.534077300475148091e-06,1.536240416781729749e-06,1.538395888021913031e-06,1.540835598878611492e-06,1.543773253567904046e-06,1.547352599711877300e-06,1.551658092971626120e-06,1.556726069824450703e-06,1.562555186374007760e-06,1.569115489559771576e-06,1.576355917093105783e-06,1.584210277366530342e-06,1.592601882869748523e-06,1.601447047894469458e-06,1.610657652095289093e-06,1.620142942113183804e-06,1.629810709623071757e-06,1.639567953832296317e-06,1.649321112757904923e-06,1.658975930900245095e-06,1.668437020175062671e-06,1.677607164580812803e-06,1.686386415394625047e-06,1.694671021206874104e-06,1.702352234617439318e-06,1.709315034111807073e-06,1.715436795186730618e-06,1.720585939527639073e-06,1.724620586208554019e-06,1.727387227153402654e-06,1.728718719936914256e-06,1.728429856229293864e-06,1.726314578778622796e-06,1.722143636007679514e-06,1.715661954789780501e-06,1.706585687783793635e-06,1.694598881641339795e-06,1.679349700093961189e-06,1.660446121786895865e-06,1.637451018358765439e-06,1.609876507780167791e-06,1.577177480415321598e-06,1.538744229360362135e-06,1.493894219898828691e-06,1.441863280699406654e-06,1.381797045767978118e-06,1.312744649947369735e-06,1.233659227341206628e-06,1.143415506114355014e-06,1.008743710109731560e-06,8.330010244655145014e-07,6.225868354169691988e-07,3.926587733833649078e-07,2.163203795619883801e-07,3.325745141823391769e-07,6.152212216333702178e-07,9.347482967406812790e-07,1.268076066579387033e-06,1.606221634699207583e-06,1.942937716611722621e-06,2.272945711645616335e-06,2.591502568114934413e-06,2.893980320724772132e-06,3.174744938809543723e-06,3.425840673146841985e-06,3.608231828827652699e-06,3.720676726048609815e-06,3.761235094892371359e-06,3.728580588591506045e-06,3.622351865447111023e-06,3.443148381581011418e-06,3.192201231750902783e-06,2.870302558354576496e-06,2.474181321275236863e-06,2.103118365627226045e-06,1.762365056317881867e-06,1.450683342542387877e-06,1.164320153823624092e-06,8.999023436980854664e-07,6.551859884951111766e-07,4.293702649218591934e-07,2.257180601992188033e-07,9.435426240619280675e-08,2.030632366673373219e-07,3.645667864799597608e-07,5.101321125717452418e-07,6.326292293475517300e-07,7.287224275390401665e-07,7.962944540460015147e-07,8.341480479132269817e-07,8.419357146252980362e-07,8.200905309555436352e-07,7.696939825943163240e-07,6.921854254402650484e-07,5.926034172715793629e-07,4.747054115539079546e-07,3.431542069249612056e-07,2.060718980190190076e-07,1.019204860685257511e-07,1.682105046010441211e-07,3.133197202947902223e-07,4.658334735196825411e-07,6.140497686045603179e-07,7.527035008661729281e-07,8.775649649001835619e-07,9.801860482814869968e-07,1.057230466643126488e-06,1.106189844885152498e-06,1.125370560967017697e-06,1.113876134723772154e-06,1.071600274371368230e-06,9.992280885795654932e-07,8.982377220979043795e-07,7.708710984054501933e-07,6.240775827457263020e-07,4.607671934287544703e-07,2.838477162709206994e-07,9.648490235128764017e-08,9.827663089148744160e-08,2.965629707395704368e-07,4.951714472944224198e-07,6.906116333915951461e-07,8.794515802489705293e-07,1.058162597157865386e-06,1.223061197667330615e-06,1.366715360181975501e-06,1.486578555918407451e-06,1.580160307745234448e-06,1.645308767658314094e-06,1.680316546702284458e-06,1.683938690683626781e-06,1.655310968839992232e-06,1.593644375831177559e-06,1.497186059289069871e-06,1.391927716985472142e-06,1.281706338424433027e-06,1.168615457769438353e-06,1.053891389922308532e-06,9.388031134607118927e-07,8.249234247931638593e-07,7.141703537945031455e-07,6.088027201731622464e-07,5.113995994236834595e-07,4.247691984101902237e-07,3.520826684214776160e-07,2.927049673903515725e-07,2.537135102347046644e-07,2.381906301356670434e-07,2.416396447657795292e-07,2.543388157377395739e-07,2.671691540111559842e-07,2.740864011860586836e-07,2.717138375477672450e-07,2.584262560644309273e-07,2.348365296949550232e-07,2.016966608543202565e-07,1.606100166839937017e-07,1.147961958796549095e-07,7.353406973353454320e-08,6.765057746220583068e-08,1.095004645446071359e-07,1.672321120673458766e-07,2.275247121041272243e-07,2.857386695750400326e-07,3.390763696676857910e-07,3.842091845046156186e-07,4.194624528711323840e-07,4.435171780248898224e-07,4.554358829089953642e-07,4.674798750534032280e-07,4.794903692999685947e-07,4.913459507049643348e-07,5.029545600253883418e-07,5.142475086910511439e-07,5.251749075931166062e-07,5.357020732257706119e-07,5.458066250471708690e-07,5.554760930559568067e-07,5.647059215604901242e-07,5.734977951370597136e-07,5.818582355708815719e-07,5.897974312104448582e-07,5.973282672409650208e-07,6.044655296495925251e-07,6.112252586321134827e-07,6.176242296394413010e-07,6.236795425149401971e-07,6.294083013413637013e-07,6.348273697083389379e-07,6.399531881005041982e-07,6.448022590933482112e-07,6.493935332326607052e-07,6.537489615634064304e-07,6.578934404768009952e-07,6.618547796175698544e-07,6.656637039613895739e-07,6.693539002017149215e-07,6.729621164532775702e-07,6.765283232687338436e-07,6.800959432343033512e-07,6.837121560167720579e-07,6.874282856531912386e-07,6.913002770133447942e-07,6.953892685689603687e-07,6.997622686549992315e-07,7.044929420243107013e-07,7.096625123407735539e-07,7.153607839930028790e-07,7.216872830630059534e-07,7.287525127726593426e-07,7.366793147166160282e-07,7.456043273178428987e-07,7.556795444552779208e-07,7.670740122940283178e-07,7.799757779253274392e-07,7.945943359917721098e-07,8.111640082153140275e-07,8.299488785690959701e-07,8.512499091876777154e-07,8.754142693454521200e-07,9.028450227909914568e-07,9.340052913231360829e-07,9.694045170255164033e-07,1.009547130646017314e-06,1.054821208052187294e-06,1.105315577220541859e-06,1.160585171428674320e-06,1.219429268295539959e-06
1.289250344250192738e-06,1.348419928796582980e-06,1.394920257332975725e-06,1.430631967545092312e-06,1.457700174436357525e-06,1.478002306633977877e-06,1.492998653032153608e-06,1.503793931163394575e-06,1.511261926361714614e-06,1.516148310334042363e-06,1.519125168928453162e-06,1.520804974292802723e-06,1.521732883744677629e-06,1.522373894220153587e-06,1.523104415593104012e-06,1.524211439479313333e-06,1.525898528230546519e-06,1.528296230688295085e-06,1.531474425809893040e-06,1.535454686198738394e-06,1.540221495837316031e-06,1.545731780852983734e-06,1.551922637214381259e-06,1.558717379789370801e-06,1.566030142764294332e-06,1.573769283339450925e-06,1.581839818930200846e-06,1.590145089363484927e-06,1.598587795067628505e-06,1.607070527437091827e-06,1.615495880960945449e-06,1.623766218183968230e-06,1.631783146685853001e-06,1.639446760127686967e-06,1.646654691138823103e-06,1.653301020748741135e-06,1.659275085906589400e-06,1.664460222501245962e-06,1.668732475835064761e-06,1.671959304011958213e-06,1.673998293393070758e-06,1.674695901741294107e-06,1.673885537568406673e-06,1.671383313060774113e-06,1.666985436029727244e-06,1.660466042136532481e-06,1.651574766939940539e-06,1.640034014112952801e-06,1.625535864782002007e-06,1.607738558571988200e-06,1.586262459644296714e-06,1.560685401888391264e-06,1.530537289831599218e-06,1.495293823724226764e-06,1.454369235641077624e-06,1.407108002987697442e-06,1.352775716257182912e-06,1.290549761595870267e-06,1.219511538847822660e-06,1.138644264724703436e-06,1.046845745072711112e-06,9.135656823821854487e-07,7.420644625371173579e-07,5.384608010080544489e-07,3.180437663439553146e-07,1.733421703467116545e-07,3.381341827225272044e-07,6.175310762275518911e-07,9.220241844109946571e-07,1.236819487833009495e-06,1.555027063975703349e-06,1.871361234428525588e-06,2.181128677843964056e-06,2.479973798105777055e-06,2.763720555178035767e-06,3.028261226857462927e-06,3.270221353909916569e-06,3.445672944743776668e-06,3.552594708684720208e-06,3.589231277930083402e-06,3.554436351594214419e-06,3.447840693263308200e-06,3.269815082540683458e-06,3.021198753339995217e-06,2.702699392594507325e-06,2.313971464746651950e-06,1.966951958718474074e-06,1.654775140815092021e-06,1.373083007594354032e-06,1.118045835752584183e-06,8.864906190733704848e-07,6.760411692772517931e-07,4.851044677828183479e-07,3.129838298789947367e-07,1.614329183844524067e-07,6.115953631333021656e-08,1.325508077044871969e-07,2.330429256963510769e-07,3.167893580259803735e-07,3.781562770148824620e-07,4.147689438876935247e-07,4.254766216045287318e-07,4.100837774794967947e-07,3.693184098363361653e-07,3.049685444550389863e-07,2.207581766842432208e-07,1.300563673927702013e-07,1.028848860735453507e-07,2.046179919800816600e-07,3.471931001006908791e-07,5.029201768290339300e-07,6.641284366360866407e-07,8.259973996160393328e-07,9.844326610436139903e-07,1.135685484256384436e-06,1.276278601282309250e-06,1.402972490698325198e-06,1.504741589698790700e-06,1.578665262323582262e-06,1.622523238227611034e-06,1.634815647155916223e-06,1.614770161513921413e-06,1.562346243419699307e-06,1.478237513609914874e-06,1.363868825570078236e-06,1.221378508560933206e-06,1.060173572046956208e-06,8.827848471974670184e-07,6.920234764522371722e-07,4.909639387345732183e-07,2.829548524192539398e-07,7.270034228643847718e-08,1.430246620245857302e-07,3.514145132353183597e-07,5.537234515816833952e-07,7.461853148423101383e-07,9.256570446962345227e-07,1.084926308599835397e-06,1.221040392362453259e-06,1.331307775245744378e-06,1.413404102100239938e-06,1.465435665829487794e-06,1.485945152669133084e-06,1.473845053767517551e-06,1.428249569665259114e-06,1.348208056888748753e-06,1.262242938495627428e-06,1.171076051248270171e-06,1.075985822380465574e-06,9.782593930004902151e-07,8.792797669163306922e-07,7.806185443450713996e-07,6.840637639608660135e-07,5.916162705591994209e-07,5.054852154483002494e-07,4.281253361838304274e-07,3.624627638058955697e-07,3.046431361350115467e-07,2.598604735387543209e-07,2.316631215799723430e-07,2.196383693623135121e-07,2.186624368984766954e-07,2.215645541395460137e-07,2.222396644609201869e-07,2.167142507660018823e-07,2.029013125025120286e-07,1.811646474109213167e-07,1.522652754238864804e-07,1.188287905045221559e-07,8.798571117096581999e-08,7.790444549379076746e-08,1.034620581736158557e-07,1.502169051385997899e-07,2.042442606285473391e-07,2.594403616391512477e-07,3.124805200532790969e-07,3.610197867720072197e-07,4.015658646916599934e-07,4.325091577355108546e-07,4.525901575106046346e-07,4.609104525915274318e-07,4.699038743449927770e-07,4.793372181001259873e-07,4.890229539319867908e-07,4.988109745344366993e-07,5.085820787523906598e-07,5.182427175699922099e-07,5.277206591128221663e-07,5.369613460134489485e-07,5.459248011159594516e-07,5.545829885510880725e-07,5.629175658618537165e-07,5.709179778731640195e-07,5.785798507184452149e-07,5.859036487705895707e-07,5.928935602834822410e-07,5.995565803119115035e-07,6.059017622915093849e-07,6.119396125720292297e-07,6.176816051328414558e-07,6.231397965692814814e-07,6.283265241374729768e-07,6.332547732070551778e-07,6.379404208653342010e-07,6.424027186094350122e-07,6.466641912336247141e-07,6.507505638696968006e-07,6.546907279229635067e-07,6.585167558805243432e-07,6.622639739683650848e-07,6.659711006898122440e-07,6.696804585777916324e-07,6.734382661286548652e-07,6.772950168627611673e-07,6.813059527065233475e-07,6.855316392670763055e-07,6.900386508476796338e-07,6.949003729132940929e-07,7.001979287572634272e-07,7.060212348907560945e-07,7.124701858144765040e-07,7.196559633838648434e-07,7.277024600319779965e-07,7.367478018764292721e-07,7.469459641094688164e-07,7.584684993984126367e-07,7.715064687686921441e-07,7.862727945270064128e-07,8.030054548712934156e-07,8.219721693188529278e-07,8.434773207925567106e-07,8.678714321538857778e-07,8.955618450954773713e-07,9.270193770580905406e-07,9.627690391596391805e-07,1.003344547507221659e-06,1.049181299585366552e-06,1.100429952679851195e-06,1.156701435638355256e-06,1.216801270277654109e-06
1.288163456020261880e-06,1.348531009435004596e-06,1.395634840886472064e-06,1.431310943978794801e-06,1.457774831555065678e-06,1.477020323969909404e-06,1.490629975545462712e-06,1.499820253762130081e-06,1.505560978517027155e-06,1.508676465823610920e-06,1.509899427634180000e-06,1.509885233952804117e-06,1.509205636999583155e-06,1.508338356386071302e-06,1.507661651275784712e-06,1.507456556306642366e-06,1.507915625540991504e-06,1.509155588869570302e-06,1.511231372791898634e-06,1.514149625639336609e-06,1.517880674803125400e-06,1.522368477578165341e-06,1.527538542368443911e-06,1.533304019836346216e-06,1.539570250541361754e-06,1.546238061296131203e-06,1.553206068016310467e-06,1.560372194750430170e-06,1.567634571606961337e-06,1.574891935203339597e-06,1.582043625961386860e-06,1.588989256389213271e-06,1.595628111578454289e-06,1.601858335320140993e-06,1.607575950407889006e-06,1.612673758062991856e-06,1.617040157595997812e-06,1.620557922489094433e-06,1.623102962651586150e-06,1.624543094937552514e-06,1.624736836293490867e-06,1.623532228619773811e-06,1.620765022841188389e-06,1.616254650285193998e-06,1.609801824854160810e-06,1.601186594035670343e-06,1.590166162875588233e-06,1.576472451169125988e-06,1.559809332542700205e-06,1.539849488878818504e-06,1.516230794130989715e-06,1.488552118059350518e-06,1.456368414446185538e-06,1.419184935098972188e-06,1.376450402903474507e-06,1.327549011525895663e-06,1.271791252564000141e-06,1.208403919379415779e-06,1.136520446997639950e-06,1.055174578415738992e-06,9.633046109126919209e-07,8.327177418792890927e-07,6.664894817409624568e-07,4.701670331753984125e-07,2.577724909684794635e-07,1.395750319143334049e-07,3.339250085912018093e-07,6.043360077114559453e-07,8.922343918411200581e-07,1.187826832915845704e-06,1.485672783629393415e-06,1.781250383128095845e-06,2.070413761635157773e-06,2.349285735675604201e-06,2.614257863717047101e-06,2.862114655228224976e-06,3.090476745163352972e-06,3.256076632581953969e-06,3.356226520843418876e-06,3.389059979868778047e-06,3.353473658426936057e-06,3.249137299656618073e-06,3.076454104136306720e-06,2.836447723189560537e-06,2.530641669207237861e-06,2.161232934972331129e-06,1.837958606082348756e-06,1.552322306003301066e-06,1.298757489046552522e-06,1.073190181094081655e-06,8.725360155468187423e-07,6.945126691327339642e-07,5.375181984061636137e-07,4.005362732322933248e-07,2.830971833813423186e-07,1.853586463951053196e-07,1.085702186944765253e-07,5.288735296508062245e-08,4.143882312760414156e-08,5.809875329078269873e-08,6.606470009836555232e-08,6.287456886245005214e-08,6.733021682097822447e-08,1.074700066125432486e-07,1.814842565429378105e-07,2.795449714080666524e-07,3.976731329203659555e-07,5.322357439426819421e-07,6.798432230193923130e-07,8.370800781413183884e-07,1.000453961404017944e-06,1.166417382686358120e-06,1.331420834934339652e-06,1.491979832146927575e-06,1.644748748472743612e-06,1.786599231913994753e-06,1.914701824505311387e-06,2.015428734588195827e-06,2.086220821821739766e-06,2.125147778065615918e-06,2.130916931111088275e-06,2.102885500237630581e-06,2.041070521166354236e-06,1.946153550935652029e-06,1.819481679198228831e-06,1.663070677339479208e-06,1.488600890534679676e-06,1.298379517800911426e-06,1.095084005309686474e-06,8.816926330030225557e-07,6.614368605922896054e-07,4.378284907417706000e-07,2.152692961433596201e-07,4.165298785289761973e-08,2.284088404365811290e-07,4.317609020474706770e-07,6.234095036777344527e-07,7.965052877489532353e-07,9.475750591859285912e-07,1.073642638622407497e-06,1.172191238031603177e-06,1.241178322232080253e-06,1.279037259480649170e-06,1.284654717895111931e-06,1.257341295764126415e-06,1.196880333238299430e-06,1.130047393490647068e-06,1.057280012515521555e-06,9.795932878947010080e-07,8.982494504369224143e-07,8.146759120024853870e-07,7.304577659360540286e-07,6.473324406185912026e-07,5.671782462233932044e-07,4.920119804871161069e-07,4.240216306458086682e-07,3.656504724888767785e-07,3.116819995935983545e-07,2.659467783452296465e-07,2.314074521853465061e-07,2.090131694811606635e-07,1.967363166925648728e-07,1.901274358308721232e-07,1.842373767455420664e-07,1.752097617570435831e-07,1.608415189069953927e-07,1.414493930912895659e-07,1.185934524978827573e-07,9.738925125702776381e-08,8.902920175069518902e-08,1.046763284372208868e-07,1.406164906947443087e-07,1.869991354106878478e-07,2.374742451471178321e-07,2.882872444609847685e-07,3.368191948275358459e-07,3.810152956841541088e-07,4.173736434472708949e-07,4.443634984872142247e-07,4.607866713597592777e-07,4.657863300108787803e-07,4.719552374857323466e-07,4.789947219122662392e-07,4.866582878932204079e-07,4.947435567703972480e-07,5.030855935052762645e-07,5.115512320174970739e-07,5.200341639611484474e-07,5.284506560171915341e-07,5.367358166581042505e-07,5.448403591901990569e-07,5.527278169397880500e-07,5.603721680741611333e-07,5.677558271235313376e-07,5.748679602974182786e-07,5.817030829619323683e-07,5.882599001188546665e-07,5.945403540470594986e-07,6.005488470321115094e-07,6.062916109894452072e-07,6.117761995462270554e-07,6.170110816421087257e-07,6.220059046672889167e-07,6.267736083578930779e-07,6.313308449292578967e-07,6.356978378338956748e-07,6.398982731881537460e-07,6.439592341329892859e-07,6.479111879126492023e-07,6.517880346402866611e-07,6.556272258771862554e-07,6.594699605030163149e-07,6.633614650276170322e-07,6.673513655318098794e-07,6.714941587824425904e-07,6.758497906147636350e-07,6.804843501842570553e-07,6.854708888180064002e-07,6.908903714784418325e-07,6.968327667303976768e-07,7.033982770344322156e-07,7.106987049461043445e-07,7.188589430775864678e-07,7.280185691924664003e-07,7.383335289966231554e-07,7.499779103360589836e-07,7.631458732232667799e-07,7.780539251785100291e-07,7.949439383324621668e-07,8.140875692799062480e-07,8.357929263276430061e-07,8.604140619436973272e-07,8.883624261870297529e-07,9.201157402086510173e-07,9.562129409728622143e-07,9.972145681448433429e-07,1.043600615735079605e-06,1.095581762846949786e-06,1.152825499809991202e-06,1.214147345650251160e-06
1.287012144669687042e-06,1.348552531386289122e-06,1.396246576619353078e-06,1.431878215929298764e-06,1.457727760909403734e-06,1.475903262457454015e-06,1.488110433553397791e-06,1.495680122212047316e-06,1.499681135678396186e-06,1.501018711679947982e-06,1.500487359540407298e-06,1.498785443412879410e-06,1.496510623222240569e-06,1.494152235101498558e-06,1.492089178392830374e-06,1.490595435066030484e-06,1.489851684201365974e-06,1.489960236968856500e-06,1.490960723411311715e-06,1.492844743332750030e-06,1.495568518892547484e-06,1.499063223164048546e-06,1.503243059010534852e-06,1.508011364528090460e-06,1.513265087882876062e-06,1.518897963023137444e-06,1.524802670314376218e-06,1.530872208790537344e-06,1.537000653475055039e-06,1.543083428084896119e-06,1.549017191622070642e-06,1.554699415660341182e-06,1.560027715299870571e-06,1.564898988312539248e-06,1.569208411645378821e-06,1.572848340274669722e-06,1.575707148949798475e-06,1.577668051670843942e-06,1.578607926394043293e-06,1.578396163702489902e-06,1.576893549140878616e-06,1.573951181979143966e-06,1.569408780030457866e-06,1.563090898915554026e-06,1.554804775374044015e-06,1.544338633860959480e-06,1.531459810332855125e-06,1.515912661506956039e-06,1.497416217486372366e-06,1.475661521223919067e-06,1.450308578571360673e-06,1.420982816320372379e-06,1.387270911860172628e-06,1.348715817773445891e-06,1.304810763307498117e-06,1.254991987908314826e-06,1.198629987378885341e-06,1.135019212856278479e-06,1.063366631491439655e-06,9.827807179138951572e-07,8.922652202827506690e-07,7.656531338438876623e-07,6.057832478453186467e-07,4.174155102929045288e-07,2.116636087893171176e-07,1.091774244284208490e-07,3.186744545482694360e-07,5.765281264254067002e-07,8.466225628519786365e-07,1.122365830719063393e-06,1.399376576635187726e-06,1.673763868375685558e-06,1.941880211356240345e-06,2.200301483257388228e-06,2.445878139448732387e-06,2.675870801197927392e-06,2.888206791017870601e-06,3.042009513131719917e-06,3.134456205740796456e-06,3.163678698293327409e-06,3.128636825505927763e-06,3.029088169546699313e-06,2.865570293307411398e-06,2.639382628447563069e-06,2.352645006815467129e-06,2.008654193252597606e-06,1.710931466445894031e-06,1.451537861885053301e-06,1.225028359970335303e-06,1.027516505462230068e-06,8.561563738667506931e-07,7.088950377539329069e-07,5.843474406888211615e-07,4.817334528486874028e-07,4.008713644265159103e-07,3.422512041716258265e-07,3.072123154822745035e-07,2.831711414586673056e-07,2.735816379463092331e-07,2.810317406846240490e-07,3.071489768771955642e-07,3.526398611321289724e-07,4.174003965791367805e-07,5.005940299249566582e-07,6.006826030942113673e-07,7.154571060080638723e-07,8.462874817732670291e-07,9.907032131762296572e-07,1.145943958019108548e-06,1.309008090769623030e-06,1.476719674342732810e-06,1.645804871853736334e-06,1.812969286466039663e-06,1.974973471418689392e-06,2.128712693570039022e-06,2.271318990462189273e-06,2.400302162055694244e-06,2.499638395303985099e-06,2.567186914739328397e-06,2.601344997238814210e-06,2.601046281906598657e-06,2.565782445045670129e-06,2.495620757313862231e-06,2.391209069395637066e-06,2.253774659985153531e-06,2.085140580396400813e-06,1.899061032619181135e-06,1.697652160651846233e-06,1.483469746267520759e-06,1.259393853959090328e-06,1.028552494229063996e-06,7.942835760919398059e-07,5.601738039688471879e-07,3.305081541412563892e-07,1.165135924567988161e-07,1.317759931790230630e-07,3.257574846304025823e-07,5.095122348919240706e-07,6.735801705667603941e-07,8.140685467421420015e-07,9.281295017665889873e-07,1.013558133961857774e-06,1.068715742263379988e-06,1.092510491433132377e-06,1.084414692446632301e-06,1.044566100907572063e-06,9.968463269989322618e-07,9.419487470925639143e-07,8.809578502101225150e-07,8.151994089301793066e-07,7.461668067380050085e-07,6.754904238908741234e-07,6.049147336632254195e-07,5.362738072396446952e-07,4.714739028143942720e-07,4.124972371479476489e-07,3.614171636588895608e-07,3.124715655024554485e-07,2.686408678347375465e-07,2.322803293699742125e-07,2.045675054739593108e-07,1.849364043695484763e-07,1.710420251997469807e-07,1.596031528544779420e-07,1.476396607292969836e-07,1.334316485084898332e-07,1.178455831652560135e-07,1.038703596814152106e-07,9.822932314926568723e-08,1.085013211657083242e-07,1.355324767385345698e-07,1.740875748895810865e-07,2.188956401599597050e-07,2.662099315594519877e-07,3.132833097653474153e-07,3.579204567212586441e-07,3.982834558072225871e-07,4.309080565885954933e-07,4.543601420307384939e-07,4.675096987407254404e-07,4.695440093579064052e-07,4.731845662136596130e-07,4.780760388902536813e-07,4.839201854684859732e-07,4.904684845977141233e-07,4.975156101515731389e-07,5.048935032937215569e-07,5.124659688969396727e-07,5.201237954806211355e-07,5.277804116915027035e-07,5.353680796504205351e-07,5.428346060222349094e-07,5.501405351044741124e-07,5.572567777274131115e-07,5.641626251511449664e-07,5.708440970242044767e-07,5.772925752555823716e-07,5.835036800401213159e-07,5.894763493328289963e-07,5.952120881911693520e-07,6.007143592486770349e-07,6.059880899732760000e-07,6.110398475565781218e-07,6.158798379249803312e-07,6.205222723861556867e-07,6.249851935128967862e-07,6.292903373779061288e-07,6.334630418821184572e-07,6.375322107791983020e-07,6.415303424079812254e-07,6.454936314290851671e-07,6.494621512778916189e-07,6.534801247624397393e-07,6.575962903302078014e-07,6.618643719892379197e-07,6.663436615849266110e-07,6.710997228782828164e-07,6.762052272831046577e-07,6.817409306827556724e-07,6.877967988026909145e-07,6.944732844500417857e-07,7.018827530444627875e-07,7.101510435476935828e-07,7.194191423389994505e-07,7.298449436534678797e-07,7.416050838952668537e-07,7.548968888207765180e-07,7.699405903175057414e-07,7.869821789773317968e-07,8.062975514178848929e-07,8.281988734523831507e-07,8.530439686955179849e-07,8.812483346304535294e-07,9.132959425626701191e-07,9.497381345932823511e-07,9.911598353867059302e-07,1.038082734536105476e-06,1.090775296514776822e-06,1.148961539029205548e-06,1.211470242254008041e-06
1.285796216452809703e-06,1.348481415576657820e-06,1.396750537162068901e-06,1.432328141882611873e-06,1.457553492302028748e-06,1.474646518325443831e-06,1.485436926862977825e-06,1.491372563812769326e-06,1.493624120411259715e-06,1.493179906452239265e-06,1.490897223374167673e-06,1.487517340493238886e-06,1.483662979764762059e-06,1.479833875235627795e-06,1.476408293917519931e-06,1.473652047650780685e-06,1.471733082041274189e-06,1.470738716358067085e-06,1.470692975746727505e-06,1.471572325024243040e-06,1.473318968184506780e-06,1.475851509816087331e-06,1.479073154570917969e-06,1.482877798642384448e-06,1.487154411752850122e-06,1.491790079089235306e-06,1.496672012082543904e-06,1.501688770448741625e-06,1.506730878641903274e-06,1.511690972929827173e-06,1.516463581195025453e-06,1.520944614511765840e-06,1.525030634897465886e-06,1.528617954628437436e-06,1.531601616673764115e-06,1.533874301113082810e-06,1.535325197346044053e-06,1.535838875483122462e-06,1.535294182103375933e-06,1.533563175805444641e-06,1.530510107741632537e-06,1.525990443882398307e-06,1.519849303400026192e-06,1.511917949079311797e-06,1.502011896151983899e-06,1.489929503941217610e-06,1.475450438533743512e-06,1.458333986814789702e-06,1.438317194655147338e-06,1.415112790653569173e-06,1.388406839703934193e-06,1.357856045061410799e-06,1.323084579899334850e-06,1.283680275316246748e-06,1.239189917808845828e-06,1.189113316320201321e-06,1.132895701438364282e-06,1.069917962999490891e-06,9.994843279805834938e-07,9.208075628901684658e-07,8.329931351892544639e-07,7.116133682586845957e-07,5.592833517886861899e-07,3.799669697040049196e-07,1.809866937264457132e-07,7.790115296301606960e-08,2.927695233504178055e-07,5.355705306915898425e-07,7.868289860131571081e-07,1.042080306121688429e-06,1.297739957166611886e-06,1.550448104257321007e-06,1.797005194345181708e-06,2.034389715938683202e-06,2.259797422366466387e-06,2.470734547321470576e-06,2.665269231047842968e-06,2.805823838162616522e-06,2.889874059269739848e-06,2.915727398023490296e-06,2.882465761889505010e-06,2.789959978554826753e-06,2.638886748036160310e-06,2.430727272070107765e-06,2.167779033649676692e-06,1.853335239234424348e-06,1.582931720716035695e-06,1.349899431687704923e-06,1.149733623579057424e-06,9.791638970275856289e-07,8.357554092546099874e-07,7.177472070160286803e-07,6.239915457797627657e-07,5.539520224885242769e-07,5.077619583599420955e-07,4.864111240925446231e-07,4.922451895732398659e-07,5.057562548900856343e-07,5.306087350475213824e-07,5.694797647490491079e-07,6.240194899679415515e-07,6.949167528899053100e-07,7.819779364742158379e-07,8.841861042661732551e-07,9.997364059084912884e-07,1.126078946666397425e-06,1.266651612417954327e-06,1.419008230128492023e-06,1.580535127999956694e-06,1.748403120664388663e-06,1.919618556832628499e-06,2.091103976900926055e-06,2.259774634497894483e-06,2.422601773313358013e-06,2.576671648047402822e-06,2.719288511682592821e-06,2.848231837357701036e-06,2.945494142302991451e-06,3.009479745283893099e-06,3.038958026312631426e-06,3.033095659153408094e-06,2.991514382344010512e-06,2.914324019550318345e-06,2.802121093973334449e-06,2.655961887763241891e-06,2.477352973253497238e-06,2.281774304027710126e-06,2.071200255444883664e-06,1.848125966711698150e-06,1.615355585364442443e-06,1.375919853468699062e-06,1.133036779194214598e-06,8.900894978018875470e-07,6.506623141829775999e-07,4.188856277946308634e-07,2.023533633837719461e-07,8.289218879094478701e-08,2.361020785168977240e-07,4.074134343339673922e-07,5.597017337681893758e-07,6.876066490398412219e-07,7.883561589475502803e-07,8.601364319336627607e-07,9.018253055763342256e-07,9.129420953858886203e-07,8.936930962820629888e-07,8.646661206449570186e-07,8.269053620389190941e-07,7.817126306995199769e-07,7.305524032993785761e-07,6.750213611662613237e-07,6.168327060669505636e-07,5.577886864150995256e-07,4.997382024083972956e-07,4.445305899296635953e-07,3.939865715229080592e-07,3.499085435807949773e-07,3.064740290154133208e-07,2.661356626037301047e-07,2.307959573750697893e-07,2.015531241546887615e-07,1.784431777850389883e-07,1.603796967231253875e-07,1.455336415915202502e-07,1.321347679778414234e-07,1.194263041203781166e-07,1.091629826891285594e-07,1.049983144347248362e-07,1.118461319938997317e-07,1.319539137980355789e-07,1.632870027405870635e-07,2.021629133599515848e-07,2.452566931193120371e-07,2.898859890912672366e-07,3.338234039426703953e-07,3.751478600056014160e-07,4.121903395661462333e-07,4.415577065029931859e-07,4.619265285065031099e-07,4.722398179105304247e-07,4.717286450973340492e-07,4.731970215265776412e-07,4.762407019001273381e-07,4.805163931444935066e-07,4.857355445037418654e-07,4.916581351879454484e-07,4.980865050404627734e-07,5.048594146504763851e-07,5.118465237078988993e-07,5.189434162176332214e-07,5.260672303267816670e-07,5.331528933256920483e-07,5.401499250391217737e-07,5.470197529250480543e-07,5.537334747872479572e-07,5.602700053827512050e-07,5.666145478302045662e-07,5.727573372597710054e-07,5.786926111825482503e-07,5.844177678290191383e-07,5.899326798436801984e-07,5.952391360930812092e-07,6.003409465855604193e-07,6.052458432529414072e-07,6.099658036815724965e-07,6.145168525428905626e-07,6.189189019861519378e-07,6.231956402381261426e-07,6.273744778875400480e-07,6.314865609860190505e-07,6.355668595224955103e-07,6.396543393168831291e-07,6.437922251400434984e-07,6.480283630175720733e-07,6.524156902339320216e-07,6.570128224318239060e-07,6.618847681820016313e-07,6.671037821072286462e-07,6.727503675220907734e-07,6.789144378489299147e-07,6.856966419159861378e-07,6.932098508702305691e-07,7.015807937317799048e-07,7.109518162038962557e-07,7.214827284508527897e-07,7.333527136765660117e-07,7.467623112138714418e-07,7.619355961698850749e-07,7.791228854840266952e-07,7.986046142518632080e-07,8.206973574871261911e-07,8.457630081923448541e-07,8.742211520745136992e-07,9.065614949232554364e-07,9.433463966130121329e-07,9.851827759034516869e-07,1.032630974057440046e-06,1.086014602657457113e-06,1.145113576398938929e-06,1.208772682619324423e-06
1.284515578721273877e-06,1.348314727168435919e-06,1.397141904918212197e-06,1.432655131002490739e-06,1.457246568318066954e-06,1.473245507952117913e-06,1.482606426707418431e-06,1.486896751698194091e-06,1.487391869617623374e-06,1.485165158868768463e-06,1.481137513399184729e-06,1.476092826582384026e-06,1.470677880779086052e-06,1.465401485303414156e-06,1.460639949649749242e-06,1.456649786654041495e-06,1.453585366630876499e-06,1.451518476367409958e-06,1.450457266786518281e-06,1.450363020473394242e-06,1.451164045732612443e-06,1.452766623931507792e-06,1.455063291600686948e-06,1.457938889509452609e-06,1.461274831935454038e-06,1.464952002007862062e-06,1.468852605305793241e-06,1.472861238490768467e-06,1.476865364734057102e-06,1.480755337225165027e-06,1.484424075859874720e-06,1.487766477958496573e-06,1.490678628502179739e-06,1.493056865874629559e-06,1.494796752819389751e-06,1.495791997150009555e-06,1.495933361118219692e-06,1.495107591247713934e-06,1.493196391449351919e-06,1.490075451567786859e-06,1.485613532204991265e-06,1.479671596878911965e-06,1.472101392680916684e-06,1.462742227526676152e-06,1.451419360421652912e-06,1.437942897529593266e-06,1.422106620097599571e-06,1.403686740126039321e-06,1.382440576792043894e-06,1.358105141043848863e-06,1.330395605368369170e-06,1.299003616904269888e-06,1.263595378905571634e-06,1.223809368766670414e-06,1.179253466979911930e-06,1.129501123933379585e-06,1.074085976785695446e-06,1.012494054078958371e-06,9.441524377108272368e-07,8.684131756575406208e-07,7.845317043551437477e-07,6.695863255382690684e-07,5.260535839130586389e-07,3.573556454884118465e-07,1.680409668769095974e-07,4.456092301654021392e-08,2.578515548577910814e-07,4.834829839367014500e-07,7.149174190825220854e-07,9.490131025110005000e-07,1.182767413249428950e-06,1.413267324103232705e-06,1.637724187487692108e-06,1.853495503321025288e-06,2.058054162959099422e-06,2.248925194255704733e-06,2.423947190064699415e-06,2.549913903141316930e-06,2.624961658946903532e-06,2.647674633763406088e-06,2.617266723837164597e-06,2.533711219333026378e-06,2.397812244687066635e-06,2.211185961897850162e-06,1.976065542527022802e-06,1.694855627683878880e-06,1.452833207607626662e-06,1.245895582386587181e-06,1.071296931949854914e-06,9.266745950280971594e-07,8.100562893068434296e-07,7.199317851754467600e-07,6.553288377025113344e-07,6.159090849041005480e-07,6.020380705936134445e-07,6.148592991649725701e-07,6.570401436423539489e-07,7.040800227816184085e-07,7.601384866064872268e-07,8.278818456857459576e-07,9.087852309164593494e-07,1.003347891724524634e-06,1.111209569235968484e-06,1.231192733345177536e-06,1.361280167518484690e-06,1.498542502227763077e-06,1.647951963839848900e-06,1.807279935020280083e-06,1.974168444016574710e-06,2.145970369938934599e-06,2.319855908178687266e-06,2.492931128345340135e-06,2.662321876123982815e-06,2.825214703973446836e-06,2.978845651164221341e-06,3.120491541873913264e-06,3.247864083257915717e-06,3.341898477852125748e-06,3.401741183684242925e-06,3.426535264771857664e-06,3.415645488845372982e-06,3.368800825298992220e-06,3.286151632824646997e-06,3.168253085921404748e-06,3.015970205558982694e-06,2.830309324355241568e-06,2.627700995239940890e-06,2.410254129677906695e-06,2.180561157099207835e-06,1.941375874123612705e-06,1.695620047114180145e-06,1.446393147257026911e-06,1.196947609420066869e-06,9.506528271220653262e-07,7.109996594738327531e-07,4.818564288503695302e-07,2.693313690194695618e-07,1.030553928031587428e-07,1.670125941343876246e-07,3.193526596671020477e-07,4.572906697143924371e-07,5.712146675232910054e-07,6.581788332839763553e-07,7.167687477833849722e-07,7.463975055025861675e-07,7.471043817094453853e-07,7.358500665613283530e-07,7.141477107592944459e-07,6.836023275671037824e-07,6.458429000344027753e-07,6.025847780306208839e-07,5.556564094206080643e-07,5.069719236156905480e-07,4.584606392206829786e-07,4.119683775900938055e-07,3.691602633581085954e-07,3.315409053399661663e-07,2.936677707679703286e-07,2.576429660662180534e-07,2.249989335825357496e-07,1.966692184461986088e-07,1.729358929395488631e-07,1.534438225879087044e-07,1.374281745808222187e-07,1.242444177316272902e-07,1.141248911331935614e-07,1.093803681178528578e-07,1.130465190608074847e-07,1.274580212055402728e-07,1.523489515450052090e-07,1.854521869890379398e-07,2.240439339440201382e-07,2.656453436389596157e-07,3.080955462647204565e-07,3.494750237643715595e-07,3.880437604620309625e-07,4.222445097870199738e-07,4.488237572427106617e-07,4.665834149642826188e-07,4.745374829484375455e-07,4.719540792610604917e-07,4.716576372358719222e-07,4.732005909597709662e-07,4.762002422751232564e-07,4.803339008418972008e-07,4.853328582551789556e-07,4.909757324009190069e-07,4.970817614304725038e-07,5.035044842534734337e-07,5.101260589589798623e-07,5.168523177729443650e-07,5.236085566836111397e-07,5.303360027389844441e-07,5.369888781943624028e-07,5.435319755686633130e-07,5.499386623608816463e-07,5.561892431755742728e-07,5.622696172212383407e-07,5.681701790130497592e-07,5.738849189473383246e-07,5.794106880079149199e-07,5.847465972361105752e-07,5.898940726228705990e-07,5.948586756218038479e-07,5.996503956552527266e-07,6.042834363547728996e-07,6.087760421025312387e-07,6.131503737178130793e-07,6.174324427412144527e-07,6.216521136698858000e-07,6.258431830652203226e-07,6.300435440166711838e-07,6.342954442492713133e-07,6.386458463624948277e-07,6.431468993369311902e-07,6.478565314789320640e-07,6.528391761873779188e-07,6.581666429413514606e-07,6.639191461298230501e-07,6.701865029466301628e-07,6.770695075349938170e-07,6.846814808661629043e-07,6.931499839638738640e-07,7.026186670853468376e-07,7.132492138313974750e-07,7.252233377278906825e-07,7.387448203319734648e-07,7.540416770698197507e-07,7.713687392335126200e-07,7.910112688260669042e-07,8.132906134274097007e-07,8.385730810306543112e-07,8.672824798758272108e-07,8.999138697629619315e-07,9.370393825667555816e-07,9.792856103745458856e-07,1.027248392435073266e-06,1.081303478073752050e-06,1.141285462061087990e-06,1.206057343618040063e-06
1.283170230135672929e-06,1.348049676814266583e-06,1.397415978643024742e-06,1.432853651568794461e-06,1.456801554658524171e-06,1.471695680915986752e-06,1.479615990702987976e-06,1.482252018704108621e-06,1.480986543039123693e-06,1.476979826827275995e-06,1.471216946053288167e-06,1.464523939950848729e-06,1.457570498021673192e-06,1.450873087875252957e-06,1.444804695056654121e-06,1.439611403689588282e-06,1.435433192036959192e-06,1.432325812181334365e-06,1.430281313880505749e-06,1.429245790624498855e-06,1.429133812440359562e-06,1.429839610582081636e-06,1.431245403779840585e-06,1.433227376574498707e-06,1.435659816384830997e-06,1.438417849898858358e-06,1.441379132571643671e-06,1.444424760937764279e-06,1.447439606984319408e-06,1.450312220103524765e-06,1.452934404099806913e-06,1.455200551444246805e-06,1.457006801002212223e-06,1.458250075532149858e-06,1.458827048574096677e-06,1.458633084716331789e-06,1.457561191051349641e-06,1.455501009897593016e-06,1.452337873147888042e-06,1.447951927126781715e-06,1.442217324594770747e-06,1.435001469574215447e-06,1.426163744241996237e-06,1.415552580165550242e-06,1.403004135973648300e-06,1.388341504940985742e-06,1.371373918498018900e-06,1.351895959502792810e-06,1.329686802607600592e-06,1.304509502168955881e-06,1.276110349371561278e-06,1.244218316333598036e-06,1.208544589465713555e-06,1.168782155048923031e-06,1.124605315203929649e-06,1.075668846984549586e-06,1.021606222342632034e-06,9.620258353938388462e-07,8.965035506437730722e-07,8.245693135685205473e-07,7.456857210056922647e-07,6.382555383366946034e-07,5.047491084922738010e-07,3.484575202841044740e-07,1.735414825753948612e-07,2.388984626402030670e-08,2.169762164603718958e-07,4.229527300753614367e-07,6.334572805631108805e-07,8.456696410324927095e-07,1.056916932905505331e-06,1.264640007296604785e-06,1.466441196255195137e-06,1.660108518202503957e-06,1.843480175894819780e-06,2.013860341394561421e-06,2.166946694230197439e-06,2.276793185723333216e-06,2.342251802846925240e-06,2.362029903329193162e-06,2.335361394459744546e-06,2.262257187651060595e-06,2.143660706156791608e-06,1.981493642091397840e-06,1.778324327871407834e-06,1.535622089550913766e-06,1.321074407140981602e-06,1.138779314562412867e-06,9.886243672664335057e-07,8.690043488367247240e-07,7.781792000420949505e-07,7.146993042359159644e-07,6.776751644504669421e-07,6.670386417703255539e-07,6.835125634490265024e-07,7.277713397920417134e-07,7.994436547731000840e-07,8.744620157187145632e-07,9.574515041012310154e-07,1.050657482035112359e-06,1.155112033175225588e-06,1.270992850658891143e-06,1.397741861145184513e-06,1.534078369666782903e-06,1.677904863587680798e-06,1.825942905126781198e-06,1.983022304801007213e-06,2.148069022044259473e-06,2.319194747891275878e-06,2.493887418580476606e-06,2.669425270594065912e-06,2.843077756563457465e-06,3.012203514374262330e-06,3.174277366811602506e-06,3.326754521111177464e-06,3.466550126804029199e-06,3.589586860720518084e-06,3.678594964217905335e-06,3.733462799112456928e-06,3.753505779910680737e-06,3.738161874476032548e-06,3.687217529831713074e-06,3.600875870336888338e-06,3.479730048380995056e-06,3.324598121808106454e-06,3.135963252124625885e-06,2.928820601888059729e-06,2.706852469749430749e-06,2.473013895271188591e-06,2.229943432538408053e-06,1.980387152449469251e-06,1.727302668266879441e-06,1.473833317281878613e-06,1.223238842734656314e-06,9.787895598993905751e-07,7.436182558631354742e-07,5.209762922333005541e-07,3.145181079509176227e-07,1.418975507576748623e-07,1.220013167475409237e-07,2.465845466416418588e-07,3.681495790708802788e-07,4.675505991606308287e-07,5.412398853980341766e-07,5.881343751244529640e-07,6.079277761852920544e-07,6.129018609781463018e-07,6.057568207169126439e-07,5.884462299769358630e-07,5.626875606241865275e-07,5.302796154431622257e-07,4.931889626738355457e-07,4.535115633125192060e-07,4.133591150233377258e-07,3.746755714006369408e-07,3.389456085282708950e-07,3.069016546691474452e-07,2.743491879404517681e-07,2.430399025781252913e-07,2.140697668852466620e-07,1.881120105540149161e-07,1.655125661947603189e-07,1.463679967854250807e-07,1.306874848858656687e-07,1.187358464784769169e-07,1.115058272779216881e-07,1.113790681035419588e-07,1.204595116515694085e-07,1.394003830451289399e-07,1.669849992904945607e-07,2.010545766833353267e-07,2.393532844073029235e-07,2.798187426027081097e-07,3.205953962764340995e-07,3.599802624487287490e-07,3.963480553246732452e-07,4.280838762261283994e-07,4.523060152323516743e-07,4.679372704813074040e-07,4.740409167179949580e-07,4.699045195242795927e-07,4.682953249945952547e-07,4.687251028271528287e-07,4.707761183185489059e-07,4.740973057253102444e-07,4.783978091369714103e-07,4.834392038240093350e-07,4.890275487073119822e-07,4.950059926503166951e-07,5.012482720490606217e-07,5.076531837857748116e-07,5.141399816441738047e-07,5.206445860947998164e-07,5.271164827203921726e-07,5.335161909977245807e-07,5.398131999303364390e-07,5.459842836564325295e-07,5.520121257256364071e-07,5.578841941876409161e-07,5.635918207873925806e-07,5.691294466098173108e-07,5.744940037792706490e-07,5.796849412363765514e-07,5.847059836246956786e-07,5.895654049174325110e-07,5.942758091908421238e-07,5.988539516191040353e-07,6.033206082982662549e-07,6.077005044639424418e-07,6.120223107982880662e-07,6.163187172231310906e-07,6.206265932059018993e-07,6.249872434458717292e-07,6.294467680507329230e-07,6.340565370435860779e-07,6.388737902210684389e-07,6.439623748267714820e-07,6.493936348307799407e-07,6.552474661973937365e-07,6.616135514838767530e-07,6.685927832889538720e-07,6.762988782047236751e-07,6.848601701187830706e-07,6.944215544239130103e-07,7.051465366285259411e-07,7.172193300400835224e-07,7.308469679959341056e-07,7.462614805925739618e-07,7.637223788668754973e-07,7.835200250412016965e-07,8.059809065823160656e-07,8.314761297518984600e-07,8.604339437540808674e-07,8.933545123540506114e-07,9.308186408194072948e-07,9.734703642026254660e-07,1.021937789340384509e-06,1.076645456702623706e-06,1.137480853391810776e-06,1.203326836338406524e-06
1.281760250097830788e-06,1.347683620882444123e-06,1.397568179440595039e-06,1.432918239542987996e-06,1.456213051123634985e-06,1.469992533726848739e-06,1.476462777960395114e-06,1.477437870477862084e-06,1.474410530006680862e-06,1.468629513883878691e-06,1.461144443841872654e-06,1.452822826704993664e-06,1.444355960291474208e-06,1.436266470115468632e-06,1.428922622102413161e-06,1.422558951800205162e-06,1.417300261905459122e-06,1.413185811374585248e-06,1.410191367182152515e-06,1.408247868137898574e-06,1.407256337686451769e-06,1.407099256164560815e-06,1.407648892555707598e-06,1.408773184119638842e-06,1.410339722353313283e-06,1.412218318661988610e-06,1.414282523329620095e-06,1.416410378938486734e-06,1.418484613816612009e-06,1.420392424407211970e-06,1.422024955782301100e-06,1.423276563367270941e-06,1.424043922476326991e-06,1.424225041966189889e-06,1.423718231270789215e-06,1.422421064017934331e-06,1.420229374733689363e-06,1.417036316806735956e-06,1.412731499504490768e-06,1.407200209626193318e-06,1.400322710312782340e-06,1.391973597552255332e-06,1.382020672259845660e-06,1.370322303684285460e-06,1.356726389796136409e-06,1.341069869917711526e-06,1.323178295905326208e-06,1.302865494294176904e-06,1.279933362822413637e-06,1.254171858894753490e-06,1.225359254985821786e-06,1.193262755770753786e-06,1.157639590172082132e-06,1.118238698497869160e-06,1.074803107261574372e-06,1.027072973996456954e-06,9.747890021614970902e-07,9.176953341684390993e-07,8.555399959503447402e-07,7.880696266244179270e-07,7.150147555797066874e-07,6.159660350296406932e-07,4.935212975797353768e-07,3.511912377294918237e-07,1.943224828669528190e-07,5.549911385564205032e-08,1.756319962984648499e-07,3.576586708970191481e-07,5.457162063260082052e-07,7.351654153300663748e-07,9.232226239864193293e-07,1.107527766392013321e-06,1.286035471196049457e-06,1.457114279362584113e-06,1.619572515320176185e-06,1.771581496612998498e-06,1.897006796111403562e-06,1.989048521855008260e-06,2.044559706182336578e-06,2.061705349258628719e-06,2.039497834386225527e-06,1.977842383149484847e-06,1.877786663792690754e-06,1.741888963156694623e-06,1.574779013796315304e-06,1.384603732437411873e-06,1.189035877152043034e-06,1.027905068081598602e-06,9.009165244663047006e-07,8.056271578604271904e-07,7.398685820123883449e-07,7.018991942650818656e-07,6.908098640444181029e-07,7.071369018320833444e-07,7.530253127114488615e-07,8.296840776808169402e-07,9.171859668747612066e-07,1.013310686880378212e-06,1.118532847872145994e-06,1.233431278581303126e-06,1.358208556290883701e-06,1.492603017459306101e-06,1.635865072210572616e-06,1.786741749675018253e-06,1.943477152374966479e-06,2.103917131382447106e-06,2.266196932603125461e-06,2.435136696113293951e-06,2.609168554420869078e-06,2.785556602714649717e-06,2.961546046360849902e-06,3.134531863651730316e-06,3.302136694206760768e-06,3.462315133161591463e-06,3.613318204452041746e-06,3.752220062670049203e-06,3.864464520021198754e-06,3.946050765067859432e-06,3.995081937003339106e-06,4.010369379274239365e-06,3.991214012422153185e-06,3.937397488306281164e-06,3.849196605480572398e-06,3.727390971343575253e-06,3.573288603055125333e-06,3.388928272756839533e-06,3.178276561221515336e-06,2.953878692932947497e-06,2.718575874830530254e-06,2.474410226681978002e-06,2.223791123648876240e-06,1.969504159483183909e-06,1.714606510920745955e-06,1.462341914369084613e-06,1.216010548099845514e-06,9.783065971036665829e-07,7.496037806613272629e-07,5.342097436610154970e-07,3.373273406022797624e-07,1.700296865295975237e-07,9.998522525441858854e-08,1.890602860932362306e-07,2.933390207228877720e-07,3.788125933944773499e-07,4.410696578676278567e-07,4.799925397562967637e-07,4.982921315314133285e-07,5.037478646828854018e-07,4.980999210403037050e-07,4.828081837229326612e-07,4.596486096524636028e-07,4.307481018871309139e-07,3.984843087993409843e-07,3.653231935092952689e-07,3.335887330675035705e-07,3.048643185967610073e-07,2.765504760456293515e-07,2.489622659405400225e-07,2.226594187393471238e-07,1.980179999432627091e-07,1.752911364117217729e-07,1.547471834928391370e-07,1.367816902780501593e-07,1.220252396074641596e-07,1.115256456980676301e-07,1.069463104464999150e-07,1.103378439309632629e-07,1.232542653172070971e-07,1.453334990094808981e-07,1.748861255690090981e-07,2.097936591966307177e-07,2.480155512308663220e-07,2.877261499102959881e-07,3.272961953478518020e-07,3.652444698748863737e-07,4.001035054719676565e-07,4.294215866009434849e-07,4.516687078865502523e-07,4.656654563163209544e-07,4.704613631124307195e-07,4.653353170358411033e-07,4.629067304070250636e-07,4.626463827758492331e-07,4.641048884738596946e-07,4.669090450366456827e-07,4.707535421760183045e-07,4.753908530862610887e-07,4.806212864827834001e-07,4.862841587370999617e-07,4.922503732307118766e-07,4.984163557544212219e-07,5.046991640102315735e-07,5.110325630033527918e-07,5.173638756607102061e-07,5.236514491375102098e-07,5.298626088501538323e-07,5.359719995956608850e-07,5.419602351916170862e-07,5.478127953335729111e-07,5.535191216708820536e-07,5.590718753065346739e-07,5.644663257621799209e-07,5.697003686836812512e-07,5.747762417074226330e-07,5.797007916700271424e-07,5.844852596666808613e-07,5.891451047628037056e-07,5.936998749479272722e-07,5.981731351730857885e-07,6.025924626404013065e-07,6.069895193287407527e-07,6.114002114251687238e-07,6.158649452015635618e-07,6.204289891527741872e-07,6.251429530150256396e-07,6.300633956020867937e-07,6.352535750638088171e-07,6.407843568132749488e-07,6.467352953488941534e-07,6.531959055660763745e-07,6.602671356377298939e-07,6.680630456702600258e-07,6.767126828410385652e-07,6.863621244723385413e-07,6.971766383820589029e-07,7.093428939265749361e-07,7.230711671126846314e-07,7.385975537654866771e-07,7.561863852440238520e-07,7.761333776018033797e-07,7.987705220554734444e-07,8.244741342278808583e-07,8.536771964920589600e-07,8.868848502631490249e-07,9.246856256657205309e-07,9.677388785766590396e-07,1.016701708774723644e-06,1.072043800640992954e-06,1.133703196511946707e-06,1.200583686339637870e-06
1.280285787474140511e-06,1.347214060652281612e-06,1.397594056176213140e-06,1.432843507272166113e-06,1.455475703241153176e-06,1.468131624180757380e-06,1.473144064237571241e-06,1.472453997688658300e-06,1.467666454318546024e-06,1.460120063200511378e-06,1.450929116561577026e-06,1.441001709573076451e-06,1.431049311784229671e-06,1.421599134776423122e-06,1.413013312383229755e-06,1.405513732205179943e-06,1.399209279008411221e-06,1.394122309068886705e-06,1.390212172864520522e-06,1.387394730830926394e-06,1.385557684977851406e-06,1.384572088187960019e-06,1.384300643032673162e-06,1.384603455374178694e-06,1.385341851085748514e-06,1.386380759952524711e-06,1.387590058262571953e-06,1.388845161149991080e-06,1.390027075432626833e-06,1.391022064350145733e-06,1.391721034538759346e-06,1.392018728709776696e-06,1.391812790633959033e-06,1.391002758436816744e-06,1.389489034835087903e-06,1.387171876475300550e-06,1.383950437346768617e-06,1.379721892344182842e-06,1.374380656061530432e-06,1.367817699040015947e-06,1.359919949909483566e-06,1.350569759001807279e-06,1.339643909748218920e-06,1.327011263765967075e-06,1.312531988830819810e-06,1.296057356530770820e-06,1.277429654513086224e-06,1.256482262594457025e-06,1.233039960528015559e-06,1.206919561096479759e-06,1.177930998264207133e-06,1.145879049854147421e-06,1.110565941013324058e-06,1.071795159282853912e-06,1.029376904936389963e-06,9.831356631162258821e-07,9.329203086313724007e-07,8.786166851529498055e-07,8.201612534309924385e-07,7.575516061757463727e-07,6.908460221418431759e-07,6.007279201437364936e-07,4.900194502272302530e-07,3.625903470010589047e-07,2.249143199767147410e-07,1.029419148536906414e-07,1.441661042687439421e-07,2.930192623452012192e-07,4.560929917901044455e-07,6.215629835696987793e-07,7.855929823056370158e-07,9.457036770226296519e-07,1.100008870243303483e-06,1.247423677314159365e-06,1.388810562694212673e-06,1.512529578718236780e-06,1.614105257451809537e-06,1.689400981068373491e-06,1.735607541564298738e-06,1.750786364134522294e-06,1.733677109602132103e-06,1.683860159304928777e-06,1.602177034074444672e-06,1.491315589963501595e-06,1.356519042874600580e-06,1.206440134178628772e-06,1.053793389078930156e-06,9.112377110054113301e-07,8.077266584036190814e-07,7.370647287339145117e-07,6.961443933080540106e-07,6.825620159720071488e-07,6.952069415677424780e-07,7.355260650205233855e-07,8.098361135126337490e-07,8.994456257116562595e-07,1.002197646492895300e-06,1.115959266053417530e-06,1.239624626764432972e-06,1.372563249121267149e-06,1.514229975774590709e-06,1.663955021790612158e-06,1.820831897660962870e-06,1.983666235762922763e-06,2.150983710901512220e-06,2.321122830307273183e-06,2.492422489340367276e-06,2.663026995676065642e-06,2.838798622534835357e-06,3.015687851846802832e-06,3.190798260432790266e-06,3.361629486466355748e-06,3.526016070723636608e-06,3.682472893387349151e-06,3.831558623411317737e-06,3.959093877731382932e-06,4.061387342057747973e-06,4.135151813672247943e-06,4.178154138631531192e-06,4.188953527326323382e-06,4.166742281683879807e-06,4.111288946429892360e-06,4.022928554536216835e-06,3.902579703016068510e-06,3.751801369235402323e-06,3.572933765637845990e-06,3.369320525805236420e-06,3.144753122103825422e-06,2.911295932230716995e-06,2.669183723057219334e-06,2.420428773028153918e-06,2.167692186362920841e-06,1.913972751032908241e-06,1.662580433233831318e-06,1.417492981515556804e-06,1.177493923905190263e-06,9.461281073164140588e-07,7.268683260232148029e-07,5.232236864323482477e-07,3.391726660654830800e-07,1.821633794391354565e-07,9.104380689018821932e-08,1.452081007413768147e-07,2.330591961794235934e-07,3.063228210208034157e-07,3.596792659008746323e-07,3.935848365366315042e-07,4.098086343880591016e-07,4.144794190965048987e-07,4.081471675142309549e-07,3.924928314483470742e-07,3.698708910269916235e-07,3.430701392679383212e-07,3.151085273592177502e-07,2.892639707665900552e-07,2.639709951096390548e-07,2.401383859861091891e-07,2.179550767575978151e-07,1.972260759659477466e-07,1.775471054757996405e-07,1.586014572773394140e-07,1.404538140370749582e-07,1.237276550570411314e-07,1.096629785950015432e-07,1.001264701744331645e-07,9.747771407469793235e-08,1.038284360622604173e-07,1.198039445967038350e-07,1.445447370748159061e-07,1.759528101035965099e-07,2.118416462834117829e-07,2.502494182468210207e-07,2.895164806118840055e-07,3.282184156339662343e-07,3.651937196938043106e-07,3.981964925493855024e-07,4.257731419433091925e-07,4.465873029440573264e-07,4.595038685017212330e-07,4.635803507934431563e-07,4.580752797738594223e-07,4.553616379924087139e-07,4.548657969795030696e-07,4.561099657410162436e-07,4.587069021447955123e-07,4.623468810878211395e-07,4.667832222529981431e-07,4.718193485303614904e-07,4.772982168402687071e-07,4.830940190544076665e-07,4.891057556895658401e-07,4.952522637335222682e-07,5.014683471178070783e-07,5.077017388600764918e-07,5.139106931571366818e-07,5.200620589923803206e-07,5.261297259485019575e-07,5.320933611283189383e-07,5.379373763520569845e-07,5.436500794199990069e-07,5.492229738726341759e-07,5.546501795191054861e-07,5.599284622779039310e-07,5.650589248031285494e-07,5.700472792648423494e-07,5.749036460131465705e-07,5.796423878604001306e-07,5.842819888028046454e-07,5.888449874759115053e-07,5.933579761162256564e-07,5.978516757034623031e-07,6.023610976849462685e-07,6.069258025727419350e-07,6.115902660077379086e-07,6.164043637512277886e-07,6.214239885128136276e-07,6.267118134076700130e-07,6.323382187932397947e-07,6.383824006199099566e-07,6.449336782487091423e-07,6.520930165690377330e-07,6.599747695218178115e-07,6.687086381808629679e-07,6.784418156790807119e-07,6.893412655305381205e-07,7.015960572708584515e-07,7.154196825306575597e-07,7.310523305207453274e-07,7.487632670257688418e-07,7.688537918242126554e-07,7.916617532907839120e-07,8.175691054509140362e-07,8.470139187201206083e-07,8.805063011249663341e-07,9.186417094618235168e-07,9.620928216855482040e-07,1.011542443068435483e-06,1.067501492876959319e-06,1.129955709241730220e-06,1.197830314439473357e-06
1.278747048687840011e-06,1.346638640488145018e-06,1.397489290305219502e-06,1.432624152339889546e-06,1.454584214525152730e-06,1.466108586272397587e-06,1.469657257016012253e-06,1.467300287203205532e-06,1.460757177147996180e-06,1.451457548941407612e-06,1.440580239963560560e-06,1.429072854747111648e-06,1.417665469666274836e-06,1.406888251979704223e-06,1.397095786871094927e-06,1.388496245609141372e-06,1.381181901347981143e-06,1.375157851630416632e-06,1.370366946818796039e-06,1.366710087489462050e-06,1.364061911808155403e-06,1.362282391055498695e-06,1.361225057612576911e-06,1.360742606111714670e-06,1.360690523729809710e-06,1.360929282105721875e-06,1.361325498350916594e-06,1.361752364569407549e-06,1.362089560619582030e-06,1.362222803174311210e-06,1.362043141899869960e-06,1.361446086148100212e-06,1.360330628391245637e-06,1.358598219785610142e-06,1.356151745578611814e-06,1.352894541220112518e-06,1.348729482380927347e-06,1.343558172653262125e-06,1.337280241149331586e-06,1.329792748769971280e-06,1.320989687503940877e-06,1.310761543494574655e-06,1.298994437718290942e-06,1.285568034618547403e-06,1.270355013366512549e-06,1.253221118535166084e-06,1.234025369961034876e-06,1.212620493652573615e-06,1.188853660088488894e-06,1.162567651960445751e-06,1.133602636226853283e-06,1.101798794444125896e-06,1.067000184909026380e-06,1.029060391075206805e-06,9.878507799765766458e-07,9.432725732522439417e-07,8.952743868026026521e-07,8.438771681195912655e-07,7.892076421980701648e-07,7.315370465165909182e-07,6.713098348528628904e-07,5.902620000157588313e-07,4.914921226090216494e-07,3.791706954196467570e-07,2.601260563970789085e-07,1.535781543399707056e-07,1.365560147214827524e-07,2.375733071471172428e-07,3.710873270241529472e-07,5.106435561996914655e-07,6.495041942177755119e-07,7.844760986299058726e-07,9.133360542465921797e-07,1.034356996553339375e-06,1.145811344659966322e-06,1.243168839790341619e-06,1.323295288732265864e-06,1.383618184619877638e-06,1.421956301909072484e-06,1.436308792525713792e-06,1.424926635984341287e-06,1.386728918292160374e-06,1.321962635094128114e-06,1.232968190119259176e-06,1.124914112051552933e-06,1.006301751825325720e-06,8.887878925756703614e-07,7.855429171880230751e-07,7.107145065654943659e-07,6.665641549362774918e-07,6.508837540964451049e-07,6.603714607800248909e-07,6.933372908224128259e-07,7.504457082733156629e-07,8.326652393432657055e-07,9.339782776634206089e-07,1.050510637004621077e-06,1.179241938462086495e-06,1.318050762226611633e-06,1.465483717226568503e-06,1.620454309659396457e-06,1.781999594535009361e-06,1.949119189023560799e-06,2.120691394492045033e-06,2.295462558300103565e-06,2.472115388518661920e-06,2.649428221946085596e-06,2.826569210255552041e-06,3.004189988651700869e-06,3.180518187648204128e-06,3.353335676560241112e-06,3.520362375869157651e-06,3.679346619225529185e-06,3.828032541612642638e-06,3.963660881400559900e-06,4.079931619589502032e-06,4.172682612892731974e-06,4.238782527730351416e-06,4.275986248710587266e-06,4.282800541821758383e-06,4.258388592238587031e-06,4.202522078189901228e-06,4.115567786198115780e-06,3.998500716464660650e-06,3.852946230968502743e-06,3.681258183259332104e-06,3.486619136214499406e-06,3.273122144542907374e-06,3.046584765828492118e-06,2.810022705130545860e-06,2.566136196830223042e-06,2.317716143634208788e-06,2.067667822622198718e-06,1.818947880657717806e-06,1.574351197100060439e-06,1.335487732177409073e-06,1.104963582102498014e-06,8.856141457891921394e-07,6.802564599889766085e-07,4.916364291960812355e-07,3.227069486320061186e-07,1.784860179342250727e-07,8.286526300432902227e-08,1.121813841090598004e-07,1.865852509239351279e-07,2.498311032919586368e-07,2.959792934111104158e-07,3.252720377546253894e-07,3.398662628521259759e-07,3.411775529782801753e-07,3.311868976415024241e-07,3.126582367947724987e-07,2.889298995445851540e-07,2.634636298088435008e-07,2.392013478077312410e-07,2.172805617082245438e-07,1.984027297875374088e-07,1.823386358909927150e-07,1.680425950269787716e-07,1.540965924393183057e-07,1.393524246710247341e-07,1.235076353313796932e-07,1.074118683738733882e-07,9.308507076086962436e-08,8.352797954832143995e-08,8.210564011973586129e-08,9.101506269479485336e-08,1.100631133963601314e-07,1.374540293119174547e-07,1.708342944694579400e-07,2.078808030579695391e-07,2.466238560212140253e-07,2.855815043720108319e-07,3.234569882979685011e-07,3.589654740180392449e-07,3.905739733699998685e-07,4.169389321306401317e-07,4.368566275855202093e-07,4.492685170860151032e-07,4.532535783874416791e-07,4.480324599761910676e-07,4.456119395615041996e-07,4.453631172297037316e-07,4.467847008121013454e-07,4.494882593951782132e-07,4.531740598349063811e-07,4.576092066850394424e-07,4.626108342308722159e-07,4.680338807821839812e-07,4.737622989190511823e-07,4.797026811208462155e-07,4.857795549727159306e-07,4.919318386882111813e-07,4.981101162525351461e-07,5.042745038936094141e-07,5.103929529192700024e-07,5.164398817427756613e-07,5.223950613523663908e-07,5.282426994769425150e-07,5.339706829861549808e-07,5.395699479819256174e-07,5.450339540706190432e-07,5.503587446562603846e-07,5.555446284623001169e-07,5.605964687857025502e-07,5.655235041945715706e-07,5.703392004660604704e-07,5.750611430754799325e-07,5.797109811545924656e-07,5.843144344116044505e-07,5.889013744647358435e-07,5.935059917932676778e-07,5.981670594096316855e-07,6.029283046798199102e-07,6.078389016428299324e-07,6.129540977499417214e-07,6.183359910392112522e-07,6.240544760315675584e-07,6.301883784352611143e-07,6.368267990503607683e-07,6.440706846188566336e-07,6.520346359277791434e-07,6.608489493072857564e-07,6.706618655419836005e-07,6.816419713293757073e-07,6.939806695872526169e-07,7.078946235965969718e-07,7.236281205167380460e-07,7.414554470729193438e-07,7.616836895342609128e-07,7.846568899045931546e-07,8.107630778938751730e-07,8.404458178492686958e-07,8.742202786364259391e-07,9.126881936274105506e-07,9.565336998879027378e-07,1.006462037952136877e-06,1.063021231734794799e-06,1.126241365615072055e-06,1.195069018183526263e-06
1.277144285265045337e-06,1.345955145010782657e-06,1.397249700124528261e-06,1.432254966568656779e-06,1.453533359341340224e-06,1.463919145588518456e-06,1.465999910379424719e-06,1.461976832099434430e-06,1.453685797902937747e-06,1.442648265140134637e-06,1.430107231999326242e-06,1.417048537031837997e-06,1.404219181186691201e-06,1.392150612116075256e-06,1.381188458554072269e-06,1.371526148263278913e-06,1.363238704865049689e-06,1.356313668770493003e-06,1.350677358475311764e-06,1.346215875432602820e-06,1.342791082812362753e-06,1.340252236606297566e-06,1.338444105788292669e-06,1.337212395733911115e-06,1.336407176014514982e-06,1.335884871063505299e-06,1.335509235125171038e-06,1.335151617685797980e-06,1.334690736942024482e-06,1.334012115164319165e-06,1.333007286640886037e-06,1.331572861057402159e-06,1.329609507798426191e-06,1.327020915622359487e-06,1.323712774226841025e-06,1.319591817007390256e-06,1.314564956210028614e-06,1.308538531753556464e-06,1.301417682921459322e-06,1.293105838158465207e-06,1.283504303251414113e-06,1.272511913891523996e-06,1.260024292510285716e-06,1.245931996403726000e-06,1.230120201130514854e-06,1.212468963371267035e-06,1.192853672470986658e-06,1.171145758672459106e-06,1.147213753333930056e-06,1.120924837111387511e-06,1.092147074199891063e-06,1.060752628075333810e-06,1.026622411155923865e-06,9.896528814268735758e-07,9.497661431708950367e-07,9.069252772035835768e-07,8.611581393695418292e-07,8.125949407940489442e-07,7.615273363038322948e-07,7.084956256403238571e-07,6.543893412177932576e-07,5.820695075820749353e-07,4.949322823725867300e-07,3.972833544516387202e-07,2.956368688813153748e-07,2.037609112539891972e-07,1.590273981406429649e-07,2.021794526443478612e-07,2.964212412310490468e-07,4.047774846311502234e-07,5.147404421347170739e-07,6.215613792693419599e-07,7.225484887065727452e-07,8.158404212576715224e-07,9.000300610207615744e-07,9.735365794217479738e-07,1.035182868646371858e-06,1.083643577961257974e-06,1.116953280802271484e-06,1.132456503702196915e-06,1.127322521163270946e-06,1.099416815893161853e-06,1.048241506222104723e-06,9.757934388372549664e-07,8.872963224919046001e-07,7.916494877362067496e-07,7.010588908202007459e-07,6.289027010655494222e-07,5.854695145716323587e-07,5.718874604598933809e-07,5.828145735855380814e-07,6.127666076383314150e-07,6.604864901380632798e-07,7.286158530317794194e-07,8.199975608131546208e-07,9.321237844027394171e-07,1.060739514515983505e-06,1.201895164132388407e-06,1.352652719834458209e-06,1.510994281323354534e-06,1.675501577345779804e-06,1.845060686538589744e-06,2.018657369365458807e-06,2.195262500882501070e-06,2.373794416365754022e-06,2.553146767156431832e-06,2.732269662434031897e-06,2.910279220564175520e-06,3.086501559914992784e-06,3.259510245632558366e-06,3.427442100687715194e-06,3.588209695092137623e-06,3.739570071380196787e-06,3.879058515405398672e-06,4.003712248664762314e-06,4.109608701783921069e-06,4.193338706501299249e-06,4.252159221421179417e-06,4.284010489022906542e-06,4.287484184275294435e-06,4.261785775507265342e-06,4.206709858515517667e-06,4.122631568640702797e-06,4.010512798109892383e-06,3.871921559876010899e-06,3.709059103925521743e-06,3.524775898371607049e-06,3.322537843010466477e-06,3.106278997474204362e-06,2.879225669289987388e-06,2.644285314986853223e-06,2.404278611307243438e-06,2.162002244415394166e-06,1.920195788051193635e-06,1.681427145759844678e-06,1.447928686246163253e-06,1.222108857595978906e-06,1.006446393726693131e-06,8.033523876811179140e-07,6.150747375965482508e-07,4.436771211806809142e-07,2.912141446751493911e-07,1.609004746002983017e-07,6.861826049956022254e-08,8.736549253437789257e-08,1.529087450807078777e-07,2.080454104731106095e-07,2.473409286311897564e-07,2.704327485465532860e-07,2.780173741019097110e-07,2.720291577652264463e-07,2.557127150267500483e-07,2.332070237807046385e-07,2.087838854570297343e-07,1.860283429162110013e-07,1.672107172700804853e-07,1.533720253255808202e-07,1.440451850238621356e-07,1.372089685549737216e-07,1.299662117678321225e-07,1.198117860779575300e-07,1.057821974037075234e-07,8.902855281025379611e-08,7.284750427894252672e-08,6.228011152112657001e-08,6.227811222429941277e-08,7.411830340245198481e-08,9.587768971528008593e-08,1.254104749331304134e-07,1.604246352382535945e-07,1.983218725810321031e-07,2.369701060175445118e-07,2.753144931794667877e-07,3.122923258950549665e-07,3.467089927063217251e-07,3.772943036181113388e-07,4.028683774595353279e-07,4.223692028625931608e-07,4.348414881894379054e-07,4.394016617596684543e-07,4.352021085870258109e-07,4.337071158591878707e-07,4.342104205402671639e-07,4.362015980619265009e-07,4.393150096578304497e-07,4.432826987338146351e-07,4.479023440396863126e-07,4.530170272977126303e-07,4.585024820803283562e-07,4.642588257684179422e-07,4.702049785727672990e-07,4.762747331256298414e-07,4.824138746372572579e-07,4.885779968523450958e-07,4.947307977291712934e-07,5.008427187441068931e-07,5.068898390355606199e-07,5.128529643809919736e-07,5.187168690220005161e-07,5.244696599744201027e-07,5.301022411812401609e-07,5.356078601505995290e-07,5.409822140810506258e-07,5.462251359846140431e-07,5.513409096532123016e-07,5.563381194961589424e-07,5.612295261258395339e-07,5.660319777250875380e-07,5.707663688813438980e-07,5.754576591904458001e-07,5.801349639199621113e-07,5.848317287847457423e-07,5.895860007909432422e-07,5.944408074444240893e-07,5.994446575955717667e-07,6.046521788782417346e-07,6.101249089993895339e-07,6.159322607181114914e-07,6.221526825769274121e-07,6.288750382694982530e-07,6.362002254263354140e-07,6.442430475858670592e-07,6.531343389714407913e-07,6.630233186749707335e-07,6.740801193174550510e-07,6.864984008052425973e-07,7.004979384153818244e-07,7.163270994173818055e-07,7.342652498256370480e-07,7.546254352650236776e-07,7.777582050219649386e-07,8.040581006162102269e-07,8.339746252394510704e-07,8.680281967392920424e-07,9.068263183784287101e-07,9.510628686506918436e-07,1.001462298559637944e-06,1.058605427011221502e-06,1.122562882053324840e-06,1.192301954138840449e-06
1.275477780925669346e-06,1.345161495294673478e-06,1.396871244457806062e-06,1.431730845175042711e-06,1.452317996345188485e-06,1.461559135096878763e-06,1.462169739571411155e-06,1.456483940400731633e-06,1.446455652982031894e-06,1.433698712089512026e-06,1.419519626823563955e-06,1.404941003576231926e-06,1.390724980657800772e-06,1.377402580191837479e-06,1.365309088241691126e-06,1.354622212937018994e-06,1.345399152754755442e-06,1.337609653856604721e-06,1.331163524323448307e-06,1.325932269143250994e-06,1.321765295235619779e-06,1.318501528107239869e-06,1.315977388420112999e-06,1.314032013773050566e-06,1.312510469190389183e-06,1.311265528311290265e-06,1.310158458575350562e-06,1.309059121819106203e-06,1.307845609510980627e-06,1.306403566455632909e-06,1.304625312916119804e-06,1.302408847017544197e-06,1.299656791813455805e-06,1.296275340226146463e-06,1.292173242907570409e-06,1.287260876520081302e-06,1.281449421419773588e-06,1.274650167342822416e-06,1.266773953156396745e-06,1.257730732321486414e-06,1.247429240305099881e-06,1.235776725347170268e-06,1.222678306613187092e-06,1.208035334047698091e-06,1.191745248983798257e-06,1.173702013922555124e-06,1.153796743811491881e-06,1.131918605454930341e-06,1.107956077610499248e-06,1.081798703022791982e-06,1.053339523061664049e-06,1.022478479986225365e-06,9.891272279042298692e-07,9.532160644860126533e-07,9.147041937162709338e-07,8.735955055896456682e-07,8.299640922492122033e-07,7.839981673239605096e-07,7.360808290677215022e-07,6.869451795461093806e-07,6.379571842407143547e-07,5.734928916999577865e-07,4.972159151645141334e-07,4.133304673373868906e-07,3.276583019826160171e-07,2.500873860794187938e-07,1.996474160553117953e-07,2.008523591604195793e-07,2.506702818720119167e-07,3.229369312666566024e-07,3.996093492078122119e-07,4.744081162895574910e-07,5.447961067701204672e-07,6.096033046479873783e-07,6.687784085438279540e-07,7.230446475030606663e-07,7.729230012065407742e-07,8.171742837464013864e-07,8.520672636953790073e-07,8.722358064563489136e-07,8.725587121897910320e-07,8.498971123093026697e-07,8.040311166975733011e-07,7.379972181540224966e-07,6.584687796366704725e-07,5.764885882458301462e-07,5.075421640578276462e-07,4.676781379059068008e-07,4.635880615557707072e-07,4.866784996123438037e-07,5.228135982854260519e-07,5.645221781253185656e-07,6.142071697546025346e-07,6.809928089852111065e-07,7.756913013076553241e-07,8.956014673433179917e-07,1.033857411592338981e-06,1.184609447766528948e-06,1.343944831653285017e-06,1.509420098505925961e-06,1.679467235776139484e-06,1.852963215077865151e-06,2.028965527721968919e-06,2.206568601544072237e-06,2.384842765769033955e-06,2.562827952144143847e-06,2.739556306615616024e-06,2.914066213722595252e-06,3.085335274231886467e-06,3.252004185049675720e-06,3.412402502323713235e-06,3.564623914667964957e-06,3.706562393928617536e-06,3.835889210461739278e-06,3.949982537468173694e-06,4.045933932774930474e-06,4.121030040728080441e-06,4.172975871324733731e-06,4.199986644819423762e-06,4.200816085579612243e-06,4.174758893379497968e-06,4.121646920892412323e-06,4.041846894645980420e-06,3.936261229422952960e-06,3.806329462056135651e-06,3.654022488418597249e-06,3.481812505362549374e-06,3.292588343148283066e-06,3.089466245945956311e-06,2.875404076911989358e-06,2.653203549179833483e-06,2.425574325114297408e-06,2.195161042289233474e-06,1.964527047654720004e-06,1.736110500995068432e-06,1.512201702827037393e-06,1.295068320420308081e-06,1.086939109519420947e-06,8.899345051508815146e-07,7.059931036022767063e-07,5.368150032781396702e-07,3.838417518080317655e-07,2.483447720271764811e-07,1.321134494400719186e-07,4.663202353280499327e-08,7.153893357857978902e-08,1.326191759521781686e-07,1.809235236028456598e-07,2.119873725911885551e-07,2.250336867592109048e-07,2.218136080198587248e-07,2.064142204379870144e-07,1.842816637827718700e-07,1.606416835876621199e-07,1.391924299780221599e-07,1.221127395625909547e-07,1.111128596921324209e-07,1.070942963602856967e-07,1.079407630390193543e-07,1.084007763621925857e-07,1.032424517162300701e-07,9.010419271759243517e-08,7.064191662197103021e-08,5.099465577752462313e-08,4.187796145936804673e-08,4.875203840110294052e-08,6.428030086471439628e-08,8.547398984644872091e-08,1.138020988700908123e-07,1.484626414134050894e-07,1.858545532253906353e-07,2.228325188516040593e-07,2.596556310717027326e-07,2.954084312347194958e-07,3.287861931375963486e-07,3.585429413625071332e-07,3.836080857921913957e-07,4.030706956775249276e-07,4.161243927576793824e-07,4.219755163498186886e-07,4.196864433298419708e-07,4.198253225061076841e-07,4.215937973850555807e-07,4.245229761473954735e-07,4.283169132040944268e-07,4.327713738604420423e-07,4.377347973129168141e-07,4.430889480843864263e-07,4.487386239221591725e-07,4.546056978317605996e-07,4.606253626240783906e-07,4.667435723526247356e-07,4.729151803544602740e-07,4.791025111901047908e-07,4.852742210947447802e-07,4.914043622407010487e-07,4.974715988659146817e-07,5.034585417046317645e-07,5.093511778616474150e-07,5.151383797418575430e-07,5.208114807129295114e-07,5.263639078433262196e-07,5.317913453728270388e-07,5.370934360424838082e-07,5.422741288544544814e-07,5.473415634784775116e-07,5.523079741215983656e-07,5.571896237955275049e-07,5.620067815319229374e-07,5.667837557099971640e-07,5.715489966515001727e-07,5.763352814016119558e-07,5.811799935189298594e-07,5.861255110528583399e-07,5.912197169136870269e-07,5.965166476385045104e-07,6.020772990536556706e-07,6.079706102244122206e-07,6.142746497350013359e-07,6.210780297036411720e-07,6.284815714383276468e-07,6.366002401713954161e-07,6.455653524027790991e-07,6.555270358232324187e-07,6.666568881334380791e-07,6.791507416562287484e-07,6.932314097775426788e-07,7.091513006816805468e-07,7.271948897944558011e-07,7.476813229435107015e-07,7.709679423272394002e-07,7.974562272995560807e-07,8.276020917100166734e-07,8.619314719856844903e-07,9.010572710726887115e-07,9.456815430791583728e-07,9.965447962156723583e-07,1.054256197765998404e-06,1.118922705281796515e-06,1.189531121146045343e-06
1.273747838316016637e-06,1.344255744130285911e-06,1.396350025789895669e-06,1.431046796074420808e-06,1.450933082449572365e-06,1.459024511236711195e-06,1.458164635108301428e-06,1.450822142424553882e-06,1.439070312395394558e-06,1.424615580337120663e-06,1.408827046757557285e-06,1.392762436483130581e-06,1.377197146640659028e-06,1.362660051941067925e-06,1.349474743781747168e-06,1.337802294923554736e-06,1.327681571346485361e-06,1.319064352188015127e-06,1.311844010648382189e-06,1.305877699216239844e-06,1.301002715672598706e-06,1.297048056328163089e-06,1.293842214774712250e-06,1.291218179707233974e-06,1.289016414702885833e-06,1.287086422832957388e-06,1.285287339214296079e-06,1.283487866577894477e-06,1.281565773634147918e-06,1.279407109239935464e-06,1.276905241002479119e-06,1.273959798759271720e-06,1.270475585866538849e-06,1.266361509976177189e-06,1.261529576623468174e-06,1.255893981098772929e-06,1.249370325182883609e-06,1.241874974535675051e-06,1.233324559592495896e-06,1.223635608046399426e-06,1.212724281239663884e-06,1.200506171541034912e-06,1.186895746730078920e-06,1.171804892534838952e-06,1.155142915147539473e-06,1.136817093184591059e-06,1.116733428250693339e-06,1.094797652341363637e-06,1.070916570882504525e-06,1.044999850028901014e-06,1.016962401125422971e-06,9.867275828929606739e-07,9.542315491594150910e-07,9.194292487783783263e-07,8.823029047928284025e-07,8.428744373246275256e-07,8.012247612661298999e-07,7.575269285458823550e-07,7.121134701485177806e-07,6.656502000599517404e-07,6.197143157519031179e-07,5.617188311239090332e-07,4.952136196881288228e-07,4.238957885218923076e-07,3.526776350845818541e-07,2.888335894398454909e-07,2.433458100523319848e-07,2.290386971688984521e-07,2.500371318424187911e-07,2.950926738023454336e-07,3.376914441927969795e-07,3.752613024140262087e-07,4.104539511280276121e-07,4.464020422090601419e-07,4.867879830694973284e-07,5.353743107963500689e-07,5.926351287208276854e-07,6.524545036444359262e-07,7.031254049042469798e-07,7.321026851479055547e-07,7.308522431790063778e-07,6.973212468080767043e-07,6.356998814239008146e-07,5.547347450732335145e-07,4.669114755507941791e-07,3.905426683961126204e-07,3.512445091107919213e-07,3.661758543759271013e-07,4.201462252462982068e-07,4.821528622514217377e-07,5.314689325419824726e-07,5.633188485659756043e-07,5.867706707209851814e-07,6.214553328345417145e-07,7.057386583590059357e-07,8.280993618563766423e-07,9.727868431179599792e-07,1.129875099267827119e-06,1.294074326280108782e-06,1.462612583293493096e-06,1.633941175872566232e-06,1.807060309525232364e-06,1.981179794648667522e-06,2.155553552929538426e-06,2.329406710082541748e-06,2.501911840572189277e-06,2.672184984749669650e-06,2.839273519477099612e-06,3.002106536868227420e-06,3.159401051218880813e-06,3.309648817810003198e-06,3.451140540834980911e-06,3.581988222938125429e-06,3.700134206001399448e-06,3.803364284688838441e-06,3.889383807182284670e-06,3.956027950371256093e-06,4.001422250842059549e-06,4.024078649636207388e-06,4.022945392848182763e-06,3.997430005096756938e-06,3.947408574368280261e-06,3.873228292757463620e-06,3.775705318576754192e-06,3.656116058105298946e-06,3.516175788502779856e-06,3.357993728534361732e-06,3.183989825695696289e-06,2.996760955174357681e-06,2.798911522891754675e-06,2.592995175617129106e-06,2.381508152260721309e-06,2.166886141713616338e-06,1.951489898110980653e-06,1.737584791960567008e-06,1.527334068206920082e-06,1.322825091591768479e-06,1.126057859420970745e-06,9.389044963860654681e-07,7.630585485394040592e-07,5.999859712360279648e-07,4.508835882483066136e-07,3.166498766326112088e-07,1.978905480945180076e-07,9.517443535454523314e-08,1.922637114987149378e-08,7.196648926240394912e-08,1.309259482554978673e-07,1.712594485512602345e-07,1.902298676629952904e-07,1.899603655002625445e-07,1.769148735653700165e-07,1.594052597288881865e-07,1.430331494511058907e-07,1.276010805094313477e-07,1.101960988054305280e-07,9.197840451471361382e-08,8.134716776605603243e-08,8.471699295519871144e-08,9.330262015277841591e-08,9.381093178739343015e-08,8.009351746739234085e-08,5.481245635615173274e-08,3.425722111043437022e-08,4.661166118261904799e-08,6.991184392546777187e-08,8.606416458024833495e-08,9.725688262412777413e-08,1.140252412024962800e-07,1.420292492882547988e-07,1.753334242463281679e-07,2.059981363286555397e-07,2.394139458282270834e-07,2.733766965563592009e-07,3.056144925098930662e-07,3.345859329099132791e-07,3.592597883095354594e-07,3.789026915093933910e-07,3.929465265969990179e-07,4.008548296913987829e-07,4.017692645288249638e-07,4.043407550720811460e-07,4.078445324467544055e-07,4.120093338734181929e-07,4.166898932993364573e-07,4.217845894979213095e-07,4.272118864130059967e-07,4.329024757266953967e-07,4.387961518915328280e-07,4.448402874933951967e-07,4.509889038317039089e-07,4.572019812278182766e-07,4.634448755004764859e-07,4.696877898196322709e-07,4.759052836356099433e-07,4.820758131707610397e-07,4.881813026490531632e-07,4.942067467539624275e-07,5.001398447706469804e-07,5.059706663691140928e-07,5.116913484025751367e-07,5.172958215830543761e-07,5.227800382691195253e-07,5.281436960377676937e-07,5.333906228127259095e-07,5.385286993468492296e-07,5.435697944803702615e-07,5.485297251088697377e-07,5.534282543140741713e-07,5.582891416869927547e-07,5.631402598519312183e-07,5.680137909605107445e-07,5.729465168328211304e-07,5.779802167969154180e-07,5.831621883577524499e-07,5.885459077353931991e-07,5.941918500048513180e-07,6.001684917638546681e-07,6.065535223374978487e-07,6.134352914482146146e-07,6.209145204347628518e-07,6.291062982917762923e-07,6.381423703368548816e-07,6.481737035611334921e-07,6.593732774671866700e-07,6.719390055144191073e-07,6.860966526850792030e-07,7.021026088797265707e-07,7.202464612618675224e-07,7.408535632314928083e-07,7.642883030283987467e-07,7.909595054009669620e-07,8.213299815170287990e-07,8.559315241063974346e-07,8.953821930746678888e-07,9.403908078726753158e-07,9.917108758576188758e-07,1.049975371713960709e-06,1.115323002054508418e-06,1.186758344654900777e-06
1.271954765484700394e-06,1.343236070400150740e-06,1.395682292870577886e-06,1.430197949327838762e-06,1.449373687269085422e-06,1.456311370209111565e-06,1.453982676324122259e-06,1.444992196652309810e-06,1.431533574242141735e-06,1.415405732398529077e-06,1.398039172442940214e-06,1.380524914608608116e-06,1.363649659674456329e-06,1.347938412011057852e-06,1.333701762909596360e-06,1.321083303166474624e-06,1.310103132461096034e-06,1.300694956939658131e-06,1.292735844949354242e-06,1.286068880822865233e-06,1.280519626985645125e-06,1.275907566293242442e-06,1.272053690578829921e-06,1.268785253972030453e-06,1.265938510083638747e-06,1.263360054134309980e-06,1.260907220871060526e-06,1.258447855492236201e-06,1.255859676831961227e-06,1.253029384222382551e-06,1.249851614810575501e-06,1.246227829938556415e-06,1.242065191748702775e-06,1.237275479895567178e-06,1.231774089733613893e-06,1.225479145238278211e-06,1.218310750694399175e-06,1.210190394051737791e-06,1.201040501600641099e-06,1.190784128593628554e-06,1.179344754481500337e-06,1.166646135949613021e-06,1.152611823557681825e-06,1.137163858895871880e-06,1.120222886468089354e-06,1.101708788197740352e-06,1.081541501285193056e-06,1.059642064286216139e-06,1.035933948953527237e-06,1.010344752153038961e-06,9.828083440615345337e-07,9.532675963649726534e-07,9.216778453967428175e-07,8.880112700011350473e-07,8.522623458198689905e-07,8.144543519596063767e-07,7.746461146283250733e-07,7.329351301394522883e-07,6.894412274713639509e-07,6.442047197036710098e-07,5.967083421509989970e-07,5.436710438122283325e-07,4.859065721408888899e-07,4.259041608130712916e-07,3.675038697399848517e-07,3.161678173296782202e-07,2.792860986521971467e-07,2.655329326135857611e-07,2.830860429718976389e-07,3.428772743025919540e-07,3.653331006424530221e-07,3.663951468917542949e-07,3.642864386619867260e-07,3.762429154000680330e-07,4.161357111196525345e-07,4.898516440335426009e-07,5.890754636470439531e-07,6.923500159995506300e-07,7.733120133243343457e-07,8.097712835325757505e-07,7.903275252457227546e-07,7.171836714128568247e-07,6.048285830502599094e-07,4.762438907792019243e-07,3.616388901385791409e-07,3.038937216962970303e-07,3.373510678717265443e-07,4.335904395257436205e-07,5.417873971242365097e-07,6.274811592897516278e-07,6.712854499128802095e-07,6.687101752410875037e-07,6.289546142272875657e-07,5.616930700507684168e-07,6.151525671524792121e-07,7.341835573795230244e-07,8.819502727246146769e-07,1.041723915961605960e-06,1.206645897374658939e-06,1.373825018969855260e-06,1.541917640757980821e-06,1.710163947252334218e-06,1.877989683655637394e-06,2.044837293739790912e-06,2.210096523568342178e-06,2.373079198270238153e-06,2.533009790964403207e-06,2.689013293559064453e-06,2.840089176182708651e-06,2.985076712077906944e-06,3.122645821650791991e-06,3.251308398517293053e-06,3.369437444194667832e-06,3.475290350751830188e-06,3.567046144403165234e-06,3.642877814473974734e-06,3.701069126686424111e-06,3.740122603184652258e-06,3.758838703900985784e-06,3.756366699424115064e-06,3.732234252400125422e-06,3.686362597735682135e-06,3.619071762472548306e-06,3.531077435916162216e-06,3.423478423408817167e-06,3.297731152026353021e-06,3.155605869443021864e-06,2.999119537614948295e-06,2.830446232442686557e-06,2.651822223676027162e-06,2.465488297399693407e-06,2.273660723172130509e-06,2.078512845203526339e-06,1.882157905129021366e-06,1.686633009596120261e-06,1.493889511039386785e-06,1.305790756353685791e-06,1.124097930406274770e-06,9.504426674005210304e-07,7.862929390408386371e-07,6.329182084282018266e-07,4.913562578963226434e-07,3.623786756259739752e-07,2.464420079990714997e-07,1.435879146822457123e-07,5.319101305454967998e-08,2.677823667319581872e-08,1.018788764292353709e-07,1.547171901800087116e-07,1.810977063396397676e-07,1.853637745349539732e-07,1.803779401233537221e-07,1.797313013284272214e-07,1.843686843185859460e-07,1.823234952341519150e-07,1.626776683915833143e-07,1.250981377476437095e-07,8.408241129800520286e-08,7.144887266903339944e-08,8.870845302985668530e-08,9.730118106768572819e-08,8.075463465427109846e-08,4.348605991726338577e-08,3.884774061431195659e-08,8.798010790843236915e-08,1.285889100567625153e-07,1.469036232076646179e-07,1.450589476167430276e-07,1.397438922131520982e-07,1.512171035527640397e-07,1.755395674254722593e-07,1.867912812932971572e-07,2.145942850949093243e-07,2.465520171918846785e-07,2.776379093624785136e-07,3.057656059621617279e-07,3.299679392359745092e-07,3.497535734020701909e-07,3.649052966129775600e-07,3.754965959664303713e-07,3.822287650068276899e-07,3.879562010604749474e-07,3.934663934577364795e-07,3.990126950352240831e-07,4.046825434982468104e-07,4.105002888917011923e-07,4.164621508669545554e-07,4.225507929725208217e-07,4.287424801876422653e-07,4.350109826923863744e-07,4.413298216462967079e-07,4.476735777474190039e-07,4.540186340605742441e-07,4.603435640705007915e-07,4.666292931676939614e-07,4.728591151741594827e-07,4.790186174647081853e-07,4.850955504971508216e-07,4.910796659278497138e-07,4.969625396536421135e-07,5.027373907474197244e-07,5.083989035242975297e-07,5.139435217754475152e-07,5.193711978486222713e-07,5.246858170576431748e-07,5.298951597209972131e-07,5.350108693106617214e-07,5.400484396480121509e-07,5.450272354715218338e-07,5.499705612226966788e-07,5.549057928600317457e-07,5.598645872725939446e-07,5.648831837840273200e-07,5.700028126388250276e-07,5.752702265010312262e-07,5.807383730166698980e-07,5.864672293766418193e-07,5.925248233107512818e-07,5.989884684560122510e-07,6.059462445318868517e-07,6.134987526051521611e-07,6.217611706650427166e-07,6.308656218948434912e-07,6.409638444117521501e-07,6.522301149215650185e-07,6.648643315214135505e-07,6.790951133756636055e-07,6.951827545171875639e-07,7.134219292608857785e-07,7.341442716603521429e-07,7.577214329213101048e-07,7.845699646128490553e-07,8.151600649372915296e-07,8.500297748263225910e-07,8.898021850704691429e-07,9.351916265558306108e-07,9.869616639387903213e-07,1.045764486150563212e-06,1.111765650734084073e-06,1.183985262256974677e-06
1.270098862207579213e-06,1.342100772627516393e-06,1.394864442811994745e-06,1.429179566719079519e-06,1.447635007978961245e-06,1.453415964359095196e-06,1.449622144227028046e-06,1.438995094041839721e-06,1.423849457061725802e-06,1.406076182328503698e-06,1.387165711438738138e-06,1.368240374874592867e-06,1.350096160886599173e-06,1.333252494512392092e-06,1.318005719923095675e-06,1.304481176557179831e-06,1.292679842113861624e-06,1.282517312430135099e-06,1.273854535456086930e-06,1.266520850846399473e-06,1.260330484273490070e-06,1.255093833277616139e-06,1.250624815333425475e-06,1.246745358068743566e-06,1.243287883589233819e-06,1.240096423465961124e-06,1.237026820914493045e-06,1.233946338054960698e-06,1.230732885945527096e-06,1.227274026505271561e-06,1.223465850738621852e-06,1.219211809664106515e-06,1.214421557046306790e-06,1.209009851773429424e-06,1.202895559100984157e-06,1.196000781652918873e-06,1.188250141577160413e-06,1.179570223852932726e-06,1.169889177295215157e-06,1.159136454663318003e-06,1.147242657302443753e-06,1.134139434262988670e-06,1.119759059360165705e-06,1.104033257639799749e-06,1.086893399223367891e-06,1.068271185148380459e-06,1.048099493865366905e-06,1.026313417899734798e-06,1.002851524582899361e-06,9.776573783874702972e-07,9.506813629091763707e-07,9.218828321948851253e-07,8.912325902256802744e-07,8.587156110976239516e-07,8.243336910878106540e-07,7.881071707686961495e-07,7.500734925326100892e-07,7.102769835715059865e-07,6.687363314850614870e-07,6.253607055483319127e-07,5.797776155418693681e-07,5.312181014596456135e-07,4.803032135975312280e-07,4.288884758812011426e-07,3.799597093877321627e-07,3.377009352123374651e-07,3.075921559045758118e-07,2.964135764085157256e-07,3.128082024431419582e-07,3.708715881839355619e-07,3.735068274653349586e-07,3.443668929135050302e-07,3.163721852126656258e-07,3.218755443721998329e-07,3.784662022505081021e-07,4.825024031014100346e-07,6.143576070864275941e-07,7.438171390674007382e-07,8.369832768381397298e-07,8.660523784557167485e-07,8.182385213063517348e-07,7.004922879770902826e-07,5.391862609225228380e-07,3.784691755738587853e-07,2.854292212698399366e-07,3.156660525154563869e-07,4.222524195559644209e-07,5.469431923789128678e-07,6.605516202394420487e-07,7.385281585116976573e-07,7.598229249082488152e-07,7.159647185406455943e-07,6.172026508119780376e-07,4.907265757640740815e-07,5.202746982069857701e-07,6.393565995149458189e-07,7.918046914167397396e-07,9.547179553461298050e-07,1.120365344657725707e-06,1.286105835688895654e-06,1.450961406036407311e-06,1.614473525524046320e-06,1.776299556259502223e-06,1.936064765751300397e-06,2.093309378089444842e-06,2.247472025984872453e-06,2.397884966329657431e-06,2.543769059465853928e-06,2.684223913214212399e-06,2.818217022018452285e-06,2.944583019492509491e-06,3.062034408717913739e-06,3.169180907676045332e-06,3.264557014290479969e-06,3.346662161713681515e-06,3.414019814747505657e-06,3.465254097308119586e-06,3.499165157850897555e-06,3.514790977281934479e-06,3.511452183412510595e-06,3.488781340694082117e-06,3.446739578700168621e-06,3.385622876684404112e-06,3.306059006333833624e-06,3.208994688874691858e-06,3.095671343389115270e-06,2.967587414837101541e-06,2.826446567744695057e-06,2.674095119559409489e-06,2.512459045739762646e-06,2.343495527593751529e-06,2.169159576963369773e-06,1.991379783011008188e-06,1.812038472281324187e-06,1.632954887846127694e-06,1.455871833571409807e-06,1.282444343732243061e-06,1.114224406252808923e-06,9.526405426470992837e-07,7.989749412548354112e-07,6.543416648194139252e-07,5.196680355154266022e-07,3.956777262761744206e-07,2.828663480317204624e-07,1.814439241125086689e-07,9.120648049383751656e-08,1.334629217333959964e-08,6.491381702654394067e-08,1.186921189446678075e-07,1.452625588887733874e-07,1.528239325988213876e-07,1.642249591872180115e-07,1.938407606679705244e-07,2.272933605375472301e-07,2.409073004572300302e-07,2.206858882701902081e-07,1.668403045426943217e-07,9.402697257440626425e-08,4.496984335559227749e-08,7.460034030270345844e-08,9.571910876002226170e-08,7.816408708587754272e-08,2.598943615270289658e-08,5.307430348956080708e-08,1.273019625757789890e-07,1.812747204918793948e-07,2.012649125233318893e-07,1.868923126924154443e-07,1.550476039826649605e-07,1.385942837686128612e-07,1.513836824217121201e-07,1.612720585658153768e-07,1.897150445672878782e-07,2.221793659807828057e-07,2.532699993910556701e-07,2.811651626803453290e-07,3.052422481540756645e-07,3.253251900186110980e-07,3.414831571547731705e-07,3.540433363195781630e-07,3.637328400887474740e-07,3.718257791945923757e-07,3.790877617749398219e-07,3.859278746260668066e-07,3.925630411883759279e-07,3.991083794989094216e-07,4.056231306621911679e-07,4.121346665779715654e-07,4.186517482856033580e-07,4.251722509083086845e-07,4.316878564777967547e-07,4.381869842894079703e-07,4.446566456728722450e-07,4.510836175802122532e-07,4.574551732539594114e-07,4.637595199564733301e-07,4.699860412529315823e-07,4.761254087839644435e-07,4.821696075540032618e-07,4.881119049474651337e-07,4.939467843512329383e-07,4.996698578433364799e-07,5.052782243031348262e-07,5.107722436149137828e-07,5.161559996706846873e-07,5.214373014696828323e-07,5.266276841005013205e-07,5.317424234511979044e-07,5.368005797436932056e-07,5.418250854574228718e-07,5.468428931626259360e-07,5.518851985585630113e-07,5.569877539556614966e-07,5.621912878807519957e-07,5.675420476901282721e-07,5.730924842129442050e-07,5.789021005252420304e-07,5.850384907452698578e-07,5.915785986805041031e-07,5.986102292231853680e-07,6.062338459667868567e-07,6.145646842831168612e-07,6.237351970611722361e-07,6.338978271372195862e-07,6.452280635555055176e-07,6.579276888071011077e-07,6.722280697189481866e-07,6.883933103186950099e-07,7.067231218652344779e-07,7.275554576734382257e-07,7.512694097239895566e-07,7.782896048167158472e-07,8.090941096113242488e-07,8.442276449942044056e-07,8.843183107890435670e-07,9.300848498507694096e-07,9.822980766615883285e-07,1.041624790328954606e-06,1.108252234754403745e-06,1.181213310516846604e-06
1.268180406270556149e-06,1.340848261765835083e-06,1.393893022708033782e-06,1.427987051445250347e-06,1.445712384517664198e-06,1.450334718535455325e-06,1.445081533550363439e-06,1.432832060719612201e-06,1.416022190100817144e-06,1.396634073316872416e-06,1.376216365534412377e-06,1.355920573425897267e-06,1.336549911813975086e-06,1.318616546205659655e-06,1.302401396345944558e-06,1.288010865414205165e-06,1.275426535387996687e-06,1.264545924324529095e-06,1.255214098117432400e-06,1.247247012807478588e-06,1.240447978738163158e-06,1.234618746610547308e-06,1.229566587147903042e-06,1.225108501710531846e-06,1.221073445191593523e-06,1.217303210491237789e-06,1.213652434769997372e-06,1.209988044624871765e-06,1.206188355351790986e-06,1.202141970444977207e-06,1.197746582917184829e-06,1.192907752299096020e-06,1.187537714092178014e-06,1.181554267271368454e-06,1.174879776748572439e-06,1.167440319215434647e-06,1.159164991088452697e-06,1.149985385709336337e-06,1.139835233423196176e-06,1.128650183075755782e-06,1.116367687692645321e-06,1.102926941908885475e-06,1.088268510327720579e-06,1.072333261817890929e-06,1.055062624298022840e-06,1.036399300644628434e-06,1.016288120409980476e-06,9.946770424242304435e-07,9.715183209557757788e-07,9.467698418049748555e-07,9.203966208520699652e-07,8.923724290448699420e-07,8.626814506214606208e-07,8.313197682141299432e-07,7.982962473212192322e-07,7.636319712188634857e-07,7.273566244338711391e-07,6.894990991832884410e-07,6.500688954839129524e-07,6.090292340727235709e-07,5.662902062785347443e-07,5.218480218908345550e-07,4.763532313994577417e-07,4.312435778348960712e-07,3.887623868506114708e-07,3.519853352318042600e-07,3.248798819667876564e-07,3.125611874969439653e-07,3.225175680207705956e-07,3.684259106748808701e-07,3.535761041634505408e-07,3.161938718374364221e-07,3.076152673213237827e-07,3.512275476980697607e-07,4.322681580650940922e-07,5.387473692047467249e-07,6.629055412801311825e-07,7.828283687950891135e-07,8.635324354250887745e-07,8.724697934989475304e-07,7.947150488103818795e-07,6.420122565774896405e-07,4.578735390909842389e-07,3.292794077539849096e-07,3.491843845980645814e-07,4.556791269788328297e-07,5.652707787136214416e-07,6.618734876112866645e-07,7.433590459134681076e-07,7.938710472552686654e-07,7.884287868593175355e-07,7.112160020049341668e-07,5.703431395615361134e-07,4.079602946074935809e-07,4.235037519891288668e-07,5.477809098056285615e-07,7.060947298751971571e-07,8.717668035839592578e-07,1.037467727023872510e-06,1.201223047319708663e-06,1.362521978468042854e-06,1.521211267489967947e-06,1.677157419625460800e-06,1.830141659656885153e-06,1.979830801138460990e-06,2.125773181110303656e-06,2.267401338057558507e-06,2.404034352522971984e-06,2.534878158137535956e-06,2.659026214550323962e-06,2.775465156116649316e-06,2.883087412465938477e-06,2.980710933962628232e-06,3.067106528514687075e-06,3.141034488569726468e-06,3.201291806901936228e-06,3.246767372493479911e-06,3.276496990294176426e-06,3.289711233421484456e-06,3.285872717940734892e-06,3.264702228866185937e-06,3.226194473773463780e-06,3.170624426148149517e-06,3.098544782401932049e-06,3.010774444523908175e-06,2.908377522717608813e-06,2.792632507912090611e-06,2.664992393956014471e-06,2.527038816554657392e-06,2.380436018232784672e-06,2.226891095237048317e-06,2.068122244898745533e-06,1.905833390454699385e-06,1.741693090133898663e-06,1.577316503843653880e-06,1.414249766539203651e-06,1.253955575722433424e-06,1.097798002803329702e-06,9.470263114224600540e-07,8.027596616581699689e-07,6.659758218044114337e-07,5.375074423224198476e-07,4.180492810081469221e-07,3.081787624352946850e-07,2.083894187505234509e-07,1.191311713486973997e-07,4.087390567736473588e-08,2.670107100919535805e-08,7.387910179197299172e-08,9.191665517869130900e-08,9.780489862923491079e-08,1.331491654359536831e-07,1.984522827015743348e-07,2.586793531050682628e-07,2.857897703571853033e-07,2.658882552836484412e-07,2.005597731078449109e-07,1.056128164827905837e-07,9.701943650057974634e-09,7.240010981562260790e-08,1.066976801665318233e-07,8.963821729838215696e-08,2.967020757138507669e-08,6.608651254260826515e-08,1.548785599609039622e-07,2.191002938872616130e-07,2.407828140015752230e-07,2.166649071269694927e-07,1.611633253383999456e-07,1.112330300845410388e-07,1.116282704633379927e-07,1.313067716587268448e-07,1.659858694208432272e-07,2.010080985243868022e-07,2.328111824866487553e-07,2.607004201074239345e-07,2.846734063344724936e-07,3.049183092262040796e-07,3.217249960443556373e-07,3.355122777842957241e-07,3.468775092998965247e-07,3.565663710405069557e-07,3.651690515538914991e-07,3.730852406955585274e-07,3.805705477051596913e-07,3.877846550672020526e-07,3.948256379715104720e-07,4.017521977997041705e-07,4.085977848225602606e-07,4.153796306033635770e-07,4.221046102149982916e-07,4.287731021159331581e-07,4.353815567090188857e-07,4.419242145298287593e-07,4.483942541911077652e-07,4.547845524279805442e-07,4.610881775960410040e-07,4.672986989316179724e-07,4.734103682796166537e-07,4.794182138371568776e-07,4.853180737468574892e-07,4.911065892473002914e-07,4.967816199829520647e-07,5.023440397187472902e-07,5.077982349244920792e-07,5.131521426670753452e-07,5.184172829618565151e-07,5.236088001549121645e-07,5.287455290439548697e-07,5.338501018799699574e-07,5.389491123574551036e-07,5.440733525077246881e-07,5.492581383957704850e-07,5.545437410159555655e-07,5.599759400661922418e-07,5.656067205410835420e-07,5.714951353556242251e-07,5.777083612945540529e-07,5.843229799452656748e-07,5.914265189174088032e-07,5.991192899748040514e-07,6.075165573654271997e-07,6.167510585356694461e-07,6.269758769643445113e-07,6.383676298804384378e-07,6.511298816080096460e-07,6.654966328369211559e-07,6.817356888920792618e-07,7.001517237953750377e-07,7.210890146625218847e-07,7.449342308330654062e-07,7.721203837129730636e-07,8.031338708070506912e-07,8.385265501151251817e-07,8.789315991109995647e-07,9.250712230753354815e-07,9.777208283918826869e-07,1.037557249193801411e-06,1.104784037974063117e-06,1.178443713189703489e-06
1.266199639821270979e-06,1.339477053306364542e-06,1.392764730807619648e-06,1.426615957899476778e-06,1.443601315053794469e-06,1.447064246310050043e-06,1.440359563886815509e-06,1.426504559006573547e-06,1.408056201562085935e-06,1.387086653500083167e-06,1.365200797067865446e-06,1.343577046966273053e-06,1.323023755755596760e-06,1.304044192574092603e-06,1.286902755709559557e-06,1.271686318116119494e-06,1.258356877260987633e-06,1.246793976340907924e-06,1.236827090399663996e-06,1.228259188671483603e-06,1.220883108285727886e-06,1.214492399854287187e-06,1.208888113387051234e-06,1.203882715011429128e-06,1.199302041624688696e-06,1.194985952788861334e-06,1.190788141787763051e-06,1.186575420900882839e-06,1.182226692627088491e-06,1.177631749437996961e-06,1.172690000400798151e-06,1.167309195684715633e-06,1.161404203174466880e-06,1.154895880367645792e-06,1.147710076034246981e-06,1.139776787520600264e-06,1.131029489763305206e-06,1.121404640445754126e-06,1.110841352265404109e-06,1.099281208446699575e-06,1.086668182308601312e-06,1.072948607124458533e-06,1.058070849447030221e-06,1.041984333897758533e-06,1.024639844325786459e-06,1.005990258146529295e-06,9.859913940694068105e-07,9.646029768905694257e-07,9.417897162436143983e-07,9.175224843937559023e-07,8.917795581873161947e-07,8.645478571232677562e-07,8.358240555929879884e-07,8.056153624585987725e-07,7.739396365596446310e-07,7.408243537439975305e-07,7.063038554724550988e-07,6.704146631203080136e-07,6.331905700819104389e-07,5.946655352631857562e-07,5.549078432014116710e-07,5.141320342357312067e-07,4.729132782819485718e-07,4.322844269746834246e-07,3.937461606311897705e-07,3.592338675736711885e-07,3.310984452967568987e-07,3.123694772406035659e-07,3.082929965950280775e-07,3.314557524081845691e-07,3.030956052070644562e-07,2.944047059976528324e-07,3.613839764612685675e-07,4.660433093715928201e-07,5.618955856832026349e-07,6.420258241628872198e-07,7.192330828772669135e-07,7.932486761217977799e-07,8.374959942910413697e-07,8.167946764240864394e-07,7.133797358985215301e-07,5.461507596430290363e-07,3.930486067515294147e-07,3.902283527911599790e-07,5.170632175343089875e-07,6.411103406740182264e-07,7.167671309143942453e-07,7.551226068101975274e-07,7.790810820948707271e-07,7.888664903793020637e-07,7.583572856226250880e-07,6.615744136770119227e-07,4.991379242342895727e-07,3.194930186391593094e-07,3.312276700605782616e-07,4.650976382119974282e-07,6.286778457440957926e-07,7.954766790270432708e-07,9.598241445424028670e-07,1.120617081621987448e-06,1.277772960464274247e-06,1.431369739114596773e-06,1.581419200618181366e-06,1.727810531674183359e-06,1.870302779034345420e-06,2.008530757804727456e-06,2.142013298841265659e-06,2.270160463885942391e-06,2.392279552804224638e-06,2.507581601341042989e-06,2.615190823995809865e-06,2.714158642255729725e-06,2.803483074585934341e-06,2.882134037219379012e-06,2.949085062472567814e-06,3.003351189411004720e-06,3.044030849021083904e-06,3.070347505818412885e-06,3.081686947827962264e-06,3.077627581776885038e-06,3.057962611197715055e-06,3.022713947730260314e-06,2.972138085786843923e-06,2.906724159646063075e-06,2.827184256116848058e-06,2.734436021286777971e-06,2.629577898172828037e-06,2.513858111599856414e-06,2.388639705517122318e-06,2.255365014939245160e-06,2.115522897454536363e-06,1.970620231472226841e-06,1.822157518648736131e-06,1.671607776024955765e-06,1.520397948676483343e-06,1.369892209963455097e-06,1.221376454079204142e-06,1.076043387522252454e-06,9.349786320296442862e-07,7.991496962414177985e-07,6.694012374538063049e-07,5.464620239676988958e-07,4.309724671237955091e-07,3.235491426094368372e-07,2.249228594927907454e-07,1.362621062671908723e-07,6.037454478568218863e-08,2.194314661777852716e-08,4.919168497800544970e-08,4.684743681449331886e-08,2.790840152520682512e-08,9.914984654749840167e-08,1.939547234663056066e-07,2.725726874603771946e-07,3.091380899012732087e-07,2.901268671538691284e-07,2.183475433759883175e-07,1.133042137406695891e-07,3.288686368374390233e-08,9.944308848998271298e-08,1.382263536715280579e-07,1.209757002119372067e-07,6.054501095321910226e-08,7.307265768241281702e-08,1.664397544450525323e-07,2.377881423675942438e-07,2.615528992095416480e-07,2.318817677665223994e-07,1.605203351303568965e-07,7.828141570792666648e-08,6.439771210367854618e-08,1.042789040393640160e-07,1.472875838161573633e-07,1.848032003326805030e-07,2.169388096513169618e-07,2.444564173583430911e-07,2.679933288534754881e-07,2.880478073688281894e-07,3.050548347587948857e-07,3.194569467501246116e-07,3.317443059351383272e-07,3.424346054591968418e-07,3.519760467323625891e-07,3.607116947437402003e-07,3.688872312114808638e-07,3.766723021711863479e-07,3.841814015837194045e-07,3.914903160976949820e-07,3.986480700774222258e-07,4.056853326176852600e-07,4.126202732672704825e-07,4.194626350619821668e-07,4.262165722428043966e-07,4.328826303133972740e-07,4.394591270440024637e-07,4.459431121235558433e-07,4.523310285774842974e-07,4.586191620946414173e-07,4.648039391297250295e-07,4.708821171703980895e-07,4.768508983316959979e-07,4.827079887900551781e-07,4.884520614714050909e-07,4.940845671212683152e-07,4.996102635933130286e-07,5.050372868238417970e-07,5.103772119263552956e-07,5.156451194562775549e-07,5.208596829608809827e-07,5.260432943610715656e-07,5.312222437141096535e-07,5.364269697677254209e-07,5.416923977652017180e-07,5.470583815280148553e-07,5.525702682191480138e-07,5.582796065820657356e-07,5.642450229169565575e-07,5.705332934294485051e-07,5.772206463671990436e-07,5.843943315813779458e-07,5.921544972316152560e-07,6.006164109538752890e-07,6.099130527694308527e-07,6.201980855297032204e-07,6.316491720887250954e-07,6.444715550782409388e-07,6.589017497833796346e-07,6.752111416705846343e-07,6.937092713161023051e-07,7.147467110580889354e-07,7.387178016350384980e-07,7.660642043013507335e-07,7.972810807726328056e-07,8.329278943932604219e-07,8.736430445712274365e-07,9.201513924715763400e-07,9.732304401113053652e-07,1.033562548365732975e-06,1.101362041909013950e-06,1.175677470898729099e-06
1.264156755901916705e-06,1.337985758789614645e-06,1.391476417277154093e-06,1.425062001519473060e-06,1.441297471630139897e-06,1.443601365934838299e-06,1.435455189800872228e-06,1.420014286749379688e-06,1.399956104925245798e-06,1.377441250201495228e-06,1.354128594549901252e-06,1.331221074607470070e-06,1.309530080962692093e-06,1.289548407005681733e-06,1.271522922549118494e-06,1.255520472819896791e-06,1.241483369124771357e-06,1.229273352991249126e-06,1.218704651201475585e-06,1.209567676612377595e-06,1.201645253696597357e-06,1.194723185950776808e-06,1.188596725474393316e-06,1.183074183807833532e-06,1.177978613316039654e-06,1.173148225749332739e-06,1.168436009742334144e-06,1.163708858957875595e-06,1.158846418351531862e-06,1.153739787023332874e-06,1.148290172386571023e-06,1.142407563565476308e-06,1.136009475503749308e-06,1.129019804402422347e-06,1.121367826445215066e-06,1.112987363134440625e-06,1.103816126708755212e-06,1.093795247534421704e-06,1.082868972118028044e-06,1.070984506007870960e-06,1.058091961247238369e-06,1.044144354453944699e-06,1.029097321183978885e-06,1.012908217643438334e-06,9.955364592020072455e-07,9.769442693997479741e-07,9.570975255531429375e-07,9.359666973023382647e-07,9.135278656912535159e-07,8.897637968856435680e-07,8.646650245224983367e-07,8.382308658759578752e-07,8.104702583177307540e-07,7.814022568483988675e-07,7.510559964838259979e-07,7.194699446919702041e-07,6.866904789750510752e-07,6.527705185981152834e-07,6.177706748680872899e-07,5.817688517385498000e-07,5.448889834080659781e-07,5.073595668078963976e-07,4.695888537302779058e-07,4.321838767262153184e-07,3.958907645568633340e-07,3.614476596412025404e-07,3.293704595778308034e-07,2.999054253388786297e-07,2.743493400331686518e-07,2.624255679071760066e-07,2.249889247401655195e-07,2.923220138384726300e-07,4.538746469380050194e-07,6.101501831411804040e-07,7.128681326047460584e-07,7.572642295693403762e-07,7.676114217905576565e-07,7.688659385289370933e-07,7.562005853525729773e-07,6.990996008241002034e-07,5.779856575508352381e-07,4.267125615965099960e-07,3.810921391115915716e-07,5.214348208510520052e-07,7.010000982617425794e-07,8.181218396884635854e-07,8.489633959028844272e-07,8.172470025801221913e-07,7.681602537466010271e-07,7.274723562926053199e-07,6.757580884056906223e-07,5.749782170750360763e-07,4.122224853474677209e-07,2.328822402050366375e-07,2.518179157559910351e-07,3.967291460315263069e-07,5.624528842507229072e-07,7.275818947585729514e-07,8.886485218760004036e-07,1.045249448795004983e-06,1.197534167455020943e-06,1.345672021468809580e-06,1.489728114152964013e-06,1.629639568444437547e-06,1.765218047222181807e-06,1.896158520768220593e-06,2.022048625409865657e-06,2.142377277670188634e-06,2.256542856829703016e-06,2.363862109656394226e-06,2.463581212729629566e-06,2.554890122798692614e-06,2.636940897018362958e-06,2.708870336542210761e-06,2.769826968689012738e-06,2.819001743116241826e-06,2.855660813033308380e-06,2.879177885590592486e-06,2.889063578361020073e-06,2.884989847299724331e-06,2.866808359780801915e-06,2.834562328681472383e-06,2.788491696079594431e-06,2.729031715179459177e-06,2.656805053216493713e-06,2.572607664914078995e-06,2.477388978937835967e-06,2.372227440769142271e-06,2.258303067269808635e-06,2.136869102280156751e-06,2.009224727801835040e-06,1.876689978604064119e-06,1.740583140349013091e-06,1.602200398260739665e-06,1.462797333292412035e-06,1.323571848715314949e-06,1.185648163036386033e-06,1.050061766332103323e-06,9.177459434520227549e-07,7.895216008152133329e-07,6.660938092204368875e-07,5.480613956291460334e-07,4.359522602135479399e-07,3.303141494866727988e-07,2.319505384618163143e-07,1.427024223799768345e-07,6.998160295530028475e-08,5.554203441634287176e-08,8.273556556401413710e-08,8.162380429178589041e-08,4.886123318069323208e-08,8.660788001236512444e-08,1.827693809003199379e-07,2.670611694643560242e-07,3.080251174042355235e-07,2.902055611796129597e-07,2.168901520421661479e-07,1.138313837008728147e-07,7.374711480125412037e-08,1.422612047583021743e-07,1.811367470227418004e-07,1.619307691343208752e-07,9.601218748053498926e-08,7.312880384869888170e-08,1.604967606210965046e-07,2.359093050883055865e-07,2.622379451494367896e-07,2.317913399322013422e-07,1.554207276203197762e-07,5.723393286361696530e-08,3.364171590995885573e-08,9.252046768121810566e-08,1.383052125642830740e-07,1.753650770353442467e-07,2.062454858721093748e-07,2.324591133844350519e-07,2.549414476205145127e-07,2.743164646103241060e-07,2.910550676986314112e-07,3.055683753976707827e-07,3.182529912847034220e-07,3.294926851524490097e-07,3.396278704305393103e-07,3.489364746742029360e-07,3.576324758082400940e-07,3.658743417379565481e-07,3.737763767215707832e-07,3.814193997428914909e-07,3.888595293666664690e-07,3.961349666829627206e-07,4.032710686076463422e-07,4.102840819514616532e-07,4.171838694321470908e-07,4.239758907495356786e-07,4.306626373439988237e-07,4.372446673779555824e-07,4.437213480850807787e-07,4.500913836813463311e-07,4.563531860043537460e-07,4.625051298168073072e-07,4.685457236568409567e-07,4.744737190613718555e-07,4.802886088582154243e-07,4.859924457422637610e-07,4.915903961056361032e-07,4.970908393605990639e-07,5.025054542985057840e-07,5.078493077288491521e-07,5.131409616930208041e-07,5.184026160156994876e-07,5.236603030258049176e-07,5.289441512202115131e-07,5.342887347772541765e-07,5.397335264845668583e-07,5.453234731284841124e-07,5.511097149239922278e-07,5.571504742292183999e-07,5.635121434493181424e-07,5.702706072252859506e-07,5.775128387948152313e-07,5.853388132567374941e-07,5.938637790447801393e-07,6.032209200280954209e-07,6.135644203516754163e-07,6.250729083040783020e-07,6.379532015874430077e-07,6.524442071057481976e-07,6.688207590094193007e-07,6.873971483754148541e-07,7.085301825069621138e-07,7.326219244841824519e-07,7.601229023765602477e-07,7.915374373506985594e-07,8.274330634093946199e-07,8.684536062857700458e-07,9.153259103903152350e-07,9.688272477716165149e-07,1.029641100260528773e-06,1.097986924813324119e-06,1.172915352330469717e-06
1.262051885275594038e-06,1.336373076814104101e-06,1.390025084590200244e-06,1.423321068671022438e-06,1.438796715890562541e-06,1.439943115912907532e-06,1.430367609822869451e-06,1.413363174947102396e-06,1.391726683453825291e-06,1.367705242832751556e-06,1.343009237905409232e-06,1.318863640560586324e-06,1.296080785954615699e-06,1.275141483279851111e-06,1.256274165673373756e-06,1.239525254156834157e-06,1.224817360701598433e-06,1.211994667853635176e-06,1.200856546169161941e-06,1.191181313799279560e-06,1.182742259213372262e-06,1.175317895965891581e-06,1.168698096263491626e-06,1.162687386305199402e-06,1.157106351175190727e-06,1.151791820613858015e-06,1.146596295485507814e-06,1.141386922136072438e-06,1.136044217113888660e-06,1.130460676130095251e-06,1.124539358065266890e-06,1.118192508615433891e-06,1.111340272163547906e-06,1.103909529830385019e-06,1.095832893088390375e-06,1.087047873713471148e-06,1.077496241051360984e-06,1.067123566167603105e-06,1.055878939583852258e-06,1.043714835580375947e-06,1.030587082432377360e-06,1.016454885699582363e-06,1.001280581383768414e-06,9.850288039066728272e-07,9.676668569353786019e-07,9.491654785698279451e-07,9.294996936324117422e-07,9.086497462614950640e-07,8.866020971966714102e-07,8.633504574978985942e-07,8.388968131434434490e-07,8.132523728660119197e-07,7.864383466790212907e-07,7.584864419832391983e-07,7.294389664459659771e-07,6.993484925533085576e-07,6.682772443993979062e-07,6.362968286387798202e-07,6.034897409619309244e-07,5.699550283375567838e-07,5.358203114444883803e-07,5.012575417608390898e-07,4.664851435698565035e-07,4.317176301152545914e-07,3.970242826810240313e-07,3.620469856662842801e-07,3.255110740705588894e-07,2.845199396458825803e-07,2.342118230815942070e-07,1.734192756805034550e-07,1.313799703980480453e-07,3.154374129915631384e-07,5.507232276681959731e-07,7.423303424559240870e-07,8.466542349850792874e-07,8.559031784970146028e-07,7.966791742480897884e-07,7.121923052395862043e-07,6.273758814524756674e-07,5.289984883748919715e-07,4.012687869115243246e-07,3.145685687010986306e-07,4.300054785913981175e-07,6.597006105451623696e-07,8.587488661950109654e-07,9.599602169567821763e-07,9.466396115055361332e-07,8.462943531812305385e-07,7.185593600943328463e-07,6.195888065852679114e-07,5.502246570088505597e-07,4.607989620262209010e-07,3.178301912182557596e-07,1.557829423556949566e-07,1.937029318524762840e-07,3.455491044015033574e-07,5.082900842349932978e-07,6.685071654948866044e-07,8.243182665243123045e-07,9.755295848083626911e-07,1.122243456671608307e-06,1.264562846422226273e-06,1.402513897028451445e-06,1.536025216274066809e-06,1.664924879270199777e-06,1.788943694117489223e-06,1.907720875232087858e-06,2.020810829352671476e-06,2.127690879113477879e-06,2.227770344621432154e-06,2.320401648126144271e-06,2.404894043638549060e-06,2.480530356231120787e-06,2.546586855163442804e-06,2.602356061947495312e-06,2.647171840254288777e-06,2.680435561975102982e-06,2.701641711217761480e-06,2.710401229429839186e-06,2.706461193923891860e-06,2.689719863913289988e-06,2.660236544677476817e-06,2.618236028833318229e-06,2.564107578430734364e-06,2.498398567304863326e-06,2.421803078109569842e-06,2.335145993903451025e-06,2.239363443883128150e-06,2.135480786368485273e-06,2.024589494428400747e-06,1.907824200300877414e-06,1.786340748273852059e-06,1.661295624324621236e-06,1.533826768397884350e-06,1.405035577037096109e-06,1.275969829432241626e-06,1.147607299075450029e-06,1.020840003053674134e-06,8.964594880688490786e-07,7.751443370224235039e-07,6.574524597213800306e-07,5.438235998806264205e-07,4.346048612973217381e-07,3.301359417141854215e-07,2.310342483643800502e-07,1.394869802513217335e-07,6.954691454736663980e-08,8.619643136513987756e-08,1.335337702431784700e-07,1.476010029673865683e-07,1.238938904228062982e-07,1.111266731628567001e-07,1.682897392561227650e-07,2.429413820838796221e-07,2.829406383248695898e-07,2.664674863487734021e-07,1.960185696806234000e-07,1.062625424926614238e-07,1.100222375508134986e-07,1.849048102333006398e-07,2.232957369987692235e-07,2.015045106564911117e-07,1.286944839425904722e-07,6.818036066358703949e-08,1.378217062296303612e-07,2.145369393443424522e-07,2.436565322098138386e-07,2.169971381038194173e-07,1.476943665343474821e-07,7.022577467503387821e-08,6.685867061850026586e-08,1.036594775892642631e-07,1.410838072590602980e-07,1.732296562580240958e-07,2.006935043075354395e-07,2.244208052403354632e-07,2.451220722438634451e-07,2.633009375683505243e-07,2.793382742399690903e-07,2.935554043804906346e-07,3.062480663521482882e-07,3.176940635560836971e-07,3.281439064926194926e-07,3.378112070238910040e-07,3.468694476530676839e-07,3.554543670865326036e-07,3.636692759431426429e-07,3.715911601876553651e-07,3.792763963569318437e-07,3.867656082982232191e-07,3.940875818486134217e-07,4.012623251676923514e-07,4.083034175630936107e-07,4.152197913453135393e-07,4.220170726567736071e-07,4.286985838115373059e-07,4.352660877774137204e-07,4.417203370603505340e-07,4.480614746181290728e-07,4.542893230781750061e-07,4.604035898436242377e-07,4.664040090590315574e-07,4.722908630332831634e-07,4.780667996830661894e-07,4.837374040875168955e-07,4.893113208602158531e-07,4.948003617808339835e-07,5.002196138355132868e-07,5.055875639114363202e-07,5.109262569365936657e-07,5.162615044211401706e-07,5.216231604018400102e-07,5.270454820301123591e-07,5.325675928094933573e-07,5.382340680907484721e-07,5.440956651133132681e-07,5.502102237483172557e-07,5.566437690437432701e-07,5.634718522654925748e-07,5.707811724799029237e-07,5.786715243266017190e-07,5.872581171960858817e-07,5.966743033613725255e-07,6.070747336629284426e-07,6.186389246595475519e-07,6.315751673046078042e-07,6.461246351056894325e-07,6.625654712965135367e-07,6.812165839112347101e-07,7.024409251456025838e-07,7.266482884374432789e-07,7.542982341915847418e-07,7.859045920272435419e-07,8.220434155722067227e-07,8.633642053565427731e-07,9.105952392794144664e-07,9.645114104247507380e-07,1.025793051219181507e-06,1.094659062558054126e-06,1.170157886990594178e-06
1.259885083657732299e-06,1.334637783642788789e-06,1.388407887584940030e-06,1.421389226530707801e-06,1.436095114789031267e-06,1.436086770058990736e-06,1.425096274237318468e-06,1.406553383682317857e-06,1.383372873022963405e-06,1.357886034705012314e-06,1.331852063646482833e-06,1.306515397990455485e-06,1.282687247227927910e-06,1.260835011522910192e-06,1.241167885730678725e-06,1.223711574758830860e-06,1.208369067020728025e-06,1.194967296843492718e-06,1.183291217679146541e-06,1.173107543273491039e-06,1.164180516418238246e-06,1.156281820112335163e-06,1.149196358472010027e-06,1.142725229362361562e-06,1.136686851372086865e-06,1.130916918611232536e-06,1.125267639532053663e-06,1.119606561389476361e-06,1.113815177152179347e-06,1.107787443742243627e-06,1.101428298226326042e-06,1.094652233058598294e-06,1.087381975945722560e-06,1.079547309547719437e-06,1.071084057796885717e-06,1.061933257098950379e-06,1.052040521021793072e-06,1.041355595955766842e-06,1.029832092889813216e-06,1.017427367575667152e-06,1.004102508983333509e-06,9.898223853765690649e-07,9.745554347863083809e-07,9.582728903887024852e-07,9.409491807160035761e-07,9.225627149397627481e-07,9.030967533356409950e-07,8.825403567699748473e-07,8.608894014955623159e-07,8.381476351514188603e-07,8.143277363439483225e-07,7.894523239755393607e-07,7.635548456314607103e-07,7.366802620070975542e-07,7.088854467916001874e-07,6.802392548787611626e-07,6.508222932102364959e-07,6.207265495230307768e-07,5.900550825503781648e-07,5.589215589215444422e-07,5.274475770421991021e-07,4.957507745783791144e-07,4.639071393278822460e-07,4.318580183998103647e-07,3.992198475988910702e-07,3.649296072298636486e-07,3.266108907524650905e-07,2.794644578098396879e-07,2.143585724103735430e-07,1.146347200200810838e-07,8.968323984457670046e-08,3.577689504009101267e-07,6.294532809112657866e-07,8.394912328941816904e-07,9.407700257619001646e-07,9.195963302617808037e-07,7.999586971752342384e-07,6.328733848434919478e-07,4.689893452142097875e-07,3.261148424765757704e-07,2.147409432544769757e-07,2.762897067719374811e-07,5.119803658523914463e-07,7.716506519673318323e-07,9.693235853579435056e-07,1.051562786703344100e-06,1.001533797730744169e-06,8.445998249027847909e-07,6.439145744551288242e-07,4.802994610206063360e-07,3.938601370128633352e-07,3.305653889721908270e-07,2.252074704455746381e-07,9.648710751723042548e-08,1.608032749495675316e-07,3.098791256357458941e-07,4.646091649299627808e-07,6.173293886601819126e-07,7.664172086835219586e-07,9.113649872438065896e-07,1.051997866147939954e-06,1.188239473218329358e-06,1.320015578041528368e-06,1.447209446719537815e-06,1.569641314687428349e-06,1.687060387742105995e-06,1.799143749781021389e-06,1.905499341863121969e-06,2.005671678251446480e-06,2.099149818634230770e-06,2.185377556880977131e-06,2.263765933429396806e-06,2.333708139884556695e-06,2.394596739145449577e-06,2.445842900165227886e-06,2.486897053012203698e-06,2.517270055164626282e-06,2.536553730484202219e-06,2.544439600143465164e-06,2.540734770314338380e-06,2.525374195516523747e-06,2.498428810357881780e-06,2.460109262211909744e-06,2.410765172372492205e-06,2.350880022313397497e-06,2.281061933737154500e-06,2.202030805347024409e-06,2.114602478279788467e-06,2.019670782359294446e-06,1.918188396166884077e-06,1.811147376045533552e-06,1.699559980622688105e-06,1.584440128790989760e-06,1.466785572351058151e-06,1.347560679668080938e-06,1.227679612668253370e-06,1.107989631721864978e-06,9.892542960978429069e-07,8.721364703202535548e-07,7.571813475123994761e-07,6.448003483348720887e-07,5.352584676686030094e-07,4.286732263767610911e-07,3.250557724322068093e-07,2.245418841272740351e-07,1.288957790869349988e-07,5.984936276946270063e-08,1.103703133929432947e-07,1.796529114787195121e-07,2.085333675659242450e-07,1.901084206957379990e-07,1.513760261510260341e-07,1.540023299050613817e-07,2.030120568351497728e-07,2.370434799120899258e-07,2.221509038107964616e-07,1.580355046144871195e-07,9.190026724679716894e-08,1.377705765061744423e-07,2.181562697488041323e-07,2.557093175451195564e-07,2.319282246108760348e-07,1.544493100305759787e-07,6.318254191332487573e-08,1.011556417767133745e-07,1.771066160415013940e-07,2.085424780260487272e-07,1.892806339508401220e-07,1.386576516557990081e-07,1.024693420751525076e-07,1.147108468301328643e-07,1.289691486997114474e-07,1.528092729407659931e-07,1.769839405627431592e-07,1.993428897981215406e-07,2.196126384400584775e-07,2.379294359587675802e-07,2.544907467175347426e-07,2.694883417569216419e-07,2.831061947572223182e-07,2.955260778542055265e-07,3.069268776480503594e-07,3.174777761161205810e-07,3.273308136466386017e-07,3.366163492316520730e-07,3.454419486406746783e-07,3.538937537411671263e-07,3.620391597920906825e-07,3.699299181851742118e-07,3.776051439188337213e-07,3.850939804227219575e-07,3.924178413205598499e-07,3.995922363197087261e-07,4.066282271085538461e-07,4.135335711704733824e-07,4.203136104523208901e-07,4.269719554238040568e-07,4.335110070854426176e-07,4.399323517134623640e-07,4.462370562810617501e-07,4.524258867543162320e-07,4.584994667811166891e-07,4.644588102251791454e-07,4.703071288994171623e-07,4.760504149805559363e-07,4.816975810120992224e-07,4.872605846395081128e-07,4.927545528674875856e-07,4.981979218266734813e-07,5.036126086958170574e-07,5.090242327128766268e-07,5.144624023776481510e-07,5.199610863100515141e-07,5.255590861161918725e-07,5.313006313484968422e-07,5.372361194834053712e-07,5.434230279112016755e-07,5.499270301593743589e-07,5.568233545578912854e-07,5.641984294540955825e-07,5.721518634364788104e-07,5.807988095877820300e-07,5.902727563923989673e-07,6.007287704647049246e-07,6.123471830277349286e-07,6.253376588753960451e-07,6.399435126130522513e-07,6.564460509253206524e-07,6.751686502326935063e-07,6.964802899538777790e-07,7.207984598149876436e-07,7.485918644270241896e-07,7.803841375868498657e-07,8.167602724943452066e-07,8.583757208293041503e-07,9.059597544456467993e-07,9.602829180134170189e-07,1.022018289518839314e-06,1.091378531240154157e-06,1.167405359546398398e-06
1.257656319462191245e-06,1.332778723513504169e-06,1.386622133231848078e-06,1.419262732927745263e-06,1.433188956174633692e-06,1.432029851925435992e-06,1.419640891588731231e-06,1.399587296384394761e-06,1.374899743423788560e-06,1.347991024012145709e-06,1.320666230293830875e-06,1.294186634341553796e-06,1.269360289601872729e-06,1.246639857763612387e-06,1.226214607055852032e-06,1.208089341429651644e-06,1.192147590087546398e-06,1.178199415927962602e-06,1.166015838746327081e-06,1.155352483994938333e-06,1.145965050307666058e-06,1.137618849796724907e-06,1.130094222770670167e-06,1.123189182860036847e-06,1.116720266413188464e-06,1.110522259367847943e-06,1.104447252626414803e-06,1.098363321020556827e-06,1.092153016443641478e-06,1.085711798690933308e-06,1.078946486239342098e-06,1.071773784440836428e-06,1.064118933596855277e-06,1.055914509338779862e-06,1.047099399490927739e-06,1.037617973223970866e-06,1.027419448866234053e-06,1.016457456008678032e-06,1.004689775858198281e-06,9.920782319409647872e-07,9.785886923475536026e-07,9.641911360959604137e-07,9.488594792496413656e-07,9.325708494458736979e-07,9.153060128316086305e-07,8.970501830394993477e-07,8.777939202003383859e-07,8.575341175847655356e-07,8.362750680892835436e-07,8.140295954920746362e-07,7.908202260421644623e-07,7.666803646765421859e-07,7.416554276791063560e-07,7.158038711242097092e-07,6.891980427914658871e-07,6.619247710134483779e-07,6.340855687631144804e-07,6.057962163727063782e-07,5.771851419471627750e-07,5.483891269080152514e-07,5.195428732756237251e-07,4.907551747723772090e-07,4.620584225595485252e-07,4.333105099842929956e-07,4.040200327049906548e-07,3.730577834853848567e-07,3.382300528806839336e-07,2.958473040872576348e-07,2.415484539246127368e-07,1.826133455190616606e-07,1.852834000320797853e-07,4.087500322079371266e-07,6.777388927738266790e-07,8.889189749013473258e-07,9.827470088893693294e-07,9.380886029982259086e-07,7.750250694220199570e-07,5.462565330582092084e-07,3.171085110825606824e-07,1.508174889649407440e-07,1.724978373671244923e-07,3.564655653610875191e-07,5.985956315949558432e-07,8.422616194868309913e-07,1.022272140497899825e-06,1.085339700232462713e-06,1.010314236433372403e-06,8.168612769300675805e-07,5.622228306005795097e-07,3.318973449705053646e-07,2.203162301437609062e-07,2.015629843264068308e-07,1.491505115531498729e-07,6.595020801677206472e-08,1.461483669653155897e-07,2.837901498921107569e-07,4.280420888759220818e-07,5.722307081372287708e-07,7.140160135015954679e-07,8.523323597336867475e-07,9.866588760988736475e-07,1.116717691774168154e-06,1.242324173140876051e-06,1.363308748067702610e-06,1.479476381345411524e-06,1.590586819230443154e-06,1.696346633751447643e-06,1.796408217308526160e-06,1.890373149205147827e-06,1.977798630694831128e-06,2.058206375601434882e-06,2.131093670078901045e-06,2.195946415433025621e-06,2.252253930149519927e-06,2.299525162883122240e-06,2.337305793504810244e-06,2.365195519278602875e-06,2.382864696714176602e-06,2.390069484699923701e-06,2.386664716376710564e-06,2.372613882835141572e-06,2.347995796929766683e-06,2.313007687757408137e-06,2.267964642809708856e-06,2.213295468476849610e-06,2.149535189538037004e-06,2.077314558807257208e-06,1.997347089961666525e-06,1.910414234157598657e-06,1.817349359806928646e-06,1.719021140375198117e-06,1.616316814075608378e-06,1.510125591611992453e-06,1.401322297525341611e-06,1.290751161063117471e-06,1.179209525519068149e-06,1.067431110130269564e-06,9.560683187838170758e-07,8.456729171879440328e-07,7.366741568658171002e-07,6.293531067117627367e-07,5.238117850127615505e-07,4.199370424882523467e-07,3.173698921490745373e-07,2.155661802381156826e-07,1.148044056776791653e-07,4.258001494099229968e-08,1.270718530807394823e-07,2.145775362255534539e-07,2.556736039026847650e-07,2.415624029522974690e-07,1.883604112149901266e-07,1.425573753564291955e-07,1.515983256241104122e-07,1.755969655453052128e-07,1.630549946791936116e-07,1.072248566784065308e-07,7.469684771576844794e-08,1.542827065766302766e-07,2.364812157382512827e-07,2.723904477819367177e-07,2.480170094706048049e-07,1.704336352675989919e-07,6.522659232218346839e-08,5.553791195285035683e-08,1.298054686141941187e-07,1.614045148421348392e-07,1.513939247575787518e-07,1.291995348295188958e-07,1.348059828824732132e-07,1.572768635186197104e-07,1.566293515870351735e-07,1.681262415158601182e-07,1.838656516762059015e-07,2.005518219764646049e-07,2.169415504239697886e-07,2.325750546394592257e-07,2.472907488085649986e-07,2.610521274343522598e-07,2.738853246716921023e-07,2.858532782871484718e-07,2.970406608697536302e-07,3.075419461491993790e-07,3.174518287167254391e-07,3.268585389376731427e-07,3.358400608335842090e-07,3.444626804640406303e-07,3.527811005326771364e-07,3.608394438955526736e-07,3.686726564140421237e-07,3.763080014831832884e-07,3.837664758900658467e-07,3.910640669677038962e-07,3.982128247498207664e-07,4.052217519353374792e-07,4.120975284192126169e-07,4.188450924116473242e-07,4.254681008000450128e-07,4.319692897908698829e-07,4.383507543338359999e-07,4.446141620836698802e-07,4.507609150411311042e-07,4.567926825584505070e-07,4.627131915551261503e-07,4.685288134022163572e-07,4.742487164113922583e-07,4.798850036267766106e-07,4.854528501341181492e-07,4.909706554435738983e-07,4.964602273014958350e-07,5.019470137142820086e-07,5.074604002751187771e-07,5.130340903810404139e-07,5.187065869498197280e-07,5.245217961217528247e-07,5.305297764319654764e-07,5.367876612168851320e-07,5.433607875236445683e-07,5.503240711626066267e-07,5.577636739752169007e-07,5.657790144725960487e-07,5.744851745492526596e-07,5.840157498739225336e-07,5.945261756930184939e-07,6.061975282497363831e-07,6.192407500136108127e-07,6.339011720904349498e-07,6.504631149699008823e-07,6.692542623663676795e-07,6.906494781525273597e-07,7.150738736335104770e-07,7.430053545894766601e-07,7.749775955417224951e-07,8.115849084536728399e-07,8.534889843003911508e-07,9.014197455824230401e-07,9.561415987199383640e-07,1.018316454130457927e-06,1.088145111436234951e-06,1.164657805766277229e-06
1.255365462168662630e-06,1.330794798764643966e-06,1.384665280155440182e-06,1.416938046100460530e-06,1.430074764141807943e-06,1.427770148471597915e-06,1.414001433839799649e-06,1.392467512471553302e-06,1.366312478318298146e-06,1.338027574258025094e-06,1.309460684360185958e-06,1.281887238428140677e-06,1.256110159416663590e-06,1.232566147185587226e-06,1.211423973744518234e-06,1.192667465739266283e-06,1.176160944846910605e-06,1.161698042709707014e-06,1.149036370116005330e-06,1.137921003157975456e-06,1.128099606519067822e-06,1.119331579513077412e-06,1.111393094229074345e-06,1.104079410746562559e-06,1.097205451009662348e-06,1.090605301995779606e-06,1.084131092614836915e-06,1.077651532054144904e-06,1.071050293435512792e-06,1.064224360716234301e-06,1.057082416519121045e-06,1.049543324645740121e-06,1.041534746580530489e-06,1.032991921596782272e-06,1.023856632047707300e-06,1.014076367257378044e-06,1.003603690271929186e-06,9.923958014758009925e-07,9.804142821626418642e-07,9.676249904488864612e-07,9.539980726333401801e-07,9.395080466676723766e-07,9.241336611820893160e-07,9.078572104753399828e-07,8.906649841674939195e-07,8.725481008477497534e-07,8.535034417837626048e-07,8.335346883837336511e-07,8.126534645759024986e-07,7.908805817912818625e-07,7.682473796625981226e-07,7.447971496833262344e-07,7.205866213777523363e-07,6.956874793808585891e-07,6.701878605088804149e-07,6.441937402606942561e-07,6.178300299234605383e-07,5.912410091825945215e-07,5.645893042520220721e-07,5.380518127657613923e-07,5.118095649476295265e-07,4.860264074681278540e-07,4.608090306496833068e-07,4.361399982541369156e-07,4.117812812709658796e-07,3.871753956970024230e-07,3.614899844249923073e-07,3.344130721585623058e-07,3.100381900506913627e-07,3.107149352330801364e-07,3.148237382279591347e-07,4.599165162181245557e-07,6.904177417364553062e-07,8.852228043685990284e-07,9.674816144343301827e-07,9.074512438391577101e-07,7.225202884376299216e-07,4.713196122811459945e-07,2.539924803267624508e-07,2.332295027352385194e-07,3.526645963391075546e-07,4.971678761793292849e-07,6.751026573862249019e-07,8.674258393315088692e-07,1.015141792996453383e-06,1.059987392048977159e-06,9.737207021393263506e-07,7.687229760494241207e-07,4.934279020670936963e-07,2.171588861393549483e-07,4.468445154434606746e-08,1.220728493017523298e-07,1.204913365522947750e-07,6.664574929818586835e-08,1.353966685832957310e-07,2.601751404592939181e-07,3.949234482160845693e-07,5.312730392319033583e-07,6.660953205012268026e-07,7.979168711650028843e-07,9.259918117216383489e-07,1.049915685081834115e-06,1.169435135715967148e-06,1.284348645045877307e-06,1.394454412162411328e-06,1.499523943075571783e-06,1.599290135106738416e-06,1.693443818228389604e-06,1.781635483964236562e-06,1.863480449433638036e-06,1.938566526848662081e-06,2.006463687061787099e-06,2.066735382450191943e-06,2.118951226234596633e-06,2.162700671972780979e-06,2.197607240506491335e-06,2.223342739983033072e-06,2.239640854441151577e-06,2.246309464449342525e-06,2.243241115070278042e-06,2.230421148122654942e-06,2.207933145079651933e-06,2.175961464625287319e-06,2.134790793928263233e-06,2.084802761920787591e-06,2.026469786496746156e-06,1.960346443645581529e-06,1.887058746892211741e-06,1.807291794910220257e-06,1.721776266392418146e-06,1.631274203392789157e-06,1.536564431300770463e-06,1.438427833195286329e-06,1.337632548469980280e-06,1.234919010378361946e-06,1.130984569618890642e-06,1.026467250433180520e-06,9.219279114717459373e-07,8.178296649368533372e-07,7.145127249606845377e-07,6.121617196056867766e-07,5.107606301208023149e-07,4.100276283756460868e-07,3.093188208998837011e-07,2.074968497334454617e-07,1.029393457559871760e-07,2.113362912349575601e-08,1.361735305795915599e-07,2.352158937705324940e-07,2.846323661185743240e-07,2.741000954162223287e-07,2.136298546564423691e-07,1.349460287779053098e-07,9.450167911369401149e-08,1.058453700222506006e-07,9.855025407762810852e-08,5.001661490907088424e-08,6.242858678137663402e-08,1.582081421352225849e-07,2.368855029412224431e-07,2.699451975015240253e-07,2.468143686858518292e-07,1.750974116343579873e-07,7.776911032897604439e-08,2.332994188149582160e-08,8.487266731844759991e-08,1.090359610760378981e-07,1.067914830898960682e-07,1.199101876317619422e-07,1.602909579899502939e-07,1.902454075717396570e-07,1.800417993857907417e-07,1.823625615401505800e-07,1.909654175518219212e-07,2.024753093632365806e-07,2.151775016575250344e-07,2.281967801992660472e-07,2.410737359586904419e-07,2.535654165106448846e-07,2.655512250876629228e-07,2.769850404324502372e-07,2.878674121797842569e-07,2.982270987249857689e-07,3.081079922321438244e-07,3.175599828356766511e-07,3.266329711742562084e-07,3.353733231729829232e-07,3.438220882683531351e-07,3.520143914053487620e-07,3.599795400345616941e-07,3.677415204430281862e-07,3.753196693830798806e-07,3.827293901054576111e-07,3.899828389561446347e-07,3.970895454553076928e-07,4.040569511797069706e-07,4.108908656449124199e-07,4.175958442319359836e-07,4.241754963943984959e-07,4.306327334478297071e-07,4.369699651364467442e-07,4.431892534718692735e-07,4.492928375779911323e-07,4.552848998615699594e-07,4.611721518436520818e-07,4.669639945686450108e-07,4.726726657691620742e-07,4.783133872723246963e-07,4.839045276467569261e-07,4.894677960443671627e-07,4.950284837685699651e-07,5.006157705542494978e-07,5.062631131835364206e-07,5.120087352248116041e-07,5.178962387058201246e-07,5.239753617005889622e-07,5.303029102962284900e-07,5.369438991857222419e-07,5.439729418789309319e-07,5.514759384723158362e-07,5.595521147114743734e-07,5.683164685985322694e-07,5.779026769895331904e-07,5.884665004156006172e-07,6.001896947330223967e-07,6.132843878437207592e-07,6.279978048925676783e-07,6.446171283992874358e-07,6.634741782452051455e-07,6.849495375883731366e-07,7.094758259385245958e-07,7.375401519453935801e-07,7.696864034955594120e-07,8.065185391067770188e-07,8.487047732859104382e-07,8.969754170775678104e-07,9.520871257851597821e-07,1.014686944086789399e-06,1.084958294000406047e-06,1.161915010050420134e-06
1.253012271413996936e-06,1.328684959891107724e-06,1.382534937954790674e-06,1.414411834318931734e-06,1.426749314031531848e-06,1.423305722857717630e-06,1.408178140129262128e-06,1.385196838436607851e-06,1.357616354034860659e-06,1.328002984406778525e-06,1.298244127203130358e-06,1.269626669562295577e-06,1.242946500771684607e-06,1.218623251137688623e-06,1.196804749863971798e-06,1.177453878785116040e-06,1.160416089017040779e-06,1.145469081295051699e-06,1.132357619804661026e-06,1.120816789907143645e-06,1.110586738721555359e-06,1.101421407492535465e-06,1.093093185941230120e-06,1.085394897510796267e-06,1.078140101427634947e-06,1.071162377501020846e-06,1.064314030228524394e-06,1.057464491830936231e-06,1.050498600983311172e-06,1.043314869363490925e-06,1.035823809051722128e-06,1.027946370759286903e-06,1.019612529005397689e-06,1.010760041034057629e-06,1.001333398485114058e-06,9.912829829057855189e-07,9.805644273735097714e-07,9.691381767863637448e-07,9.569692293046343221e-07,9.440270319652201890e-07,9.302854959368735141e-07,9.157230927604312298e-07,9.003227417993113176e-07,8.840711557572077590e-07,8.669593064707514771e-07,8.489832798706780365e-07,8.301452440255881356e-07,8.104545415527985460e-07,7.899289185078925217e-07,7.685959028723562653e-07,7.464943469768109929e-07,7.236761494519681373e-07,7.002081728190619946e-07,6.761743703940462610e-07,6.516781254484753556e-07,6.268447752057664087e-07,6.018242207103609853e-07,5.767933750308133968e-07,5.519579282478803028e-07,5.275524710007810695e-07,5.038374753110508697e-07,4.810913490686283020e-07,4.595969544139602227e-07,4.396278966394545179e-07,4.214593739143132163e-07,4.054859881276892820e-07,3.926933206673635253e-07,3.861695496013736741e-07,3.952527489763670016e-07,4.441012222930571460e-07,4.428748739785663538e-07,5.064387032625082497e-07,6.681742933144736232e-07,8.290946300133729908e-07,8.959346317434399908e-07,8.288827828816042014e-07,6.453231644673496348e-07,4.250856165802963253e-07,3.349284800718661272e-07,4.369264729051013398e-07,5.583473021204404358e-07,6.464860830861735250e-07,7.370614866608565358e-07,8.516556025512225973e-07,9.527971681741512503e-07,9.799542570340353925e-07,8.960385456781483796e-07,7.056854401709428859e-07,4.529852926720725248e-07,2.132046029337810005e-07,1.245122872816727654e-07,1.712795745841959757e-07,1.532606202961837408e-07,7.910654867071403599e-08,1.176089099699694880e-07,2.341079502758574534e-07,3.628014482231296586e-07,4.931618127384116246e-07,6.219530968703026777e-07,7.477380583660131477e-07,8.697957906137770088e-07,9.877317935000244171e-07,1.101297089771536553e-06,1.210295987804729825e-06,1.314537905630286362e-06,1.413812860347695567e-06,1.507880274612296839e-06,1.596465585461988154e-06,1.679261653174050531e-06,1.755933322409127245e-06,1.826124220418712902e-06,1.889465257171320822e-06,1.945584465748589434e-06,1.994117872530053871e-06,2.034721067698175858e-06,2.067081093592904004e-06,2.090928210336476442e-06,2.106047058969879470e-06,2.112286738348772218e-06,2.109569348095479540e-06,2.097896620212273530e-06,2.077354355034262825e-06,2.048114481395024234e-06,2.010434667743110395e-06,1.964655515584967837e-06,1.911195465889634868e-06,1.850543639015947213e-06,1.783250902708835842e-06,1.709919511581060871e-06,1.631191676012884882e-06,1.547737393340018117e-06,1.460241811384807660e-06,1.369392301594588427e-06,1.275865304326707663e-06,1.180312873746473360e-06,1.083348684366552939e-06,9.855330392879300276e-07,8.873560921666024186e-07,7.892179746542304392e-07,6.914036634195127708e-07,5.940489860693359763e-07,4.970917649956419722e-07,4.001981441518535133e-07,3.026480406609111792e-07,2.031576869696442198e-07,9.966626057858973439e-08,1.624927417948502432e-08,1.382212447461571357e-07,2.403179662655979314e-07,2.933471337013843538e-07,2.855335391151674332e-07,2.234863449283585367e-07,1.303842615215192761e-07,4.288370048461311137e-08,4.265442438100835230e-08,5.448784592265452495e-08,2.327450495084977768e-08,6.425974666968268376e-08,1.496475830631280822e-07,2.185983992314781179e-07,2.473770924530019768e-07,2.274989291403927712e-07,1.683837497041268658e-07,9.731669393870828456e-08,6.255639618470371493e-08,7.168584572653479891e-08,6.522803973013267555e-08,5.936271151502108304e-08,1.111835390483296289e-07,1.763601410545188332e-07,2.118521384526178334e-07,1.961577451100041722e-07,1.925548455789657729e-07,1.960340911204141041e-07,2.035234292897057653e-07,2.132022240294659974e-07,2.239941609334439252e-07,2.352548656358845588e-07,2.465953047329474129e-07,2.577833905105817046e-07,2.686872395869258539e-07,2.792402805107135534e-07,2.894182694654738546e-07,2.992234368933453988e-07,3.086734256718351477e-07,3.177937133231952789e-07,3.266126251808996924e-07,3.351582415103989889e-07,3.434566393491491683e-07,3.515310333822785822e-07,3.594014918813748502e-07,3.670849980224692965e-07,3.745957009229802490e-07,3.819452554354518512e-07,3.891431882254546268e-07,3.961972536702194802e-07,4.031137600707278288e-07,4.098978573399013974e-07,4.165537837797228580e-07,4.230850732569018435e-07,4.294947260336370622e-07,4.357853473757541608e-07,4.419596579225145891e-07,4.480222308542521036e-07,4.539800722611428939e-07,4.598427856874695271e-07,4.656227255174810627e-07,4.713351518744036226e-07,4.769984013998709860e-07,4.826340893947339079e-07,4.882673595297250011e-07,4.939271979339657647e-07,4.996468292514272141e-07,5.054642135626679569e-07,5.114226652439116493e-07,5.175716181753107148e-07,5.239675664055111582e-07,5.306752154308645288e-07,5.377688863586885551e-07,5.453342226711494568e-07,5.534702557854199468e-07,5.622918890647201045e-07,5.719328574065263171e-07,5.825492070063728845e-07,5.943233123132487065e-07,6.074683988502484281e-07,6.222334665153846152e-07,6.389084076690140842e-07,6.578289996090190484e-07,6.793813600347885393e-07,7.040054670419950298e-07,7.321975790796159729e-07,7.645119025947003753e-07,8.015623096258513072e-07,8.440238034830464136e-07,8.926268871365624139e-07,9.481190237244106860e-07,1.011128928324143896e-06,1.081817287291301077e-06,1.159176504531425459e-06
1.250596386905045977e-06,1.326448195648070771e-06,1.380228866367802069e-06,1.411680985321625953e-06,1.423209646966727633e-06,1.418634926248985249e-06,1.402171519090067362e-06,1.377778277458868283e-06,1.348816717408281401e-06,1.317924459038106755e-06,1.287024983044864175e-06,1.257413928971432377e-06,1.229878334959396993e-06,1.204819777926826359e-06,1.182364823672973268e-06,1.162455549832791460e-06,1.144918956349708335e-06,1.129517369856683145e-06,1.115983304370552125e-06,1.104042429623446532e-06,1.093427895250372409e-06,1.083888634116790353e-06,1.075193628783883531e-06,1.067133568997381428e-06,1.059520887213043651e-06,1.052188831396027391e-06,1.044990002667180214e-06,1.037794628728223696e-06,1.030488742435252910e-06,1.022972371696285891e-06,1.015157809018468057e-06,1.006968006885839804e-06,9.983351318955112876e-07,9.891993016367168858e-07,9.795075207903201386e-07,9.692128252673420329e-07,9.582736347645989243e-07,9.466533049827953790e-07,9.343198615639491794e-07,9.212458896226542211e-07,9.074085469615488009e-07,8.927896672990028941e-07,8.773756695021053532e-07,8.611569219823690305e-07,8.441282147552008731e-07,8.262896269876566053e-07,8.076475211167829898e-07,7.882156829636709259e-07,7.680166317259023380e-07,7.470831297268384542e-07,7.254599297952684275e-07,7.032058085474927641e-07,6.803959467378913650e-07,6.571247325257780833e-07,6.335090776969490321e-07,6.096923458413178424e-07,5.858489879202184994e-07,5.621899581484934387e-07,5.389689503788792841e-07,5.164895176966696002e-07,4.951134434096098736e-07,4.752719579760770919e-07,4.574851606065015519e-07,4.424052147225975128e-07,4.309247679242376488e-07,4.244545460418611546e-07,4.256149392729483538e-07,4.398549204144461979e-07,4.788027211271774407e-07,5.657336204780553634e-07,5.582198450645048398e-07,5.463682571347098089e-07,6.170356690927924437e-07,7.265094611587066199e-07,7.740970340995281356e-07,7.076950488424990452e-07,5.480000724650663315e-07,4.120376232729877429e-07,4.665020435346497385e-07,6.256599765548383155e-07,7.413168400323023380e-07,7.817117133720505367e-07,7.859742719207916478e-07,8.072909945781557092e-07,8.473867382648558657e-07,8.551340014949380433e-07,7.847216854504766583e-07,6.324190627012669215e-07,4.420491629537477120e-07,2.992872392856481156e-07,2.694612257958585275e-07,2.686553637410452887e-07,2.087444551870598305e-07,9.282878697437692103e-08,8.861966698893521375e-08,2.045703547535120380e-07,3.313400032510037204e-07,4.577092840315241150e-07,5.814504044478059293e-07,7.016863845384560296e-07,8.179837214266011241e-07,9.300941810479000954e-07,1.037844658139007679e-06,1.141082123719421739e-06,1.239644986683584900e-06,1.333348780638927255e-06,1.421980170140608700e-06,1.505296049943288898e-06,1.583025938803679885e-06,1.654876642943095167e-06,1.720538586324402057e-06,1.779693424787428036e-06,1.832022659811521223e-06,1.877216993150029356e-06,1.914986146984820875e-06,1.945068838288308475e-06,1.967242559007786242e-06,1.981332790150538643e-06,1.987221277603607751e-06,1.984853023999423276e-06,1.974241701602061759e-06,1.955473259772859797e-06,1.928707579841526726e-06,1.894178113871058529e-06,1.852189527051218860e-06,1.803113442339896530e-06,1.747382456351918350e-06,1.685482652311808882e-06,1.617944873393172408e-06,1.545335032843774912e-06,1.468243723278938196e-06,1.387275347287293963e-06,1.303036928509875480e-06,1.216126679634863683e-06,1.127122299819214558e-06,1.036568838953891650e-06,9.449657772385224707e-07,8.527526846456011055e-07,7.602923793287136226e-07,6.678498001681656900e-07,5.755637419969640439e-07,4.834072216942890210e-07,3.911316312742675440e-07,2.981972814682038080e-07,2.037618781660700763e-07,1.075694909234400896e-07,4.029567386531623015e-08,1.343255383072684009e-07,2.301338764114346486e-07,2.817343334691803014e-07,2.756684577214176376e-07,2.169559282733335658e-07,1.271858141094330289e-07,4.542645187496914678e-08,5.784252928294143246e-08,8.150177132951626501e-08,7.349903805646825291e-08,7.892651637890265985e-08,1.302381137886544481e-07,1.828795100814811580e-07,2.059006782979445888e-07,1.913350169840365205e-07,1.520193682064185852e-07,1.186278025407932988e-07,1.114168349933290544e-07,1.030426579934356222e-07,6.325102293351784554e-08,1.436360596076351871e-08,1.032516906435580350e-07,1.823508947602973049e-07,2.217143824636139334e-07,2.038666453388729652e-07,1.972440415706158738e-07,1.977172577424161747e-07,2.026049123814459404e-07,2.101815735677712487e-07,2.193381889692370065e-07,2.293591789680383732e-07,2.397820200857385435e-07,2.503098574670390184e-07,2.607563289943571043e-07,2.710096055757676144e-07,2.810080839666012636e-07,2.907234813620083025e-07,3.001489280903861712e-07,3.092906157123709012e-07,3.181620448400684715e-07,3.267801791931055450e-07,3.351629775196506807e-07,3.433278977219517367e-07,3.512910667946041158e-07,3.590668911926036952e-07,3.666679466122277918e-07,3.741050354924394867e-07,3.813873370328720556e-07,3.885226006807182357e-07,3.955173522748943392e-07,4.023770944316289588e-07,4.091064909754415156e-07,4.157095305269908098e-07,4.221896676784090232e-07,4.285499421742356408e-07,4.347934708271533275e-07,4.409251523748342159e-07,4.469522391865309861e-07,4.528845030358515088e-07,4.587343921797984953e-07,4.645171915817744231e-07,4.702511999884944645e-07,4.759579388347692530e-07,4.816624088189635324e-07,4.873934107303278020e-07,4.931839480305562909e-07,4.990717301412466189e-07,5.050997977150866493e-07,5.113172946800364110e-07,5.177804167494089542e-07,5.245535724093930024e-07,5.317107998620515043e-07,5.393374913302439732e-07,5.475324832682043411e-07,5.564105753859169048e-07,5.661055401119365150e-07,5.767736732705786716e-07,5.885979113000287138e-07,6.017924943106358719e-07,6.166080816834392679e-07,6.333371245323820467e-07,6.523191734802962404e-07,6.739456793213247200e-07,6.986637956532416948e-07,7.269788241502085194e-07,7.594553252085667568e-07,7.967172824314337340e-07,8.394467200667369081e-07,8.883741857768092513e-07,9.442366738834060689e-07,1.007641355863122636e-06,1.078721025701143460e-06,1.156441569708601266e-06
1.248117319244646195e-06,1.324083523321389079e-06,1.377744974323871562e-06,1.408742615510552560e-06,1.419453083803844943e-06,1.413756408521280985e-06,1.395982349702233600e-06,1.370215017641312970e-06,1.339918962879594843e-06,1.307799078789607543e-06,1.275811368443171741e-06,1.245257533732039085e-06,1.216914043217704154e-06,1.191163567381143865e-06,1.168111215687786104e-06,1.147678508520744849e-06,1.129674492857270154e-06,1.113846730303456893e-06,1.099916111219061930e-06,1.087599478000531285e-06,1.076623504140967161e-06,1.066732557208874230e-06,1.057692576398755389e-06,1.049292406651254451e-06,1.041343574390929184e-06,1.033679155645591817e-06,1.026152154156635125e-06,1.018633651241102071e-06,1.011010889169632265e-06,1.003185388219233644e-06,9.950711610082288246e-07,9.865930665099960494e-07,9.776853335028811576e-07,9.682902746610012038e-07,9.583572052650769351e-07,9.478415731382907127e-07,9.367042983649932636e-07,9.249113128147314348e-07,9.124332811958260389e-07,8.992454784495363894e-07,8.853277942504671583e-07,8.706648359302984085e-07,8.552458505868171922e-07,8.390640949065469896e-07,8.221173001491791303e-07,8.044085379174769996e-07,7.859472238063448246e-07,7.667502860180781038e-07,7.468435340664808012e-07,7.262632737648161251e-07,7.050582299145624600e-07,6.832918589010808385e-07,6.610451615057794956e-07,6.384201437813911872e-07,6.155441234954516389e-07,5.925751454709924525e-07,5.697088590915612715e-07,5.471873443078646781e-07,5.253105971200914630e-07,5.044518237028113368e-07,4.850786415780980213e-07,4.677844487344027238e-07,4.533392066417298823e-07,4.427802576836958560e-07,4.375890457008891842e-07,4.400527381106465960e-07,4.540103203606790397e-07,4.863339551060968469e-07,5.496122037470379618e-07,6.663674034737988971e-07,6.540159011248762505e-07,5.794993240547206617e-07,5.483112027088144124e-07,5.881642887451254448e-07,6.119184543521684993e-07,5.523276180067349823e-07,4.368272581181685415e-07,4.196810902322890912e-07,5.828017547150077886e-07,7.740775810771672626e-07,8.855169129979498391e-07,8.917678862977217629e-07,8.259082184920245609e-07,7.535861319501732452e-07,7.192062248658655139e-07,7.011547368793732767e-07,6.503495356175554736e-07,5.526831710867702253e-07,4.460395918194437485e-07,3.903988276839676519e-07,3.838236350653803647e-07,3.561239688947842009e-07,2.624238861308486484e-07,1.097174490861843747e-07,4.973247291413439754e-08,1.750184202356266202e-07,3.024578068438551496e-07,4.258597741336693732e-07,5.450159058173592267e-07,6.599277033934106327e-07,7.705896110353091891e-07,8.769701517080485675e-07,9.790086454265740355e-07,1.076613158356617677e-06,1.169659303455091181e-06,1.257990326163893168e-06,1.341418610181260542e-06,1.419728541777673254e-06,1.492680601336548377e-06,1.560016540063902030e-06,1.621465504686084481e-06,1.676750972761141273e-06,1.725598348641979806e-06,1.767743045199143805e-06,1.802938843289455413e-06,1.830966286066300674e-06,1.851640835940262887e-06,1.864820505220852695e-06,1.870412672095674842e-06,1.868379813398308683e-06,1.858743923129860603e-06,1.841589437181964473e-06,1.817064545437218042e-06,1.785380837760022899e-06,1.746811296237520584e-06,1.701686708713546493e-06,1.650390634575502792e-06,1.593353099168864358e-06,1.531043224496242642e-06,1.463961018188030860e-06,1.392628538944024772e-06,1.317580635614155688e-06,1.239355421129103612e-06,1.158484593750150503e-06,1.075483656390604499e-06,9.908420053608566995e-07,9.050127516829512327e-07,8.184019827760220057e-07,7.313569486660647805e-07,6.441523670212464627e-07,5.569738236039842958e-07,4.698978474714591382e-07,3.828731567711120608e-07,2.957342749918435604e-07,2.084352710773851984e-07,1.229757382414974094e-07,6.590834384768657589e-08,1.260499855435007476e-07,2.062262202913527190e-07,2.514635604263758977e-07,2.461783104153311265e-07,1.951578701440801566e-07,1.239534065297201003e-07,8.816496703386791930e-08,1.133258678137538159e-07,1.318152360424368290e-07,1.199062393238901345e-07,9.696637674666961173e-08,1.035048847322743978e-07,1.328267211963856700e-07,1.486927242561449849e-07,1.417471272726983823e-07,1.300782002066124780e-07,1.379194437975890910e-07,1.534751381002498570e-07,1.453299802992228840e-07,9.811671046067001008e-08,3.160833215308347790e-08,9.615850608393440290e-08,1.788065623591310048e-07,2.205320076109628048e-07,2.032822607630631271e-07,1.960885936897730840e-07,1.954843159325090899e-07,1.991774266983637038e-07,2.056362113149499847e-07,2.138303090732589653e-07,2.230641243065156981e-07,2.328682037451107297e-07,2.429276974121744668e-07,2.530345596981688166e-07,2.630549729872138822e-07,2.729066598187587529e-07,2.825427958552974097e-07,2.919404914655596289e-07,3.010925459119485718e-07,3.100016003290306138e-07,3.186760637022900559e-07,3.271273436069743224e-07,3.353680245042002762e-07,3.434107212987927755e-07,3.512674032413935349e-07,3.589490368226742039e-07,3.664654381949254094e-07,3.738252576622044354e-07,3.810360426552867820e-07,3.881043430180536263e-07,3.950358348650736881e-07,4.018354479759904890e-07,4.085074876713174839e-07,4.150557461372522521e-07,4.214836008109946821e-07,4.277944859819092441e-07,4.339935635828962490e-07,4.400882842134296323e-07,4.460885521137287658e-07,4.520068840550622849e-07,4.578585731868549488e-07,4.636618709110648442e-07,4.694382012507125268e-07,4.752124231737434309e-07,4.810131571979430312e-07,4.868731936537181185e-07,4.928300015674370628e-07,4.989263596028301811e-07,5.052111341798637337e-07,5.117402350011444016e-07,5.185777847982183166e-07,5.257975479231560155e-07,5.334846708032807669e-07,5.417377950436934809e-07,5.506716091909766081e-07,5.604199050844700011e-07,5.711391955178962818e-07,5.830129266512401734e-07,5.962562751101310193e-07,6.111214491406304956e-07,6.279033099221398785e-07,6.469449940775554536e-07,6.686430701957847867e-07,6.934516538743463384e-07,7.218849318936956711e-07,7.545177829694258832e-07,7.919844246922913925e-07,8.349740881760074886e-07,8.842172517671998205e-07,9.404393192933013976e-07,1.004222966197187087e-06,1.075668179349459332e-06,1.153709236565630716e-06
1.245574441755480033e-06,1.321589979283366132e-06,1.375081318928706159e-06,1.405594078846581318e-06,1.415477238382439458e-06,1.408669127767197640e-06,1.389611680668988124e-06,1.362510418987455310e-06,1.330928509079188486e-06,1.297633771364450829e-06,1.264611063481337415e-06,1.233165493419103200e-06,1.204061352889270699e-06,1.177661689135040779e-06,1.154050090398814766e-06,1.133127870289806909e-06,1.114686695537633424e-06,1.098460019479292607e-06,1.084157761279604219e-06,1.071488534187259871e-06,1.060173055803084869e-06,1.049951563428424666e-06,1.040587304633801869e-06,1.031867554454428791e-06,1.023603139448900660e-06,1.015627109320525782e-06,1.007792962937224166e-06,9.999726809798296684e-07,9.920547192557884502e-07,9.839420568104245027e-07,9.755503577583253524e-07,9.668062854914485524e-07,9.576459958944022387e-07,9.480138280338373179e-07,9.378612038462183446e-07,9.271457412626583486e-07,9.158305775568046694e-07,9.038838917550626897e-07,8.912786075120025648e-07,8.779922521513509760e-07,8.640069451685361584e-07,8.493094922150926712e-07,8.338913091275492867e-07,8.177477822325172422e-07,8.008787098409230712e-07,7.832891467592734457e-07,7.649903933228625618e-07,7.460011621958083049e-07,7.263489673363283026e-07,7.060717951669450806e-07,6.852201399756020852e-07,6.638595165248679971e-07,6.420736064884821367e-07,6.199682570671933658e-07,5.976766380462724266e-07,5.753659903548236984e-07,5.532465860705875547e-07,5.315838044295108540e-07,5.107146815967440668e-07,4.910710538669385102e-07,4.732127733702483061e-07,4.578770459943806768e-07,4.460550451720276112e-07,4.391173937271019196e-07,4.390314384824516063e-07,4.487549685572520840e-07,4.729646037992911953e-07,5.193840453583705262e-07,6.010889877907468891e-07,7.402498366368215665e-07,7.258897751909230012e-07,6.062818761920269508e-07,4.787059003872867368e-07,4.299037615107879087e-07,4.222670592499010379e-07,3.734937736268863509e-07,3.214981881017587316e-07,4.297749305826824939e-07,6.609310661464466285e-07,8.713856840271174258e-07,9.825483251418547045e-07,9.707811718082361657e-07,8.605956206886537311e-07,7.135147254312281548e-07,5.989518507890072073e-07,5.417194987508552562e-07,5.076880934210903921e-07,4.701197820759732772e-07,4.460707491763382709e-07,4.533464676858507980e-07,4.613093375082760662e-07,4.202133029037413688e-07,3.065454046929319845e-07,1.329670765906197289e-07,2.013296222569859933e-08,1.534168172222872016e-07,2.796796125499429130e-07,3.992637200017972826e-07,5.134090476088494267e-07,6.227784903014860223e-07,7.277057282513201390e-07,8.283367904592379908e-07,9.247045294686991495e-07,1.016767795533087504e-06,1.104432598906465065e-06,1.187564315718735524e-06,1.265995647901600311e-06,1.339532771796564631e-06,1.407960915352114878e-06,1.471049973564058180e-06,1.528560435181770319e-06,1.580249707953532228e-06,1.625878820022926646e-06,1.665219403438025231e-06,1.698060814113180583e-06,1.724217203985234190e-06,1.743534334249035463e-06,1.755895904589899961e-06,1.761229173649299478e-06,1.759509660895778576e-06,1.750764748425289797e-06,1.735076040475757050e-06,1.712580385368060611e-06,1.683469515763765493e-06,1.647988315295054190e-06,1.606431769737374928e-06,1.559140706106243439e-06,1.506496460719401778e-06,1.448914645160020707e-06,1.386838195849845268e-06,1.320729898553383508e-06,1.251064575089626574e-06,1.178321108674384261e-06,1.102974470263176735e-06,1.025487894735596118e-06,9.463053463949734354e-07,8.658444126953565504e-07,7.844897835922379847e-07,7.025875424552415342e-07,6.204407146833044547e-07,5.383072356877027506e-07,4.564039329490133384e-07,3.749289947107173277e-07,2.941515093169406092e-07,2.147906015354907776e-07,1.399878657081029830e-07,8.818221852577234088e-08,1.152858582403872409e-07,1.713111660920790834e-07,2.056873084487788736e-07,2.003690149787398574e-07,1.610801211203009389e-07,1.202812724876869726e-07,1.257973327267767794e-07,1.587111710786374891e-07,1.724018719736759330e-07,1.531239551871959861e-07,1.115502162909661859e-07,7.647166548963769244e-08,7.360967909626011527e-08,8.079646602207173372e-08,8.565713363270197032e-08,1.100713786121902980e-07,1.529004148558455762e-07,1.845265943050047636e-07,1.808582469792163393e-07,1.344321212789631390e-07,6.653629337869856919e-08,8.972823255319744518e-08,1.671271122450381026e-07,2.098597976556606554e-07,1.953668597160895910e-07,1.895455561708854820e-07,1.894600300832841507e-07,1.931863944264482334e-07,1.994316639404442738e-07,2.073108821618772521e-07,2.162120171617627122e-07,2.257104473438686233e-07,2.355126750235327573e-07,2.454180708090669422e-07,2.552921813338893520e-07,2.650477038208959325e-07,2.746307108475296257e-07,2.840105882081870158e-07,2.931726752016736079e-07,3.021129125342080877e-07,3.108339966094981492e-07,3.193426641018265703e-07,3.276478180374245874e-07,3.357592721807070047e-07,3.436869421092253754e-07,3.514403526443992492e-07,3.590283642215351154e-07,3.664590466514005179e-07,3.737396486803030387e-07,3.808766268531477804e-07,3.878757083956759281e-07,3.947419710130203284e-07,4.014799283716418691e-07,4.080936141737901213e-07,4.145866606057133824e-07,4.209627495032067610e-07,4.272272486495784145e-07,4.333877611394129105e-07,4.394542883311293440e-07,4.454393892755375454e-07,4.513583469441641958e-07,4.572293537399737607e-07,4.630737302772616318e-07,4.689161925162466198e-07,4.747851833116206964e-07,4.807132856026254279e-07,4.867377361860775966e-07,4.929010616321359345e-07,4.992518617522539853e-07,5.058457713444554823e-07,5.127466377835774332e-07,5.200279601758131133e-07,5.277746446372052889e-07,5.360851386232009143e-07,5.450740132843102568e-07,5.548750638723069686e-07,5.656449906023936033e-07,5.775677012438108384e-07,5.908592358595807503e-07,6.057732460273569670e-07,6.226068577643027846e-07,6.417066050303971140e-07,6.634739478145577260e-07,6.883697230166178503e-07,7.169167954176705806e-07,7.497002552882378690e-07,7.873645957600848794e-07,8.306063827526093166e-07,8.801559286042865001e-07,9.367260688005410838e-07,1.000872299763377660e-06,1.072657164795922722e-06,1.150978290108239261e-06
1.242966983378826360e-06,1.318966609951109678e-06,1.372236104423484988e-06,1.402232975384198868e-06,1.411280029955667061e-06,1.403372358509197539e-06,1.383060828319120229e-06,1.354667999246207689e-06,1.321850775122482711e-06,1.287435283375821459e-06,1.253431484925268303e-06,1.221145289641304007e-06,1.191327327041224941e-06,1.164320444551986869e-06,1.140186771411946937e-06,1.118807864678969042e-06,1.099958653124855510e-06,1.083359181329686321e-06,1.068709071430388674e-06,1.055709312337759907e-06,1.044075182666515253e-06,1.033543215117681349e-06,1.023874304826818312e-06,1.014854417996541191e-06,1.006293873624703647e-06,9.980258275772834472e-07,9.899043544187783383e-07,9.818023694561938212e-07,9.736095372670653150e-07,9.652302548645726070e-07,9.565817638118807586e-07,9.475924262763633350e-07,9.382001885924916228e-07,9.283512481190763670e-07,9.179989325100895721e-07,9.071027937139869775e-07,8.956279117440250317e-07,8.835443958733224054e-07,8.708270642748288530e-07,8.574552785332155254e-07,8.434129085340934158e-07,8.286884079065593352e-07,8.132747274754693691e-07,7.971686502790743378e-07,7.803711910066985201e-07,7.628883959246897471e-07,7.447322872725833122e-07,7.259219891314961939e-07,7.064850851676619466e-07,6.864592777212262059e-07,6.658944449860073531e-07,6.448552322630805793e-07,6.234243700752661069e-07,6.017069947897514516e-07,5.798363693659467611e-07,5.579815833128852846e-07,5.363580842153832777e-07,5.152423101928736523e-07,4.949923381823154492e-07,4.760774789977593588e-07,4.591213852566599753e-07,4.449659577955750522e-07,4.347680802050573507e-07,4.301499730136321268e-07,4.334408923995966356e-07,4.480807482217966225e-07,4.793162902991737528e-07,5.354175651904563846e-07,6.297767689395039517e-07,7.844307758964977615e-07,7.716107691117915629e-07,6.269197104076468995e-07,4.288342558933499122e-07,2.782918035486832352e-07,2.209482415817927077e-07,1.847601452528317558e-07,2.232264061883683818e-07,4.308599627447179343e-07,6.935961886672695333e-07,9.136043356597465284e-07,1.029104938294716792e-06,1.016083793443894046e-06,8.912315631888037225e-07,7.053525356792204048e-07,5.273085733024579821e-07,4.158096825192773867e-07,3.800471349503095021e-07,3.903142931476187987e-07,4.291599390994975754e-07,4.779819024561300082e-07,4.991303953059218839e-07,4.567602619952453585e-07,3.383367748883161104e-07,1.618758117549639226e-07,5.969877566412640144e-08,1.492141942806675079e-07,2.665487430991938654e-07,3.794895453793919426e-07,4.873192602314265151e-07,5.904994788889030689e-07,6.893767257483669244e-07,7.841279530286866835e-07,8.748075078413707363e-07,9.613872669931636968e-07,1.043782432602839994e-06,1.121867413107840700e-06,1.195486031925311784e-06,1.264458817344566787e-06,1.328588968281790579e-06,1.387667860214162914e-06,1.441480525513095991e-06,1.489811293916940379e-06,1.532449633505475044e-06,1.569196144022499668e-06,1.599868597599344458e-06,1.624307884409401799e-06,1.642383697210992291e-06,1.653999777362459479e-06,1.659098545286358165e-06,1.657664950076116013e-06,1.649729394913267498e-06,1.635369625419401669e-06,1.614711504722841176e-06,1.587928639376972958e-06,1.555240861835991286e-06,1.516911615626605888e-06,1.473244326527417345e-06,1.424577875201693351e-06,1.371281312605294908e-06,1.313747978764949729e-06,1.252389199063990546e-06,1.187627742345412534e-06,1.119891235977231796e-06,1.049605750423325443e-06,9.771897981389280005e-07,9.030490509663031517e-07,8.275721862562678398e-07,7.511284599113094056e-07,6.740679453694893343e-07,5.967260318213360050e-07,5.194351541935349533e-07,4.425500333556095407e-07,3.665019586733688145e-07,2.919283864868179085e-07,2.200467127430731782e-07,1.540289171360761067e-07,1.050091340711733402e-07,1.040936455837211766e-07,1.292430078437320468e-07,1.487717181404847419e-07,1.429582737945299671e-07,1.198479740533856682e-07,1.167816813231058403e-07,1.513807150781799988e-07,1.872262144493920800e-07,1.956618712712349620e-07,1.698605308906267987e-07,1.193543003880489022e-07,6.379971279553404854e-08,2.509750457182575358e-08,1.890362676095921439e-08,4.801983472019357096e-08,1.028290122550015230e-07,1.623943800773248108e-07,2.022959303542154784e-07,2.035712179686909758e-07,1.609129759476251987e-07,9.275660113493699053e-08,8.359626595847202767e-08,1.492848254093294164e-07,1.918592816242082361e-07,1.816550814104932862e-07,1.786133687220912176e-07,1.802400114286909100e-07,1.849545168156963235e-07,1.917193236745457831e-07,1.998299935794474152e-07,2.087965189586272736e-07,2.182736546694060637e-07,2.280175882804199568e-07,2.378573265447715710e-07,2.476748291727030707e-07,2.573907019951116234e-07,2.669536460937958054e-07,2.763325765871373126e-07,2.855107135173574135e-07,2.944811672782492366e-07,3.032436716487317708e-07,3.118022003633124548e-07,3.201632603472783697e-07,3.283346976614330145e-07,3.363248863905888345e-07,3.441421987394664225e-07,3.517946776746752694e-07,3.592898522557506158e-07,3.666346508682998019e-07,3.738353794252344521e-07,3.808977407525424353e-07,3.878268783164426715e-07,3.946274326260353637e-07,4.013036024466855944e-07,4.078592057065623023e-07,4.142981113798287120e-07,4.206258418861147592e-07,4.268501106665517884e-07,4.329809825669223465e-07,4.390310330603675315e-07,4.450155160249532570e-07,4.509525520452830076e-07,4.568633507908503158e-07,4.627724822031790217e-07,4.687082122872182237e-07,4.747029205729443485e-07,4.807936181442523061e-07,4.870225878873334417e-07,4.934381726243238347e-07,5.000957423164453655e-07,5.070588786207119859e-07,5.144008235680408562e-07,5.222062484042408201e-07,5.305734075754367460e-07,5.396167496593182402e-07,5.494700591600206290e-07,5.602901969667385743e-07,5.722614882306163285e-07,5.856007682590829033e-07,6.005630317465707724e-07,6.174475285992805147e-07,6.366040017654103951e-07,6.584385677526191096e-07,6.834185201822431017e-07,7.120751488013899246e-07,7.450035784491215614e-07,7.828585347004882927e-07,8.263439779002271461e-07,8.761899596314031045e-07,9.330959004634074515e-07,9.975877083766150668e-07,1.069686156620962260e-06,1.148247274246665775e-06
1.240294022716731251e-06,1.316212463261839052e-06,1.369207681158475174e-06,1.398657159383139865e-06,1.406859694686924597e-06,1.397865698536141437e-06,1.376331373052783117e-06,1.346691418765169072e-06,1.312691156850002269e-06,1.277210153289353773e-06,1.242279661573814389e-06,1.209203858600907428e-06,1.178718357563278847e-06,1.151145372166970657e-06,1.126525759761716068e-06,1.104721866114501385e-06,1.085492588395894761e-06,1.068545299497845855e-06,1.053570016093893426e-06,1.040260710981202761e-06,1.028327735226957277e-06,1.017504332067744891e-06,1.007549370465160038e-06,9.982477552992753131e-07,9.894094772258723193e-07,9.808679188208978375e-07,9.724778005107745755e-07,9.641129988406932677e-07,9.556643756229995726e-07,9.470377002409357260e-07,9.381517149218371170e-07,9.289363744066784455e-07,9.193312806095901288e-07,9.092843254435820677e-07,8.987505485850133109e-07,8.876912104099295078e-07,8.760730734161968510e-07,8.638678785660934509e-07,8.510519970691424843e-07,8.376062345047040437e-07,8.235157645369549819e-07,8.087701757925175972e-07,7.933633614476333754e-07,7.772928133137192263e-07,7.605599598464799266e-07,7.431708962022280818e-07,7.251372507183120737e-07,7.064772255470263738e-07,6.872168636285865761e-07,6.673916150241917155e-07,6.470483058861895924e-07,6.262476576377921026e-07,6.050675693649593129e-07,5.836074740048543639e-07,5.619942259014195483e-07,5.403902008384868822e-07,5.190046324557542261e-07,4.981097376819483471e-07,4.780640010904614136e-07,4.593462485691220086e-07,4.426060732777731389e-07,4.287391235711178490e-07,4.190002845681945229e-07,4.151750114883265615e-07,4.198417371328031001e-07,4.367830545678039685e-07,4.716539098328740604e-07,5.331107869915562296e-07,6.347613922391997431e-07,7.985166360197579493e-07,7.908857114408867529e-07,6.408001427865803709e-07,4.151066903434297994e-07,1.973022292745982205e-07,6.154685548597385611e-08,6.051110187016842213e-08,1.944674466438697326e-07,4.225969494297975232e-07,6.823915983597937990e-07,9.025993313426097436e-07,1.026357380912801468e-06,1.027352147173614282e-06,9.155815119521236091e-07,7.317977916844671635e-07,5.334817813654129104e-07,3.782862700816009870e-07,3.078800870153567861e-07,3.246145452589291998e-07,3.913224917382918859e-07,4.630556430645601525e-07,4.978835783964854994e-07,4.652154326518997760e-07,3.565831769274794389e-07,1.923960334384630433e-07,1.101805972723816749e-07,1.643948645293943681e-07,2.644211613962762225e-07,3.671434754402146131e-07,4.669521929036016122e-07,5.630885409155367297e-07,6.554939535033838402e-07,7.441808779952649726e-07,8.291267180415058515e-07,9.102642410266419174e-07,9.874888467868602094e-07,1.060666761719686081e-06,1.129641696450569443e-06,1.194240255790495355e-06,1.254276711032004835e-06,1.309557579631528165e-06,1.359886259800517833e-06,1.405067821977072574e-06,1.444913963541054645e-06,1.479248071657184440e-06,1.507910299069339580e-06,1.530762531528508696e-06,1.547693109737438649e-06,1.558621161906575121e-06,1.563500404839888781e-06,1.562322281581319233e-06,1.555118321364341709e-06,1.541961631750967829e-06,1.522967461863224074e-06,1.498292807720157334e-06,1.468135064068967227e-06,1.432729760008134502e-06,1.392347446638035135e-06,1.347289832816250250e-06,1.297885289307210162e-06,1.244483862529118630e-06,1.187451958230480065e-06,1.127166875838382406e-06,1.064011400982326085e-06,9.983687046076011079e-07,9.306178639889110006e-07,8.611304322240318114e-07,7.902686681407979795e-07,7.183863482635728335e-07,6.458336061196168925e-07,5.729681518251468246e-07,5.001768692371166503e-07,4.279149931306135707e-07,3.567770719359056676e-07,2.876318742694409792e-07,2.219089428901458193e-07,1.623271480856706353e-07,1.150771127338189087e-07,9.445421618193119843e-08,8.580612729873301415e-08,8.644102425533688482e-08,8.057924118239745155e-08,8.099163212278020839e-08,1.145787853355584390e-07,1.631301653908098269e-07,1.967195336186553986e-07,1.990427718073864923e-07,1.687868765801243569e-07,1.194779959296628257e-07,7.808609513766743350e-08,6.885728834108504526e-08,7.298518746339562334e-08,8.073160221795721773e-08,1.143677052394405415e-07,1.660895987059349644e-07,2.059464450695418380e-07,2.112475941098802602e-07,1.743585906296103908e-07,1.089461720086538612e-07,7.732695589116766222e-08,1.275512180536242515e-07,1.690273943898144573e-07,1.640051165939020106e-07,1.646080517331301376e-07,1.687127627662800755e-07,1.750556618250781614e-07,1.828539038116135462e-07,1.915959381267866748e-07,2.009313099834831229e-07,2.106122886244624070e-07,2.204612533796053815e-07,2.303508963861662803e-07,2.401910998246966339e-07,2.499195856889759448e-07,2.594949249341142051e-07,2.688911727213587589e-07,2.780937116399405773e-07,2.870960356451838709e-07,2.958972837222166472e-07,3.045003746387134925e-07,3.129106212323248223e-07,3.211347229012506733e-07,3.291800518822051565e-07,3.370541637989271710e-07,3.447644761768083957e-07,3.523180701558667756e-07,3.597215804715059807e-07,3.669811469519697375e-07,3.741024074218350515e-07,3.810905171757008938e-07,3.879501842946569366e-07,3.946857132211366476e-07,4.013010513722091214e-07,4.078002036858669104e-07,4.141888024080669901e-07,4.204746333702330491e-07,4.266677937725318827e-07,4.327808508798309640e-07,4.388290108590474493e-07,4.448303092997531043e-07,4.508058365935043734e-07,4.567800125827527734e-07,4.627809260229369536e-07,4.688407557578881763e-07,4.749962924452135411e-07,4.812895825523498238e-07,4.877687205170289591e-07,4.944888206848340628e-07,5.015132079916546467e-07,5.089148751698071015e-07,5.167782639511489647e-07,5.252014372269649029e-07,5.342987166682252592e-07,5.442038634172953871e-07,5.550738747434575243e-07,5.670934524926049340e-07,5.804801636716625341e-07,5.954902512411016332e-07,6.124249529008122777e-07,6.316370339399032217e-07,6.535370264232133674e-07,6.785983955452109177e-07,7.073605605096394707e-07,7.404284353701030599e-07,7.784668480743578028e-07,8.221871359353670113e-07,8.723189824199026390e-07,9.295476642229137190e-07,9.943673655176322632e-07,1.066753099719215581e-06,1.145514497937290501e-06
1.237554483276972545e-06,1.313326580775198680e-06,1.365994544618482955e-06,1.394864746933057185e-06,1.402214796101454841e-06,1.392149074289787664e-06,1.369425154362039615e-06,1.338584464503007504e-06,1.303455003243393467e-06,1.266964685711526110e-06,1.231162212003556795e-06,1.197347576784819601e-06,1.166240161727076400e-06,1.138141256498252417e-06,1.113070755120134352e-06,1.090872426810342378e-06,1.071289901573104945e-06,1.054018649842596381e-06,1.038739787478838013e-06,1.025140879700278234e-06,1.012927854021451641e-06,1.001831067800204755e-06,9.916076769059782451e-07,9.820417591911012730e-07,9.729431439126283913e-07,9.641455501402958325e-07,9.555044053988087253e-07,9.468945671691957583e-07,9.382080781733461904e-07,9.293520319896150647e-07,9.202465944628736787e-07,9.108232089007497017e-07,9.010230027819860462e-07,8.907954066320236597e-07,8.800969895615107759e-07,8.688905096657989593e-07,8.571441708810947329e-07,8.448310714614838744e-07,8.319288239427086845e-07,8.184193236493699458e-07,8.042886441855441177e-07,7.895270459594499729e-07,7.741288287285349382e-07,7.580915703525119367e-07,7.414163848050354025e-07,7.241085574039496918e-07,7.061783000443280550e-07,6.876416616083661929e-07,6.685216428858994585e-07,6.488495860133870616e-07,6.286669389074587298e-07,6.080275405352756905e-07,5.870006411708763483e-07,5.656749758539857146e-07,5.441643697112258685e-07,5.226156039392930880e-07,5.012196649017804284e-07,4.802281220792147559e-07,4.599773682795064746e-07,4.409250090409887901e-07,4.237050835570607779e-07,4.092123531051838187e-07,3.987308381913217605e-07,3.941281111837964347e-07,3.981447499914120015e-07,4.148215461645561095e-07,4.501419182226255127e-07,5.130605346513063917e-07,6.172772557324857976e-07,7.843853185444699804e-07,7.850760656030135607e-07,6.463618376418337287e-07,4.364238383082287636e-07,2.543650585856216790e-07,1.979471355827376298e-07,2.153722826739257718e-07,2.651879258287247516e-07,4.158065434498479442e-07,6.367199623449099841e-07,8.458142290918018175e-07,9.794802372287788273e-07,1.006066083046519354e-06,9.286001010562142277e-07,7.785772081792487526e-07,6.016357118776389331e-07,4.407517579342900400e-07,3.284347898246167412e-07,2.934391787311897520e-07,3.384659739664147133e-07,4.131944646154218493e-07,4.613206959858452732e-07,4.473131107598641566e-07,3.606781867950739430e-07,2.195140671217045205e-07,1.563797746132593998e-07,1.907725548101118470e-07,2.712529656925675483e-07,3.613657817311894997e-07,4.517914140460585200e-07,5.401608343081571990e-07,6.257342616624587279e-07,7.082056253082127622e-07,7.873910777119242051e-07,8.631374948126528332e-07,9.352937279541178960e-07,1.003701715609612148e-06,1.068194530288925962e-06,1.128597181042196772e-06,1.184728730305822616e-06,1.236405178893216012e-06,1.283442871627328954e-06,1.325662275015842819e-06,1.362892008509442806e-06,1.394973016818028142e-06,1.421762768382657010e-06,1.443139360801864331e-06,1.459005410992151568e-06,1.469291608099654174e-06,1.473959811931039135e-06,1.473005589559246905e-06,1.466460097793169538e-06,1.454391238847374705e-06,1.436904039865001583e-06,1.414140232738385067e-06,1.386277037649829272e-06,1.353525180686317243e-06,1.316126201733320101e-06,1.274349132950439948e-06,1.228486650358148858e-06,1.178850822106517320e-06,1.125768598653711122e-06,1.069577215674544357e-06,1.010619715474221088e-06,9.492408454723075730e-07,8.857836760721468008e-07,8.205874155108696161e-07,7.539871189502577472e-07,6.863163466248484766e-07,6.179144099887648641e-07,5.491408049573523818e-07,4.804010243730195416e-07,4.121906214851031439e-07,3.451690003491381254e-07,2.802825982003873688e-07,2.189725182966623147e-07,1.635325239126708566e-07,1.177402891066728514e-07,8.786001225973928941e-08,5.393680731948022415e-08,3.285691985405650309e-08,3.415681111805295588e-08,6.554061666710488617e-08,1.144840303717943896e-07,1.610924616076352070e-07,1.872033604502402517e-07,1.825080863882407573e-07,1.504087513277324564e-07,1.132665119458623732e-07,1.073494930848762803e-07,1.282343039139712042e-07,1.403960682287916894e-07,1.363936940075854434e-07,1.380588547558881047e-07,1.643495254667639742e-07,1.959735970590253841e-07,2.038022491777214263e-07,1.743315239375740120e-07,1.151045565267865335e-07,7.058246787594526842e-08,1.042313806648533565e-07,1.439164360668566246e-07,1.443624808269385465e-07,1.489609837196591477e-07,1.558955313107395701e-07,1.641906901715080829e-07,1.733049077084552957e-07,1.829146626855809089e-07,1.928097353573161990e-07,2.028439142690811572e-07,2.129113763501748890e-07,2.229345331889897835e-07,2.328569614576195249e-07,2.426386625646300694e-07,2.522524980758314794e-07,2.616813279235973613e-07,2.709156555336049302e-07,2.799516898864116160e-07,2.887897706336228308e-07,2.974331121625689125e-07,3.058868240614590843e-07,3.141571658560156142e-07,3.222509954786572861e-07,3.301753740212172326e-07,3.379372935170934390e-07,3.455434992416214383e-07,3.530003828225549198e-07,3.603139269701037930e-07,3.674896866644682201e-07,3.745327950885643689e-07,3.814479854545056114e-07,3.882396221831014111e-07,3.949117367203848239e-07,4.014684270415993953e-07,4.079153964856615247e-07,4.142604696108570392e-07,4.205137477007005790e-07,4.266877669203898787e-07,4.327976679881816359e-07,4.388613885641409425e-07,4.448998912146534965e-07,4.509374410790449242e-07,4.570019485469187465e-07,4.631253936813061427e-07,4.693443511524705362e-07,4.757006374518980455e-07,4.822421064838769666e-07,4.890236255495585115e-07,4.961082713478528616e-07,5.035687947526781569e-07,5.114894132318457532e-07,5.199679997819842686e-07,5.291187454747528245e-07,5.390753767279910316e-07,5.499950049781931508e-07,5.620626712123235183e-07,5.754966148909623367e-07,5.905542376244808850e-07,6.075386339998195495e-07,6.268054078105914731e-07,6.487692617986732137e-07,6.739095302580553304e-07,7.027734276111661705e-07,7.359753461026077270e-07,7.741899981125444922e-07,8.181359963011074808e-07,8.685425225421408013e-07,9.260800838706781647e-07,9.912092763745072670e-07,1.063855722149717512e-06,1.142778042488797790e-06
1.234747129970441601e-06,1.310307990506963777e-06,1.362595334534283502e-06,1.390854123026762659e-06,1.397344234386550788e-06,1.386222744739123368e-06,1.362344264471068603e-06,1.330351033359814235e-06,1.294147593245631490e-06,1.256704927255793312e-06,1.220085324882420813e-06,1.185582249859831838e-06,1.153897782155044805e-06,1.125312140048381294e-06,1.099824679605942267e-06,1.077261311394014518e-06,1.057351214377293341e-06,1.039778752406526035e-06,1.024216854002968657e-06,1.010347282688417854e-06,9.978720371664730020e-07,9.865189800853640081e-07,9.760438539899727194e-07,9.662301312002810355e-07,9.568876350704657674e-07,9.478505213257094117e-07,9.389749782869791054e-07,9.301368587573925891e-07,9.212293670523149563e-07,9.121608721883106410e-07,9.028528885225216637e-07,8.932382485523079597e-07,8.832594828615469193e-07,8.728674154537340565e-07,8.620199767753763997e-07,8.506812306500394010e-07,8.388206050156089253e-07,8.264123103041625582e-07,8.134349245092716443e-07,7.998711218109979604e-07,7.857075237765870439e-07,7.709346606708134056e-07,7.555467748508105652e-07,7.395409921783075445e-07,7.229174839409194481e-07,7.056799850260900989e-07,6.878364079061260286e-07,6.693995819410005201e-07,6.503881600538567751e-07,6.308277534436822567e-07,6.107523829085401368e-07,5.902063777363187816e-07,5.692469183784771201e-07,5.479475210914617577e-07,5.264029244952364153e-07,5.047360984689774587e-07,4.831085209328566226e-07,4.617355694022125604e-07,4.409100374368045915e-07,4.210387075109325353e-07,4.027000190868092194e-07,3.867356367958460905e-07,3.743952247801973398e-07,3.675604394665304426e-07,3.690762981035601916e-07,3.832107413357892080e-07,4.162636576519477872e-07,4.774331670317462734e-07,5.803149096909488687e-07,7.457816745209493329e-07,7.568268924776205277e-07,6.413747144812758413e-07,4.748085112575055861e-07,3.668288148130464871e-07,3.653860278326287341e-07,3.837113729985631050e-07,3.817129735390160660e-07,4.287252476572114528e-07,5.744306390190789187e-07,7.562395289093705314e-07,8.971290278337833448e-07,9.551214180772601524e-07,9.240541244751619753e-07,8.247049049174281825e-07,6.897269048338746231e-07,5.473421588644986303e-07,4.152262821917295662e-07,3.151918978855231877e-07,2.892398927896663107e-07,3.388455200116582386e-07,3.959985889883951350e-07,4.063833209128250034e-07,3.503747222854863766e-07,2.387896468636132160e-07,1.938190108733093451e-07,2.186283051220020848e-07,2.826929688485933593e-07,3.600558570440796630e-07,4.406629813344708022e-07,5.209720161447956168e-07,5.995705615085205560e-07,6.757915117705156637e-07,7.492543798055023580e-07,8.196965655138898017e-07,8.869052402653586772e-07,9.506880394816666405e-07,1.010860244025447330e-06,1.067239614803359765e-06,1.119645080172816629e-06,1.167897509602324109e-06,1.211821686366638512e-06,1.251248994364897176e-06,1.286020526190521400e-06,1.315990413597702271e-06,1.341029227961636492e-06,1.361027321517058638e-06,1.375897992614164479e-06,1.385580366797342025e-06,1.390041894019824131e-06,1.389280372807854004e-06,1.383325425580396465e-06,1.372239365731095032e-06,1.356117416081007366e-06,1.335087259189340222e-06,1.309307921896163338e-06,1.278968018504176861e-06,1.244283398473481902e-06,1.205494264989596096e-06,1.162861850325410377e-06,1.116664753285225829e-06,1.067195064872325155e-06,1.014754433653158320e-06,9.596502569533625508e-07,9.021922355962169775e-07,8.426896101365884025e-07,7.814495237861110717e-07,7.187771603977019297e-07,6.549786311890095421e-07,5.903681060112067986e-07,5.252815262415266598e-07,4.601006018589365199e-07,3.952930463643003204e-07,3.314788524907913961e-07,2.695395998133643320e-07,2.108040065123957283e-07,1.573920209503904259e-07,1.129869481200380297e-07,8.484337392314689501e-08,5.915383527584554222e-08,5.653805491235382902e-08,6.755188599658535050e-08,8.637153528035620071e-08,1.162888899999774622e-07,1.466621090362058327e-07,1.604219753363766563e-07,1.479649852777216823e-07,1.171790840726909583e-07,1.047687831855812894e-07,1.380242474841365454e-07,1.794131620442932308e-07,1.974312767110633389e-07,1.865610272912446729e-07,1.636142797955268637e-07,1.580271405991022953e-07,1.740664592852325109e-07,1.827588782659985041e-07,1.621413276158810879e-07,1.123168524879799872e-07,6.328123722030381534e-08,8.141125112272206167e-08,1.188634080696651062e-07,1.245427125707665537e-07,1.330405793652142841e-07,1.427909172486612798e-07,1.530766099862817749e-07,1.635742531844237663e-07,1.741304651103734000e-07,1.846630933457975318e-07,1.951203368148405510e-07,2.054648320337898581e-07,2.156678578500733522e-07,2.257073035931693227e-07,2.355668283569348590e-07,2.452352637595153985e-07,2.547059777852589937e-07,2.639761672169219923e-07,2.730461228493105538e-07,2.819185209356339739e-07,2.905977811838456083e-07,2.990895143527163222e-07,3.074000677395348755e-07,3.155361663398613761e-07,3.235046409882153948e-07,3.313122315069869250e-07,3.389654518601828555e-07,3.464705047167683128e-07,3.538332340522878380e-07,3.610591060177157120e-07,3.681532099939834409e-07,3.751202733574487749e-07,3.819646849150106876e-07,3.886905231906929109e-07,3.953019431664965085e-07,4.018046859262524573e-07,4.082065851473077385e-07,4.145177208517850898e-07,4.207505772083937501e-07,4.269202129969063634e-07,4.330444556800654744e-07,4.391441316814318156e-07,4.452433467472054522e-07,4.513698314836821969e-07,4.575553686432611275e-07,4.638363208430782509e-07,4.702542805175613043e-07,4.768568683844542430e-07,4.836987128185454391e-07,4.908426503914459510e-07,4.983611972943549852e-07,5.063383518709327430e-07,5.148717989988666882e-07,5.240755959118099776e-07,5.340834239007376994e-07,5.450524880489306574e-07,5.571681336093771638e-07,5.706492171049884729e-07,5.857542141267630341e-07,6.027879505376564808e-07,6.221086884364668749e-07,6.441350543278700437e-07,6.693519349059183826e-07,6.983139707805379086e-07,7.316446591269284348e-07,7.700282914162887034e-07,8.141905645122967973e-07,8.648599868737383927e-07,9.226917583503721448e-07,9.881112875487884992e-07,1.060991548387814806e-06,1.140035769930889991e-06
1.231870566900359568e-06,1.307155700591501933e-06,1.359008834110372307e-06,1.386623948017570679e-06,1.392247254440026292e-06,1.380087303692428817e-06,1.355091040653902295e-06,1.321995114990326428e-06,1.284774113207516270e-06,1.246436644199369095e-06,1.209054741997750426e-06,1.173913104811180575e-06,1.141695590113659225e-06,1.112661338287718558e-06,1.086789703884442727e-06,1.063889532874186523e-06,1.043676414307354005e-06,1.025824422404794356e-06,1.009999016494140488e-06,9.958767588400091781e-07,9.831562031964320370e-07,9.715630955428623602e-07,9.608520515258556361e-07,9.508061470979108955e-07,9.412353445829463660e-07,9.319743279835222213e-07,9.228800938551773635e-07,9.138295008379780696e-07,9.047168941201177159e-07,8.954518705493875235e-07,8.859572217192210798e-07,8.761670766330882778e-07,8.660252563424493620e-07,8.554838465085513385e-07,8.445019881017388578e-07,8.330448805544811816e-07,8.210829855866601739e-07,8.085914141745400959e-07,7.955494747280810907e-07,7.819403588211068049e-07,7.677509434594197737e-07,7.529716978941361982e-07,7.375964277317280427e-07,7.216213704216530201e-07,7.050452489967867288e-07,6.878696558929127488e-07,6.700995021338275447e-07,6.517435531774597113e-07,6.328150825650365931e-07,6.133326894677658061e-07,5.933213492281602274e-07,5.728138019109176836e-07,5.518524409003244670e-07,5.304919557463374376e-07,5.088031352583462599e-07,4.868784916596459212e-07,4.648408022504777767e-07,4.428564218310418887e-07,4.211565488130469865e-07,4.000719692292485183e-07,3.800908633690197681e-07,3.619559613703917380e-07,3.468270738042589079e-07,3.365447792923433030e-07,3.340276097699384861e-07,3.437921551174309724e-07,3.725100066352294078e-07,4.295813000721695531e-07,5.281777204735631472e-07,6.878050637896075551e-07,7.096454169684527377e-07,6.234761570004930304e-07,5.101758720468084575e-07,4.696173252369987897e-07,5.060535853013508073e-07,5.321835141704055391e-07,5.076377168930048511e-07,4.756477482203645525e-07,5.223333027828507790e-07,6.528298768462480423e-07,7.909862965313918119e-07,8.786215563673808425e-07,8.963751883696103423e-07,8.521912327387195938e-07,7.652634444382106531e-07,6.516959666502678523e-07,5.202992238307965507e-07,3.829714805614284353e-07,2.759487250949548947e-07,2.594028943187137979e-07,3.110748608974741758e-07,3.467646743655568981e-07,3.258286666587508952e-07,2.470900294687603385e-07,2.198554612861230812e-07,2.416618506055112917e-07,2.942877698834967928e-07,3.606712758458262751e-07,4.320711484611618065e-07,5.045758196513691403e-07,5.763514623567692240e-07,6.464497800358241114e-07,7.143195426190614803e-07,7.795965039136575279e-07,8.420075166310293775e-07,9.013247671805203047e-07,9.573435099205434346e-07,1.009871467575739733e-06,1.058724307466685825e-06,1.103724410561738641e-06,1.144701482128549005e-06,1.181494211679772424e-06,1.213952525937117855e-06,1.241940153186065810e-06,1.265337309097293281e-06,1.284043362714896306e-06,1.297979367930387885e-06,1.307090361860536796e-06,1.311347343475226085e-06,1.310748857031114581e-06,1.305322117092218060e-06,1.295123625835927009e-06,1.280239248971794025e-06,1.260783733569617831e-06,1.236899668834468727e-06,1.208755908765442616e-06,1.176545493162938692e-06,1.140483120286394645e-06,1.100802240631240276e-06,1.057751857301575088e-06,1.011593135490734425e-06,9.625959437575973894e-07,9.110354765021948075e-07,8.571891455538919273e-07,8.013339871136920444e-07,7.437449207540219216e-07,6.846943389731415270e-07,6.244537297004646796e-07,5.632983919886374353e-07,5.015168924312971682e-07,4.394279307792909248e-07,3.774092700191997900e-07,3.159480417044480873e-07,2.557355435195252935e-07,1.978810383650993401e-07,1.445478254748129267e-07,1.013848865174407288e-07,8.484881535146845817e-08,8.960050565561285870e-08,1.086821744852856127e-07,1.197640989773406789e-07,1.195517509992684886e-07,1.186870177558481611e-07,1.223900539658224688e-07,1.195311641746899834e-07,9.888612309612898736e-08,7.459169540790835886e-08,1.009843014473196276e-07,1.641952365060559479e-07,2.177119067108392483e-07,2.393817166903780099e-07,2.240900600253781885e-07,1.840148782201107008e-07,1.482679237873878251e-07,1.429132033923782976e-07,1.509278456684602505e-07,1.405189741674308330e-07,1.026823167471266559e-07,5.570190733023997287e-08,6.072084755224065868e-08,9.575162206303764909e-08,1.060511686371837392e-07,1.180099710675459905e-07,1.302740263554145026e-07,1.423583715398715160e-07,1.541287381083290214e-07,1.655753799091469027e-07,1.767234230268782210e-07,1.876006811462927223e-07,1.982284537143777100e-07,2.086208209789991266e-07,2.187865172428259566e-07,2.287311069169705776e-07,2.384587147116278215e-07,2.479731728621659667e-07,2.572786667505480759e-07,2.663800151698310408e-07,2.752827135334514061e-07,2.839928408631154784e-07,2.925169020643375654e-07,3.008616521591230992e-07,3.090339302891020565e-07,3.170405180026145377e-07,3.248880275401784630e-07,3.325828204046386932e-07,3.401309534569184024e-07,3.475381483313367424e-07,3.548097795312374961e-07,3.619508767311632703e-07,3.689661372943833004e-07,3.758599456318870462e-07,3.826363966693595211e-07,3.892996718246111344e-07,3.958555211183433181e-07,4.023117613741645120e-07,4.086784288107778121e-07,4.149679367759341597e-07,4.211952470770608373e-07,4.273780656655678658e-07,4.335370750631705330e-07,4.396962171919415718e-07,4.458830414989984246e-07,4.521291347890786829e-07,4.584706513598992511e-07,4.649489652573553392e-07,4.716114710922707547e-07,4.785125661717411235e-07,4.857148548186282848e-07,4.932906255362915877e-07,5.013236625867839150e-07,5.099114645480737883e-07,5.191679518598506086e-07,5.292267509620964418e-07,5.402451413612035286e-07,5.524087398899984153e-07,5.659369680739242814e-07,5.810892953350620482e-07,5.981721583908155575e-07,6.175463016286131633e-07,6.396340279521598614e-07,6.649254484268555475e-07,6.939822300515750559e-07,7.274365434859549919e-07,7.659818683020609823e-07,8.103507012955700314e-07,8.612706565679620407e-07,9.193811624420085769e-07,9.850710963491210117e-07,1.058157912827165885e-06,1.137285332337849092e-06
1.228923236472160949e-06,1.303868693862048259e-06,1.355233969395125455e-06,1.382173163396987859e-06,1.386923452573874519e-06,1.373743680509623858e-06,1.347668056299716665e-06,1.313520774268717789e-06,1.275339635173581386e-06,1.236165302122250190e-06,1.198075744114283709e-06,1.162344785329600436e-06,1.129637292014361992e-06,1.100191457390334274e-06,1.073967275238228429e-06,1.050757389573397337e-06,1.030264698749210340e-06,1.012153819851891426e-06,9.960834618339428119e-07,9.817255781136956346e-07,9.687757490442896140e-07,9.569579682915408011e-07,9.460259977600511266e-07,9.357627143760627840e-07,9.259783544846283610e-07,9.165082144503142393e-07,9.072101413855315100e-07,8.979620076625490156e-07,8.886592785623495605e-07,8.792127337434882620e-07,8.695463761237772261e-07,8.595955468686603826e-07,8.493052564579053458e-07,8.386287356355724985e-07,8.275262044895225684e-07,8.159638521666961428e-07,8.039130138194500880e-07,7.913495258667214072e-07,7.782532365224524728e-07,7.646076471036839829e-07,7.503996625012060055e-07,7.356194383351808815e-07,7.202600583744732304e-07,7.043165497275196406e-07,6.877858215051416783e-07,6.706669036568288385e-07,6.529612166999645842e-07,6.346728837558451196e-07,6.158091027286531891e-07,5.963806066908579375e-07,5.764022570321764866e-07,5.558938409381115843e-07,5.348811897683348061e-07,5.133978113344837074e-07,4.914873615116995633e-07,4.692075148794524310e-07,4.466362169890199876e-07,4.238820788771655903e-07,4.011021281264153810e-07,3.785328699679071099e-07,3.565457447830397335e-07,3.357473574810009668e-07,3.171600137647175012e-07,3.025360452044662438e-07,2.948555953124256574e-07,2.989596097095878054e-07,3.220302876904819501e-07,3.736294271721460302e-07,4.659922342506498702e-07,6.163318840428753973e-07,6.474847956165328904e-07,5.907647704884803231e-07,5.287735568697485955e-07,5.438428972402949406e-07,6.134296040722926215e-07,6.553382105914091065e-07,6.289779071241441556e-07,5.553805975570104899e-07,5.100667016622755909e-07,5.611011320096151924e-07,6.756453516811265250e-07,7.819720981496534575e-07,8.422424284821077771e-07,8.497315986116598018e-07,8.111319777491954632e-07,7.331023869232968222e-07,6.186583254249436392e-07,4.737880472210304076e-07,3.195802827562160574e-07,2.115783046436587035e-07,2.192459528214962683e-07,2.732425875555439137e-07,2.878416325494524912e-07,2.430396842306150461e-07,2.335749002815751723e-07,2.569604704671359741e-07,3.029797145920456415e-07,3.610835968620318588e-07,4.246310135127414221e-07,4.900458304051776660e-07,5.554182323841085556e-07,6.196771386410463351e-07,6.821743148318364403e-07,7.424788134592309800e-07,8.002736167650441746e-07,8.553027253356983484e-07,9.073439004798603472e-07,9.561948441229715916e-07,1.001666601270909036e-06,1.043580929687164385e-06,1.081769886185763207e-06,1.116076662738639663e-06,1.146357120799925459e-06,1.172481694374751812e-06,1.194337451741599743e-06,1.211830170192272615e-06,1.224886313583306828e-06,1.233454823163025939e-06,1.237508645958614639e-06,1.237045936309908978e-06,1.232090877180511266e-06,1.222694079689713067e-06,1.208932532177986649e-06,1.190909083895861561e-06,1.168751462707644401e-06,1.142610840552635015e-06,1.112659974349731034e-06,1.079090963217333523e-06,1.042112675148461656e-06,1.001947907734075307e-06,9.588303586071439442e-07,9.130014928442170875e-07,8.647074079767875249e-07,8.141958145275132009e-07,7.617132739027347046e-07,7.075028699835177289e-07,6.518025416771015739e-07,5.948443808470231581e-07,5.368553244515315948e-07,4.780598993791877834e-07,4.186862048024101862e-07,3.589778420358655548e-07,2.992198157560408225e-07,2.398076966728438325e-07,1.814870336910001905e-07,1.264233295466457577e-07,8.399443060719404855e-08,8.669833442753026541e-08,1.208615487311781518e-07,1.533407381565488136e-07,1.634001033801326608e-07,1.486527845719259485e-07,1.198215329215821125e-07,9.201887384657541797e-08,6.874893156919860021e-08,3.996600338200948318e-08,4.239089114351887422e-08,1.088999939779169846e-07,1.834661231566805607e-07,2.406685332777520256e-07,2.634351126573738385e-07,2.456189013982999145e-07,1.952926025268132394e-07,1.363098301557000344e-07,1.060124097544487633e-07,1.121725852761951546e-07,1.135359941966130592e-07,8.925595164698002707e-08,4.850555322807406750e-08,4.311732425248849001e-08,7.584730564390970719e-08,8.997104920490542049e-08,1.047390750934364061e-07,1.190209280032479290e-07,1.325504150028421155e-07,1.453528258821528574e-07,1.575317829433899999e-07,1.691945214365042781e-07,1.804293812991689793e-07,1.913026156798955943e-07,2.018616512515862976e-07,2.121397782916701650e-07,2.221604378212485455e-07,2.319405790585871848e-07,2.414930729120145625e-07,2.508283414249784995e-07,2.599553966582751833e-07,2.688824625220225344e-07,2.776173173980951906e-07,2.861674596216218313e-07,2.945401676153597608e-07,3.027425029301749418e-07,3.107812871141500684e-07,3.186630711061787486e-07,3.263941075540068444e-07,3.339803310542706316e-07,3.414273479627950529e-07,3.487404354821616743e-07,3.559245487242916336e-07,3.629843340285798812e-07,3.699241467555528839e-07,3.767480719140295733e-07,3.834602909380385513e-07,3.900665376839214895e-07,3.965745893072840522e-07,4.029944182690166280e-07,4.093383503156343157e-07,4.156212368056125024e-07,4.218606520059040079e-07,4.280771275762247215e-07,4.342944377118670903e-07,4.405399496473841315e-07,4.468450557750981610e-07,4.532457058747528378e-07,4.597830612709020921e-07,4.665042975023891889e-07,4.734635885965971195e-07,4.807233144213251831e-07,4.883555426995373418e-07,4.964438485843230841e-07,5.050855461625264797e-07,5.143944162533793916e-07,5.245040211308342901e-07,5.355716964026367231e-07,5.477832994718268406e-07,5.613587675536922750e-07,5.765584877253013822e-07,5.936903920264534844e-07,6.131175355742673531e-07,6.352656511300313068e-07,6.606297374170912580e-07,6.897780612816401297e-07,7.233509817850193230e-07,7.620506928955254181e-07,8.066161120799321011e-07,8.577736798476951042e-07,9.161466468895673594e-07,9.820862596078171946e-07,1.055351973385695864e-06,1.134524181995227975e-06
1.225903419842027618e-06,1.300445923428339382e-06,1.351269808814756169e-06,1.377500996830380445e-06,1.381372781788408385e-06,1.367193139190591526e-06,1.340078110806811686e-06,1.304932133575127729e-06,1.265849096208938913e-06,1.225896047696605130e-06,1.187153139746191548e-06,1.150881350418542663e-06,1.117725938975868114e-06,1.087904414472579499e-06,1.061358147284194189e-06,1.037864502662218011e-06,1.017114618548661836e-06,9.987644974945862821e-07,9.824668137773228922e-07,9.678894939949405507e-07,9.547256031073863718e-07,9.426977327306527602e-07,9.315590510740651005e-07,9.210924220857533996e-07,9.111084821251589743e-07,9.014432173707319483e-07,8.919553636880098852e-07,8.825238135010825680e-07,8.730451324273479966e-07,8.634312416198371097e-07,8.536072959269502542e-07,8.435097738672074038e-07,8.330847871524115019e-07,8.222866115825458258e-07,8.110764357347700783e-07,7.994213182605502571e-07,7.872933388407896158e-07,7.746689225080954611e-07,7.615283130859190372e-07,7.478551701742364541e-07,7.336362669698311296e-07,7.188612751062162762e-07,7.035223712344237406e-07,6.876131722029391610e-07,6.711285576561510632e-07,6.540647609940479861e-07,6.364194553693262824e-07,6.181918356266239544e-07,5.993826998061706563e-07,5.799945389040088747e-07,5.600316528734592932e-07,5.395003277990463092e-07,5.184091401604797077e-07,4.967695111988989999e-07,4.745967407865946661e-07,4.519119512071653707e-07,4.287457570343771880e-07,4.051452302116309764e-07,3.811872232884948944e-07,3.570041188711883579e-07,3.328341548596379395e-07,3.091206181956084119e-07,2.867069661856374977e-07,2.672093513845903302e-07,2.536612165692745651e-07,2.513599412330254804e-07,2.682630544146387300e-07,3.140466506289613046e-07,3.991996256413014466e-07,5.374325358948344042e-07,5.743960659110299671e-07,5.422957625960395730e-07,5.236264157147657380e-07,5.844632975473373671e-07,6.862093766579727727e-07,7.511140720161892430e-07,7.381982170907698209e-07,6.540306544160943779e-07,5.504169379360239040e-07,5.099219889058297536e-07,5.690604298905721440e-07,6.725372462124439377e-07,7.618342277890435040e-07,8.130609652358619979e-07,8.210842077290556097e-07,7.842208310009102567e-07,6.997050283386905445e-07,5.683760775920029420e-07,4.024492219255591355e-07,2.338942829634521801e-07,1.432436966061536030e-07,1.905366455046354063e-07,2.383918905249047353e-07,2.275020651209646880e-07,2.360556819983815227e-07,2.642603025015656849e-07,3.075688629116909907e-07,3.601044086000216797e-07,4.174064885542660103e-07,4.766695979805674929e-07,5.362135989532850090e-07,5.950169714332440789e-07,6.524263724773727817e-07,7.079922437042183872e-07,7.613784261752507068e-07,8.123129878569977954e-07,8.605617376144862710e-07,9.059142536385202357e-07,9.481768608533700268e-07,9.871694973851986550e-07,1.022724773233055337e-06,1.054688268261076988e-06,1.082919523580774945e-06,1.107293402894426522e-06,1.127701621710309200e-06,1.144054308430432538e-06,1.156281497680164868e-06,1.164334477167616847e-06,1.168186922796531452e-06,1.167835767092969176e-06,1.163301755553428942e-06,1.154629655371169655e-06,1.141888091515699202e-06,1.125168996267880966e-06,1.104586669748589726e-06,1.080276460300256457e-06,1.052393084325363758e-06,1.021108614902533475e-06,9.866101767749727523e-07,9.490973917577782342e-07,9.087796228518926606e-07,8.658730668853335157e-07,8.205977435231449070e-07,7.731744215416759061e-07,7.238215086599079604e-07,6.727519041000388895e-07,6.201697650612011167e-07,5.662670564072048580e-07,5.112196213150194901e-07,4.551823288535028541e-07,3.982827242347057606e-07,3.406131135003212328e-07,2.822249355614484868e-07,2.231502071015705724e-07,1.635905800288812136e-07,1.052237989128021951e-07,6.226528226390345043e-08,8.924619561070099740e-08,1.454919725715600661e-07,1.860146139337119074e-07,1.939764277216757270e-07,1.678376816412296479e-07,1.179607334117136560e-07,6.150547287885568268e-08,1.366235434019044177e-08,2.449250448903632538e-08,6.891168983269261201e-08,1.292253914058184974e-07,1.952385690502589021e-07,2.475011935616185245e-07,2.684796477944312708e-07,2.497524209591648763e-07,1.955483637837100794e-07,1.233024510482024971e-07,6.776313941868003197e-08,7.157515558922184388e-08,8.690542427988125779e-08,7.593781695058062966e-08,4.261536968278680340e-08,2.872512191774079235e-08,5.980102754146619462e-08,7.696029387424478035e-08,9.378700331972464520e-08,1.094841624532973661e-07,1.240101450836127993e-07,1.375231168506061861e-07,1.502096149097651031e-07,1.622326904933522570e-07,1.737205455723032254e-07,1.847689203727510422e-07,1.954473919831161276e-07,2.058059200426919803e-07,2.158804036921013080e-07,2.256969853466120605e-07,2.352752048546070559e-07,2.446302205474945071e-07,2.537743218174494014e-07,2.627179274140713783e-07,2.714702234712786464e-07,2.800395571823692038e-07,2.884336701316261882e-07,2.966598302713683687e-07,3.047249027430369278e-07,3.126353860819042915e-07,3.203974306912339206e-07,3.280168498308958048e-07,3.354991289264053540e-07,3.428494361340218361e-07,3.500726353178660411e-07,3.571733015544923029e-07,3.641557387264998919e-07,3.710239985222755326e-07,3.777822390806017571e-07,3.844361559924848579e-07,3.909934666509213236e-07,3.974640621601695145e-07,4.038601658534675729e-07,4.101965067596770481e-07,4.164905185491750477e-07,4.227625760338766417e-07,4.290362825186760146e-07,4.353388225250695244e-07,4.417013959786177381e-07,4.481597522465277328e-07,4.547548458240544968e-07,4.615336403767531079e-07,4.685500945522378144e-07,4.758663716197004779e-07,4.835543254430393434e-07,4.916973270100744318e-07,5.003925076778338125e-07,5.097535058138235158e-07,5.199138103675307772e-07,5.310307952411464517e-07,5.432905285513586263e-07,5.569134160082696676e-07,5.721606894967248107e-07,5.893416652647046383e-07,6.088215420774660369e-07,6.310292377906199622e-07,6.564642957418833948e-07,6.857011332791392177e-07,7.193877640721015888e-07,7.582345440642570311e-07,8.029863369837776973e-07,8.543680647604604741e-07,9.129864380420371013e-07,9.791542019688037492e-07,1.052570725076880195e-06,1.131749582295631835e-06
1.222809238711075706e-06,1.296886309320533804e-06,1.347115562887377024e-06,1.372606966390360705e-06,1.375595555541649067e-06,1.360437275828641254e-06,1.332324218396415558e-06,1.296233355073339449e-06,1.256307278954477254e-06,1.215633692769310990e-06,1.176291256895408385e-06,1.139526276160643694e-06,1.105963939274671430e-06,1.075801460069095165e-06,1.048962411012228352e-06,1.025209853948996870e-06,1.004224120719036837e-06,9.856534467734055033e-07,9.691451807520176136e-07,9.543637919687659464e-07,9.410002734386393004e-07,9.287761506419076066e-07,9.174442452679187264e-07,9.067875835826410387e-07,8.966173196049652843e-07,8.867702009390063554e-07,8.771058870964538714e-07,8.675042961203470487e-07,8.578630760396394161e-07,8.480952526746182387e-07,8.381270806863222599e-07,8.278961113993023656e-07,8.173494830938181375e-07,8.064424337907388183e-07,7.951370312919437637e-07,7.834011097404171086e-07,7.712073963121986217e-07,7.585328064256995070e-07,7.453578819758715172e-07,7.316663457604552904e-07,7.174447479001208549e-07,7.026821883929022005e-07,6.873698522254355815e-07,6.714998695417725423e-07,6.550650272706988806e-07,6.380587173444927882e-07,6.204748454483128826e-07,6.023076911286628091e-07,5.835517092653440422e-07,5.642012630289045347e-07,5.442502807610706204e-07,5.236918362578972754e-07,5.025176687582681167e-07,4.807176956517767476e-07,4.582796478757593697e-07,4.351891166589377312e-07,4.114306266360264190e-07,3.869910260392606282e-07,3.618679022049945299e-07,3.360887573654549903e-07,3.097532626420757019e-07,2.831253890585000896e-07,2.568335515751484684e-07,2.322977302216521176e-07,2.125711915548240334e-07,2.035900372166687123e-07,2.145674585130670057e-07,2.552340565566854441e-07,3.330646717609091213e-07,4.568577738178910409e-07,4.943143136953572048e-07,4.783968116772174740e-07,4.930819938497164490e-07,5.925826183390993673e-07,7.264888475560572664e-07,8.194383046646463980e-07,8.297890705801154309e-07,7.549199191569361570e-07,6.282088278552935485e-07,5.159471777479671910e-07,4.925854249893427570e-07,5.613934525263373812e-07,6.600889614553266038e-07,7.445692807015717525e-07,7.963809367423217769e-07,8.045349221422453455e-07,7.587738241290717927e-07,6.536121380727205984e-07,4.953652163171397019e-07,3.061317191028840010e-07,1.288692886350738576e-07,1.028940807614299650e-07,1.820532088966738516e-07,2.043886567873893746e-07,2.306667389030341726e-07,2.654530530726707633e-07,3.085761994608139850e-07,3.576038498340513852e-07,4.100471056284554362e-07,4.640465949114567470e-07,5.183435677655299979e-07,5.720969451279903079e-07,6.247262787162794965e-07,6.758072246605810933e-07,7.250081690156104271e-07,7.720534978545982893e-07,8.167029329195064585e-07,8.587402571736982453e-07,8.979674529256982818e-07,9.342019438399941512e-07,9.672756155018576956e-07,9.970348541189526025e-07,1.023341162110947165e-06,1.046072087244466728e-06,1.065122299950432032e-06,1.080404706981195751e-06,1.091851518956020862e-06,1.099415206172162101e-06,1.103069287833035673e-06,1.102808908144175141e-06,1.098651160424267613e-06,1.090635128339662051e-06,1.078821621866354112e-06,1.063292594526939488e-06,1.044150237542670824e-06,1.021515755357749618e-06,9.955278350295916282e-07,9.663408286636340571e-07,9.341226727433929150e-07,8.990525700458199287e-07,8.613184577195037202e-07,8.211142773720831264e-07,7.786370470241611627e-07,7.340837062164166696e-07,6.876476572138471963e-07,6.395148451381555600e-07,5.898590880794120814e-07,5.388361524251026393e-07,4.865757185882252447e-07,4.331698295215290072e-07,3.786556046316717157e-07,3.229890890378479068e-07,2.660074452464782568e-07,2.073863532944090235e-07,1.466728688753804171e-07,8.417358299899886591e-08,3.799323799011397861e-08,9.173157764103595519e-08,1.612682198358071258e-07,2.052033303467212577e-07,2.099350221184003637e-07,1.749714644366895048e-07,1.119508184898383817e-07,4.387621934780397929e-08,4.421418173752188675e-08,8.722369950645559135e-08,1.208091639820977397e-07,1.565684378904416916e-07,2.001751099481166440e-07,2.391207564429849197e-07,2.551397099537855653e-07,2.367862669228007845e-07,1.844635056203053165e-07,1.101765360505334485e-07,3.573935415209422891e-08,3.850022098383464250e-08,6.853987519742663803e-08,6.681809282763262313e-08,3.882583503708730788e-08,1.686869291245098736e-08,4.794212131175145126e-08,6.737251479400397423e-08,8.544883502965182767e-08,1.019075167306375637e-07,1.169375960613383821e-07,1.308011133782897788e-07,1.437366074458176227e-07,1.559367242051905353e-07,1.675488274551241381e-07,1.786824048773706180e-07,1.894175289118652635e-07,1.998123841948193574e-07,2.099093279245257670e-07,2.197395101610907412e-07,2.293262724657560800e-07,2.386875815386302513e-07,2.478377330004928240e-07,2.567885199519698867e-07,2.655500187078151990e-07,2.741311067888267180e-07,2.825397977499707460e-07,2.907834535984546575e-07,2.988689175182689848e-07,3.068025962883658699e-07,3.145905121353295716e-07,3.222383369177580853e-07,3.297514167821411703e-07,3.371347921956399617e-07,3.443932161183763963e-07,3.515311717028247786e-07,3.585528900621451059e-07,3.654623681601348133e-07,3.722637199215048422e-07,3.789625830537318521e-07,3.855665974682942034e-07,3.920855574704690871e-07,3.985315710544959197e-07,4.049192346448907342e-07,4.112658337441811523e-07,4.175915814361337575e-07,4.239199078777526952e-07,4.302778151205138631e-07,4.366963131832638951e-07,4.432109556387963355e-07,4.498624964756116281e-07,4.566976950434380297e-07,4.637703027982642974e-07,4.711422744778490968e-07,4.788852571302089443e-07,4.870824225459145766e-07,4.958307210464888029e-07,5.052436455971659342e-07,5.154546025879970812e-07,5.266209865500521481e-07,5.389290470854867536e-07,5.525996126626822420e-07,5.678946897338264653e-07,5.851248714392718443e-07,6.046573373737378734e-07,6.269239481474415753e-07,6.524284443765956592e-07,6.817509255415745962e-07,7.155464826000066096e-07,7.545330072632786152e-07,7.994607414323379260e-07,8.510526720393662190e-07,9.098986370857751030e-07,9.762722236084949269e-07,1.049811013417065600e-06,1.128958619248904270e-06
1.219638658461183589e-06,1.293188736256734173e-06,1.342770584128113839e-06,1.367490883930554524e-06,1.369592449949215839e-06,1.353478014431900104e-06,1.324409595946141466e-06,1.287428623145960416e-06,1.246718793581495475e-06,1.205382700853595611e-06,1.165493937776318432e-06,1.128282460551300042e-06,1.094353073486682664e-06,1.063883202569769142e-06,1.036779526825896535e-06,1.012791823601924430e-06,9.915905899946763152e-07,9.728171415912243952e-07,9.561142005118883659e-07,9.411433339953901748e-07,9.275938911940372383e-07,9.151866528991220948e-07,9.036743288895970622e-07,8.928402728321657459e-07,8.824962663474254148e-07,8.724798849077910349e-07,8.626517439087434087e-07,8.528927924233651981e-07,8.431017453272709813e-07,8.331927012189868315e-07,8.230929700891766024e-07,8.127411220385581615e-07,8.020852609169791435e-07,7.910815213040968177e-07,7.796927821183644857e-07,7.678875847345954115e-07,7.556392379220867834e-07,7.429250867556176158e-07,7.297259187795493817e-07,7.160254792283863388e-07,7.018100693425770703e-07,6.870682093370328602e-07,6.717901049054974532e-07,6.559664417586065959e-07,6.395879970794395791e-07,6.226454576956193672e-07,6.051291681283611388e-07,5.870287906440592770e-07,5.683328556130774588e-07,5.490281763970403291e-07,5.290990993348410778e-07,5.085265578329222973e-07,4.872869037399538015e-07,4.653505068955901735e-07,4.426801614190045334e-07,4.192294496340541250e-07,3.949414656617525189e-07,3.697488526373705911e-07,3.435773250883671302e-07,3.163575849578191717e-07,2.880568813352021335e-07,2.587567120280771368e-07,2.288410043222828467e-07,1.994518928526439154e-07,1.735545778846335823e-07,1.579138540289559737e-07,1.638810333734024285e-07,2.011601343170832822e-07,2.722428271705011073e-07,3.796908445114790700e-07,4.110535999805668946e-07,4.007870407266859638e-07,4.396011678871208896e-07,5.733786424621315546e-07,7.388787459410064979e-07,8.615156320880204727e-07,8.992942194905599845e-07,8.438901930893099695e-07,7.173059323418282150e-07,5.679154932425677651e-07,4.656059056177252663e-07,4.668726645397229088e-07,5.488256593785416191e-07,6.532453517119094076e-07,7.439167639752947168e-07,7.974390674180401172e-07,7.938213691055856613e-07,7.201859549604240629e-07,5.780348310663570341e-07,3.866004105054126872e-07,1.797299533464349901e-07,1.432646124407810414e-08,1.310312081014284804e-07,1.820483435272599740e-07,2.231887872553479775e-07,2.640929305230654686e-07,3.077930584679795696e-07,3.543011918959724681e-07,4.027130819797177901e-07,4.520666078026840735e-07,5.015743407586095677e-07,5.506317424688257688e-07,5.987717244360351056e-07,6.456202414917144389e-07,6.908645066559296294e-07,7.342327708863561015e-07,7.754822525671317796e-07,8.143922665004363724e-07,8.507605197419334229e-07,8.844012952567383241e-07,9.151447526505160694e-07,9.428368893928435925e-07,9.673398905423262942e-07,9.885326996485804020e-07,1.006311701217722612e-06,1.020591436351018159e-06,1.031305290120300810e-06,1.038406099024605542e-06,1.041866633487568166e-06,1.041679915976717295e-06,1.037859341039454420e-06,1.030438569795725361e-06,1.019471178254829645e-06,1.005030046045620614e-06,9.872064794248293181e-07,9.661090693084584010e-07,9.418622910112079833e-07,9.146048567189392617e-07,8.844878336267951448e-07,8.516725390324529567e-07,8.163282168789611050e-07,7.786294858821447552e-07,7.387535236903987567e-07,6.968769085152558966e-07,6.531719696734170414e-07,6.078023857976605604e-07,5.609175885072955047e-07,5.126452382722135843e-07,4.630805699443534736e-07,4.122706481388767624e-07,3.601903554002905807e-07,3.067050124497907306e-07,2.515116599906021628e-07,1.940477267430151079e-07,1.333598235312568320e-07,6.805067796590459614e-08,1.432764913871386250e-08,9.379145226379850615e-08,1.677605312923013642e-07,2.108390386783826309e-07,2.112897423741693385e-07,1.697902542171382545e-07,1.014359240223959066e-07,5.391358438415892425e-08,9.594950165662957438e-08,1.443541049670987857e-07,1.712112225647085759e-07,1.847924624079155425e-07,1.999122739219238497e-07,2.182109273354239296e-07,2.257868390887562485e-07,2.085965367492695255e-07,1.630688690841359850e-07,9.759585864376750973e-08,3.125655184127186495e-08,3.704172838999886481e-08,6.521592079137099183e-08,6.400563551027243059e-08,3.718530817367476600e-08,6.606715187204233329e-09,4.082446769907901778e-08,6.141480289880158344e-08,7.981987463225625784e-08,9.635558536961456200e-08,1.113883013633304131e-07,1.252373844435603850e-07,1.381579304814205422e-07,1.503453777362411751e-07,1.619460401237985761e-07,1.730680330437864275e-07,1.837907396609706599e-07,1.941723982186830101e-07,2.042559298036318062e-07,2.140732947411809289e-07,2.236486855536479869e-07,2.330008299059190465e-07,2.421446279311464678e-07,2.510923004836065649e-07,2.598541835903494271e-07,2.684392707738167287e-07,2.768555784542694925e-07,2.851103892489457079e-07,2.932104125326552680e-07,3.011618900850130491e-07,3.089706661515129924e-07,3.166422350762272109e-07,3.241817752527906454e-07,3.315941750390909120e-07,3.388840541422701052e-07,3.460557825387035993e-07,3.531134980483611345e-07,3.600611230855068181e-07,3.669027084463827231e-07,3.736438165072606903e-07,3.802919941297395134e-07,3.868569253943139808e-07,3.933505918542350946e-07,3.997874486648057885e-07,4.061846269890559678e-07,4.125621745100845457e-07,4.189433470213614127e-07,4.253549652509421314e-07,4.318278526617546674e-07,4.383973723484335186e-07,4.451040847333822223e-07,4.519945529494169509e-07,4.591223299070951294e-07,4.665491702382377694e-07,4.743465214535942317e-07,4.825973612033893423e-07,4.913984603975477058e-07,5.008631634347446749e-07,5.111247846222930602e-07,5.223407212406323978e-07,5.346973752603863426e-07,5.484159529552353348e-07,5.637591669314059050e-07,5.810387829619294684e-07,6.006238024910782189e-07,6.229487893156881777e-07,6.485213314081990446e-07,6.779267265483859300e-07,7.118265274606727287e-07,7.509454673516506567e-07,7.960385075259171556e-07,8.478262082077760681e-07,9.068812189520700119e-07,9.734375073642280546e-07,1.047069547550489323e-06,1.126148213493007465e-06
1.216388059597105396e-06,1.289350289880632710e-06,1.338232366558022387e-06,1.362150739254953514e-06,1.363362391828868741e-06,1.346315599023821820e-06,1.316335832372518911e-06,1.278520536163017713e-06,1.237086712117287441e-06,1.195146064833218496e-06,1.154763647548296596e-06,1.117151543211286393e-06,1.082894001638735249e-06,1.052149278665573803e-06,1.024808135303598089e-06,1.000608120332524827e-06,9.792108799697308086e-07,9.602516543496991441e-07,9.433692272156024012e-07,9.282228046913311292e-07,9.145005055918296712e-07,9.019226742177451494e-07,8.902421318803687865e-07,8.792427159437532363e-07,8.687369392311605812e-07,8.585632676000706172e-07,8.485833030091400247e-07,8.386790317533648364e-07,8.287502231180983838e-07,8.187120221199782793e-07,8.084927576318062735e-07,7.980319752078648208e-07,7.872786968820437578e-07,7.761899049665786113e-07,7.647292418620242051e-07,7.528659125617609706e-07,7.405737710278083972e-07,7.278305664848421503e-07,7.146173217535568783e-07,7.009178140397253857e-07,6.867181302953412680e-07,6.720062757653443295e-07,6.567715779678173314e-07,6.410034287141694007e-07,6.246908110627126728e-07,6.078220065766534892e-07,5.903842076835120565e-07,5.723630106510972706e-07,5.537417586994101975e-07,5.345006976292806973e-07,5.146158983107555114e-07,4.940578923403075515e-07,4.727899614957778118e-07,4.507660237317351718e-07,4.279280803659665847e-07,4.042032568644612179e-07,3.795006400760635809e-07,3.537085145689870419e-07,3.266935227487741477e-07,2.983054310599057948e-07,2.683964360920232840e-07,2.368775331385865135e-07,2.038724935807495609e-07,1.701449481141451434e-07,1.383217260608505274e-07,1.160339064866880801e-07,1.184442673032037293e-07,1.550779064923899506e-07,2.204404961426890063e-07,3.102740615025616933e-07,3.286139275372760493e-07,3.125070559901623989e-07,3.689650891254136312e-07,5.349183003275548957e-07,7.293941034912516366e-07,8.791277887221796367e-07,9.431970096003662375e-07,9.105320816574906042e-07,7.969910322508428018e-07,6.397521485077269583e-07,4.918720013895716042e-07,4.171520888710749753e-07,4.509889175198357459e-07,5.554293579834286392e-07,6.748719267125342855e-07,7.683676424567282784e-07,8.040263607297269953e-07,7.613306360360039622e-07,6.379610213559654118e-07,4.530020506118448443e-07,2.442580072251570951e-07,7.462571238866008534e-08,1.169717131258660268e-07,1.737088589484309156e-07,2.210222731565917120e-07,2.645126702510152244e-07,3.075739896627609941e-07,3.513286549934148497e-07,3.958384126310434496e-07,4.407874889018877654e-07,4.857707462409994497e-07,5.303928860241086357e-07,5.742935697281248927e-07,6.171482583499695801e-07,6.586632480761473351e-07,6.985707126185965555e-07,7.366250617224805935e-07,7.726005662022480269e-07,8.062899189671128602e-07,8.375034328352639379e-07,8.660686636433759382e-07,8.918303199801941019e-07,9.146503679249274295e-07,9.344082658151488472e-07,9.510012777401736587e-07,9.643448209706652204e-07,9.743728057117209890e-07,9.810379276773360898e-07,9.843118762675014023e-07,9.841854241749577233e-07,9.806683682494171250e-07,9.737892963521986558e-07,9.635951605396328240e-07,9.501506429119026686e-07,9.335373064686703724e-07,9.138525288626076654e-07,8.912082214856250616e-07,8.657293391794004614e-07,8.375521861472774510e-07,8.068225201444973658e-07,7.736934479892424190e-07,7.383230882584793977e-07,7.008719477248951610e-07,6.614999104849213117e-07,6.203626632003009544e-07,5.776072613622341286e-07,5.333663563772815845e-07,4.877503146246542780e-07,4.408360100087933675e-07,3.926503731496658929e-07,3.431457051932381621e-07,2.921621526259707034e-07,2.393705348654782909e-07,1.841869377483053710e-07,1.256595557981218523e-07,6.250063767918655780e-08,1.692262354935274474e-08,9.531346429349727711e-08,1.655596843487063650e-07,2.039659095695175068e-07,1.993018187817395400e-07,1.533359011267201546e-07,8.697184927581499859e-08,7.687537068602125898e-08,1.394634758754808784e-07,1.912674467795549588e-07,2.129407078528563484e-07,2.092827156314057887e-07,1.967288851870375743e-07,1.894301605169907623e-07,1.846308081375399914e-07,1.685721503701162051e-07,1.336354327456066254e-07,8.599970863285959654e-08,5.060510319553888458e-08,5.884384754366889285e-08,7.294319717752519513e-08,6.552452743309428962e-08,3.675805298771911846e-08,5.123366354767335452e-09,3.927968363593016824e-08,5.913890093018345746e-08,7.680960098829111229e-08,9.273045710539092364e-08,1.072866741155990813e-07,1.207808893527254261e-07,1.334420998297099057e-07,1.454407467793038920e-07,1.569028116280792332e-07,1.679212617766152660e-07,1.785648352214954313e-07,1.888846105838896701e-07,1.989188590702103500e-07,2.086966021893337193e-07,2.182402062650602006e-07,2.275672638044735551e-07,2.366919486201121683e-07,2.456259841841853028e-07,2.543793293781649863e-07,2.629606593922250402e-07,2.713776996410320495e-07,2.796374555072431003e-07,2.877463693107731886e-07,2.957104272717652332e-07,3.035352327498702138e-07,3.112260572136020211e-07,3.187878768401584104e-07,3.262254000678565172e-07,3.335430895831470749e-07,3.407451809357913222e-07,3.478356990941807847e-07,3.548184736663534244e-07,3.616974753063794026e-07,3.684781756497583637e-07,3.751680149636223598e-07,3.817765555914775667e-07,3.883156432957137568e-07,3.947995848679599960e-07,4.012453523493537069e-07,4.076728255712262356e-07,4.141050858212555694e-07,4.205687745973939276e-07,4.270945329965697024e-07,4.337175396967656644e-07,4.404781691522206744e-07,4.474227969431425962e-07,4.546047865393621569e-07,4.620857012176841852e-07,4.699367963870663785e-07,4.782408605631474420e-07,4.870944865759590810e-07,4.966108665502376477e-07,5.069232124304818312e-07,5.181889055094569212e-07,5.305944702654731528e-07,5.443614455158253163e-07,5.597531821101599383e-07,5.770825157657763827e-07,5.967201131785843489e-07,6.191030034589210936e-07,6.447422692348610210e-07,6.742279084701159427e-07,7.082272845145432175e-07,7.474712125539607236e-07,7.927186239520557699e-07,8.446870782547523226e-07,9.039317203744167405e-07,9.706466082713941774e-07,1.044342148552842208e-06,1.123314077956034266e-06
1.213046489498390846e-06,1.285359209779856835e-06,1.333488572570255263e-06,1.356574284687991877e-06,1.356894195870636678e-06,1.338940701040296692e-06,1.308095759515801125e-06,1.269503904202316843e-06,1.227407347699343186e-06,1.184921045469430190e-06,1.144098103307359863e-06,1.106131333421162077e-06,1.071584392271854127e-06,1.040597088434275975e-06,1.013045311189463290e-06,9.886554769305597270e-07,9.670813827026685017e-07,9.479530412920159666e-07,9.309059822283896746e-07,9.155975842173196339e-07,9.017151413624813508e-07,8.889788625773883314e-07,8.771418985531153544e-07,8.659887228374633911e-07,8.553326811198571284e-07,8.450131921053907569e-07,8.348928768199605406e-07,8.248547686859620774e-07,8.147996846012081394e-07,8.046437972760534838e-07,7.943164277574605275e-07,7.837580657252499848e-07,7.729186184647447747e-07,7.617558843723744355e-07,7.502342419432081854e-07,7.383235399320105049e-07,7.259981689184405124e-07,7.132362893789132384e-07,7.000191873436707076e-07,6.863307267180038545e-07,6.721568684138551356e-07,6.574852317725291519e-07,6.423044448911691885e-07,6.266028501800584799e-07,6.103679662331472603e-07,5.935861082017540633e-07,5.762418957671697267e-07,5.583176201545062029e-07,5.397924344384795024e-07,5.206413225656370745e-07,5.008337919975705075e-07,4.803322230134698134e-07,4.590897957907361872e-07,4.370479077682536327e-07,4.141329962614050402e-07,3.902527120439113342e-07,3.652914863688875084e-07,3.391057807625425376e-07,3.115199007419227039e-07,2.823246719795052535e-07,2.512848145525867752e-07,2.181704165798569192e-07,1.828571125691624292e-07,1.456443882143563863e-07,1.083918071353356653e-07,7.900533015691034317e-08,7.971307525429326805e-08,1.193699086067938893e-07,1.802222628583295426e-07,2.525406876736847040e-07,2.521210830813438775e-07,2.177739706256457181e-07,2.899753195972750853e-07,4.867744003850540147e-07,7.039687852710845400e-07,8.738499277579054469e-07,9.588775834777754335e-07,9.480624529867680069e-07,8.549499482742302908e-07,7.108946402262287145e-07,5.560461877798746612e-07,4.360581735575087132e-07,4.033335962904294598e-07,4.757911950305986893e-07,6.030671788690725792e-07,7.230596356010115033e-07,7.889784407332370557e-07,7.722896521963043825e-07,6.675743391377552495e-07,4.951998592670207362e-07,3.000976473014223735e-07,1.596626217057014965e-07,1.608281819407363218e-07,1.904460778718751248e-07,2.303745564265904892e-07,2.703336624261566310e-07,3.099283108961801618e-07,3.496824100498768989e-07,3.898138156430198106e-07,4.302580440838503206e-07,4.707993831035858750e-07,5.111567448472924307e-07,5.510286444721896696e-07,5.901151342121529775e-07,6.281281798737803541e-07,6.647964160460562448e-07,6.998671646884695066e-07,7.331071179697407067e-07,7.643023860882038778e-07,7.932582739148091681e-07,8.197989794265258470e-07,8.437673139412708533e-07,8.650244900071852561e-07,8.834499896029140809e-07,8.989415044835943809e-07,9.114149276034457655e-07,9.208043670481440812e-07,9.270621502848455416e-07,9.301587857771409754e-07,9.300828504051797352e-07,9.268407741361176206e-07,9.204564975595125598e-07,9.109709828352287219e-07,8.984415639107270146e-07,8.829411271516704101e-07,8.645571183594432305e-07,8.433903760181983682e-07,8.195537929049932357e-07,7.931708081071734583e-07,7.643737279252364569e-07,7.333018655405802625e-07,7.000994734300659141e-07,6.649134159713094521e-07,6.278904875610463141e-07,5.891742165998847953e-07,5.489008973967889013e-07,5.071944458542657168e-07,4.641594621747809630e-07,4.198715866306805589e-07,3.743638551831762546e-07,3.276074035321961040e-07,2.794850560931163789e-07,2.297594610755157576e-07,1.780556216481912925e-07,1.239912570619999208e-07,6.868134261319821400e-08,3.873007737103378095e-08,9.625855679946015503e-08,1.559389785354523579e-07,1.864804369532587995e-07,1.762064827020010654e-07,1.276193694524599481e-07,7.020893679329551909e-08,9.833072934788874500e-08,1.716135222487897799e-07,2.246055905359086282e-07,2.422537204596788347e-07,2.269432896053530189e-07,1.930173704475061467e-07,1.598495158446685933e-07,1.383750585806167781e-07,1.218621382695492638e-07,9.981027458304163599e-08,7.570458767865550215e-08,6.777855638206209063e-08,7.750383476500521493e-08,8.154712648594206337e-08,6.712428253962869298e-08,3.616885324508368994e-08,1.504028926478520302e-08,4.311382106869713545e-08,6.018882675139529226e-08,7.608839071625484343e-08,9.076884537468109735e-08,1.044364333662066003e-07,1.172914136006960236e-07,1.294918976143707076e-07,1.411568460465329149e-07,1.523749617321561721e-07,1.632126561007184279e-07,1.737200864601060908e-07,1.839355366034454070e-07,1.938885777679454520e-07,2.036023652563974021e-07,2.130953212643511641e-07,2.223823746639257248e-07,2.314758753077425256e-07,2.403862661927171526e-07,2.491225744919229768e-07,2.576927672588571914e-07,2.661040066998835319e-07,2.743628317150135208e-07,2.824752860580510574e-07,2.904470084773543205e-07,2.982832962711794377e-07,3.059891506226743437e-07,3.135693097115714177e-07,3.210282738015465290e-07,3.283703251619523117e-07,3.355995447041871945e-07,3.427198265152277932e-07,3.497348909867257791e-07,3.566486136271330350e-07,3.634663619437939607e-07,3.701954579879422818e-07,3.768453326131037791e-07,3.834276880026451421e-07,3.899566768426881894e-07,3.964491084166798854e-07,4.029246932053517970e-07,4.094063386216868348e-07,4.159205096363417882e-07,4.224976696271335520e-07,4.291728192261968460e-07,4.359861546752006672e-07,4.429838726573694891e-07,4.502191561046535938e-07,4.577533852552579081e-07,4.656576301337664946e-07,4.740144940670626067e-07,4.829203916777255944e-07,4.924883572078105939e-07,5.028514876071834720e-07,5.141671266916273440e-07,5.266218885623234218e-07,5.404375962322298075e-07,5.558781679764124058e-07,5.732574041523903782e-07,5.929474774047030567e-07,6.153876399285559694e-07,6.410921065241898814e-07,6.706550549681213923e-07,7.047489631824182377e-07,7.441098917319425431e-07,7.894998851313528156e-07,8.416328203069868278e-07,9.010459843510073584e-07,9.678933631978453402e-07,1.041620663651585602e-06,1.120446471080180577e-06
1.209594172165686911e-06,1.281193145676950981e-06,1.328515133455148510e-06,1.350737101086667196e-06,1.350164719208964967e-06,1.331332761297471626e-06,1.299672041542124098e-06,1.260364607289793768e-06,1.217669373702320517e-06,1.174698525831723462e-06,1.133489830507355569e-06,1.095215534113593824e-06,1.060418782132187741e-06,1.029221762977945052e-06,1.001486615684744299e-06,9.769297680840427207e-07,9.551981965570865790e-07,9.359175478701058348e-07,9.187207869739055684e-07,9.032640005444609805e-07,8.892340639335363961e-07,8.763513520836493903e-07,8.643695638846586337e-07,8.530739635058255546e-07,8.422788342453800991e-07,8.318246144038596464e-07,8.215749821297354679e-07,8.114140347597609787e-07,8.012436382962879510e-07,7.909809842114059527e-07,7.805563704297384704e-07,7.699112126007787040e-07,7.589962854356574508e-07,7.477701890243333796e-07,7.361980302466513243e-07,7.242503041972587610e-07,7.119019551174596602e-07,6.991315911807152620e-07,6.859208233253257787e-07,6.722536959892489960e-07,6.581161779761596478e-07,6.434956857716054865e-07,6.283803913280713270e-07,6.127579092363496953e-07,5.966147153863430010e-07,5.799357076133072104e-07,5.627036444141036212e-07,5.448984318013204734e-07,5.264962209949665193e-07,5.074682705647757364e-07,4.877795156379365431e-07,4.673867739149183486e-07,4.462365040913258498e-07,4.242620187095031491e-07,4.013800449188673885e-07,3.774865329965682433e-07,3.524516550093203578e-07,3.261140603519168948e-07,2.982747622185653106e-07,2.686917574445213291e-07,2.370782506052775489e-07,2.031120220715067593e-07,1.664778579153427408e-07,1.270213742642357029e-07,8.540937181877807532e-08,4.759140884195946820e-08,4.893698026892418302e-08,9.554939007578474195e-08,1.530218463379485990e-07,2.106681130760370397e-07,1.901215091126966540e-07,1.223567280715735505e-07,2.153978783193039339e-07,4.382387331749865201e-07,6.671296192659424182e-07,8.466915613173767517e-07,9.448556724054164136e-07,9.532418407845181923e-07,8.858855102378319409e-07,7.709797900622400521e-07,6.386864783316659076e-07,5.149752482316536017e-07,4.334086009008101872e-07,4.424314900626780860e-07,5.423765882503518913e-07,6.662434876310882091e-07,7.484778290130938081e-07,7.503020685580285078e-07,6.630323187915867724e-07,5.092159849929575533e-07,3.418669109250020565e-07,2.402127769540124307e-07,2.332820804839797597e-07,2.298924267345159112e-07,2.525213838542181439e-07,2.828447232045152484e-07,3.156576592323713002e-07,3.497211832074201451e-07,3.846917284862662697e-07,4.203466457120903099e-07,4.564306623094841179e-07,4.926494653250901061e-07,5.286893813512558109e-07,5.642353215279092042e-07,5.989826803625945435e-07,6.326441579125426581e-07,6.649531613795590772e-07,6.956651225056107697e-07,7.245576443774348118e-07,7.514300577366949359e-07,7.761027362813921205e-07,7.984163694048520324e-07,8.182312947540258420e-07,8.354269332074341887e-07,8.499013325492657887e-07,8.615708048351855072e-07,8.703696308105907432e-07,8.762497993299165670e-07,8.791807483682694134e-07,8.791490755279808490e-07,8.761581890132647745e-07,8.702278742495119197e-07,8.613937561942268044e-07,8.497066425418401454e-07,8.352317381144066228e-07,8.180477253988956105e-07,7.982457100442599531e-07,7.759280326947617235e-07,7.512069492090960238e-07,7.242031792987294397e-07,6.950443178214439215e-07,6.638630918770432776e-07,6.307954283975255809e-07,5.959782683388875433e-07,5.595470214305772321e-07,5.216324961449844537e-07,4.823570614485198462e-07,4.418297066895618713e-07,4.001395981753142266e-07,3.573478077327069973e-07,3.134775155061403129e-07,2.685055617403243236e-07,2.223680327630830685e-07,1.750331367269683762e-07,1.268978936799622743e-07,8.113675884924001352e-08,5.862809653268100597e-08,9.655813498600522584e-08,1.406456332393086912e-07,1.608978582753060667e-07,1.449655184376941387e-07,9.536866289109260014e-08,5.449489966365692848e-08,1.136773778663353298e-07,1.904929812253394252e-07,2.423033674853576382e-07,2.570868742337391891e-07,2.359764821472673945e-07,1.906394721576430312e-07,1.391259622436656692e-07,9.912749367134182314e-08,7.759611099600258131e-08,6.786151634535251845e-08,6.704274061055500351e-08,7.654682714559148877e-08,8.666958072464250276e-08,8.466361840041061948e-08,6.534807554403662733e-08,3.429783612651853975e-08,2.525928606074856100e-08,5.037793375136138784e-08,6.360853383187056521e-08,7.703643624884927598e-08,9.003746374267704507e-08,1.025310626338490547e-07,1.145533545103221245e-07,1.261571035712643371e-07,1.373899304321967074e-07,1.482913036798235098e-07,1.588935272128094292e-07,1.692231720565536051e-07,1.793022622644669239e-07,1.891491876142158156e-07,1.987794187669064266e-07,2.082060843853907981e-07,2.174404440384168512e-07,2.264922752985928839e-07,2.353701868149229166e-07,2.440818671128240958e-07,2.526342785221570736e-07,2.610338054953905419e-07,2.692863661263177034e-07,2.773974948538220199e-07,2.853724032536437005e-07,2.932160246363674931e-07,3.009330470080161847e-07,3.085279378939196667e-07,3.160049636205869750e-07,3.233682049078801543e-07,3.306215700391041853e-07,3.377688064327955041e-07,3.448135111153006719e-07,3.517594516784919080e-07,3.586118802048577209e-07,3.653779907876640585e-07,3.720670746738833683e-07,3.786906840600432584e-07,3.852628129088395450e-07,3.918001049853904930e-07,3.983221005589400784e-07,4.048515342112729215e-07,4.114146972839608550e-07,4.180418800636106327e-07,4.247679112682200803e-07,4.316328162072233337e-07,4.386826205829932787e-07,4.459703346473986732e-07,4.535571625107382834e-07,4.615139936960304121e-07,4.699232479453274030e-07,4.788811586145804540e-07,4.885005928570799130e-07,4.989145156781401150e-07,5.102802068707706156e-07,5.227843315107722104e-07,5.366489420613267253e-07,5.521384464322391069e-07,5.695674966572707333e-07,5.893096030493065456e-07,6.118059865643412281e-07,6.375736124924942154e-07,6.672102844737661488e-07,7.013928403328082857e-07,7.408616551152411613e-07,7.863808992033730971e-07,8.386599460932114061e-07,8.982177954706448582e-07,9.651682849370954477e-07,1.038892090229417198e-06,1.117529034404321825e-06
1.206002459091232118e-06,1.276819224482355258e-06,1.323276442900289071e-06,1.344602908397103839e-06,1.343139269219780635e-06,1.323460468706452448e-06,1.291037694844946438e-06,1.251080127252749113e-06,1.207854342330569306e-06,1.164463497461965065e-06,1.122926603861669594e-06,1.084394130104546137e-06,1.049388908390020196e-06,1.018016440062722958e-06,9.901263167096954649e-07,9.654261775346784162e-07,9.435572431414210092e-07,9.241416786992528701e-07,9.068105893027333052e-07,8.912193156953760514e-07,8.770547289876388617e-07,8.640376792158994847e-07,8.519226397057813214e-07,8.404958272319046429e-07,8.295725753271729410e-07,8.189944170014212008e-07,8.086261345537148746e-07,7.983529157202494112e-07,7.880776876429584380e-07,7.777186631333742570e-07,7.672071142997239970e-07,7.564853784336448523e-07,7.455050950456957911e-07,7.342256682622521337e-07,7.226129440960522877e-07,7.106380869693903585e-07,6.982766344681810460e-07,6.855077041270914023e-07,6.723133217444606913e-07,6.586778380246107656e-07,6.445874000001501054e-07,6.300294465053481013e-07,6.149919861479788605e-07,5.994622851819994543e-07,5.834262659003162771e-07,5.668680359668929917e-07,5.497692942657380704e-07,5.321085845483814816e-07,5.138603615741260879e-07,4.949938264380525874e-07,4.754714782217491723e-07,4.552473179872393582e-07,4.342646288341203321e-07,4.124532433862020540e-07,3.897262003307552116e-07,3.659756901508375442e-07,3.410682083693516621e-07,3.148388949189504289e-07,2.870851845891388493e-07,2.575602125997486791e-07,2.259670881576178522e-07,1.919565580040674664e-07,1.551337585968907113e-07,1.150885455637815658e-07,7.150477181978667056e-08,2.505297488059641377e-08,3.048372220930159072e-08,8.416376153861597417e-08,1.391313671817264039e-07,1.887072816416206652e-07,1.568929969002696954e-07,4.163124597316942707e-08,1.641459845611622271e-07,3.958188100048311893e-07,6.211209118956242778e-07,7.981811730791081502e-07,9.011897213925797918e-07,9.264106215054633358e-07,8.900834901122339774e-07,8.170791240620234121e-07,7.258292499282970870e-07,6.234770989090647466e-07,5.222964669237657183e-07,4.654104644697162170e-07,5.020577372557989013e-07,6.008338586043424765e-07,6.827390314596368866e-07,6.947982222150987331e-07,6.238404622025999989e-07,4.953464633566889947e-07,3.699769050472534049e-07,3.145985025739526389e-07,3.113757938044918411e-07,2.806072362110784946e-07,2.832768178673307954e-07,3.003898800388169193e-07,3.239386077257103042e-07,3.508930930893177026e-07,3.800122864580615016e-07,4.106342712169940650e-07,4.422755400855909140e-07,4.745110476638766488e-07,5.069444019731164370e-07,5.392041026080768149e-07,5.709454085188347646e-07,6.018520371455733953e-07,6.316365744405201537e-07,6.600398000714603469e-07,6.868293722731390765e-07,7.117982472509194303e-07,7.347630826921014687e-07,7.555627672726719255e-07,7.740571415792488703e-07,7.901259265320302749e-07,8.036678458078771161e-07,8.145999124591936076e-07,8.228568421897192107e-07,8.283905534114886216e-07,8.311697152230405263e-07,8.311793075253005943e-07,8.284201618123904157e-07,8.229084562119414729e-07,8.146751437416306523e-07,8.037652982229344596e-07,7.902373676178384233e-07,7.741623295071159485e-07,7.556227477743992877e-07,7.347117330305056061e-07,7.115318115875014941e-07,6.861937084806700578e-07,6.588150486633626429e-07,6.295189765145186026e-07,5.984326866558062019e-07,5.656858484891662437e-07,5.314088935021119988e-07,4.957311216227737707e-07,4.587785812430359048e-07,4.206717159134555719e-07,3.815229267082225286e-07,3.414346843292164064e-07,3.005002446677430277e-07,2.588132466678088176e-07,2.165059108776516110e-07,1.738832563165800711e-07,1.319168527849025728e-07,9.427750223611947244e-08,7.478595926411908949e-08,9.608971280286971778e-08,1.217391541941256365e-07,1.301181423904036659e-07,1.090178570413159391e-07,5.979278834456848659e-08,4.571094087758509369e-08,1.216190048487995006e-07,1.955131832445512635e-07,2.437746766587179752e-07,2.569197694005154093e-07,2.358078921907628791e-07,1.903278615580848171e-07,1.357727192671345979e-07,8.784673118228214804e-08,5.810369404286938675e-08,5.075188719688790885e-08,6.039838141981777351e-08,7.573895306874022002e-08,8.506841759664754145e-08,7.989017562930615455e-08,5.845442305842505809e-08,3.061665976072825332e-08,3.466816668472682634e-08,5.859761951279578510e-08,6.801675022415318681e-08,7.879304880589763750e-08,8.996437370477237465e-08,1.011801740620028441e-07,1.122977498253704173e-07,1.232519915800548769e-07,1.340117667866489684e-07,1.445633446801132194e-07,1.549028097348510727e-07,1.650319261666539851e-07,1.749556402582508822e-07,1.846805258660303696e-07,1.942138329890493968e-07,2.035629321412075649e-07,2.127350140771377056e-07,2.217369478815432552e-07,2.305752318902066691e-07,2.392559948436975564e-07,2.477850208957298885e-07,2.561677831105954524e-07,2.644094772300205107e-07,2.725150518970167867e-07,2.804892340770111433e-07,2.883365497685096859e-07,2.960613407073974044e-07,3.036677779515373327e-07,3.111598731869290054e-07,3.185414884478280035e-07,3.258163447637877282e-07,3.329880300758243446e-07,3.400600066202611153e-07,3.470359238133094919e-07,3.539209092365356949e-07,3.607220211801713086e-07,3.674484047399439537e-07,3.741114569703681380e-07,3.807250094366387568e-07,3.873055382722329538e-07,3.938724130361595560e-07,4.004481966070796139e-07,4.070590094039901922e-07,4.137349727748041413e-07,4.205107488779390206e-07,4.274261982616175431e-07,4.345271820780821529e-07,4.418665438370256553e-07,4.495053160039932927e-07,4.575142094606833730e-07,4.659754582511786033e-07,4.749851068869005930e-07,4.846558407982230947e-07,4.951204696596578870e-07,5.065361751693886726e-07,5.190896260499772646e-07,5.330030395713923665e-07,5.485412242383358611e-07,5.660195578367972587e-07,5.858127044767810728e-07,6.083635792286642621e-07,6.341914868745901388e-07,6.638972571052798540e-07,6.981612594561162444e-07,7.377271397679286730e-07,7.833600528626267425e-07,8.357638783241244095e-07,8.954387854079831761e-07,9.624584378517725186e-07,1.036138435737699522e-06,1.114538667830123054e-06
1.202233810551849102e-06,1.272194186983591337e-06,1.317725663671362680e-06,1.338124020339391112e-06,1.335772162652373987e-06,1.315282373455766871e-06,1.282156708895720041e-06,1.241620140034238026e-06,1.197937224218821572e-06,1.154195533968997322e-06,1.112391849865419393e-06,1.073653719783982488e-06,1.038483972650362459e-06,1.006972464891602883e-06,9.789575312431432060e-07,9.541392867043384915e-07,9.321543066932115475e-07,9.126221918956332451e-07,8.951729167295739665e-07,8.794616416126894094e-07,8.651756645029498633e-07,8.520366343967475498e-07,8.398000389651440897e-07,8.282532224999388663e-07,8.172126938372179248e-07,8.065211679733219033e-07,7.960445904531919029e-07,7.856692780395513515e-07,7.752992434259396439e-07,7.648537361017570024e-07,7.542650129457434688e-07,7.434763424900827841e-07,7.324402411039885807e-07,7.211169348461304171e-07,7.094730361354736699e-07,6.974804193146100667e-07,6.851152737998490184e-07,6.723573082945644380e-07,6.591890750837634536e-07,6.455953803591073276e-07,6.315627454649287385e-07,6.170788855279606613e-07,6.021319712893946915e-07,5.867093367333146622e-07,5.707968798268706087e-07,5.543785883543522944e-07,5.374359480382809053e-07,5.199472076790168950e-07,5.018864710453327397e-07,4.832225794876821245e-07,4.639177427959709450e-07,4.439258689541045012e-07,4.231905368076992304e-07,4.016425506460099274e-07,3.791970150893391380e-07,3.557498779404955385e-07,3.311739185338921112e-07,3.053142309392726819e-07,2.779834088990406969e-07,2.489569771168038513e-07,2.179703542258343356e-07,1.847203820762928780e-07,1.488792786335603375e-07,1.101466261223736360e-07,6.847336249121846385e-08,2.637397093353639427e-08,3.426368515092981356e-08,8.430505053218887731e-08,1.374345068295032505e-07,1.873816698674130302e-07,1.620793093628335122e-07,7.162468672484090764e-08,1.537991740980201173e-07,3.607455537710582869e-07,5.658193742324536068e-07,7.288309210439755696e-07,8.299288221394919625e-07,8.715224560042976071e-07,8.722125667817512084e-07,8.503148521905239879e-07,8.082365317506563796e-07,7.353304850915845043e-07,6.298481960098571467e-07,5.233974158753260528e-07,4.817205859862644176e-07,5.278944520434812193e-07,5.928462660210104130e-07,6.076368843499135254e-07,5.527536025576059845e-07,4.576110287460717051e-07,3.874534791288971982e-07,3.807513985578679763e-07,3.845773898846831099e-07,3.318948467017649362e-07,3.160191819417475234e-07,3.192340531920988324e-07,3.325743665365860298e-07,3.518002121141410133e-07,3.748113169036342979e-07,4.004091204697184755e-07,4.277803094435036907e-07,4.562933840012428736e-07,4.854194909361810651e-07,5.147004248580147023e-07,5.437340231272914175e-07,5.721658955389322890e-07,5.996835599991429387e-07,6.260116749953847489e-07,6.509079699491933670e-07,6.741597591031297245e-07,6.955809935750018984e-07,7.150098097893269651e-07,7.323065223232104157e-07,7.473520007992266005e-07,7.600463669007994020e-07,7.703079482366114422e-07,7.780724292907801127e-07,7.832921449052408032e-07,7.859354678461947846e-07,7.859862485061794323e-07,7.834432713932933189e-07,7.783196995914281730e-07,7.706424847407877337e-07,7.604517262204018617e-07,7.477999690607610145e-07,7.327514356265522937e-07,7.153811912418163888e-07,6.957742486473050600e-07,6.740246204716237893e-07,6.502343328074672551e-07,6.245124166695267650e-07,5.969738979633273212e-07,5.677388114864173009e-07,5.369312722772639925e-07,5.046786522550539790e-07,4.711109399055332839e-07,4.363604238310135130e-07,4.005619775998199822e-07,3.638545272847683239e-07,3.263849846693948012e-07,2.883176319349747264e-07,2.498563546573650099e-07,2.112994964816126281e-07,1.731851462759220667e-07,1.367117855902135647e-07,1.050356111344584932e-07,8.656424970155970724e-08,9.471091939236060751e-08,1.014572542993358334e-07,9.718278104309775478e-08,7.203144313294720489e-08,2.440114791571559495e-08,4.864344322138360140e-08,1.224020601921418727e-07,1.875386686766444971e-07,2.300922345326793751e-07,2.428756068312219761e-07,2.270947104236347041e-07,1.914677496306203111e-07,1.485875157686440129e-07,1.094707944651328254e-07,7.923049760157286263e-08,5.966215445536847058e-08,5.604217241369972083e-08,6.580662023058988313e-08,7.331791531268338163e-08,6.728613588688969660e-08,4.624073098546462401e-08,2.533085537693750692e-08,4.228042283689183298e-08,6.569928689325687527e-08,7.197489763809665816e-08,8.041211196772096567e-08,8.992190314987262827e-08,9.996172008399600446e-08,1.102378032969305075e-07,1.205801240476117599e-07,1.308869816521117500e-07,1.410973458231619609e-07,1.511753635274893662e-07,1.611009874027173019e-07,1.708640829310185605e-07,1.804606716447050605e-07,1.898905362164554320e-07,1.991557049069929256e-07,2.082595033790176346e-07,2.172059697908799432e-07,2.259994998540725532e-07,2.346446354585642027e-07,2.431459415224619358e-07,2.515079361126612424e-07,2.597350521232174786e-07,2.678316172791259694e-07,2.758018445786267221e-07,2.836498285916924171e-07,2.913795450272927215e-07,2.989948521508214465e-07,3.064994932915994686e-07,3.138971000321737396e-07,3.211911958451822066e-07,3.283852000198591073e-07,3.354824317470444809e-07,3.424864148148728599e-07,3.494021456154957938e-07,3.562365407551459805e-07,3.629985941961935198e-07,3.696995438777255219e-07,3.763530561129054948e-07,3.829754377626685949e-07,3.895858873119807557e-07,3.962067968639637561e-07,4.028641180778380444e-07,4.095878066087744234e-07,4.164123621076501581e-07,4.233774847862931166e-07,4.305288754245452215e-07,4.379192138893015825e-07,4.456093619661780204e-07,4.536698494486556638e-07,4.621827173517330610e-07,4.712438075036288720e-07,4.809656015364267882e-07,4.914807216466070841e-07,5.029462071439340777e-07,5.155486712345618765e-07,5.295104177026943627e-07,5.450965508185418917e-07,5.626230296481541847e-07,5.824654656897987647e-07,6.050681645274107438e-07,6.309523195087960849e-07,6.607211278450225824e-07,6.950575736125215679e-07,7.347073981435301335e-07,7.804354215030020771e-07,8.329388394242358857e-07,8.926982997874846420e-07,9.597472878405993152e-07,1.033336566246931489e-06,1.111445409498357908e-06
1.198241827947306850e-06,1.267264617893161302e-06,1.311805172978433805e-06,1.331241968303452988e-06,1.328007458007875482e-06,1.306747651480709489e-06,1.272984779398549839e-06,1.231947175245036401e-06,1.187886972658170070e-06,1.143869253848938270e-06,1.101865011859752431e-06,1.062977790830862807e-06,1.027690837147534536e-06,9.960795162173208090e-07,9.679722896636696337e-07,9.430630843225852378e-07,9.209849949559868376e-07,9.013560163085608345e-07,8.838057544916307611e-07,8.679897830492961388e-07,8.535962821300257312e-07,8.403480452251156615e-07,8.280018339315374355e-07,8.163463130243006278e-07,8.051993084394295376e-07,7.944048200919611835e-07,7.838300306832575400e-07,7.733624388225010607e-07,7.629071809352350518e-07,7.523845720451258188e-07,7.417278778020611491e-07,7.308813210018680963e-07,7.197983204496294610e-07,7.084399556916974330e-07,6.967736466411672564e-07,6.847720321023011148e-07,6.724120258372754561e-07,6.596740235574910518e-07,6.465412296063777869e-07,6.329990686758720709e-07,6.190346461604835444e-07,6.046362211506803813e-07,5.897924660628963665e-07,5.744912120347230110e-07,5.587188729835734944e-07,5.424599934414026622e-07,5.256966905507671459e-07,5.084079700838107131e-07,4.905688935159040903e-07,4.721495705108456544e-07,4.531139491090393888e-07,4.334183752692597640e-07,4.130098956527166078e-07,3.918242852804148663e-07,3.697837998111678086e-07,3.467946900906933694e-07,3.227445935036185548e-07,2.975000742619992161e-07,2.709049210079452559e-07,2.427805760059879199e-07,2.129319816786862882e-07,1.811675199225236737e-07,1.473596083603812564e-07,1.116466675985839863e-07,7.529444930714889030e-08,4.591335405438818003e-08,5.248521875439618956e-08,9.339204273402009115e-08,1.451705387744929282e-07,2.011704296618084826e-07,1.919684672989080163e-07,1.384865973452187946e-07,1.730490203529512140e-07,3.285990161128603590e-07,4.995987232027856964e-07,6.398914774985493045e-07,7.355768155805239436e-07,7.960291642880979281e-07,8.398483890376764215e-07,8.728698739172963645e-07,8.785589383242635476e-07,8.326225341269696904e-07,7.266725913240223525e-07,5.852963900989505617e-07,4.715283413242088005e-07,4.475890392424351309e-07,4.813559254269241451e-07,4.932966955953295684e-07,4.557683500871020467e-07,4.035887834334010920e-07,3.980848585714260239e-07,4.360522908966377236e-07,4.462842775534311049e-07,3.760305666382265686e-07,3.444415627281538658e-07,3.350372912772297885e-07,3.387118001648519989e-07,3.505535755460688239e-07,3.678042775332410701e-07,3.887677484136519708e-07,4.122862813767318300e-07,4.374982324227489416e-07,4.637234934719405971e-07,4.904055652573319589e-07,5.170791634153165626e-07,5.433500430770221903e-07,5.688812401673124005e-07,5.933830771127156554e-07,6.166056206164470810e-07,6.383328710775721354e-07,6.583782413654249110e-07,6.765810249985222451e-07,6.928036343912967268e-07,7.069294404113702575e-07,7.188610791679500793e-07,7.285191174097842575e-07,7.358409875567053474e-07,7.407801191205619596e-07,7.433052062447642294e-07,7.433995620643014993e-07,7.410605200834994758e-07,7.362988511606608782e-07,7.291381722493760446e-07,7.196143299791088391e-07,7.077747486227910419e-07,6.936777381377464586e-07,6.773917639266105766e-07,6.589946859352178134e-07,6.385729809579627546e-07,6.162209689846271621e-07,5.920400727859021519e-07,5.661381508358269910e-07,5.386289590177488694e-07,5.096318196250340546e-07,4.792716126851105826e-07,4.476792649963637172e-07,4.149930160573344104e-07,3.813609260425217875e-07,3.469454403559813146e-07,3.119315196060717862e-07,2.765413176972684427e-07,2.410617587194080981e-07,2.058996679551142658e-07,1.717009974033506300e-07,1.396297481234532779e-07,1.120388125692202568e-07,9.377665168660420344e-08,9.231896827452088747e-08,8.211507326458396724e-08,6.505520513647398655e-08,3.780855420799123782e-08,9.120180213586929077e-09,5.923728893999036180e-08,1.173903960496406321e-07,1.690383618203293540e-07,2.041899538473139163e-07,2.178877753353279855e-07,2.117298270772955798e-07,1.924345529339576439e-07,1.675283068178719997e-07,1.406370930665615535e-07,1.111284226499245785e-07,7.945451009550477971e-08,5.383309329621936240e-08,4.830399927236921126e-08,5.358846980285521971e-08,4.905034244046021198e-08,2.997877387234531961e-08,1.967040122583967539e-08,4.716637236176438340e-08,7.014843590971727996e-08,7.427939061993924331e-08,8.105403627982923622e-08,8.934423109608829107e-08,9.849573152291032492e-08,1.081163355145724999e-07,1.179654129106396921e-07,1.278936057265809083e-07,1.378079940419982927e-07,1.476510995282072494e-07,1.573878907109224066e-07,1.669976157205704027e-07,1.764686230549046218e-07,1.857950597664087309e-07,1.949747599121602880e-07,2.040078918145699441e-07,2.128960907359480817e-07,2.216419026724779680e-07,2.302484277089345206e-07,2.387190913639967862e-07,2.470574979741167046e-07,2.552673366315547071e-07,2.633523207949963094e-07,2.713161495155464216e-07,2.791624826025220872e-07,2.868949248536250520e-07,2.945170162514486072e-07,3.020322261467328279e-07,3.094439501457307798e-07,3.167555088491793250e-07,3.239701478540418925e-07,3.310910385909817583e-07,3.381215748475663712e-07,3.450666177063033092e-07,3.519329382761784994e-07,3.587293760074038055e-07,3.654670069183384520e-07,3.721593299708217499e-07,3.788224814692497943e-07,3.854754884244426768e-07,3.921405726557893454e-07,3.988435183704844751e-07,4.056141174675002964e-07,4.124867093267424130e-07,4.195008358579525544e-07,4.267020385944510679e-07,4.341428330433833350e-07,4.418839065754056984e-07,4.499955997318970321e-07,4.585597462872167788e-07,4.676719633470220187e-07,4.774444969833870633e-07,4.880097384205526950e-07,4.995245270856956726e-07,5.121753462164700460e-07,5.261844901141498651e-07,5.418172333490502985e-07,5.593899473513762140e-07,5.792789548031836402e-07,6.019296103034426237e-07,6.278644940184202222e-07,6.576884404228529961e-07,6.920860266852806066e-07,7.318037645957349184e-07,7.776046203774484743e-07,8.301776890576769823e-07,8.899832268981219333e-07,9.570145315826409199e-07,1.030458053999687881e-06,1.108212335929809661e-06
1.193971365970557580e-06,1.261967302008762262e-06,1.305447180602588418e-06,1.323888326955035518e-06,1.319779889266187142e-06,1.297797042286553950e-06,1.263470169759820689e-06,1.222017354028387002e-06,1.177667120078337543e-06,1.133454778007213858e-06,1.091321881809579164e-06,1.052346943249121494e-06,1.016994155688798975e-06,9.853256596267346318e-07,9.571615231453739305e-07,9.321908972975084207e-07,9.100446209799381790e-07,8.903400902980286742e-07,8.727073463508263214e-07,8.568030047401901045e-07,8.423166145727510667e-07,8.289724875209141051e-07,8.165289440366416932e-07,8.047761852291886021e-07,7.935335166465140253e-07,7.826463448799413514e-07,7.719831809037988216e-07,7.614327738350413001e-07,7.509014367183333866e-07,7.403105927360447576e-07,7.295945532929081316e-07,7.186985307736542296e-07,7.075768836655864291e-07,6.961915875798429441e-07,6.845109213034797145e-07,6.725083520504945280e-07,6.601615987338475111e-07,6.474518467763739520e-07,6.343630832149298829e-07,6.208815170982453751e-07,6.069950478213894501e-07,5.926927433773660882e-07,5.779641113314014871e-07,5.627978980430412732e-07,5.471815542207342773e-07,5.311008264769063530e-07,5.145392593729279726e-07,4.974775939168791075e-07,4.798930481035014274e-07,4.617584659359571831e-07,4.430413243972025089e-07,4.237025946259858314e-07,4.036954667677184885e-07,3.829639722644570186e-07,3.614415811955789053e-07,3.390499320268575884e-07,3.156980004540166997e-07,2.912823075598090537e-07,2.656893837190259176e-07,2.388031066745901533e-07,2.105230342100767468e-07,1.808095873600419419e-07,1.498025609056010405e-07,1.181700177279617547e-07,8.828939990146965916e-08,6.817771174923747517e-08,7.409356419889930549e-08,1.079457567774343221e-07,1.583251441506286395e-07,2.210937385844417588e-07,2.256716230148340016e-07,1.900312143333723933e-07,1.940083305879908483e-07,2.921696435758251509e-07,4.209000052572219711e-07,5.342777791488870911e-07,6.255473936005131724e-07,7.103524985859823299e-07,8.012517040610710676e-07,8.855098122707244876e-07,9.297169824438969868e-07,9.026847206813330828e-07,7.950154645019680212e-07,6.286369658134735532e-07,4.588243794187626382e-07,3.611767182673275834e-07,3.529916862085767425e-07,3.589634439026879107e-07,3.422791843648655000e-07,3.442202004691517290e-07,4.046462931579991334e-07,4.774774772491369714e-07,4.915661761130079586e-07,4.076722575947631149e-07,3.636791611539718611e-07,3.440050031284739340e-07,3.396222953711482184e-07,3.452537714235119396e-07,3.576773368162781687e-07,3.747937374219525727e-07,3.951423342954816992e-07,4.176503673425205814e-07,4.414974316818740968e-07,4.660371452926632002e-07,4.907486599021272820e-07,5.152048868752738695e-07,5.390507677481284859e-07,5.619879452444821654e-07,5.837637007947951109e-07,6.041628350403342716e-07,6.230016324175841701e-07,6.401233316929968860e-07,6.553947010581735353e-07,6.687034313601003916e-07,6.799561379912632539e-07,6.890768148761188514e-07,6.960056213622360160e-07,7.006979099601688678e-07,7.031234231583614269e-07,7.032656031680476920e-07,7.011209708855822561e-07,6.966985405801023024e-07,6.900192455032774320e-07,6.811153572628588273e-07,6.700298887754175183e-07,6.568159772335570988e-07,6.415362501042864997e-07,6.242621840868277998e-07,6.050734746892357451e-07,5.840574433350148109e-07,5.613085207295204861e-07,5.369278611949169462e-07,5.110231652818643206e-07,4.837088210298827331e-07,4.551065238722899778e-07,4.253466112332242971e-07,3.945704667909293644e-07,3.629345397420912650e-07,3.306168385430679708e-07,2.978272990061002353e-07,2.648244087692670250e-07,2.319423778188568374e-07,1.996371112661565276e-07,1.685678805142999487e-07,1.397498373557215001e-07,1.148400498283227508e-07,9.657823844523113871e-08,8.889895436525313969e-08,6.602054959931862295e-08,3.665433356621270838e-08,1.299040367576052647e-08,3.448736262209053604e-08,7.035125736132810705e-08,1.088394048156388580e-07,1.442960655461934810e-07,1.711733033649649316e-07,1.869124360013345200e-07,1.927282456140567393e-07,1.912597657531828097e-07,1.829719100636553167e-07,1.652713484702972991e-07,1.356515056744812256e-07,9.567616150537779177e-08,5.309034969248537671e-08,2.585772407340467959e-08,3.069833188449751656e-08,3.146955557487798929e-08,1.456080442838748305e-08,1.647621274265948568e-08,4.862740573984271052e-08,7.096943596232970366e-08,7.414639065685424418e-08,8.015769352008677299e-08,8.784893315220013737e-08,9.652357497319609713e-08,1.057561867450170772e-07,1.152840646419558109e-07,1.249434545876271633e-07,1.346315479455392348e-07,1.442835582660024202e-07,1.538587197252257329e-07,1.633316224117380321e-07,1.726867783726189836e-07,1.819151689345015386e-07,1.910120237975589646e-07,1.999753766240650001e-07,2.088051166824871555e-07,2.175023612473949745e-07,2.260690375716059035e-07,2.345076029578335224e-07,2.428208564500057165e-07,2.510118116373589680e-07,2.590836104111822781e-07,2.670394642886288083e-07,2.748826143870511658e-07,2.826163040929403843e-07,2.902437604333793429e-07,2.977681814591698024e-07,3.051927278088807181e-07,3.125205171900835286e-07,3.197546208875101817e-07,3.268980616546560448e-07,3.339541022083815928e-07,3.409274669437811985e-07,3.478247798543091970e-07,3.546547241863557185e-07,3.614282124415736282e-07,3.681585748829537596e-07,3.748617762779100740e-07,3.815566716148622530e-07,3.882653123028346171e-07,3.950133152801738781e-07,4.018303089406219331e-07,4.087504723082342528e-07,4.158131879726711565e-07,4.230638354491443746e-07,4.305547602933252425e-07,4.383464657258410539e-07,4.465090875853659570e-07,4.551242294483331656e-07,4.642872512725996779e-07,4.741101195926950093e-07,4.847249369168334654e-07,4.962882687771429050e-07,5.089863749000468692e-07,5.230414220025536194e-07,5.387187036796185819e-07,5.563348041704956774e-07,5.762664838254602474e-07,5.989597577366295379e-07,6.249380294013454193e-07,6.548069558650232824e-07,6.892515672736680612e-07,7.290176548926925883e-07,7.748645930988387689e-07,8.274717089986451604e-07,8.872777904567901167e-07,9.542359126289945376e-07,1.027469038349250351e-06,1.104795504008451049e-06
1.189358762363510026e-06,1.256229748364701741e-06,1.298574561511755590e-06,1.315985779701302366e-06,1.311016033143142909e-06,1.288363985524998360e-06,1.253554720172050835e-06,1.211781219913973687e-06,1.167236418358058818e-06,1.122918191563057636e-06,1.080734906996167152e-06,1.041739066774342654e-06,1.006376445266449259e-06,9.746973327457223236e-07,9.465149776677174205e-07,9.215152452303612165e-07,8.993280071644157293e-07,8.795711223992423897e-07,8.618759176236908446e-07,8.459007216006934182e-07,8.313369770925821544e-07,8.179109217824681277e-07,8.053827505458710703e-07,7.935444440596370200e-07,7.822169743823091221e-07,7.712472982117126755e-07,7.605053651593069327e-07,7.498812606130784305e-07,7.392825423335076254e-07,7.286317978158557167e-07,7.178644332116813529e-07,7.069266963983069965e-07,6.957739319530532637e-07,6.843690617960293496e-07,6.726812809620634063e-07,6.606849530534328811e-07,6.483586845951373736e-07,6.356845521716374430e-07,6.226474513286793281e-07,6.092345321821964018e-07,5.954346837836285865e-07,5.812380277202179522e-07,5.666352129933712754e-07,5.516162824476410554e-07,5.361701943202754709e-07,5.202844743844785524e-07,5.039447974748601519e-07,4.871344906414624221e-07,4.698339522057507696e-07,4.520199853087732536e-07,4.336650526427793057e-07,4.147364733807330883e-07,3.951956079303408522e-07,3.749971180543889226e-07,3.540884617613608507e-07,3.324099082490983414e-07,3.098955868418983574e-07,2.864765209077047368e-07,2.620874881666526004e-07,2.366815017334064597e-07,2.102603457285874455e-07,1.829415624934490198e-07,1.551155759308150582e-07,1.278431710354673873e-07,1.038892368246366621e-07,8.981318805705933421e-08,9.551069915463857738e-08,1.243746357542049652e-07,1.724490407404878995e-07,2.389597607898407995e-07,2.505822490534688655e-07,2.205408648463375587e-07,2.006580737439662125e-07,2.456285056226697879e-07,3.300329929564212690e-07,4.176399955112422545e-07,5.106194823687074889e-07,6.264493101326116764e-07,7.624357229979458258e-07,8.861590915303800827e-07,9.546935357168288355e-07,9.364858156418425538e-07,8.246239518187737779e-07,6.412476265165737026e-07,4.349335389808759191e-07,2.743936978455076274e-07,2.158531859688260711e-07,2.146640771853119198e-07,2.263140863435267502e-07,2.927043905917651263e-07,4.075519369166385166e-07,5.020418478774147393e-07,5.169422835282107437e-07,4.234748426966810070e-07,3.706160911895915176e-07,3.435209418222996055e-07,3.332915410725285926e-07,3.344329809843604084e-07,3.433932872361286109e-07,3.577636852813366685e-07,3.758430674468055559e-07,3.963909436929651690e-07,4.184784619098039665e-07,4.413936685933135205e-07,4.645790864386815015e-07,4.875896546491961762e-07,5.100639322561282830e-07,5.317041083965218536e-07,5.522619419803930934e-07,5.715287446834774825e-07,5.893281576133870434e-07,6.055108841112821870e-07,6.199508095764263147e-07,6.325421152971166792e-07,6.431971099752199859e-07,6.518445810283672262e-07,6.584285213176444843e-07,6.629071242972600135e-07,6.652519672513491321e-07,6.654473218535228502e-07,6.634895460988370601e-07,6.593865232689442009e-07,6.531571230513494133e-07,6.448306679806358993e-07,6.344463955526400479e-07,6.220529131351197748e-07,6.077076495921935843e-07,5.914763148365085854e-07,5.734323869334014491e-07,5.536566567441380206e-07,5.322368736112849300e-07,5.092675540085846538e-07,4.848500409673848313e-07,4.590929392196591325e-07,4.321131048832174069e-07,4.040374472195330070e-07,3.750059152650623634e-07,3.451762110853117732e-07,3.147310190755759891e-07,2.838889042797498670e-07,2.529205684599390624e-07,2.221729478674933523e-07,1.921048217632684541e-07,1.633393113795317410e-07,1.367406231911012231e-07,1.135217242875441742e-07,9.537249372940249437e-08,8.453362776645352971e-08,5.522408283985674355e-08,1.726222615822515094e-08,2.044192694684453862e-08,5.217576876280596527e-08,7.773037950539687911e-08,9.951534612255026124e-08,1.196593101146174139e-07,1.388137589420300849e-07,1.570483481704918070e-07,1.737925151293710618e-07,1.862540578949703961e-07,1.890889740840346598e-07,1.767892934574953722e-07,1.470728848693156699e-07,1.030064979662259998e-07,5.284385362974244978e-08,7.884308178380647333e-09,2.227543784874045942e-08,3.067748721640567208e-08,1.948203820261108257e-08,1.844575901029115366e-08,4.634920038570124808e-08,6.783412696203617645e-08,7.134615042525876474e-08,7.757029989172880970e-08,8.533260669012549427e-08,9.397025491730282234e-08,1.030988066905598362e-07,1.124881894853654482e-07,1.219967155716032990e-07,1.315350497686413834e-07,1.410458801689578665e-07,1.504920676486137589e-07,1.598495155777502740e-07,1.691027472008107969e-07,1.782420837238658588e-07,1.872617980598977046e-07,1.961588814050274863e-07,2.049322056342998822e-07,2.135819475767167612e-07,2.221091899122839099e-07,2.305156428935259200e-07,2.388034495319783661e-07,2.469750488070498043e-07,2.550330793717505581e-07,2.629803116010370626e-07,2.708195995236668041e-07,2.785538467397079349e-07,2.861859822054471863e-07,2.937189430024643261e-07,3.011556620619785307e-07,3.084990594043911223e-07,3.157520358587930223e-07,3.229174685057814874e-07,3.299984913790660332e-07,3.369996937053488047e-07,3.439275530798910896e-07,3.507905966605874145e-07,3.575995731374212080e-07,3.643676435337012187e-07,3.711106004102806294e-07,3.778471259826256228e-07,3.845991003713102403e-07,3.913919720712490956e-07,3.982552041778199433e-07,4.052228124403291855e-07,4.123340153598944986e-07,4.196340228474033499e-07,4.271749988703852267e-07,4.350172453079537559e-07,4.432306687853120058e-07,4.518966088602613725e-07,4.611101230471721653e-07,4.709828392794194151e-07,4.816464960812333942e-07,4.932572908530379616e-07,5.060011429895168242e-07,5.200999466567764511e-07,5.358188318986363493e-07,5.534743591254020917e-07,5.734434078639521152e-07,5.961722090363909609e-07,6.221843536130695743e-07,6.520854101839054481e-07,6.865595904438457638e-07,7.263502951385051869e-07,7.722113356898717307e-07,8.248103363193032969e-07,8.845633116346832376e-07,9.513830357568051824e-07,1.024330119625557942e-06,1.101143963363227476e-06
1.184332232468887014e-06,1.249970932991204633e-06,1.291101950767798620e-06,1.307449465289701298e-06,1.301635743335606435e-06,1.278375982649952123e-06,1.243175025298524637e-06,1.201184680242545498e-06,1.156549538577890751e-06,1.112222024329679172e-06,1.070073484981225080e-06,1.031129484851639089e-06,9.958181091882693800e-07,9.641792717310094425e-07,9.360210624981293570e-07,9.110276249992144693e-07,8.888292166722596237e-07,8.690452778752208104e-07,8.513093234789237015e-07,8.352821141852376267e-07,8.206575547031827305e-07,8.071642560823468652e-07,7.945646386614591775e-07,7.826527374299880297e-07,7.712514055943917541e-07,7.602093176063030734e-07,7.493979930575625584e-07,7.387089573978001335e-07,7.280510965401139633e-07,7.173482313214956331e-07,7.065369222013593496e-07,6.955645067961410403e-07,6.843873682784075378e-07,6.729694288381491729e-07,6.612808581996781093e-07,6.492969823348655106e-07,6.369973722022521936e-07,6.243650869689219284e-07,6.113860411696788669e-07,5.980484609838609130e-07,5.843423914886777599e-07,5.702592144537223368e-07,5.557909781915871298e-07,5.409293414091984459e-07,5.256651610352285676e-07,5.099882163949047757e-07,4.938868823354019682e-07,4.773477492492603658e-07,4.603551919624485448e-07,4.428908966440128463e-07,4.249333672225361672e-07,4.064574534604037792e-07,3.874339771544550778e-07,3.678295899882627973e-07,3.476070924923549603e-07,3.267266083685249164e-07,3.051483008545394891e-07,2.828378595589677614e-07,2.597770440760559733e-07,2.359837614928057380e-07,2.115509697938381727e-07,1.867248298858955480e-07,1.620687857233623331e-07,1.388175075183870268e-07,1.195947722424823982e-07,1.093706893414077638e-07,1.147000096115728171e-07,1.393468176781452001e-07,1.834142320426058614e-07,2.487961327113882992e-07,2.604309364281714662e-07,2.283385786423491513e-07,1.882681705266280542e-07,1.876987247417932032e-07,2.310629222006104006e-07,3.000416564438076281e-07,4.052846064978287049e-07,5.548127478410184196e-07,7.245970808213804607e-07,8.700888952396987763e-07,9.473500483764895070e-07,9.285514659393645218e-07,8.110361210405128441e-07,6.191151598392377723e-07,3.982953533922087503e-07,2.039963112165564789e-07,9.042904750874107120e-08,7.724727976421920739e-08,1.344275579366586934e-07,2.601695104818276004e-07,4.046890399194643897e-07,5.074768852940461294e-07,5.206930862250327885e-07,4.220616777370677459e-07,3.639692021555611078e-07,3.324246164432276951e-07,3.187602072475150313e-07,3.173626769080983552e-07,3.244346066364815007e-07,3.373273310488023028e-07,3.541582841487846841e-07,3.735694043866730662e-07,3.945649571471685758e-07,4.164007848955831633e-07,4.385088913969051611e-07,4.604463373967895375e-07,4.818606240426365568e-07,5.024661314459842538e-07,5.220279409333735187e-07,5.403506033223130911e-07,5.572702463993840869e-07,5.726489610689317255e-07,5.863707608251901180e-07,5.983386396685612351e-07,6.084724038298699720e-07,6.167070515638487806e-07,6.229915412719936352e-07,6.272878330286299534e-07,6.295701196551062931e-07,6.298241855697714804e-07,6.280468478002729829e-07,6.242454457809071913e-07,6.184373562034997336e-07,6.106495171608283430e-07,6.009179527811428293e-07,5.892872960300670124e-07,5.758103138351272536e-07,5.605474456841608162e-07,5.435663749913609741e-07,5.249416626519796639e-07,5.047544854862479260e-07,4.830925403609373840e-07,4.600502000279964814e-07,4.357290424608095513e-07,4.102389263371368159e-07,3.836998576448941316e-07,3.562449945559455514e-07,3.280252803224750093e-07,2.992163894356996982e-07,2.700289334084290539e-07,2.407232090314696511e-07,2.116301856979828947e-07,1.831809144608134353e-07,1.559471319991629354e-07,1.306968240071742292e-07,1.084712459800460855e-07,9.069793176168614284e-08,7.936555684913957264e-08,5.068667904315588804e-08,2.056731583010102264e-08,3.407200848727203298e-08,6.061346591149922944e-08,7.942952367214277969e-08,9.189497583251272992e-08,1.029608079557657256e-07,1.172656867245725089e-07,1.365206480544591651e-07,1.582708816592384041e-07,1.764024121877899896e-07,1.833138458250021660e-07,1.729804061576661254e-07,1.437499880958282085e-07,9.990546303245084363e-08,5.225110617022902192e-08,2.664145341658599937e-08,4.117816337326402277e-08,4.756194705686013621e-08,3.627750703053605458e-08,2.349203046413029310e-08,4.051424364114021777e-08,6.118971942034702896e-08,6.630326177967162180e-08,7.361512428027927239e-08,8.200969283418729448e-08,9.096431995301340412e-08,1.002138920611343435e-07,1.096105120811444506e-07,1.190644967766961644e-07,1.285179734327165165e-07,1.379320596220384934e-07,1.472800704414799465e-07,1.565435945196836033e-07,1.657100416270040783e-07,1.747710084675658394e-07,1.837211383403236029e-07,1.925573020205018025e-07,2.012780001001811914e-07,2.098829240167397960e-07,2.183726332395982360e-07,2.267483182434767640e-07,2.350116269134241906e-07,2.431645377157241084e-07,2.512092671894879660e-07,2.591482025067205502e-07,2.669838522705989384e-07,2.747188105463414775e-07,2.823557304781372515e-07,2.898973048449275768e-07,2.973462516334290307e-07,3.047053032279542894e-07,3.119771981880421797e-07,3.191646748488019969e-07,3.262707444974717358e-07,3.332998657408793240e-07,3.402583729790438540e-07,3.471546393547047625e-07,3.539992508893916878e-07,3.608051997406191007e-07,3.675881059658048397e-07,3.743664780502963586e-07,3.811620231025898640e-07,3.880000184303410637e-07,3.949097576328651656e-07,4.019250868872961969e-07,4.090850513210512816e-07,4.164346778128014897e-07,4.240259297334359510e-07,4.319188813087736150e-07,4.401831743455039857e-07,4.488998372673254450e-07,4.581635641316685509e-07,4.680855668480859820e-07,4.787971234628909246e-07,4.904539446485553542e-07,5.032414647786991617e-07,5.173811285285804885e-07,5.331376827674722315e-07,5.508273837799157499e-07,5.708268591753991604e-07,5.935820460733991197e-07,6.196160047582571138e-07,6.495331975227014081e-07,6.840156048495808173e-07,7.238023793678178205e-07,7.696395578602385443e-07,8.221808499026321141e-07,8.818179501137381739e-07,9.484231962015315496e-07,1.020996311755033426e-06,1.097199875579508100e-06
1.178812485157770388e-06,1.243102318503668818e-06,1.282937152180588395e-06,1.298188646591064056e-06,1.291553883013586989e-06,1.267756208061061044e-06,1.232263801428456074e-06,1.190170077934320153e-06,1.145557850078427924e-06,1.101325770058609423e-06,1.059304266696824339e-06,1.020491084183755396e-06,9.852974293648355194e-07,9.537543950470329158e-07,9.256666474432605103e-07,9.007182380984236359e-07,8.785412234691199534e-07,8.587578011768297335e-07,8.410046314770076008e-07,8.249456774986437700e-07,8.102779224005259410e-07,7.967328421162979949e-07,7.840754732516659891e-07,7.721022150989969491e-07,7.606380474374472241e-07,7.495335566313354225e-07,7.386619860792027448e-07,7.279164238072918725e-07,7.172071825431033344e-07,7.064593974413678227e-07,6.956108516582076343e-07,6.846100325745057586e-07,6.734144171504464730e-07,6.619889812224710032e-07,6.503049234506554199e-07,6.383385898315432565e-07,6.260705794049990924e-07,6.134850063953958922e-07,6.005688889512143205e-07,5.873116302087359369e-07,5.737045537814462407e-07,5.597404529723273379e-07,5.454129647729222396e-07,5.307155979879343300e-07,5.156413932567358990e-07,5.001827252554480982e-07,4.843310724799560995e-07,4.680767570685531641e-07,4.514086624308014406e-07,4.343139454523427977e-07,4.167777750011951958e-07,3.987831530392322672e-07,3.803109149102169752e-07,3.613400715933765676e-07,3.418487667352389226e-07,3.218163072674063988e-07,3.012270486348863889e-07,2.800774917147326030e-07,2.583890172194804317e-07,2.362307448444827335e-07,2.137611155019159352e-07,1.913050895866568556e-07,1.694997552217888940e-07,1.495642970703450743e-07,1.337402901773649917e-07,1.257021839781760922e-07,1.300228959364228110e-07,1.501892879502797300e-07,1.880848442858922243e-07,2.470109824398887222e-07,2.527472339124912347e-07,2.143822785190071526e-07,1.590872276726306137e-07,1.245349080773629405e-07,1.359848278288946805e-07,2.005737130484462590e-07,3.266298607723111704e-07,5.001139807624116900e-07,6.836956836256870631e-07,8.316468704142239801e-07,9.038095437616684651e-07,8.775349336899800665e-07,7.551685971091665571e-07,5.648964251258907329e-07,3.547784446112969793e-07,1.827931086873555196e-07,1.000529939070266535e-07,8.191883204683505222e-08,1.211542761664206356e-07,2.475758654199989902e-07,3.926265775797462612e-07,4.930115502580005744e-07,5.032506608812796227e-07,4.040831486561337837e-07,3.442678313394929412e-07,3.110539593848611564e-07,2.962334912996897436e-07,2.941900391791446081e-07,3.009351872865408743e-07,3.136196571953532187e-07,3.302218610036444412e-07,3.493110809992256527e-07,3.698667308508011975e-07,3.911481431571124808e-07,4.126052946476857173e-07,4.338192974289150319e-07,4.544631431795706941e-07,4.742757732058726301e-07,4.930448084202241596e-07,5.105949091541505611e-07,5.267798233672649653e-07,5.414768794012268113e-07,5.545831199709025345e-07,5.660125518581678967e-07,5.756941619873075805e-07,5.835704635804200254e-07,5.895964096330858009e-07,5.937385596408863389e-07,5.959744184043337659e-07,5.962918884996364865e-07,5.946887941965890475e-07,5.911724465189670791e-07,5.857592282682233367e-07,5.784741851682433006e-07,5.693506155414002793e-07,5.584296566319499220e-07,5.457598713183911549e-07,5.313968449747610624e-07,5.154028092061378505e-07,4.978463178137532428e-07,4.788020116224173476e-07,4.583505241040356237e-07,4.365786009978229829e-07,4.135795370944373870e-07,3.894540758467408220e-07,3.643119778384503687e-07,3.382745498907635726e-07,3.114785486052075894e-07,2.840820475788992687e-07,2.562731177654163817e-07,2.282825847936623341e-07,2.004028746861126129e-07,1.730165462915242436e-07,1.466419928940270974e-07,1.220139328594053339e-07,1.002407724656019120e-07,8.311459306510412303e-08,7.352729820591450648e-08,5.133659403993796213e-08,3.390489635157070422e-08,4.207869522848294324e-08,6.009220701482235147e-08,7.496860970606375418e-08,8.700668033309149457e-08,9.918061217110016756e-08,1.134156362383442231e-07,1.300770288192733512e-07,1.475750690326554314e-07,1.615348400127673529e-07,1.656257763164255273e-07,1.544025149277675421e-07,1.264922494340142512e-07,8.696445561318100066e-08,5.086304143965019480e-08,4.688554636705983639e-08,6.228962950867403091e-08,6.539562952292016041e-08,5.063872150491023998e-08,2.809642432178005283e-08,3.186710309729739730e-08,5.238480329511693520e-08,6.011678814904729908e-08,6.904920923002748237e-08,7.835791618023059085e-08,8.779231459128206620e-08,9.726700377328184579e-08,1.067431926837923209e-07,1.161957020778557030e-07,1.256044265675789913e-07,1.349524897909226030e-07,1.442259643399927639e-07,1.534137672174070483e-07,1.625074413036551695e-07,1.715008300669901818e-07,1.803897077808414106e-07,1.891714170160773447e-07,1.978445436279428121e-07,2.064086418614031791e-07,2.148640109722617069e-07,2.232115187636040921e-07,2.314524649395159642e-07,2.395884767376668794e-07,2.476214299181915883e-07,2.555533892358299540e-07,2.633865636540715405e-07,2.711232725981631456e-07,2.787659204175421093e-07,2.863169769247939346e-07,2.937789624133667103e-07,3.011544359570412596e-07,3.084459860894112992e-07,3.156562231775289664e-07,3.227880453021049905e-07,3.298457881525218608e-07,3.368356487862303611e-07,3.437658505436715327e-07,3.506468195373677421e-07,3.574913805008689353e-07,3.643149811688749447e-07,3.711359551626066265e-07,3.779758339332175692e-07,3.848597190711388095e-07,3.918167276808404867e-07,3.988805260732167186e-07,4.060899713164141398e-07,4.134898867934056921e-07,4.211320073505461611e-07,4.290761421868849646e-07,4.373916192219276856e-07,4.461590925131259499e-07,4.554728126440413141e-07,4.654434759740290438e-07,4.762017781681767309e-07,4.879027956208392530e-07,5.007313001396355670e-07,5.149080726003560854e-07,5.306972141473058185e-07,5.484143464797980684e-07,5.684354143035968979e-07,5.912054782028532926e-07,6.172462586276298972e-07,6.471599785644092927e-07,6.816248267648210095e-07,7.213736597644899491e-07,7.671422885476886587e-07,8.195680212037546164e-07,8.790164402353458767e-07,9.453192470270538273e-07,1.017417086773416604e-06,1.092898785117139666e-06
1.172713625083573132e-06,1.235529214157920989e-06,1.273982912396342656e-06,1.288108738239434336e-06,1.280682380591382636e-06,1.256425389064964500e-06,1.220751461904456092e-06,1.178677414797879685e-06,1.134210303125095838e-06,1.090186471116191645e-06,1.048391495380886526e-06,1.009794457360553933e-06,9.747905541606711455e-07,9.434036693567034797e-07,9.154368319843627589e-07,8.905756822120426063e-07,8.684555410010225876e-07,8.487025930482504962e-07,8.309576559789891274e-07,8.148887198011553914e-07,8.001965141732545931e-07,7.866159193201587125e-07,7.739150223511709452e-07,7.618929354175050354e-07,7.503770438716228368e-07,7.392200687999016052e-07,7.282971551311843664e-07,7.175030953502001769e-07,7.067497427297683986e-07,6.959636386989345383e-07,6.850838645460184334e-07,6.740601206227869043e-07,6.628510321349394103e-07,6.514226770919876876e-07,6.397473279916618505e-07,6.278023940877486418e-07,6.155695458392587098e-07,6.030339977553789673e-07,5.901839207421417739e-07,5.770099505343584976e-07,5.635047550122344119e-07,5.496626201230295648e-07,5.354788750097513841e-07,5.209490079716423603e-07,5.060684004333487766e-07,4.908322081850933990e-07,4.752352267920004286e-07,4.592717466350164082e-07,4.429354087826329129e-07,4.262190823831060863e-07,4.091147997972899115e-07,3.916138109748598020e-07,3.737068597120083951e-07,3.553848515953972110e-07,3.366401939374613253e-07,3.174692718944333866e-07,2.978768356583685060e-07,2.778836082399788429e-07,2.575393611313654664e-07,2.369453755463286200e-07,2.162931845450601122e-07,1.959315890252610654e-07,1.764813289332755416e-07,1.590209192015291516e-07,1.453381550605521427e-07,1.380974102569602831e-07,1.405132029838531739e-07,1.554111369048150250e-07,1.849821775802931022e-07,2.326441483373859377e-07,2.281298445903740318e-07,1.821690430555565655e-07,1.212287143685077201e-07,8.019889768236039775e-08,8.750124689650484902e-08,1.558816675922535122e-07,2.866581493571402814e-07,4.584115489179777705e-07,6.329086422766308141e-07,7.667582870528702066e-07,8.239194016021568137e-07,7.868061190271314111e-07,6.630829978804929703e-07,4.868156226896045303e-07,3.157753530790228440e-07,2.203534780077111246e-07,2.042745460854783186e-07,1.863877717863962186e-07,1.707015407741538233e-07,2.437076303781878053e-07,3.685330608144028703e-07,4.600594254561464429e-07,4.674175450256834957e-07,3.721375231675686441e-07,3.136646715148919735e-07,2.810740418653992248e-07,2.669764786723654442e-07,2.658970595302605625e-07,2.736811366654245746e-07,2.872818165771240842e-07,3.045585696619648965e-07,3.240426390877792148e-07,3.447263069824314129e-07,3.659059968576586643e-07,3.870767168800330808e-07,4.078643046957706997e-07,4.279826165284864725e-07,4.472064390363635401e-07,4.653541719402607923e-07,4.822765963007346422e-07,4.978494737054530000e-07,5.119685920536412456e-07,5.245463980935885432e-07,5.355096739926492802e-07,5.447979090196831331e-07,5.523621375982626269e-07,5.581640907959790720e-07,5.621755570505885650e-07,5.643778799334518650e-07,5.647615422699016666e-07,5.633258008150759430e-07,5.600783463171610633e-07,5.550349717086099701e-07,5.482192373391857740e-07,5.396621272717644225e-07,5.294016951865713648e-07,5.174827027727834750e-07,5.039562579960969773e-07,4.888794657236602021e-07,4.723151093731103663e-07,4.543313902191644602e-07,4.350017617087157489e-07,4.144049109988688194e-07,3.926249609867343798e-07,3.697519964198902990e-07,3.458830620894440464e-07,3.211238477404167364e-07,2.955913782818210810e-07,2.694182005945813105e-07,2.427588728948404619e-07,2.158002054490833584e-07,1.887781791486490004e-07,1.620082268614504570e-07,1.359458395833826036e-07,1.113233978477717398e-07,8.948427523531471352e-08,7.313302253678184924e-08,6.708003581722318146e-08,5.476900676195216125e-08,4.624997957592348619e-08,4.621187428680324168e-08,5.245565904882315494e-08,6.499535277851048358e-08,8.384221461217569779e-08,1.046009373129280716e-07,1.220130640994334253e-07,1.336907910852733599e-07,1.402253273348123991e-07,1.423271406721050061e-07,1.380816040761249931e-07,1.238197624589492547e-07,9.810837614165955847e-08,6.648981749911038532e-08,4.864784988492266470e-08,6.105617931833678117e-08,7.689077455392819160e-08,7.724109835689755209e-08,5.929107100748005942e-08,3.028453595615379661e-08,2.177048302947287950e-08,4.371357906889840606e-08,5.436422273906801774e-08,6.483635034234162510e-08,7.494400089648832835e-08,8.478283695955046096e-08,9.444718962116164200e-08,1.039940805804741110e-07,1.134510687718522316e-07,1.228279180831146184e-07,1.321250939464666149e-07,1.413389473208847593e-07,1.504645770083786301e-07,1.594972644300012191e-07,1.684330952195431155e-07,1.772691480833276122e-07,1.860034722906875921e-07,1.946349759562658239e-07,2.031632886081059334e-07,2.115886283243125342e-07,2.199116857688108703e-07,2.281335283142166441e-07,2.362555231948916518e-07,2.442792769897548574e-07,2.522065883869904186e-07,2.600394114160043224e-07,2.677798267721029143e-07,2.754300193247979482e-07,2.829922603138796663e-07,2.904688930744485721e-07,2.978623213943125217e-07,3.051749998060518532e-07,3.124094252656524633e-07,3.195683958556989381e-07,3.266561353485269497e-07,3.336787121533681733e-07,3.406442063762223053e-07,3.475628888107129330e-07,3.544474194629743474e-07,3.613130745324485945e-07,3.681780115027449609e-07,3.750635825076536279e-07,3.819947068376809815e-07,3.890003148159736024e-07,3.961138778409159927e-07,4.033740437610114508e-07,4.108254035220548146e-07,4.185194247415567451e-07,4.265156008435492172e-07,4.348828805262399231e-07,4.437014608227485506e-07,4.530650460071615533e-07,4.630836909648799859e-07,4.738873569498474554e-07,4.856303045086231471e-07,4.984964271445698161e-07,5.127055846943291180e-07,5.285209213014537084e-07,5.462570373469026291e-07,5.662886972408377866e-07,5.890594223359488076e-07,6.150886863717069445e-07,6.449752194876701836e-07,6.793917086318658257e-07,7.190624802254228679e-07,7.647104402324885521e-07,8.169537481675162337e-07,8.761298464663245872e-07,9.420295359825103940e-07,1.013536552490528580e-06,1.088170095291264623e-06
1.165944412291536128e-06,1.227152541836294455e-06,1.264139107800895889e-06,1.277113720582621263e-06,1.268932623242260006e-06,1.244303965638713004e-06,1.208567915541440754e-06,1.166645748112636233e-06,1.122454443910022413e-06,1.078759402476993536e-06,1.037297418069904526e-06,9.990080961216769433e-07,9.642715188674818502e-07,9.331059933858289525e-07,9.053147207069497590e-07,8.805866399874254917e-07,8.585618411399671001e-07,8.388717726845412329e-07,8.211624736823709069e-07,8.051068395417254892e-07,7.904100677892575445e-07,7.768110328738257810e-07,7.640813530323761748e-07,7.520232433009313160e-07,7.404668097840192325e-07,7.292671618748211764e-07,7.183015491768370543e-07,7.074666307181341990e-07,6.966759292105963903e-07,6.858574946176298929e-07,6.749517873874200746e-07,6.639097850073564098e-07,6.526913116779790884e-07,6.412635875501031668e-07,6.295999900831398206e-07,6.176790154348798803e-07,6.054834225940809224e-07,5.929995376156979700e-07,5.802166902268581349e-07,5.671267505542215848e-07,5.537237299321994486e-07,5.400034066463918973e-07,5.259628067457234596e-07,5.115994084038491876e-07,4.969109478691277634e-07,4.818953765185128621e-07,4.665508161476491197e-07,4.508755195065166191e-07,4.348678484400353147e-07,4.185262906933529719e-07,4.018495505348599312e-07,3.848367711483190524e-07,3.674879836545206815e-07,3.498049375323624683e-07,3.317925648576461296e-07,3.134614907873330668e-07,2.948322664248585590e-07,2.759424368322035877e-07,2.568582800405472483e-07,2.376942365787905499e-07,2.186449087829260202e-07,2.000370953884675807e-07,1.824115939213217718e-07,1.666411661805505087e-07,1.540654129418040317e-07,1.465466002482288287e-07,1.462547926238195112e-07,1.551562345229491601e-07,1.748511716097956617e-07,2.077780597221083444e-07,1.901666577554314539e-07,1.374279842895371428e-07,9.018024494470347190e-08,9.769153935450019683e-08,1.313005738177680434e-07,1.809368118906356393e-07,2.783877393072186884e-07,4.197200076639978901e-07,5.665283319590391434e-07,6.752011698917511151e-07,7.122959417969857265e-07,6.645861547916273795e-07,5.453314314560185866e-07,3.973148230200606794e-07,2.923412001382790762e-07,2.786438275205624922e-07,2.915353441499488399e-07,2.650771219941013463e-07,2.155695868605577053e-07,2.348671057131471527e-07,3.318909613796595243e-07,4.125676842512711168e-07,4.182021876964002789e-07,3.303903986955120907e-07,2.754954900360957237e-07,2.450810470408963996e-07,2.330140465809165623e-07,2.341021598910174708e-07,2.439913209653509830e-07,2.593921365585470924e-07,2.780439563630279159e-07,2.984676510590928309e-07,3.197029286264471624e-07,3.411138366056077591e-07,3.622640698486432688e-07,3.828414700345930814e-07,4.026130402640695023e-07,4.213980385770688080e-07,4.390516730511437282e-07,4.554550549997017769e-07,4.705088999599691990e-07,4.841295124106399429e-07,4.962461865207044469e-07,5.067994985729069771e-07,5.157401674779168551e-07,5.230282793638270110e-07,5.286327448468096390e-07,5.325309026172472629e-07,5.347082115172383106e-07,5.351579918209112458e-07,5.338811888054045949e-07,5.308861402396747337e-07,5.261883355455692336e-07,5.198101589918114033e-07,5.117806129377691190e-07,5.021350202316030633e-07,4.909147076613795461e-07,4.781666750828317309e-07,4.639432577225530050e-07,4.483017924345576007e-07,4.313043027082904781e-07,4.130172224744162813e-07,3.935111859802022944e-07,3.728609214288600578e-07,3.511453018169342324e-07,3.284476314362166628e-07,3.048562889217868601e-07,2.804659253567748939e-07,2.553795710247608708e-07,2.297123435562892977e-07,2.035982588709691758e-07,1.772037348404256578e-07,1.507571971709768077e-07,1.246216766680334500e-07,9.949341598062689060e-08,7.698913077673797129e-08,6.122469160244357915e-08,6.000915252310257434e-08,5.875732899749293829e-08,5.675474202712681724e-08,4.970738841865093865e-08,4.127518686430213959e-08,5.105638012682745360e-08,8.021426501378985644e-08,1.106937993615437685e-07,1.314149374706594147e-07,1.382573993300913170e-07,1.328400640059874485e-07,1.201680752666540205e-07,1.043862482420860054e-07,8.570895704993478220e-08,6.297278001270673845e-08,4.246257735925345567e-08,4.582634016306216582e-08,6.732648342108418735e-08,8.237962720978635474e-08,8.070333851927350858e-08,6.107619758049544567e-08,2.925525929237202612e-08,1.258779742766187084e-08,3.795002202506160660e-08,5.047564864926144300e-08,6.171687709842041083e-08,7.216647117217907427e-08,8.215840668930625784e-08,9.188239514733813068e-08,1.014383388740043094e-07,1.108753261881917651e-07,1.202151770804936220e-07,1.294658002760641495e-07,1.386284835306889790e-07,1.477017325760453115e-07,1.566832053958091557e-07,1.655706244590380510e-07,1.743621581314085068e-07,1.830565383897996266e-07,1.916530563551375621e-07,2.001515081273351179e-07,2.085521262924779959e-07,2.168555130583736197e-07,2.250625811920133137e-07,2.331745042704348255e-07,2.411926757336792596e-07,2.491186755070825285e-07,2.569542428372245872e-07,2.647012541055634702e-07,2.723617045756599217e-07,2.799376932197077467e-07,2.874314099313717558e-07,2.948451245602965887e-07,3.021811773035917536e-07,3.094419700680634875e-07,3.166302179511791322e-07,3.237500473062838139e-07,3.308074096684717384e-07,3.378102510859331760e-07,3.447686936973129981e-07,3.516952369339637098e-07,3.586049869772723390e-07,3.655159237627391275e-07,3.724492152666581358e-07,3.794295894595831314e-07,3.864857756512168648e-07,3.936510295425477455e-07,4.009637607579950599e-07,4.084682885826376357e-07,4.162157616380398820e-07,4.242652906413070549e-07,4.326853601104686558e-07,4.415556040524797589e-07,4.509690503232320765e-07,4.610349550835067756e-07,4.718823577208032678e-07,4.836644818198903391e-07,4.965640830548938582e-07,5.107997945248375375e-07,5.266334379824186952e-07,5.443781442349444391e-07,5.644069284818324517e-07,5.871610253560892999e-07,6.131566533982482114e-07,6.429876744715057560e-07,6.773194180372197784e-07,7.168652729976578397e-07,7.623323562106902814e-07,8.143167012958811015e-07,8.731253724116042036e-07,9.385079525873308854e-07,1.009293813100516892e-06,1.082937810386179875e-06
1.158409952306920369e-06,1.217871069977411010e-06,1.253305381644637671e-06,1.265108952925886038e-06,1.256218187781571643e-06,1.231314529556616951e-06,1.195644596699485764e-06,1.154014781651962980e-06,1.110237594600399586e-06,1.066998896206847700e-06,1.025982815900481176e-06,9.880986838682222184e-07,9.537123480070134085e-07,9.228381486003109661e-07,8.952812530753535327e-07,8.707356121311715135e-07,8.488476095471069878e-07,8.292552700670535598e-07,8.116109642867777769e-07,7.955934231478332112e-07,7.809130866228718654e-07,7.673134651840140724e-07,7.545702373571810610e-07,7.424891550603710346e-07,7.309033990285227840e-07,7.196707536187858013e-07,7.086708035639298203e-07,6.978022580703702797e-07,6.869804540587604561e-07,6.761350626187541789e-07,6.652080093096973109e-07,6.541516125338606622e-07,6.429269405566224251e-07,6.315023845482381335e-07,6.198524412580433420e-07,6.079566943797566050e-07,5.957989785430884883e-07,5.833667045809386290e-07,5.706503197008704080e-07,5.576428717691178221e-07,5.443396432710409523e-07,5.307378176277055401e-07,5.168360176305028101e-07,5.026335961816836601e-07,4.881305090521046603e-07,4.733273410391593986e-07,4.582253419718087171e-07,4.428264800505048077e-07,4.271335244042010111e-07,4.111501757533494872e-07,3.948812752827766214e-07,3.783331398377120164e-07,3.615141005563061026e-07,3.444353688515549501e-07,3.271124292754309663e-07,3.095672809493172762e-07,2.918320459316890133e-07,2.739547768604874321e-07,2.560087876648183937e-07,2.381075681824941733e-07,2.204283442323332733e-07,2.032483621878457134e-07,1.869978445407693995e-07,1.723285813352799360e-07,1.601786721958433571e-07,1.517718526536852461e-07,1.484459323962268681e-07,1.512822399384805940e-07,1.608509511997055633e-07,1.778114993377445278e-07,1.454988880392739950e-07,8.743978252273861200e-08,8.530027254407869329e-08,1.455664854086971892e-07,1.931668904851686632e-07,2.257543097777158806e-07,2.793846458871638523e-07,3.744287314779325180e-07,4.831062421819992853e-07,5.618751432865432088e-07,5.785131457703063571e-07,5.232859940222220644e-07,4.156051991470051112e-07,3.110065045178984442e-07,2.859199027537278978e-07,3.266084978882044511e-07,3.467567709783839864e-07,3.087162019494145716e-07,2.349287350206408864e-07,2.133030454654941481e-07,2.854172648014156691e-07,3.567669812048077937e-07,3.620955466523735887e-07,2.838078302033038038e-07,2.335715286639294947e-07,2.060154685195990860e-07,1.966953845148069769e-07,2.007662149220729142e-07,2.135244773036509718e-07,2.313350286960520199e-07,2.518102951323918727e-07,2.734962061093048990e-07,2.955184606377403843e-07,3.173381250833857177e-07,3.386073520001890626e-07,3.590885949852972089e-07,3.786098380164579244e-07,3.970395946537280875e-07,4.142727482713375606e-07,4.302224102433333530e-07,4.448151765536175112e-07,4.579883379454800823e-07,4.696882308209964819e-07,4.798692619200675567e-07,4.884933327213507466e-07,4.955294993275920305e-07,5.009537673977225755e-07,5.047489595113711006e-07,5.069046152469542341e-07,5.074168984301739381e-07,5.062884950163605565e-07,5.035284909709014951e-07,4.991522235209776033e-07,4.931811019892065241e-07,4.856423965132701055e-07,4.765689945563957090e-07,4.659991263640836358e-07,4.539760614963809984e-07,4.405477792912293041e-07,4.257666165933108852e-07,4.096888963011703763e-07,3.923745402411881487e-07,3.738866696357689097e-07,3.542911962672963629e-07,3.336564081752465419e-07,3.120525576081335542e-07,2.895514718393485430e-07,2.662262444513816899e-07,2.421511651941089011e-07,2.174023161987398284e-07,1.920599975454791360e-07,1.662162317329537840e-07,1.399969205082281929e-07,1.136293100846061283e-07,8.766508497822527287e-08,6.380775329011205547e-08,4.791778801819812362e-08,5.229876583271585229e-08,6.168817079763868166e-08,6.511927418285111028e-08,5.454214548623824051e-08,3.214973217560735432e-08,3.529988709242272832e-08,7.425910938311603459e-08,1.114189707219508611e-07,1.338503115042592150e-07,1.368756558747053880e-07,1.222729057712730750e-07,9.691312126833245858e-08,6.947147044275315908e-08,4.569286864228556430e-08,2.658820502009109749e-08,2.242506826103872532e-08,4.261604659412237307e-08,6.536672243556713494e-08,7.846847022100686635e-08,7.572370860732500203e-08,5.633039951415552408e-08,2.509495228317795253e-08,9.374585350809199934e-09,3.647272459938617903e-08,4.880405045512426329e-08,5.979091004219135989e-08,7.006163659582751133e-08,7.994041797842978393e-08,8.959060460515884195e-08,9.909208391331190706e-08,1.084822145339012782e-07,1.177771591176792576e-07,1.269828488037124505e-07,1.361005307069639507e-07,1.451295172077373960e-07,1.540685082588243274e-07,1.629161979244180901e-07,1.716715299352044075e-07,1.803337866295714754e-07,1.889026026267123651e-07,1.973779472637231277e-07,2.057600962132881785e-07,2.140496012126931191e-07,2.222472614455595121e-07,2.303540977152104078e-07,2.383713295573655595e-07,2.463003550809661250e-07,2.541427332277258524e-07,2.619001681355689565e-07,2.695744953091147195e-07,2.771676693178954367e-07,2.846817527553741172e-07,2.921189062012349111e-07,2.994813789394288379e-07,3.067715001978971532e-07,3.139919231668722756e-07,3.211466950628814123e-07,3.282416656980522772e-07,3.352846591374555883e-07,3.422856578561760840e-07,3.492570065015981252e-07,3.562136435505220939e-07,3.631733697428898567e-07,3.701571625546181181e-07,3.771895465741144307e-07,3.842990309723579787e-07,3.915186278799827906e-07,3.988864700411803597e-07,4.064465532571397538e-07,4.142496394505514966e-07,4.223543700517484093e-07,4.308286567402053593e-07,4.397514364748784057e-07,4.492148980864528049e-07,4.593273047713681146e-07,4.702165452506475295e-07,4.820345395521572038e-07,4.949625965244073886e-07,5.092177631888412191e-07,5.250601149013000267e-07,5.428007993887806615e-07,5.628104393140812986e-07,5.855271485140498500e-07,6.114627803270358973e-07,6.412048348628790908e-07,6.754092936466191953e-07,7.147760493283608584e-07,7.599933767604738385e-07,8.116320228373479710e-07,8.699662691791011653e-07,9.347041365089266110e-07,1.004623570851449204e-06,1.077121610822414216e-06
1.150013885907121752e-06,1.207584166854245051e-06,1.241384252171537229e-06,1.252004379345425268e-06,1.242457890000695724e-06,1.217384528484951324e-06,1.181916727789901710e-06,1.140726670301990872e-06,1.097508233939787695e-06,1.054859354031027872e-06,1.014407708589995068e-06,9.770315472418489843e-07,9.430833015760054941e-07,9.125748798769609393e-07,8.853151511487499195e-07,8.610047584598341711e-07,8.392979008213087257e-07,8.198405112625117780e-07,8.022924381282796682e-07,7.863392241551774713e-07,7.716973772144424537e-07,7.581157372993539466e-07,7.453746221804974744e-07,7.332838007493341878e-07,7.216799235152771671e-07,7.104237722136811632e-07,6.993975270226743889e-07,6.885021547366977302e-07,6.776549688899676761e-07,6.667873858329307957e-07,6.558428877479231761e-07,6.447751974391695116e-07,6.335466662579438014e-07,6.221268734717255776e-07,6.104914317545459083e-07,5.986209890413482149e-07,5.865004119714267496e-07,5.741181309650317849e-07,5.614656220839252537e-07,5.485369965908881416e-07,5.353286657667505205e-07,5.218390461046957074e-07,5.080681545600556931e-07,4.940169815172869712e-07,4.796874224310492912e-07,4.650823634021515780e-07,4.502057860851660587e-07,4.350628993932527941e-07,4.196603087060319181e-07,4.040062382774718878e-07,3.881108303512247451e-07,3.719865568568296096e-07,3.556487992931849129e-07,3.391166840263764177e-07,3.224143109143586238e-07,3.055725940634995609e-07,2.886320612350885116e-07,2.716471558292790608e-07,2.546928785279874234e-07,2.378750073655082459e-07,2.213455891069027249e-07,2.053256172635536220e-07,1.901358939147919153e-07,1.762326771620034753e-07,1.642321903836959581e-07,1.548824356167177404e-07,1.489105066422837067e-07,1.466894551904698970e-07,1.478135312384270116e-07,1.509630058722863262e-07,1.041902631259023384e-07,4.034025228823368858e-08,1.017888110829719744e-07,1.850364239337674692e-07,2.364646386403751497e-07,2.555308613480771375e-07,2.714262486866915006e-07,3.181445698587109567e-07,3.866298514539051080e-07,4.366770428377819512e-07,4.362002326958595323e-07,3.779244303624035374e-07,2.887028208372664423e-07,2.412257642103865561e-07,2.860617145164797481e-07,3.503684102021996117e-07,3.664015641751018877e-07,3.169217498108781929e-07,2.267503574505907041e-07,1.785438517577747355e-07,2.349487541912770358e-07,3.000931316598480474e-07,3.057280239451583265e-07,2.370645814562312164e-07,1.913227127713657598e-07,1.665201455126229713e-07,1.602597305007108812e-07,1.679193134363394740e-07,1.840914796669611221e-07,2.046521684094670019e-07,2.271210697396016921e-07,2.501390929275755932e-07,2.729696852185833742e-07,2.952006844161755461e-07,3.165877102182145958e-07,3.369744858920010756e-07,3.562522496845049364e-07,3.743388660094593643e-07,3.911679835088976763e-07,4.066834062162006664e-07,4.208362134147928041e-07,4.335833448332482827e-07,4.448869688770931622e-07,4.547142643638772372e-07,4.630374124695568747e-07,4.698336856617522647e-07,4.750855700137903566e-07,4.787808850240418496e-07,4.809128807609475607e-07,4.814803011466444591e-07,4.804874074120039729e-07,4.779439588322966002e-07,4.738651496938894694e-07,4.682715025484696020e-07,4.611887184442145417e-07,4.526474850993734842e-07,4.426832439218443288e-07,4.313359163227407866e-07,4.186495887970918791e-07,4.046721545487505744e-07,3.894549067249035998e-07,3.730520741913278299e-07,3.555202846902562752e-07,3.369179315457390275e-07,3.173044082282454863e-07,2.967391599903033976e-07,2.752804852381767442e-07,2.529840086996269401e-07,2.299007670582554224e-07,2.060749643415696615e-07,1.815418743422861379e-07,1.563277399736782975e-07,1.304581144423278901e-07,1.039981198024453289e-07,7.722368294665066747e-08,5.145890093996521236e-08,3.394095331568786345e-08,4.405510416146050040e-08,6.241017315879337902e-08,7.048837618869484292e-08,5.989895370297910026e-08,3.060827189400987316e-08,2.010587177648112471e-08,6.532373400123129249e-08,1.047625670973467842e-07,1.268390647870132868e-07,1.269784900743489965e-07,1.070772047101125318e-07,7.455033093324211618e-08,3.969124143869643753e-08,1.262154369380948346e-08,1.086116956091661594e-08,2.304171508420152095e-08,3.903167772595893258e-08,5.626812907798411597e-08,6.684241491033223908e-08,6.428193188035889674e-08,4.693129014496150146e-08,1.870840932742316575e-08,1.295960293397292886e-08,3.758533024768641780e-08,4.836915381721942602e-08,5.851852237494428505e-08,6.834172361450463390e-08,7.798209309931644902e-08,8.750146545620339878e-08,9.692463726045664527e-08,1.062604533041207231e-07,1.155112655417700449e-07,1.246769962150184508e-07,1.337568022409881206e-07,1.427497159942185037e-07,1.516548715062793472e-07,1.604715751696484995e-07,1.691993248668187263e-07,1.778378152899487196e-07,1.863869407412615417e-07,1.948467972748766993e-07,2.032176834789191006e-07,2.115000990779075194e-07,2.196947410498289330e-07,2.278024974438957623e-07,2.358244393793442999e-07,2.437618118086636900e-07,2.516160235980013419e-07,2.593886373725463993e-07,2.670813594409571333e-07,2.746960299801501963e-07,2.822346135469458614e-07,2.896991898939071976e-07,2.970919450050574055e-07,3.044151622312616421e-07,3.116714584067058665e-07,3.188648240598267447e-07,3.260010261587370948e-07,3.330877820602119471e-07,3.401349461175206440e-07,3.471547157238836600e-07,3.541618646872131047e-07,3.611740123582752358e-07,3.682119372578388128e-07,3.752999445128842606e-07,3.824662977326595413e-07,3.897437286226335031e-07,3.971700423019470715e-07,4.047888436371022887e-07,4.126504205538185371e-07,4.208128346486674967e-07,4.293432874192861436e-07,4.383198511169040585e-07,4.478336742891632777e-07,4.579917894380612649e-07,4.689206579097179850e-07,4.807705778485975346e-07,4.937210472948899044e-07,5.079871098302800975e-07,5.238266088502119978e-07,5.415481289234495210e-07,5.615191828726646528e-07,5.841738455643100194e-07,6.100183990499793063e-07,6.396323805526631852e-07,6.736603173796066532e-07,7.127859281733189993e-07,7.576754735150292071e-07,8.088711333906389924e-07,8.666119014267493498e-07,9.305639088412248202e-07,9.994570340506171190e-07,1.070638330862695527e-06
1.140661135654519391e-06,1.196195105020620391e-06,1.228284688639036910e-06,1.237718095999547496e-06,1.227579112414390904e-06,1.202449205053448413e-06,1.167325805510538032e-06,1.126728053475568934e-06,1.084217614488925076e-06,1.042296499825220223e-06,1.002532295784594421e-06,9.657713366238735682e-07,9.323533398369369463e-07,9.022891840411852495e-07,8.753930654334762641e-07,8.513739287060513949e-07,8.298952761810651538e-07,8.106122797044949699e-07,7.931934333617571672e-07,7.773321050841702453e-07,7.627517420559580573e-07,7.492072570992736634e-07,7.364842362589172741e-07,7.243969933556256174e-07,7.127860878155583797e-07,7.015156602066828459e-07,6.904707798379740175e-07,6.795549057506796925e-07,6.686875113774165582e-07,6.578018968928932926e-07,6.468432006474983503e-07,6.357666151257479017e-07,6.245358095337147157e-07,6.131215581975473143e-07,6.015005704625657869e-07,5.896545134910265896e-07,5.775692144809248833e-07,5.652340237960050040e-07,5.526413157853585292e-07,5.397861000944740107e-07,5.266657133138513334e-07,5.132795589948236652e-07,4.996287561659066179e-07,4.857155887470979562e-07,4.715434857989132057e-07,4.571171540975408788e-07,4.424427376256714336e-07,4.275280114324253564e-07,4.123826195631859219e-07,3.970183699893370272e-07,3.814496042664003427e-07,3.656936669815215546e-07,3.497715114908873731e-07,3.337084965272977946e-07,3.175354569678839593e-07,3.012901774523325611e-07,2.850194682580059409e-07,2.687821496070458705e-07,2.526534024431479793e-07,2.367311344914223775e-07,2.211451798777216393e-07,2.060700856481930041e-07,1.917413496667684723e-07,1.784718760908231195e-07,1.666574420570478774e-07,1.567437159754658952e-07,1.491034011902852176e-07,1.437559386499988632e-07,1.398858816519791311e-07,1.351881235858706689e-07,7.964738125988842645e-08,1.348593685071459274e-08,1.176021319196860554e-07,2.048878291901398548e-07,2.538805962661026389e-07,2.610511017005962984e-07,2.478883346161917694e-07,2.526605424625486994e-07,2.857090589066304563e-07,3.130683986260343709e-07,3.012255009657419542e-07,2.438720828846042132e-07,1.781769224663505885e-07,1.942580205554160848e-07,2.796751606771997636e-07,3.460419827210341859e-07,3.529799962865402482e-07,2.947648501480620387e-07,1.962729238789068089e-07,1.356298879580345417e-07,1.881538244996910750e-07,2.492054959043250475e-07,2.541393780093769110e-07,1.934363107543851439e-07,1.510816577951664223e-07,1.284842651807536109e-07,1.256101860463478537e-07,1.375530832136045810e-07,1.575433624411453331e-07,1.809035163236520380e-07,2.052254111758166122e-07,2.293733226108054129e-07,2.528124471938495593e-07,2.752825131010762540e-07,2.966490744938157898e-07,3.168356395658423938e-07,3.357922901136576998e-07,3.534811308528502461e-07,3.698696894492547338e-07,3.849281356837501455e-07,3.986283407862535988e-07,4.109438067876584140e-07,4.218499830096911423e-07,4.313247281117991098e-07,4.393487978387584449e-07,4.459063007075020824e-07,4.509850956285228903e-07,4.545771215612530540e-07,4.566786572723537388e-07,4.572905130106467231e-07,4.564181574839361724e-07,4.540717839961407079e-07,4.502663195297169972e-07,4.450213802029440388e-07,4.383611759949375952e-07,4.303143669123956230e-07,4.209138717966466513e-07,4.101966295962821389e-07,3.982033109424380220e-07,3.849779749450539884e-07,3.705676618277858187e-07,3.550219056960461882e-07,3.383921424869165614e-07,3.207309747409220860e-07,3.020912356155292678e-07,2.825247674951902300e-07,2.620807935552977996e-07,2.408037128186149433e-07,2.187300948654505379e-07,1.958846109864919968e-07,1.722746919977978932e-07,1.478841198429124868e-07,1.226675545419054949e-07,9.655562306482798767e-08,6.951900879424648056e-08,4.203075647522971038e-08,2.042346810925410854e-08,3.560998004899211384e-08,6.022010487230883324e-08,7.187323238616402029e-08,6.341219472089060503e-08,3.474646125925603645e-08,8.002446749493926359e-09,5.404086561208363056e-08,9.173064404840456630e-08,1.116129827839798635e-07,1.095147320676890421e-07,8.777955890587970820e-08,5.482423422101789867e-08,2.559694129529302831e-08,2.547557873910324854e-08,3.498521894051873149e-08,3.560244349610966786e-08,3.488540213597315360e-08,4.233752954211346458e-08,5.099832091375273383e-08,5.028634556100851456e-08,3.633699058161550396e-08,1.192164909397733250e-08,1.628308131933684110e-08,3.847139130566041829e-08,4.779602275383766453e-08,5.720211557571688434e-08,6.665436693539641696e-08,7.610941345264637286e-08,8.553185652744218346e-08,9.489791057700483733e-08,1.041933614218197852e-07,1.134104333871238918e-07,1.225451979045389038e-07,1.315958188364728130e-07,1.405614956486172060e-07,1.494418876320375981e-07,1.582368361241686278e-07,1.669462560617495426e-07,1.755701149002370386e-07,1.841084504226872427e-07,1.925614008473028014e-07,2.009292340368449147e-07,2.092123703251764511e-07,2.174113976073482703e-07,2.255270793258585781e-07,2.335603567544654571e-07,2.415123471051886678e-07,2.493843388032334428e-07,2.571777849801359551e-07,2.648942959289924914e-07,2.725356309957249296e-07,2.801036901655952772e-07,2.876005054472589527e-07,2.950282320522884632e-07,3.023891393077535892e-07,3.096858382487958699e-07,3.169222897792797348e-07,3.241042009914175871e-07,3.312392012623368044e-07,3.383370310230271473e-07,3.454097495897291765e-07,3.524719695053733949e-07,3.595411253059015087e-07,3.666377849017011563e-07,3.737860123027816149e-07,3.810137917445127207e-07,3.883535259930292752e-07,3.958426263988231599e-07,4.035242198322419597e-07,4.114480086391615547e-07,4.196713346518531241e-07,4.282605170244915018e-07,4.372925552208737116e-07,4.468573103302339018e-07,4.570602954828834273e-07,4.680262128272975689e-07,4.799033621779393567e-07,4.928690068516997676e-07,5.071357086865033907e-07,5.229585315441446961e-07,5.406428524568166988e-07,5.605522882678722785e-07,5.831158809052547958e-07,6.088330513072766958e-07,6.382736834302434273e-07,6.720686564310216129e-07,7.108827613120209778e-07,7.553570155084527357e-07,8.060017138792181456e-07,8.630180418035113842e-07,9.260299974918258462e-07,9.937232013475824035e-07,1.063403905897883654e-06
1.130261243855810452e-06,1.183614918789015526e-06,1.213926120942783695e-06,1.222180221106670734e-06,1.211521348306231108e-06,1.186454724823640091e-06,1.151822291261795225e-06,1.111972325962812809e-06,1.070321649652487496e-06,1.029268924277997450e-06,9.903182017108816409e-07,9.542830125220108543e-07,9.214908916733583483e-07,8.919528976519609584e-07,8.654900153399999824e-07,8.418209835265266079e-07,8.206200270294331683e-07,8.015528586262514458e-07,7.842977885865334418e-07,7.685570475974946881e-07,7.540619317051993785e-07,7.405742158711757259e-07,7.278854327352093927e-07,7.158150182870445834e-07,7.042079269856731011e-07,6.929320627578941782e-07,6.818757157917392544e-07,6.709451043178507384e-07,6.600620709495269917e-07,6.491619576866641225e-07,6.381916714164010254e-07,6.271079459337079414e-07,6.158758032411985630e-07,6.044672140577158366e-07,5.928599541067427427e-07,5.810366486302203429e-07,5.689839928794719058e-07,5.566921314985495555e-07,5.441541752348251836e-07,5.313658297497378031e-07,5.183251088186243081e-07,5.050321031203272988e-07,4.914886760208519169e-07,4.776979826834263974e-07,4.636644868316992998e-07,4.493941254335850590e-07,4.348945058380355336e-07,4.201751430634790889e-07,4.052477465722834992e-07,3.901265679500938291e-07,3.748288236807853083e-07,3.593752110699491170e-07,3.437905409985519844e-07,3.281045197002480810e-07,3.123527249438404446e-07,2.965778426153629575e-07,2.808312616153236193e-07,2.651751728318161649e-07,2.496853847501047358e-07,2.344551478272109415e-07,2.196003357589230501e-07,2.052662463395021067e-07,1.916357450845810417e-07,1.789367591540130713e-07,1.674428112107201998e-07,1.574511859704861010e-07,1.492078123381566503e-07,1.427289802886044149e-07,1.374587904423862430e-07,1.317057496111016782e-07,7.815169793324256763e-08,3.186163308272072462e-08,1.218445910667061628e-07,2.038031337433103165e-07,2.468501813273759428e-07,2.441316969535773184e-07,2.108515068825630635e-07,1.841824292558364505e-07,1.914527730197154174e-07,2.060104635773534478e-07,1.898127117413117385e-07,1.348416699647212942e-07,9.447795903120199802e-08,1.646094230272699753e-07,2.594216530863781870e-07,3.165804754149695099e-07,3.139023895233511208e-07,2.513712531216646885e-07,1.523986797533526523e-07,9.288651573297574307e-08,1.517855309334527236e-07,2.075920919786506535e-07,2.094191720894535011e-07,1.542370684933334440e-07,1.138762263407807895e-07,9.301876152091074446e-08,9.450703870103439721e-08,1.117516800503051388e-07,1.357068812381279910e-07,1.615016338193855583e-07,1.871753807464575345e-07,2.119776340046116608e-07,2.356242822141218657e-07,2.580124616513935878e-07,2.791089240303381562e-07,2.989048495736491165e-07,3.173974635800044659e-07,3.345829624660915989e-07,3.504543275339983602e-07,3.650012356997560259e-07,3.782108156816631464e-07,3.900686814526089100e-07,4.005599883010738287e-07,4.096704034918677653e-07,4.173869522951299049e-07,4.236987317788214549e-07,4.285974984762134534e-07,4.320781411566363715e-07,4.341390510172894185e-07,4.347824009296856317e-07,4.340143440134446776e-07,4.318451402848804124e-07,4.282892186511725142e-07,4.233651801497385877e-07,4.170957470380627227e-07,4.095076610393572844e-07,4.006315326180139327e-07,3.905016414217772302e-07,3.791556857467862598e-07,3.666344757264541827e-07,3.529815604488145644e-07,3.382427727022574276e-07,3.224656655763635685e-07,3.056988013189476451e-07,2.879908326849901716e-07,2.693892876794366391e-07,2.499389261376566663e-07,2.296794756461342592e-07,2.086424680928011945e-07,1.868467794454383459e-07,1.642923214058684622e-07,1.409511654833614084e-07,1.167553257140816400e-07,9.158114151320392188e-08,6.523574035657547218e-08,3.750160950552455419e-08,9.911629588118163341e-09,2.754157095159171464e-08,5.499842444577684032e-08,6.883405529458640622e-08,6.324993371085429142e-08,3.846243450323183281e-08,5.362737841040851214e-09,4.193030266211810692e-08,7.514938434086090432e-08,9.162342901709853170e-08,8.767306417996031642e-08,6.639330346535933706e-08,3.888600635842558178e-08,3.068068705412554237e-08,4.459360549344925940e-08,5.124745896233536939e-08,4.416978034008810954e-08,2.998378331479513550e-08,2.670625325084059736e-08,3.616838193537530962e-08,3.926667970829407611e-08,2.926338425639793064e-08,8.269926638422190746e-09,1.709000741221598051e-08,3.766250886154315086e-08,4.635909527609354460e-08,5.549828003934518495e-08,6.484322158876484731e-08,7.425350348351774133e-08,8.365176036487515498e-08,9.299806264472088465e-08,1.022732752767057424e-07,1.114691393836759134e-07,1.205826936544621639e-07,1.296132993094281865e-07,1.385611531254124310e-07,1.474266146424797480e-07,1.562099565900335356e-07,1.649113196328502169e-07,1.735307537032758104e-07,1.820682859631802898e-07,1.905239874082633939e-07,1.988980271065255673e-07,2.071907115506671596e-07,2.154025104276704117e-07,2.235340714766288684e-07,2.315862272632828237e-07,2.395599963277538877e-07,2.474565806174155522e-07,2.552773605743910401e-07,2.630238887822852763e-07,2.706978827130822059e-07,2.783012168509578475e-07,2.858359142923502173e-07,2.933041378146518152e-07,3.007081803530073463e-07,3.080506832801770038e-07,3.153356099811144213e-07,3.225686349991732239e-07,3.297573219923570458e-07,3.369113141605495556e-07,3.440425430913938117e-07,3.511654629752736725e-07,3.582973175574615860e-07,3.654584474350640435e-07,3.726726458315324832e-07,3.799675723282898672e-07,3.873752368182740035e-07,3.949325708644138602e-07,4.026821114431390353e-07,4.106728334477040459e-07,4.189611828313276730e-07,4.276123818557254212e-07,4.367021004770401486e-07,4.463186106242500763e-07,4.565655578918567078e-07,4.675654904899233230e-07,4.794642691018701189e-07,4.924364347013665365e-07,5.066915276255551397e-07,5.224812259350100780e-07,5.401069978601349548e-07,5.599277208748251567e-07,5.823663501257880330e-07,6.079140928515475430e-07,6.371294280449709160e-07,6.706273435748929747e-07,7.090509275013777414e-07,7.530127439121690284e-07,8.029879433228936929e-07,8.591374750718278131e-07,9.210431348099886302e-07,9.873505926054631613e-07,1.055335846940760417e-06
1.118732302405481712e-06,1.169766775775038826e-06,1.198242810965674619e-06,1.205336979409412017e-06,1.194239878805610031e-06,1.169361431663857771e-06,1.135368474125794297e-06,1.096422144886079964e-06,1.055783095688816827e-06,1.015739968659487576e-06,9.777300876369524234e-07,9.425332167990976350e-07,9.104650176370140421e-07,8.815376855621185503e-07,8.555802346347567406e-07,8.323225235045631516e-07,8.114508081505031927e-07,7.926425829014893621e-07,7.755871222418666725e-07,7.599965639228670152e-07,7.456109894917545647e-07,7.321998654650119744e-07,7.195613967554860507e-07,7.075207690684754758e-07,6.959278681835068895e-07,6.846548137763126530e-07,6.735934926711018747e-07,6.626531882558939919e-07,6.517583548312143611e-07,6.408465611098335878e-07,6.298666151862253991e-07,6.187768775606093780e-07,6.075437655238940585e-07,5.961404494024034138e-07,5.845457379068096217e-07,5.727431458802019687e-07,5.607201332656621037e-07,5.484674995214743192e-07,5.359789135083511511e-07,5.232505555608542155e-07,5.102808464674746106e-07,4.970702377455687792e-07,4.836209469740156559e-07,4.699365398151455746e-07,4.560219703288410360e-07,4.418837611657496518e-07,4.275302191868499272e-07,4.129716946239050158e-07,3.982208933227240910e-07,3.832932532243902321e-07,3.682073980843652995e-07,3.529856835910021478e-07,3.376548536845841357e-07,3.222468282938857557e-07,3.067996484313862713e-07,2.913586115182992754e-07,2.759776403395398032e-07,2.607209450131787290e-07,2.456650604396829204e-07,2.309013706722977823e-07,2.165392547470371601e-07,2.027099635587177731e-07,1.895711463678279724e-07,1.773113035929954109e-07,1.661517531230697796e-07,1.563399387824735212e-07,1.481209456885073884e-07,1.416643664494634963e-07,1.369174421533105511e-07,1.333717104280041518e-07,8.603790025607652306e-08,4.399968941230729659e-08,1.132521712543362790e-07,1.858467231452913605e-07,2.216915246335087705e-07,2.117809642667743079e-07,1.668572330459966895e-07,1.204321931593930335e-07,1.152517578988221404e-07,1.302568414823989271e-07,1.175858093503554192e-07,6.416886556177920716e-08,4.510314646275946755e-08,1.403773844879352387e-07,2.253109873237052122e-07,2.696559410406168052e-07,2.596538658626440989e-07,1.977626173619861036e-07,1.049451731956868685e-07,6.016654106561231159e-08,1.277830445547235192e-07,1.743799380560712953e-07,1.707888716307927582e-07,1.192600242422488602e-07,7.987671935893331591e-08,6.096022476930669256e-08,6.930832060023828816e-08,9.283968853271681747e-08,1.201495158395566256e-07,1.474232954396179023e-07,1.735851431828964277e-07,1.983480317617425035e-07,2.216650439639078673e-07,2.435610369187265483e-07,2.640761678626268093e-07,2.832466858976476564e-07,3.010992793068646261e-07,3.176505367124879850e-07,3.329082689571060947e-07,3.468733824413159392e-07,3.595417758509576567e-07,3.709060602485713793e-07,3.809570424967115103e-07,3.896849705374869359e-07,3.970805615378464691e-07,4.031358404312474421e-07,4.078448160867695037e-07,4.112040194116080343e-07,4.132129240431762848e-07,4.138742667334652607e-07,4.131942813815061020e-07,4.111828580020615172e-07,4.078536356938816545e-07,4.032240368048413457e-07,3.973152478779170694e-07,3.901521514812817949e-07,3.817632115417152625e-07,3.721803131515404001e-07,3.614385558021588211e-07,3.495759963424749206e-07,3.366333342959543588e-07,3.226535269677803258e-07,3.076813142713102265e-07,2.917626222886730590e-07,2.749437986219372356e-07,2.572706091873011786e-07,2.387868917199267409e-07,2.195327106968921930e-07,1.995417840562723278e-07,1.788378430092856410e-07,1.574294269138907499e-07,1.353023851370809235e-07,1.124090360969910652e-07,8.865253243294112089e-08,6.386479079734708217e-08,3.777961203396836397e-08,1.011964170401353714e-08,2.058820066292276219e-08,4.729278963869777004e-08,6.191610242603304435e-08,5.912091547676979882e-08,3.897039910375542386e-08,9.412142823320078686e-09,3.079897314648496274e-08,5.850518634443199165e-08,7.121050211270639746e-08,6.565045676646240106e-08,4.564505130254297248e-08,2.705734097370807236e-08,3.746346553946733856e-08,5.418237359397276007e-08,5.794743692747362414e-08,4.623806514479186930e-08,2.435440493191867234e-08,1.330646027997518126e-08,2.873284612097832820e-08,3.581420561111698150e-08,2.855908973767497826e-08,1.012231699635577446e-08,1.562612595197988993e-08,3.534997598274244603e-08,4.424108647070606202e-08,5.354846895432918595e-08,6.300052812683364602e-08,7.246609566087626377e-08,8.188494603972523412e-08,9.123170831748182426e-08,1.004974137252841297e-07,1.096802282281280551e-07,1.187809574675120659e-07,1.278010049855623092e-07,1.367415595892276001e-07,1.456033693462238424e-07,1.543867711575598091e-07,1.630918112967133036e-07,1.717183801198894187e-07,1.802663292955168085e-07,1.887355620840042306e-07,1.971260972535854076e-07,2.054381110677155679e-07,2.136719626198671318e-07,2.218282073085639145e-07,2.299076022967129500e-07,2.379111067956037067e-07,2.458398791313900245e-07,2.536952718479247670e-07,2.614788255758352409e-07,2.691922620315504852e-07,2.768374762722345220e-07,2.844165281941192589e-07,2.919316331967668541e-07,2.993851519226695175e-07,3.067797982616407019e-07,3.141195754634424336e-07,3.214101571859412594e-07,3.286590668241843721e-07,3.358758688106807354e-07,3.430723773452440194e-07,3.502628889708567847e-07,3.574644457929781668e-07,3.646971363571468532e-07,3.719844417226332839e-07,3.793536356406077055e-07,3.868362505930791197e-07,3.944686264961854981e-07,4.022925669168268492e-07,4.103561394922083045e-07,4.187146734726118591e-07,4.274320279261136944e-07,4.365822279253855472e-07,4.462515897645736638e-07,4.565414740841440781e-07,4.675718092113481620e-07,4.794855059458505247e-07,4.924538299163653059e-07,5.066827020214644394e-07,5.224197584090370387e-07,5.399618149465092261e-07,5.596621292609506981e-07,5.819364815961128584e-07,6.072664815821976713e-07,6.361974290674181417e-07,6.693261777193602809e-07,7.072713806847197653e-07,7.506140434267052063e-07,7.997910819487770567e-07,8.549209996596233135e-07,9.155436074685244820e-07,9.802694904647295287e-07,1.046356281535577625e-06
1.106005428538688894e-06,1.154590772763038737e-06,1.181188471639952890e-06,1.187154884181938092e-06,1.175709481247278571e-06,1.151147155159710323e-06,1.117941461368289578e-06,1.080052157081422553e-06,1.040574039365013172e-06,1.001679981550888620e-06,9.647376866243894555e-07,9.304921018410468206e-07,8.992470576973128068e-07,8.710165355906070144e-07,8.456385409844409001e-07,8.228551574296726619e-07,8.023658224059547700e-07,7.838609511222297541e-07,7.670418769183187047e-07,7.516316733629744183e-07,7.373801566958803804e-07,7.240653463765059895e-07,7.114928894529451757e-07,6.994943997204061223e-07,6.879252839975103968e-07,6.766623833064157974e-07,6.656016078591363438e-07,6.546556594835153540e-07,6.437518891779544760e-07,6.328303140999240106e-07,6.218418068644303174e-07,6.107464643311360138e-07,5.995121596551520289e-07,5.881132784768519374e-07,5.765296369008513475e-07,5.647455751195214446e-07,5.527492163038528846e-07,5.405318760811088700e-07,5.280876040346525445e-07,5.154128357199935112e-07,5.025061321854836609e-07,4.893679843414999011e-07,4.760005796263106236e-07,4.624074413863728126e-07,4.485934804512001504e-07,4.345651741736911168e-07,4.203307807145741762e-07,4.059005969491330742e-07,3.912872698587104593e-07,3.765061728860932481e-07,3.615758604642649023e-07,3.465186157417385600e-07,3.313611083829383211e-07,3.161351811733302707e-07,3.008787859787636350e-07,2.856370914351823321e-07,2.704637867715615940e-07,2.554226088808395453e-07,2.405891240796229080e-07,2.260528032893569296e-07,2.119194405995031471e-07,1.983139776858227854e-07,1.853837946114803983e-07,1.733024595732664688e-07,1.622736652586675734e-07,1.525343562172987080e-07,1.443545331232081399e-07,1.380290768559719332e-07,1.338570297699875498e-07,1.321174243691212029e-07,8.952705670959737441e-08,4.430123720478542211e-08,9.554040958882429237e-08,1.581314713326411836e-07,1.870193478783782254e-07,1.727379894636385792e-07,1.233132102834298581e-07,6.782100431289224711e-08,6.792677264415086480e-08,9.538443996342151444e-08,9.164450664432274857e-08,4.757289411443563135e-08,3.109859283383320441e-08,1.140150909967205843e-07,1.826313753967293741e-07,2.151428873078150254e-07,2.012363706816139590e-07,1.442655230297720895e-07,6.214641302932499074e-08,4.564515043344161290e-08,1.118377320967082059e-07,1.459852200780986320e-07,1.363197038300493812e-07,8.797154594248373259e-08,4.917198556670304276e-08,3.413931159008831715e-08,5.387161101878387476e-08,8.274698061010090446e-08,1.115264667611421506e-07,1.388018921062339257e-07,1.643911501506666151e-07,1.883513556116911502e-07,2.107816682865173923e-07,2.317742020212032857e-07,2.514022449535741032e-07,2.697194682735393757e-07,2.867624259283716322e-07,3.025538100772552509e-07,3.171055963799695811e-07,3.304218074351914004e-07,3.425008433381653480e-07,3.533374081936940751e-07,3.629240858686445348e-07,3.712526208915597426e-07,3.783149550029372774e-07,3.841040621702428454e-07,3.886146172326111322e-07,3.918435265801660314e-07,3.937903436159403972e-07,3.944575871478843639e-07,3.938509771734527534e-07,3.919795995864356059e-07,3.888560089978924539e-07,3.844962769779236509e-07,3.789199914645748354e-07,3.721502117320424327e-07,3.642133820466514940e-07,3.551392058432785966e-07,3.449604807861043659e-07,3.337128932607471822e-07,3.214347684489254221e-07,3.081667688435175634e-07,2.939515294204543398e-07,2.788332110455141678e-07,2.628569441185557518e-07,2.460681205846792508e-07,2.285114723303837639e-07,2.102298449649687992e-07,1.912625347342637589e-07,1.716429998512475385e-07,1.513956879082175689e-07,1.305316642307298616e-07,1.090428114272061575e-07,8.689521355007992811e-08,6.402737647520870628e-08,4.039571330445251750e-08,1.667335577029438984e-08,1.544786532196319920e-08,3.821943867057827636e-08,5.265789891843896424e-08,5.228080391681542260e-08,3.656499110117669982e-08,1.144309344024912328e-08,2.208789955687987546e-08,4.480392314289162658e-08,5.433418169417781518e-08,4.756883293318985643e-08,2.832767845060136181e-08,1.882604858457159421e-08,3.916807688767331160e-08,5.533354974677917602e-08,5.685708851491687978e-08,4.292746574309509983e-08,1.834341818392647963e-08,9.388599047115797529e-09,3.002273317342169883e-08,3.803227778424787906e-08,3.121185450738294111e-08,1.301603341786125433e-08,1.305449640981262858e-08,3.265654918281159824e-08,4.210470983968063051e-08,5.170802612335895738e-08,6.129920924735932504e-08,7.081952446644950522e-08,8.025188512460713859e-08,8.959486285713434944e-08,9.885200905384421379e-08,1.080275522853651178e-07,1.171248710496994532e-07,1.261461582536450625e-07,1.350925553986710959e-07,1.439644299716572479e-07,1.527616567491928311e-07,1.614838519876905841e-07,1.701305494718388116e-07,1.787013238635155337e-07,1.871958720905312153e-07,1.956140638259392964e-07,2.039559704766860556e-07,2.122218799609406051e-07,2.204123025313240600e-07,2.285279712233911961e-07,2.365698392170405511e-07,2.445390754573151770e-07,2.524370592289418633e-07,2.602653739525640787e-07,2.680258002139280273e-07,2.757203079041567287e-07,2.833510473031299496e-07,2.909203389503844356e-07,2.984306621968647759e-07,3.058848517552891192e-07,3.132869931258428041e-07,3.206427943919890224e-07,3.279597661632061277e-07,3.352474126028036725e-07,3.425174384792093099e-07,3.497839781069343397e-07,3.570638524027469539e-07,3.643768604891258220e-07,3.717461128005504873e-07,3.791984140346480661e-07,3.867647071855737273e-07,3.944805950666153400e-07,4.023869640518356539e-07,4.105307471533780996e-07,4.189658807064321839e-07,4.277545308753147655e-07,4.369686914981427672e-07,4.466922796865033625e-07,4.570238732891403273e-07,4.680802350814604278e-07,4.800007411233909933e-07,4.929527651755790789e-07,5.071379616718779047e-07,5.227992357563944667e-07,5.402279895244425917e-07,5.597709745382283211e-07,5.818357112806314719e-07,6.068928401700525932e-07,6.354727360135828985e-07,6.681519361628003074e-07,7.055220450361363187e-07,7.481296038990400345e-07,7.963704921124330505e-07,8.503189137655576233e-07,9.094733324570944152e-07,9.724147412507090496e-07,1.036395571003177291e-06
1.092029683057317535e-06,1.138049008161072478e-06,1.162740975961308476e-06,1.167624873796143172e-06,1.155928052299027541e-06,1.131810482432443800e-06,1.099536236039750583e-06,1.062851911379909274e-06,1.024678679180983161e-06,9.870689593743305338e-07,9.513182941529258463e-07,9.181356736795507786e-07,8.878128415087588943e-07,8.603658580108045180e-07,8.356423481114958777e-07,8.133974470160543130e-07,7.933447114567007612e-07,7.751884683730088483e-07,7.586431133849541725e-07,7.434436413111504241e-07,7.293505464612392165e-07,7.161512841037006716e-07,7.036597530106437562e-07,6.917147241821041709e-07,6.801777716753264590e-07,6.689310220961396656e-07,6.578748942108797237e-07,6.469259180765591779e-07,6.360146796694659578e-07,6.250839152333822966e-07,6.140867688711197490e-07,6.029852212873547133e-07,5.917486939567438427e-07,5.803528298372333821e-07,5.687784484109565863e-07,5.570106691144884417e-07,5.450381932137948467e-07,5.328527301925220791e-07,5.204485511972578431e-07,5.078221495308490118e-07,4.949719871290819441e-07,4.818983068995312982e-07,4.686029235568459340e-07,4.550889174268448594e-07,4.413606876550892266e-07,4.274241158392762926e-07,4.132867613397404353e-07,3.989580964017728159e-07,3.844497908308816278e-07,3.697760577533570956e-07,3.549540739628208060e-07,3.400044904757256877e-07,3.249520511463729943e-07,3.098263394390603984e-07,2.946626755863316464e-07,2.795031881868355151e-07,2.643980855808200212e-07,2.494071528794550391e-07,2.346015003334928969e-07,2.200655885175447750e-07,2.058995579845546144e-07,1.922219016738014719e-07,1.791725506349134455e-07,1.669165233663092731e-07,1.556484620969595970e-07,1.455987214126048623e-07,1.370423161162435446e-07,1.303132771564902991e-07,1.258297857434219946e-07,1.241432297320802917e-07,8.472681405993024308e-08,3.581144523781278011e-08,7.464033475166305192e-08,1.282941503789151717e-07,1.509756007393670588e-07,1.345799648078046874e-07,8.581953933202261384e-08,2.962629914222557952e-08,5.393161916822351316e-08,8.873297975424540576e-08,8.950276959912219278e-08,5.560424095173318428e-08,2.791590484122057653e-08,8.542872200357237560e-08,1.388792385645133916e-07,1.623478083661999087e-07,1.475748529826756011e-07,9.828469277486610152e-08,2.902119665628903724e-08,4.487721209569600247e-08,9.782597860700255547e-08,1.193381113964198221e-07,1.048662739958544839e-07,6.057666074579284091e-08,2.242341943961626997e-08,2.046334488653972177e-08,5.132316700621967626e-08,8.113886126432006716e-08,1.088833083414850139e-07,1.346998409114764418e-07,1.587875926369838454e-07,1.813157260622039746e-07,2.024152687023644537e-07,2.221833089271727765e-07,2.406891393927531040e-07,2.579800592913444337e-07,2.740863320442555359e-07,2.890252719675718628e-07,3.028045636288571855e-07,3.154249420299618667e-07,3.268823527558021335e-07,3.371696931136680552e-07,3.462782165466000901e-07,3.541986660354441071e-07,3.609221884624440180e-07,3.664410708609249308e-07,3.707493307360017106e-07,3.738431857872184226e-07,3.757214230125058648e-07,3.763856830025866345e-07,3.758406719860489024e-07,3.740943116504815503e-07,3.711578347792087699e-07,3.670458331734651673e-07,3.617762630672020034e-07,3.553704121934153652e-07,3.478528317443799991e-07,3.392512356051437934e-07,3.295963683501734726e-07,3.189218424888367010e-07,3.072639442216512902e-07,2.946614053938949711e-07,2.811551372331744584e-07,2.667879186014037556e-07,2.516040275710149790e-07,2.356487997559314900e-07,2.189680895462455235e-07,2.016076009126577969e-07,1.836120433090292378e-07,1.650240591237391372e-07,1.458828767133865903e-07,1.262227197903729988e-07,1.060713441986763832e-07,8.545047616440057879e-08,6.438635499267453710e-08,4.297691733744923580e-08,2.195517280104477135e-08,1.242197208231312458e-08,2.917788830430666366e-08,4.318962592896559839e-08,4.493092381803693066e-08,3.305365125464402842e-08,1.197554539580749612e-08,1.626131431170510703e-08,3.550667226948585778e-08,4.327924224482764484e-08,3.634258252972859743e-08,1.725537091526252333e-08,1.318651726443571454e-08,3.638026757742105114e-08,5.096773962684065420e-08,5.112080917161505610e-08,3.673264332088982686e-08,1.257010802296162795e-08,1.383782456412428504e-08,3.349474285962636210e-08,4.057180033472496450e-08,3.316522130227959620e-08,1.447179638241940776e-08,1.077841187630304023e-08,3.058764687266489413e-08,4.041343618851326979e-08,5.015744693586165007e-08,5.978507019227500149e-08,6.930174057405166262e-08,7.872030903647339955e-08,8.805225558272101294e-08,9.730574295124425953e-08,1.064857823253309767e-07,1.155949630579480471e-07,1.246342142345997094e-07,1.336034323789604105e-07,1.425019468194830191e-07,1.513288423746980480e-07,1.600831714811861855e-07,1.687640866520997850e-07,1.773709184895608245e-07,1.859032181914671296e-07,1.943607779996882567e-07,2.027436387022055227e-07,2.110520900787557322e-07,2.192866678808569646e-07,2.274481493549235577e-07,2.355375482679974156e-07,2.435561097323670389e-07,2.515053047359794821e-07,2.593868240870841608e-07,2.672025714133657559e-07,2.749546548737769057e-07,2.826453773131042650e-07,2.902772246911508447e-07,2.978528527325167459e-07,3.053752705803087770e-07,3.128486919745358790e-07,3.202788963596584732e-07,3.276734083412156255e-07,3.350416868753688885e-07,3.423953286039359093e-07,3.497482906628383364e-07,3.571171386419353062e-07,3.645213255703218681e-07,3.719835083087757954e-07,3.795299091013875130e-07,3.871907329473580408e-07,3.950006567398647777e-07,4.029994147868634728e-07,4.112325184526246408e-07,4.197521660792385083e-07,4.286184230663113304e-07,4.379007792472479020e-07,4.476802169381394258e-07,4.580519401843817598e-07,4.691289125762732971e-07,4.810463151753490644e-07,4.939669575561054475e-07,5.080875495820546726e-07,5.236455717389501484e-07,5.409262709487413640e-07,5.602690464091161795e-07,5.820721291002040148e-07,6.067938881310862013e-07,6.349481186823515379e-07,6.670889914089683842e-07,7.037786489911511418e-07,7.455265624082638475e-07,7.926851827091121398e-07,8.452830618665048011e-07,9.027785153826279180e-07,9.637291363459739992e-07,1.025396472470155243e-06
1.076777262311488430e-06,1.120130722834960118e-06,1.142906956523487885e-06,1.146766238092650478e-06,1.134920018071047549e-06,1.111373895009567581e-06,1.080168702576420975e-06,1.044828893475660272e-06,1.008096355365406566e-06,9.718995461370296105e-07,9.374597129919827234e-07,9.054486723300698914e-07,8.761455104157471551e-07,8.495682655809079631e-07,8.255744231012040828e-07,8.039326575498998538e-07,7.843713087935655362e-07,7.666094021638600142e-07,7.503752618116380755e-07,7.354167116247050469e-07,7.215058387340373726e-07,7.084404255343747323e-07,6.960434661993621255e-07,6.841616682007842059e-07,6.726634782079817468e-07,6.614369362515669605e-07,6.503875201128374869e-07,6.394360631975259916e-07,6.285167888938877537e-07,6.175754850155239255e-07,6.065678325119966171e-07,5.954578973423043387e-07,5.842167905176889370e-07,5.728214977292512102e-07,5.612538763054818016e-07,5.494998134243276669e-07,5.375485356313531849e-07,5.253920560267849439e-07,5.130247423405717982e-07,5.004429869711957802e-07,4.876449594330042289e-07,4.746304230780073486e-07,4.614005454707270798e-07,4.479576473558360895e-07,4.343052524320647412e-07,4.204482263939716003e-07,4.063929411777412903e-07,3.921474715899543834e-07,3.777218331365247196e-07,3.631282717536932760e-07,3.483816183022402481e-07,3.334997231485649893e-07,3.185039889470401824e-07,3.034200228711942711e-07,2.882784330079546631e-07,2.731157973791052657e-07,2.579758379703077643e-07,2.429108360194959566e-07,2.279833283294677149e-07,2.132681271837755622e-07,1.988547085376006306e-07,1.848500159013323573e-07,1.713817364550466804e-07,1.586021388511099590e-07,1.466926649891567651e-07,1.358697513743443930e-07,1.263930610498509811e-07,1.185789080662487659e-07,1.128249656574422359e-07,1.096585756547625658e-07,7.304008331747515591e-08,2.274142427379012009e-08,5.653754438380192437e-08,1.020391627187594524e-07,1.189101000775833636e-07,1.017467110000465885e-07,5.682573762216348841e-08,7.425258494119438192e-09,5.505369609605977007e-08,8.571006817029057391e-08,8.546989964967428503e-08,5.555949363797440600e-08,1.915038599227563198e-08,5.903505640804431525e-08,1.008794578737610087e-07,1.177032731287157119e-07,1.037600989966587718e-07,6.327336374589827886e-08,9.045399940561488909e-09,4.567584575114249638e-08,8.268303738171944938e-08,9.360913069001770510e-08,7.672772965158891593e-08,3.850268266966132512e-08,6.659734941601700219e-09,2.902175576075050326e-08,5.789603495186902598e-08,8.480791662240290709e-08,1.099091069289458598e-07,1.334045784512683173e-07,1.554611285484111435e-07,1.762052291650838548e-07,1.957293839144602158e-07,2.140988866424850523e-07,2.313576818158410719e-07,2.475331949780437841e-07,2.626402490031512583e-07,2.766842230481945661e-07,2.896635995488895195e-07,3.015720210751650078e-07,3.123999552811046261e-07,3.221360458504906396e-07,3.307682107730080993e-07,3.382845361251112387e-07,3.446740031938636508e-07,3.499270787052414838e-07,3.540361916174527262e-07,3.569961150257857703e-07,3.588042678931770031e-07,3.594609483330415644e-07,3.589695078439814078e-07,3.573364740860714811e-07,3.545716283820555417e-07,3.506880430330156176e-07,3.457020826828436181e-07,3.396333732877354885e-07,3.325047416943440208e-07,3.243421283592223265e-07,3.151744753152744142e-07,3.050335910764342702e-07,2.939539937442730681e-07,2.819727331220960314e-07,2.691291921480960965e-07,2.554648674461746700e-07,2.410231283221700285e-07,2.258489532595375269e-07,2.099886432590337832e-07,1.934895130924359655e-07,1.763995668374181756e-07,1.587671784464242600e-07,1.406408367719053691e-07,1.220691227391998283e-07,1.031014136759707464e-07,8.379091931933769082e-08,6.420610256280808920e-08,4.447967695726643163e-08,2.511312185175255211e-08,1.108301776022823278e-08,2.146361821123122365e-08,3.550706617448757889e-08,3.918209794298310001e-08,3.035965280619090794e-08,1.236850194795860825e-08,1.259505360021855286e-08,3.004028248886462236e-08,3.764068909454991657e-08,3.194101042935786875e-08,1.446586794921217041e-08,9.194920674547280468e-09,3.126985456218226000e-08,4.441057912031430806e-08,4.416313543463313568e-08,3.048526740546675780e-08,7.885373928959739696e-09,1.679971234736430645e-08,3.489727173990673341e-08,4.095778577524461154e-08,3.318420617060888063e-08,1.451235660480656856e-08,9.545365872085651644e-09,2.923765979809447786e-08,3.906878343986911729e-08,4.875906829774867278e-08,5.833309538062814897e-08,6.781416675458996269e-08,7.721786191091260767e-08,8.655303316181911461e-08,9.582383203411342909e-08,1.050314504069251501e-07,1.141753772770153948e-07,1.232542359129099605e-07,1.322663114386439969e-07,1.412098665553469830e-07,1.500833192984011315e-07,1.588853347579022678e-07,1.676148656249983966e-07,1.762711641343700675e-07,1.848537794887458600e-07,1.933625491633073840e-07,2.017975887650156263e-07,2.101592827444764876e-07,2.184482767863653179e-07,2.266654718358958269e-07,2.348120192484438306e-07,2.428893163397868765e-07,2.508990015734530373e-07,2.588429486873428386e-07,2.667232591916471984e-07,2.745422528344269118e-07,2.823024558086710286e-07,2.900065866494261341e-07,2.976575399298216294e-07,3.052585553466352844e-07,3.128140208598418101e-07,3.203298213938116068e-07,3.278135163516581334e-07,3.352745249845480680e-07,3.427243235299727384e-07,3.501766589513145381e-07,3.576477844502779880e-07,3.651567220837903945e-07,3.727255582577681234e-07,3.803797791595586282e-07,3.881486560659361547e-07,3.960656958892628599e-07,4.041691815007801116e-07,4.125028405935155625e-07,4.211167021024306909e-07,4.300682253769524841e-07,4.394238170719979883e-07,4.492608783608331729e-07,4.596705408461173438e-07,4.707612405164174190e-07,4.826632318961055659e-07,4.955340497519241848e-07,5.095647819429521197e-07,5.249868311663105089e-07,5.420786237375939895e-07,5.611714637224476901e-07,5.826533863087043805e-07,6.069693280427815024e-07,6.346150155234682375e-07,6.661204130578138114e-07,7.020160763279060304e-07,7.427721992416068932e-07,7.886959420342796997e-07,8.397694915667687650e-07,8.954129144863778373e-07,9.541673529879710273e-07,1.013318760173064050e-06
1.060248727403861149e-06,1.100857244478416948e-06,1.121726060485117661e-06,1.124630152733600096e-06,1.112739393719725819e-06,1.089886657598078023e-06,1.059878617020556058e-06,1.026011585315780017e-06,9.908447388310938836e-07,9.561803166902450423e-07,9.231635964558830690e-07,8.924279578304109897e-07,8.642389475392898437e-07,8.386160614056759808e-07,8.154264500919394740e-07,7.944524124569857478e-07,7.754373920600076552e-07,7.581156286785983655e-07,7.422300473754403739e-07,7.275420881714410756e-07,7.138362883844663220e-07,7.009216412745248367e-07,6.886311077487173417e-07,6.768201608598879359e-07,6.653648873922513391e-07,6.541599367335498639e-07,6.431164668908149646e-07,6.321601617865807013e-07,6.212293574688408443e-07,6.102732988691946350e-07,5.992505415926861846e-07,5.881275088967136259e-07,5.768772100886485149e-07,5.654781224362062668e-07,5.539132344102592898e-07,5.421692438698055311e-07,5.302359008412326959e-07,5.181054810363778853e-07,5.057723734587736251e-07,4.932327637208608724e-07,4.804843944834296844e-07,4.675263862547243778e-07,4.543590660923760899e-07,4.409837762743101457e-07,4.274029211363423774e-07,4.136200792620765361e-07,3.996401327426346008e-07,3.854694190502904439e-07,3.711159125819747365e-07,3.565894447096125853e-07,3.419019732752471890e-07,3.270679149584562999e-07,3.121045569137557494e-07,2.970325676493619813e-07,2.818766314584050609e-07,2.666662360314458826e-07,2.514366494450760569e-07,2.362301308647828007e-07,2.210974293887735170e-07,2.060996378240383380e-07,1.913104829294096926e-07,1.768191502449461836e-07,1.627337581281240851e-07,1.491856077792963052e-07,1.363343375903692719e-07,1.243741007984071859e-07,1.135409079934126723e-07,1.041215396799749348e-07,9.646562744724829391e-08,9.100632241666764763e-08,5.761960829207599520e-08,9.044947994261648803e-09,4.516540700051867713e-08,8.164884925317213956e-08,9.254836853804763733e-08,7.521537847638286729e-08,3.600255828624829239e-08,1.302429882546058019e-08,5.458333710788514854e-08,7.721125411961792389e-08,7.403321833628812928e-08,4.674835331034207831e-08,6.629997440307534821e-09,4.059125585581475443e-08,7.271394560575265836e-08,8.365126922389180724e-08,7.079036512321247091e-08,3.942389000909847804e-08,1.382024447504011538e-08,4.405828011726085209e-08,6.675906890314344471e-08,6.968697064707457186e-08,5.308935673711065020e-08,2.492352810881429317e-08,2.083194237412978972e-08,4.261899125102800752e-08,6.670024518844284469e-08,8.996088828845225075e-08,1.120874513389330849e-07,1.330842901197812275e-07,1.530042254047799265e-07,1.718984166199561944e-07,1.898057849584581294e-07,2.067520392460322934e-07,2.227512662609873345e-07,2.378080851634163443e-07,2.519197489759242379e-07,2.650780118933534468e-07,2.772707287996287891e-07,2.884832033218682037e-07,2.986993154017811297e-07,3.079024609872842136e-07,3.160763334826919897e-07,3.232055723377932172e-07,3.292762998816912749e-07,3.342765636772457480e-07,3.381966984136433886e-07,3.410296186621915326e-07,3.427710516390356879e-07,3.434197173794311812e-07,3.429774623628672434e-07,3.414493515734019763e-07,3.388437231782182080e-07,3.351722094094754424e-07,3.304497267960959424e-07,3.246944385753825820e-07,3.179276918877742036e-07,3.101739321969299194e-07,3.014605972651303081e-07,2.918179929443991698e-07,2.812791530242703389e-07,2.698796854348951974e-07,2.576576072957238656e-07,2.446531717280971058e-07,2.309086901937782489e-07,2.164683556921323203e-07,2.013780750008949953e-07,1.856853233117508387e-07,1.694390441402141417e-07,1.526896356857833899e-07,1.354891023331771036e-07,1.178915344399869480e-07,9.995429451234863440e-08,8.174092627059785704e-08,6.332910868635887591e-08,4.483785128136988236e-08,2.656629700676863019e-08,1.061480024232374682e-08,1.587118368443867561e-08,3.057595399684657627e-08,3.589509390254089367e-08,2.926437412105909361e-08,1.324109144197030579e-08,9.917088166087568922e-09,2.674546371612199450e-08,3.511333541724884911e-08,3.127619709782187123e-08,1.639028650401878110e-08,6.309674856237280635e-09,2.588288916704162904e-08,3.830113648925854903e-08,3.854944265544210689e-08,2.631291123943451247e-08,5.513719130113289740e-09,1.702036556225541144e-08,3.383973319225407388e-08,3.939054707981027292e-08,3.188654957970625685e-08,1.396793811139346981e-08,8.882817782409758458e-09,2.798795768829726406e-08,3.765703034917587984e-08,4.725081093601354962e-08,5.678297899470226178e-08,6.626179531942814055e-08,7.568999248281282541e-08,8.506681244094180379e-08,9.438969346493852706e-08,1.036553638854596200e-07,1.128604765088922586e-07,1.220019416580990792e-07,1.310770780451980699e-07,1.400836607944458428e-07,1.490199161697202630e-07,1.578844925367858726e-07,1.666764242791505398e-07,1.753950974497708399e-07,1.840402211567483768e-07,1.926118058848918907e-07,2.011101483922959374e-07,2.095358220154406899e-07,2.178896708714907804e-07,2.261728063798743789e-07,2.343866046245616619e-07,2.425327032741000205e-07,2.506129970243284915e-07,2.586296307997752999e-07,2.665849902239261212e-07,2.744816891310319661e-07,2.823225541315081679e-07,2.901106064502870257e-07,2.978490414258260667e-07,3.055413813923187167e-07,3.131922270375286873e-07,3.208075918118096861e-07,3.283950757818951384e-07,3.359640448983273078e-07,3.435258191549660875e-07,3.510938740374208833e-07,3.586840599489511674e-07,3.663148443527697919e-07,3.740075816434537782e-07,3.817868168741536422e-07,3.896806322793011691e-07,3.977210512220693721e-07,4.059445242472590223e-07,4.143925379051097464e-07,4.231124100100361647e-07,4.321583645794862299e-07,4.415930125642345795e-07,4.514893932184550877e-07,4.619337436999589967e-07,4.730291464361903301e-07,4.849001410434487565e-07,4.976982725269809078e-07,5.116083831031464022e-07,5.268552542367047170e-07,5.437099822945174623e-07,5.624952224299936750e-07,5.835881173639123519e-07,6.074192350283911679e-07,6.344649925653168644e-07,6.652296014032667914e-07,7.002102782027381802e-07,7.398362252579888754e-07,7.843680846151845844e-07,8.337417260996144768e-07,8.873416826467066545e-07,9.437003750219578968e-07,1.000144155296291429e-06
1.042477970673870292e-06,1.080286424930915195e-06,1.099274598618106172e-06,1.101302626292939719e-06,1.089472343258225885e-06,1.067427325637837893e-06,1.038732265104456257e-06,1.006452403176259772e-06,9.729630284583040879e-07,9.399391960608589795e-07,9.084490537986897241e-07,8.790862839685476407e-07,8.521017227270141621e-07,8.275153730384906447e-07,8.052033777498634500e-07,7.849612756397942949e-07,7.665475115687668108e-07,7.497117039908518275e-07,7.342117846911973817e-07,7.198234189990608630e-07,7.063443559102064437e-07,6.935956550045518806e-07,6.814211361683117609e-07,6.696859190140241949e-07,6.582745659106599119e-07,6.470891057431236986e-07,6.360470734881082461e-07,6.250796263926453548e-07,6.141297649164903355e-07,6.031506752051508615e-07,5.921042065029608837e-07,5.809594948174486802e-07,5.696917409059285510e-07,5.582811461595010900e-07,5.467120048850968280e-07,5.349719465166648426e-07,5.230513168705840873e-07,5.109426839542620107e-07,4.986404512328731454e-07,4.861405598910769139e-07,4.734402618246209618e-07,4.605379473049756790e-07,4.474329940185035788e-07,4.341256424762987005e-07,4.206170453384960625e-07,4.069093574400133723e-07,3.930058348994229662e-07,3.789109467631689960e-07,3.646305038836911319e-07,3.501718112248711769e-07,3.355438515813038810e-07,3.207575108626665701e-07,3.058258577404181666e-07,2.907644937450997158e-07,2.755919940854405593e-07,2.603304649093748813e-07,2.450062500132768153e-07,2.296508300079695890e-07,2.143019710259564341e-07,1.990052002980939346e-07,1.838157155280044809e-07,1.688008786303047824e-07,1.540435083617504488e-07,1.396462772061540063e-07,1.257376359176568439e-07,1.124798068558510596e-07,1.000793881335995259e-07,8.880064745684837701e-08,7.897987374750949990e-08,7.103523107425844344e-08,4.154350366320617281e-08,4.719900992197709981e-09,4.037888063574789275e-08,6.642512887417058785e-08,7.112602549589162315e-08,5.388893908125063366e-08,2.214523310577789029e-08,2.156353801120918936e-08,5.076179301531890027e-08,6.461054681597747970e-08,5.819119214422626174e-08,3.434775005370153545e-08,7.725054660644039094e-09,3.369904706153182962e-08,5.474208752527710546e-08,5.914934261902696973e-08,4.689975429528935449e-08,2.582005206483961007e-08,2.309238999361389882e-08,4.130580846156100917e-08,5.182621177374462728e-08,4.883034926318631527e-08,3.526747504997277001e-08,2.299768423282870123e-08,3.378443051199546211e-08,5.334012188751824557e-08,7.390642149735154689e-08,9.408590612820909334e-08,1.135761304059363238e-07,1.323041626462609098e-07,1.502551958026824448e-07,1.674277001649415404e-07,1.838199903717601973e-07,1.994263319457131440e-07,2.142362974682808468e-07,2.282352695545338904e-07,2.414053153199593781e-07,2.537261310995779646e-07,2.651759403427065517e-07,2.757323031585114538e-07,2.853728277162026253e-07,2.940757867676329360e-07,3.018206473966005755e-07,3.085885232715335387e-07,3.143625582633722742e-07,3.191282492600692645e-07,3.228737148231784395e-07,3.255899152052081329e-07,3.272708282724777714e-07,3.279135850897180581e-07,3.275185683207027185e-07,3.260894761686904053e-07,3.236333542981166709e-07,3.201605980180131895e-07,3.156849269405975371e-07,3.102233343293637375e-07,3.037960133970230269e-07,2.964262628870284213e-07,2.881403743624211168e-07,2.789675037311902968e-07,2.689395296701875658e-07,2.580909018000503487e-07,2.464584817680931230e-07,2.340813809105510402e-07,2.210007990471941284e-07,2.072598704675223194e-07,1.929035257274682800e-07,1.779783822294441689e-07,1.625326840557330297e-07,1.466163248102851952e-07,1.302810120025849767e-07,1.135806816377715491e-07,9.657238590605484467e-08,7.931818299557161716e-08,6.188957181817223109e-08,4.438045971033058619e-08,2.696434683772640127e-08,1.049477470002281859e-08,1.238382489244048309e-08,2.790262240834026411e-08,3.439917820913943562e-08,2.921610571746776223e-08,1.434419937294391475e-08,7.545256682885568442e-09,2.436055476391284545e-08,3.369038038109098347e-08,3.150962183759413210e-08,1.854683588307728381e-08,4.365631528617391119e-09,2.142647660459456393e-08,3.386336070727017416e-08,3.515464253012642050e-08,2.464970434061717774e-08,5.936773497750125233e-09,1.540378680599684936e-08,3.136470434170442153e-08,3.698789099049839640e-08,3.032819185866541284e-08,1.366088391096751669e-08,7.971126288349893558e-09,2.631171710470077985e-08,3.590915223585034492e-08,4.550484156731826470e-08,5.508193781047143143e-08,6.462946811752104978e-08,7.413840682962697829e-08,8.360106017866184176e-08,9.301096666659123302e-08,1.023628180035112590e-07,1.116523399122613515e-07,1.208761508628224005e-07,1.300316213670508594e-07,1.391167481518779838e-07,1.481300497491153920e-07,1.570704848971303123e-07,1.659373922322353689e-07,1.747304483122826387e-07,1.834496404715495243e-07,1.920952509658555571e-07,2.006678490951669463e-07,2.091682883533784363e-07,2.175977060775985474e-07,2.259575235122869634e-07,2.342494446452739522e-07,2.424754526001431232e-07,2.506378027736362128e-07,2.587390122800197374e-07,2.667818455995989332e-07,2.747692966189924661e-07,2.827045674902642120e-07,2.905910449195464175e-07,2.984322746200001088e-07,3.062320970334393718e-07,3.139953437005455080e-07,3.217281555775244149e-07,3.294381514716668359e-07,3.371345988479498127e-07,3.448285901299415959e-07,3.525332284848161463e-07,3.602638272238626390e-07,3.680381267482455430e-07,3.758765329294995136e-07,3.838023816694082227e-07,3.918422372173311398e-07,4.000262381442513268e-07,4.083885165474557998e-07,4.169677349361735231e-07,4.258078123302691873e-07,4.349589452332108910e-07,4.444790654307068471e-07,4.544359052321335678e-07,4.649098473589701009e-07,4.759977046825546172e-07,4.878174910443753556e-07,5.005141045250861377e-07,5.142656583386316335e-07,5.292899825773646934e-07,5.458506018977163189e-07,5.642612682099050797e-07,5.848878477756857378e-07,6.081459220695676430e-07,6.344916897546634202e-07,6.644024335520449138e-07,6.983407274739522914e-07,7.366936365015830224e-07,7.796747742866142434e-07,8.271745907712065995e-07,8.785456880441805676e-07,9.323202395024637493e-07,9.858813402487776278e-07
1.023536568144780069e-06,1.058516231328760398e-06,1.075668312203559554e-06,1.076906652580086071e-06,1.065239071493856783e-06,1.044105707173672395e-06,1.016824704350423658e-06,9.862303043082738313e-07,9.545149239930332169e-07,9.232267673782837637e-07,8.933562640123139009e-07,8.654562082916203984e-07,8.397613128282194371e-07,8.162907165963262453e-07,7.949283711349829640e-07,7.754821337761409628e-07,7.577248330340874052e-07,7.414211757039157774e-07,7.263441410331042355e-07,7.122839691270228814e-07,6.990522289404295909e-07,6.864828426278396962e-07,6.744313941710668922e-07,6.627735901824218308e-07,6.514033868429947412e-07,6.402310515656026610e-07,6.291812784957167186e-07,6.181914002758768326e-07,6.072097084827169251e-07,5.961938891726597974e-07,5.851095823446128619e-07,5.739290763494536479e-07,5.626301473238526779e-07,5.511950497296026808e-07,5.396096583849103822e-07,5.278627563705490235e-07,5.159454578442229639e-07,5.038507506151849115e-07,4.915731405529445461e-07,4.791083786745275928e-07,4.664532522668758773e-07,4.536054239682299850e-07,4.405633048906075944e-07,4.273260034291770446e-07,4.138933846767225232e-07,4.002661474726779709e-07,3.864459046835702402e-07,3.724352679442930308e-07,3.582379389804606425e-07,3.438588107333940354e-07,3.293040828533161863e-07,3.145813977634414764e-07,2.997000055082627373e-07,2.846709681132275377e-07,2.695074174109641697e-07,2.542248845768926910e-07,2.388417255387255513e-07,2.233796749508511165e-07,2.078645742316138061e-07,1.923273392105606492e-07,1.768052655927765354e-07,1.613438257123721712e-07,1.459992070095921906e-07,1.308420186549794368e-07,1.159629218699266816e-07,1.014815682513839101e-07,8.756143231292898139e-08,7.443529935301972518e-08,6.244923048383389437e-08,5.213210236905535140e-08,2.702771850827238530e-08,1.346598199497551686e-08,3.892394805185377709e-08,5.472527205105165779e-08,5.342010388475845236e-08,3.644702311281063993e-08,1.532431024304279818e-08,2.742614162210245690e-08,4.594421674144268068e-08,5.132335426021303721e-08,4.173826058519961459e-08,2.282570392804934579e-08,1.794433234987392210e-08,3.449281001181916907e-08,4.423523008943443621e-08,4.155893471795445726e-08,2.964355006488240226e-08,2.154435776129249595e-08,2.984349782803883648e-08,3.896653350461131616e-08,3.938668445049228835e-08,3.175081424743835274e-08,2.438939873609712027e-08,2.752025445086770599e-08,4.248170576655682812e-08,6.019654671265514115e-08,7.824581873367180109e-08,9.603434282457129582e-08,1.133737486243045674e-07,1.301888256115612314e-07,1.464402048191280079e-07,1.620998036346528847e-07,1.771422134416537162e-07,1.915416775331999629e-07,2.052712256694750763e-07,2.183026815190029745e-07,2.306070203515382488e-07,2.421548519104627471e-07,2.529169287591134596e-07,2.628646361422864951e-07,2.719704450406473036e-07,2.802083220084190247e-07,2.875540948009052059e-07,2.939857750736212192e-07,2.994838401942007647e-07,3.040314762654034909e-07,3.076147842288582729e-07,3.102229506189541212e-07,3.118483842722614206e-07,3.124868201195652846e-07,3.121373911118044844e-07,3.108026693557924284e-07,3.084886776474887635e-07,3.052048727707119943e-07,3.009641021557285098e-07,2.957825357430720438e-07,2.896795751530055739e-07,2.826777425036385929e-07,2.748025514397690654e-07,2.660823631263899218e-07,2.565482301316713669e-07,2.462337312932253198e-07,2.351748008651307084e-07,2.234095555425690592e-07,2.109781234528985058e-07,1.979224800389535211e-07,1.842862971849462347e-07,1.701148143460379979e-07,1.554547445258418215e-07,1.403542349667715786e-07,1.248629149307698868e-07,1.090320867617029681e-07,9.291516684009041558e-08,7.656860813878210965e-08,6.005392246705317094e-08,4.344302075126672765e-08,2.683924781871943399e-08,1.057704863512624948e-08,1.026367846854273511e-08,2.628273096566250998e-08,3.352544102103569504e-08,2.934110788168952083e-08,1.528741897719746053e-08,5.341192134223721536e-09,2.235382452533164012e-08,3.245750944421315875e-08,3.152840541370170058e-08,1.989885277400683304e-08,3.433043566167923630e-09,1.814977049629387189e-08,3.095448272524465277e-08,3.336742551740403089e-08,2.444883713425077855e-08,7.364216843302665438e-09,1.301454026335788256e-08,2.855201984872392870e-08,3.464522420169084869e-08,2.912853602892804454e-08,1.387528481079138665e-08,6.518668988057329148e-09,2.416478337414939033e-08,3.386815786375554453e-08,4.358960234946982027e-08,5.329700622074514322e-08,6.297240498520199335e-08,7.260384671165502307e-08,8.218279958847718655e-08,9.170299393560395166e-08,1.011597654519190187e-07,1.105496282049302458e-07,1.198699793439890306e-07,1.291188912814897557e-07,1.382949665869076908e-07,1.473972392770202193e-07,1.564251106036898327e-07,1.653783101778979622e-07,1.742568751804760856e-07,1.830611418500820897e-07,1.917917445788293072e-07,2.004496188825083966e-07,2.090360053063390059e-07,2.175524520180599203e-07,2.260008144527190199e-07,2.343832509218594627e-07,2.427022135901464395e-07,2.509604346555765595e-07,2.591609079425268665e-07,2.673068664255419838e-07,2.754017564412118472e-07,2.834492095119648746e-07,2.914530127971955401e-07,2.994170792044638098e-07,3.073455667019040876e-07,3.152435175678031449e-07,3.231171591674858514e-07,3.309740653947832438e-07,3.388233167243810652e-07,3.466756616722947764e-07,3.545436831330400403e-07,3.624419728583511222e-07,3.703873166829882101e-07,3.783988926113936267e-07,3.864984845256709564e-07,3.947107175146245805e-07,4.030633286311099151e-07,4.115875015550000571e-07,4.203183171631834688e-07,4.292954049095364251e-07,4.385639196147799603e-07,4.481760074039654194e-07,4.581929501810544135e-07,4.686881729403750612e-07,4.797512449598295760e-07,4.914928936254223688e-07,5.040508808611002385e-07,5.175963856584687407e-07,5.323403212653721541e-07,5.485388160614167776e-07,5.664968991366646082e-07,5.865692028009446219e-07,6.091561137006485727e-07,6.346931072924491583e-07,6.636297919654404806e-07,6.963932957988999219e-07,7.333280174146366262e-07,7.746007939426851808e-07,8.200584397649110925e-07,8.690261220841763954e-07,9.200448667770249275e-07,9.705707571274839458e-07
1.003537134298013539e-06,1.035687144766439504e-06,1.051063978080200012e-06,1.051603346340504579e-06,1.040194849362396971e-06,1.020064066715801996e-06,9.942813203576456370e-07,9.654527654292614521e-07,9.355910308379024146e-07,9.061190816047144682e-07,8.779496736855314798e-07,8.515936838071046450e-07,8.272681230429982406e-07,8.049895123563931232e-07,7.846479059265556815e-07,7.660619583367174349e-07,7.490176433406293162e-07,7.332938783546784856e-07,7.186782256344742583e-07,7.049754631396253974e-07,6.920113384422246227e-07,6.796333163519214008e-07,6.677096454191431606e-07,6.561276331286671927e-07,6.447916631004548148e-07,6.336212267591659636e-07,6.225490762544820585e-07,6.115195189384899114e-07,6.004868420669345865e-07,5.894138549889156108e-07,5.782705458149760533e-07,5.670328588693179676e-07,5.556816033314400763e-07,5.442015020172081741e-07,5.325803840212071491e-07,5.208085181494691680e-07,5.088780774730299967e-07,4.967827200021623153e-07,4.845172669314785675e-07,4.720774583343782927e-07,4.594597666991273472e-07,4.466612514731343823e-07,4.336794592687671532e-07,4.205124484544642361e-07,4.071588637162633480e-07,3.936180087977052694e-07,3.798899204591361380e-07,3.659754429131919198e-07,3.518763024675346888e-07,3.375951827611137350e-07,3.231358018313659432e-07,3.085029933185836441e-07,2.937027954361386579e-07,2.787425529738965784e-07,2.636310396672072661e-07,2.483786109502349568e-07,2.329974007675044418e-07,2.175015813694934267e-07,2.019077130283351860e-07,1.862352235905107807e-07,1.705070801055945998e-07,1.547507554481215815e-07,1.389996714221982901e-07,1.232954611420692079e-07,1.076917473765139184e-07,9.226097029561366988e-08,7.710795355222296410e-08,6.240001857651153704e-08,4.844270781566524097e-08,3.589459000832926521e-08,1.540883652838290115e-08,1.979896585487606494e-08,3.815093921799356302e-08,4.556604431889681379e-08,3.894104893217596442e-08,2.221684967016769457e-08,1.534334459915370603e-08,3.127496114285394416e-08,4.174898766816374708e-08,3.983946475824526555e-08,2.713387899631699267e-08,1.534336311742869757e-08,2.508583411705479878e-08,3.652346909105982320e-08,3.780962661872415548e-08,2.862698928952217638e-08,1.742037387790824077e-08,2.295550600183781524e-08,3.421426600494554408e-08,3.726699124218044344e-08,3.003263469362313497e-08,1.845156561947203929e-08,2.051996073194040491e-08,3.202306426014094620e-08,4.737561346191884897e-08,6.348124599247702738e-08,7.960950099848782045e-08,9.552580450402646055e-08,1.111274798857470549e-07,1.263545583951057514e-07,1.411623454929457107e-07,1.555116922742893234e-07,1.693653138999921524e-07,1.826864389414635149e-07,1.954384319853413916e-07,2.075848409393446535e-07,2.190896303605272321e-07,2.299174912895344839e-07,2.400341754850430048e-07,2.494068286889334429e-07,2.580043103824845283e-07,2.657974937293398064e-07,2.727595424125785203e-07,2.788661624878631405e-07,2.840958280077732377e-07,2.884299794445664327e-07,2.918531940700854137e-07,2.943533275574097084e-07,2.959216262067245196e-07,2.965528093927785122e-07,2.962451220892074546e-07,2.950003576404216061e-07,2.928238513123097737e-07,2.897244455424254010e-07,2.857144282105334312e-07,2.808094456433411471e-07,2.750283924361946894e-07,2.683932805055182327e-07,2.609290900686905362e-07,2.526636054778381143e-07,2.436272390118626519e-07,2.338528458656775088e-07,2.233755336852865015e-07,2.122324701121959742e-07,2.004626919671310793e-07,1.881069199908132188e-07,1.752073835738365535e-07,1.618076608114316226e-07,1.479525407759207730e-07,1.336879175646388751e-07,1.190607303093494123e-07,1.041189717357638090e-07,8.891180450822391028e-08,7.348986279617822132e-08,5.790592588240728157e-08,4.221657632729751182e-08,2.648801861202138076e-08,1.084452383853085469e-08,8.693112660312747725e-09,2.483384494205152085e-08,3.255018865149862468e-08,2.918151643608251255e-08,1.594047426440683492e-08,3.334824754748014786e-09,2.052114697517466485e-08,3.112005422082084820e-08,3.113374045641464689e-08,2.058231110210620054e-08,3.528048445208489666e-09,1.572195371685203173e-08,2.885792035204112406e-08,3.220416428136358058e-08,2.458802562551703274e-08,8.672935229867893968e-09,1.058653082553360315e-08,2.596916570533633141e-08,3.265461500755655623e-08,2.830591720069097265e-08,1.440281825153144794e-08,4.686540567703508894e-09,2.181600933312619423e-08,3.173803081016214471e-08,4.164836450761950688e-08,5.152291236780471052e-08,6.134885500599601958e-08,7.111803735323668474e-08,8.082484953707868939e-08,9.046527506133640996e-08,1.000363704923088653e-07,1.095359515138213989e-07,1.189623964576318214e-07,1.283145240108996613e-07,1.375915202896718855e-07,1.467928993257750792e-07,1.559184858934033881e-07,1.649684126030540644e-07,1.739431252057229564e-07,1.828433915050301669e-07,1.916703103928136548e-07,2.004253184296621859e-07,2.091101921571778749e-07,2.177270449930531180e-07,2.262783181432162763e-07,2.347667654748631030e-07,2.431954327302215521e-07,2.515676318195062869e-07,2.598869112074723538e-07,2.681570235966384021e-07,2.763818922090079455e-07,2.845655769773678184e-07,2.927122418809405843e-07,3.008261245060184850e-07,3.089116424537848837e-07,3.169739744097930327e-07,3.250193421083712780e-07,3.330551631353640400e-07,3.410901974872493160e-07,3.491346901826298025e-07,3.572005124334630757e-07,3.653013030637117906e-07,3.734526105630405782e-07,3.816720352640342244e-07,3.899793720151862953e-07,3.983967583823080159e-07,4.069488443762122940e-07,4.156630195936767079e-07,4.245697642001700191e-07,4.337032306501217055e-07,4.431022083646705070e-07,4.528116628636411821e-07,4.628850574033553958e-07,4.733876394148727581e-07,4.844007895921393192e-07,4.960273832969762215e-07,5.083979148049868966e-07,5.216769152700628260e-07,5.360689926655808130e-07,5.518236606695717257e-07,5.692379913993685688e-07,5.886559597347485498e-07,6.104630272253476600e-07,6.350738853369050181e-07,6.629101742805291535e-07,6.943632846421422218e-07,7.297350401681416803e-07,7.691465088051568167e-07,8.124035130145191839e-07,8.588090937378166158e-07,9.069226356335549162e-07,9.542888185646935770e-07
9.826352875401149193e-07,1.011983035188850639e-06,1.025659578460331588e-06,1.025591821473605822e-06,1.014529928634677893e-06,9.954772912389326793e-07,9.712583586117115798e-07,9.442567218101007522e-07,9.163102047424816353e-07,8.887193908343110325e-07,8.623201108616134386e-07,8.375805741204774972e-07,8.146984664142098614e-07,7.936856387525005907e-07,7.744360477979115467e-07,7.567769841185683559e-07,7.405055980985111208e-07,7.254133855077038516e-07,7.113013206774564158e-07,6.979880920064097424e-07,6.853135595745370283e-07,6.731391730545349149e-07,6.613466847621160591e-07,6.498360959242749109e-07,6.385234194965914262e-07,6.273385613397955510e-07,6.162234286908418610e-07,6.051302665798885280e-07,5.940201803080921269e-07,5.828618004826031469e-07,5.716300636956091395e-07,5.603051007918876405e-07,5.488712375244280661e-07,5.373161170664246872e-07,5.256299517424022595e-07,5.138049052386806102e-07,5.018345991461455242e-07,4.897137309339711254e-07,4.774377854913269976e-07,4.650028197337496526e-07,4.524052996535261061e-07,4.396419717218254247e-07,4.267097901453958192e-07,4.136060121017031882e-07,4.003282844202181879e-07,3.868747133910263738e-07,3.732439384065358622e-07,3.594352074420844668e-07,3.454484523770761544e-07,3.312843623157549105e-07,3.169444533977090055e-07,3.024311341012921436e-07,2.877477657462188325e-07,2.728987188062401815e-07,2.578894267723977218e-07,2.427264407113888334e-07,2.274174894442160046e-07,2.119715526339601980e-07,1.963989574334553598e-07,1.807115145514669887e-07,1.649227184329411279e-07,1.490480526353762773e-07,1.331054745418156083e-07,1.171162260526356602e-07,1.011062907920507403e-07,8.510928113563705167e-08,6.917293954550102073e-08,5.337646579815944429e-08,3.788873573362641999e-08,2.324498491329865965e-08,7.965913467965087095e-09,2.366102008365043840e-08,3.714586619291634379e-08,3.869430611049150450e-08,2.789050617900265823e-08,1.100660531217135438e-08,1.808175602986911574e-08,3.333258848117585174e-08,3.847981337016456927e-08,3.128470893477478552e-08,1.548069145101971504e-08,1.341723396868403433e-08,2.918834951107758319e-08,3.730888653027603331e-08,3.338495679401727093e-08,1.927409894274680593e-08,1.012597485612158510e-08,2.548237610984864920e-08,3.638957722365459397e-08,3.570002682677043394e-08,2.360672176141632069e-08,8.549588929961097317e-09,2.091500711178936814e-08,3.467907512266679837e-08,4.920008070134893447e-08,6.382926692235770204e-08,7.837794838548601655e-08,9.275714810084798976e-08,1.069075130057918529e-07,1.207801197625167228e-07,1.343300704353895478e-07,1.475141360937646649e-07,1.602898970889695200e-07,1.726155007582730279e-07,1.844496945735181891e-07,1.957519888208220960e-07,2.064828816147129346e-07,2.166041130146883039e-07,2.260789304868155170e-07,2.348723553051763667e-07,2.429514431098326266e-07,2.502855336989011738e-07,2.568464861551789094e-07,2.626088960389228704e-07,2.675502918375356238e-07,2.716513082579204809e-07,2.748958343294473589e-07,2.772711346768767649e-07,2.787679427300882962e-07,2.793805250599795176e-07,2.791067164623622661e-07,2.779479258470423848e-07,2.759091134197626871e-07,2.729987400624444383e-07,2.692286902147345472e-07,2.646141699305271758e-07,2.591735821211652384e-07,2.529283812980118987e-07,2.459029103880674230e-07,2.381242224160759840e-07,2.296218900258380396e-07,2.204278059551723740e-07,2.105759776887345216e-07,2.001023195995675798e-07,1.890444459670290425e-07,1.774414683448708781e-07,1.653338008768259605e-07,1.527629773594587587e-07,1.397714841951970984e-07,1.264026139571443942e-07,1.127003452513327187e-07,9.870925616212304863e-08,8.447448126594015881e-08,7.004172702053365536e-08,5.545737026215057310e-08,4.076869215147675524e-08,2.602443042075028245e-08,1.127735284384265759e-08,7.244406237343917272e-09,2.321709116811797235e-08,3.126175039190183443e-08,2.867467940039640552e-08,1.637144501907253605e-08,1.539190349912392106e-09,1.873118153817938878e-08,2.958985011823596336e-08,3.037604175006426803e-08,2.085166455509501086e-08,4.307551234385455159e-09,1.373037082053240482e-08,2.699847022798744984e-08,3.106583230925187572e-08,2.456428029283154608e-08,9.726754323507777625e-09,8.446743216443153149e-09,2.369720816590222936e-08,3.090520291989712616e-08,2.762279326091740404e-08,1.497476367057289341e-08,2.786609656619017421e-09,1.953006640763733031e-08,2.967165435134332554e-08,3.976315027466633977e-08,4.979677540572356411e-08,5.976744438718776423e-08,6.967148315468086285e-08,7.950611129912808689e-08,8.926916504307971833e-08,9.895893729368406023e-08,1.085740874601191905e-07,1.181135961827961670e-07,1.275767493524625797e-07,1.369631406147557462e-07,1.462726844952239213e-07,1.555056342695993495e-07,1.646626001599241897e-07,1.737445645736528303e-07,1.827528920394733242e-07,1.916893322973864949e-07,2.005560157070972157e-07,2.093554407636973648e-07,2.180904540562645558e-07,2.267642234694261820e-07,2.353802058027981172e-07,2.439421102605457234e-07,2.524538594367708816e-07,2.609195494887701862e-07,2.693434111503823755e-07,2.777297730973162604e-07,2.860830289459524762e-07,2.944076088615279631e-07,3.027079563893756318e-07,3.109886281328811062e-07,3.192548148584363361e-07,3.275126019153842820e-07,3.357691099280401001e-07,3.440326223366705822e-07,3.523127009647433259e-07,3.606202902011358107e-07,3.689678087435684987e-07,3.773692259973506878e-07,3.858401195003212664e-07,3.943977121386383788e-07,4.030608960719345693e-07,4.118502671874356736e-07,4.207882220659691563e-07,4.298992094777017478e-07,4.392102771069638226e-07,4.487521025909639751e-07,4.585607305929185624e-07,4.686802342040553594e-07,4.791664594315818037e-07,4.900918843348675620e-07,5.015514351734537182e-07,5.136688778325009548e-07,5.266031869541953010e-07,5.405541298609611358e-07,5.557662046732772148e-07,5.725300131653604716e-07,5.911800471824648618e-07,6.120875995137986939e-07,6.356469345106145419e-07,6.622518389771855826e-07,6.922581364039743591e-07,7.259257318430049499e-07,7.633316157754425451e-07,8.042440158526600649e-07,8.479497903813249671e-07,8.930362709375006489e-07,9.371511014452736475e-07
9.610298543883344010e-07,9.876302168706467430e-07,9.996927764519373788e-07,9.991075478140474196e-07,9.884680442846357422e-07,9.705516535908433122e-07,9.479419825825722079e-07,9.228079125874415809e-07,8.968191555626576874e-07,8.711579755019514464e-07,8.465848138149081011e-07,8.235248990909103935e-07,8.021551029078234412e-07,7.824804198495424286e-07,7.643961252850978050e-07,7.477353717792275769e-07,7.323037113881100477e-07,7.179026487792686306e-07,7.043444223896690033e-07,6.914600935721639190e-07,6.791028265992258026e-07,6.671479959790059425e-07,6.554914626409083908e-07,6.440470288081265193e-07,6.327437450184564965e-07,6.215234432531028862e-07,6.103386407105043531e-07,5.991508129359509678e-07,5.879289656648151453e-07,5.766484211810252427e-07,5.652897526403871914e-07,5.538378277702698390e-07,5.422809481051895347e-07,5.306100853777468385e-07,5.188182222657427620e-07,5.068998027865715130e-07,4.948502915308328060e-07,4.826658335974023771e-07,4.703430006381708667e-07,4.578786040884322378e-07,4.452695550726853166e-07,4.325127519358818593e-07,4.196050320254845889e-07,4.065433258541431310e-07,3.933247416547247277e-07,3.799466205764738739e-07,3.664066017984706047e-07,3.527026956292037181e-07,3.388333621443755916e-07,3.247975925196372928e-07,3.105949899674387032e-07,2.962258471072636162e-07,2.816912166978291990e-07,2.669929729414985266e-07,2.521338610301291192e-07,2.371175332259195353e-07,2.219485705444720370e-07,2.066324900153414849e-07,1.911757385342958562e-07,1.755856755209028232e-07,1.598705480665975858e-07,1.440394643168889479e-07,1.281023743168662091e-07,1.120700747632581734e-07,9.595427183094738511e-08,7.976778681671252405e-08,6.352515879774102837e-08,4.724460077206796592e-08,3.095631225676152372e-08,1.476629161619464955e-08,7.075956392511802879e-09,2.566403834629994389e-08,3.584927489997811169e-08,3.392843148997337458e-08,2.059367655560962883e-08,2.889512577529449116e-09,2.051460798720067656e-08,3.389038860375912149e-08,3.586069806787117080e-08,2.572212340674731550e-08,7.272252073886268542e-09,1.483554659682221101e-08,3.096464007469102521e-08,3.675356029694913611e-08,3.010257108503006468e-08,1.331101077588751906e-08,8.731370981953901556e-09,2.719279732033085599e-08,3.674377828366278765e-08,3.389963807647659598e-08,1.956690668145822130e-08,2.346041104402003174e-09,2.229678260856269040e-08,3.550131550334633704e-08,4.875568304264489761e-08,6.198819202608066781e-08,7.514560788278956349e-08,8.817946786978830042e-08,1.010431290440855950e-07,1.136909046238946156e-07,1.260777870111489064e-07,1.381593865185238287e-07,1.498919717420452554e-07,1.612325698511281896e-07,1.721391082854383491e-07,1.825705873376054007e-07,1.924872759007075326e-07,2.018509236340971335e-07,2.106249831814302614e-07,2.187748363331670551e-07,2.262680183405535511e-07,2.330744350146294265e-07,2.391665677836149861e-07,2.445196625126085769e-07,2.491118985786953330e-07,2.529245354080204863e-07,2.559420343869946040e-07,2.581521547302228129e-07,2.595460225019119543e-07,2.601181725312763912e-07,2.598665634287367740e-07,2.587925662979400745e-07,2.569009280539785069e-07,2.541997105103337442e-07,2.507002065988580056e-07,2.464168352530726519e-07,2.413670166299770737e-07,2.355710294830679305e-07,2.290518526406668405e-07,2.218349926970076611e-07,2.139483001929842089e-07,2.054217767490592199e-07,1.962873758106828987e-07,1.865787998695694812e-07,1.763312972233007394e-07,1.655814615221004251e-07,1.543670375197449721e-07,1.427267365985269272e-07,1.307000657972204186e-07,1.183271742954935389e-07,1.056487217440068234e-07,9.270577384209090064e-08,7.953973315910299659e-08,6.619232054063689466e-08,5.270564649791143884e-08,3.912251010636438389e-08,2.548762883949082050e-08,1.185689576418209325e-08,5.837510875976274031e-09,2.138612241129388373e-08,2.968633261320975881e-08,2.791473652964604648e-08,1.670423230282338398e-08,7.898636031095325093e-10,1.689898114198144789e-08,2.785378261721613258e-08,2.934759788942720408e-08,2.089985676348228136e-08,5.432412146123110475e-09,1.192328185144236308e-08,2.510956294436394203e-08,2.975843352595603599e-08,2.430912373695359991e-08,1.064395885116196890e-08,6.671683856961923697e-09,2.160617909429906880e-08,2.921099574943440412e-08,2.690248295002218420e-08,1.548856907491430917e-08,1.421597753907894282e-09,1.740755221754776878e-08,2.768861645681384237e-08,3.791675830922696352e-08,4.808296501052257773e-08,5.818285857558077155e-08,6.821348631282196580e-08,7.817257065388171796e-08,8.805826981061329976e-08,9.786909820952670127e-08,1.076039106408582917e-07,1.172619146777822256e-07,1.268426948512799123e-07,1.363462394491397916e-07,1.457729643281138487e-07,1.551237301506295960e-07,1.643998508219328215e-07,1.736030919415455804e-07,1.827356589323541321e-07,1.918001752273697519e-07,2.007996514966905673e-07,2.097374473865361807e-07,2.186172276124449302e-07,2.274429144924887382e-07,2.362186391185702593e-07,2.449486933437888655e-07,2.536374846163529130e-07,2.622894954264865642e-07,2.709092487689492750e-07,2.795012805819433116e-07,2.880701196289724871e-07,2.966202747715923878e-07,3.051562290665811239e-07,3.136825381965919883e-07,3.222042836075860889e-07,3.307273025692455849e-07,3.392583066369978181e-07,3.478049760839967920e-07,3.563760291012224625e-07,3.649812629927650206e-07,3.736315623511594182e-07,3.823388676400701219e-07,3.911160987427814072e-07,3.999770345594965487e-07,4.089361648324718313e-07,4.180085570039792835e-07,4.272098205038240982e-07,4.365563014567017571e-07,4.460656949796908738e-07,4.557583058160635617e-07,4.656592008009478551e-07,4.758014564370848825e-07,4.862305954272685332e-07,4.970101267405071808e-07,5.082278769668386274e-07,5.200025705711581309e-07,5.324899361406345793e-07,5.458875227947289646e-07,5.604374035886531803e-07,5.764259658504210343e-07,5.941799408789304460e-07,6.140575847502107865e-07,6.364333725364930844e-07,6.616736230848376373e-07,6.900990956420535861e-07,7.219288710253432662e-07,7.571980966314364924e-07,7.956413693325685203e-07,8.365356707697493051e-07,8.785055332299406380e-07,9.193140611043408060e-07
9.389609909116295622e-07,9.628944437250313890e-07,9.734374620952819075e-07,9.724189025836641019e-07,9.622631441411345470e-07,9.455217194019847912e-07,9.245452901083927593e-07,9.012979204512206212e-07,8.772894151612226480e-07,8.535889397262328917e-07,8.308839626770881860e-07,8.095570516459937013e-07,7.897631706175755969e-07,7.714984210688954722e-07,7.546566905475825205e-07,7.390737906866883898e-07,7.245601477302277141e-07,7.109236542139812576e-07,6.979843961116612488e-07,6.855829201407674854e-07,6.735836193184628675e-07,6.618747052545771331e-07,6.503660763850067820e-07,6.389861642193173056e-07,6.276785576807709408e-07,6.163989087019773870e-07,6.051123577728387609e-07,5.937915210547533583e-07,5.824149633801132241e-07,5.709660352167977124e-07,5.594319552023198266e-07,5.478030491717031250e-07,5.360720921627760424e-07,5.242337295536444023e-07,5.122839722598048449e-07,5.002197688463271776e-07,4.880386572133713780e-07,4.757384936710950288e-07,4.633172508350699031e-07,4.507728701161034818e-07,4.381031510895541803e-07,4.253056595496160327e-07,4.123777061878569596e-07,3.993165517396311687e-07,3.861194693788221436e-07,3.727837620428409363e-07,3.593067949038837040e-07,3.456860429042090040e-07,3.319191523802226787e-07,3.180040149206474866e-07,3.039388507853680135e-07,2.897222984995969209e-07,2.753535066743883095e-07,2.608322237241428174e-07,2.461588809811117932e-07,2.313346647637554459e-07,2.163615732506487768e-07,2.012424545528851942e-07,1.859810231837792896e-07,1.705818532498833035e-07,1.550503482856033571e-07,1.393926901330068011e-07,1.236157737096639335e-07,1.077271439030660412e-07,9.173497418144949763e-08,7.564819441106149516e-08,5.947711121871759463e-08,4.323590534353312143e-08,2.695512410382274607e-08,1.081062963381195156e-08,9.855842553717688136e-09,2.644457468036482137e-08,3.438080932639060423e-08,3.076493921281903468e-08,1.680813916767385650e-08,3.960017587649386334e-09,2.201816531407979237e-08,3.340890880070157717e-08,3.360205103842784509e-08,2.247924168315688379e-08,4.315559043738324284e-09,1.672682356804232852e-08,3.122978700811246201e-08,3.533360245156967161e-08,2.755923062820987267e-08,1.063693883739940958e-08,1.077314317471588875e-08,2.786021805255646142e-08,3.584446903872512262e-08,3.183107843871412472e-08,1.718740582200754118e-08,4.797897307367421969e-09,2.332079344149732646e-08,3.499827065790352004e-08,4.683436965908249332e-08,5.871691916260087786e-08,7.057474755466759136e-08,8.234996151967775213e-08,9.399071311167552587e-08,1.054486452872175858e-07,1.166777916825188769e-07,1.276340429997533153e-07,1.382748802913934957e-07,1.485592563054350805e-07,1.584475702655045608e-07,1.679017068187864457e-07,1.768851207841280162e-07,1.853629544093867023e-07,1.933021764707767787e-07,2.006717341354640467e-07,2.074427096886702016e-07,2.135884752769303504e-07,2.190848398540973122e-07,2.239101835677884456e-07,2.280455758805344994e-07,2.314748747508060797e-07,2.341848051660310404e-07,2.361650161856934474e-07,2.374081163875741406e-07,2.379096881946216989e-07,2.376682819865566590e-07,2.366853911743372679e-07,2.349654095537717590e-07,2.325155722829432016e-07,2.293458817793150317e-07,2.254690197422096901e-07,2.209002464103099777e-07,2.156572880938552169e-07,2.097602140028682411e-07,2.032313034431428780e-07,1.960949045783516669e-07,1.883772861573475387e-07,1.801064838699607163e-07,1.713121433059668641e-07,1.620253618327171202e-07,1.522785320653031760e-07,1.421051899851271225e-07,1.315398712149780280e-07,1.206179796159793314e-07,1.093756735684885096e-07,9.784977785714054287e-08,8.607773512739277901e-08,7.409762643811055955e-08,6.194833472460811274e-08,4.967006994232153288e-08,3.730605504252230234e-08,2.490935044832270762e-08,1.258993935270245061e-08,4.639347392867392090e-09,1.938239928700140031e-08,2.789830915323110431e-08,2.700637058885745969e-08,1.704489830809637810e-08,2.408467280853765720e-09,1.500659357114351263e-08,2.593644121446813317e-08,2.813422629247676917e-08,2.085803270219862893e-08,6.775798104490143909e-09,1.022759576321210264e-08,2.311637159670505110e-08,2.827419890536660998e-08,2.389743211949611692e-08,1.155697769601214410e-08,5.343853041392993870e-09,1.956803664541325656e-08,2.745588809532755141e-08,2.608595388643787059e-08,1.596493987133145858e-08,2.210962999790993492e-09,1.542653459702177291e-08,2.572109715220769496e-08,3.603161446469243001e-08,4.630181491628288047e-08,5.651482550365512166e-08,6.666296164228090070e-08,7.674177656213620267e-08,8.674836802662441785e-08,9.668079498060082938e-08,1.065378565015650321e-07,1.163190046249259916e-07,1.260243078924241121e-07,1.356544312917030394e-07,1.452106172362768523e-07,1.546946606288031213e-07,1.641088752386146610e-07,1.734560509563849381e-07,1.827394029010499143e-07,1.919625142425583073e-07,2.011292751440021843e-07,2.102438205004170815e-07,2.193104692025436602e-07,2.283336675114582083e-07,2.373179388206388924e-07,2.462678416341857943e-07,2.551879370356211020e-07,2.640827662963612586e-07,2.729568386139877616e-07,2.818146283154220595e-07,2.906605802447350522e-07,2.994991215115253040e-07,3.083346773301713062e-07,3.171717640891760195e-07,3.260153498125872077e-07,3.348710302850009220e-07,3.437450996331763985e-07,3.526445790755749798e-07,3.615771985563571662e-07,3.705513239385061802e-07,3.795758208894128040e-07,3.886598476164466123e-07,3.978125749476116048e-07,4.070428471453509877e-07,4.163588234049806095e-07,4.257676800073334344e-07,4.352755052278698264e-07,4.448875768123464752e-07,4.546092617992361338e-07,4.644478008061259344e-07,4.744152104855892955e-07,4.845324396194126602e-07,4.948347412809701828e-07,5.053779938782738138e-07,5.162454613895803959e-07,5.275542869997131958e-07,5.394609169526486139e-07,5.521646703562907927e-07,5.659087697718082667e-07,5.809782391636591230e-07,5.976940464274565663e-07,6.164026118064340054e-07,6.374592481836040433e-07,6.612032101567948138e-07,6.879208151646659844e-07,7.177916606111379345e-07,7.508116251515331384e-07,7.866859525080487658e-07,8.246880700403441215e-07,8.634881584208535080e-07,9.009748092437909332e-07
9.167059887782169856e-07,9.380756823939477709e-07,9.471981772972652229e-07,9.458216346270932520e-07,9.361939519348572470e-07,9.206448819000564567e-07,9.013026310146589298e-07,8.799380689008522126e-07,8.579105949706361984e-07,8.361825843079512857e-07,8.153719058703603438e-07,7.958196327820041404e-07,7.776584603897425854e-07,7.608741466776274311e-07,7.453568554168752840e-07,7.309419055269630533e-07,7.174406907629530810e-07,7.046629862694860637e-07,6.924319245602236788e-07,6.805928734996798508e-07,6.690174127729414138e-07,6.576036022111546223e-07,6.462737208387303542e-07,6.349705750785017914e-07,6.236533031203279852e-07,6.122933572123468059e-07,6.008710736112331967e-07,5.893729938509900674e-07,5.777899184090750462e-07,5.661155680588918778e-07,5.543456909090897243e-07,5.424774636742422293e-07,5.305090709034683356e-07,5.184393867978956379e-07,5.062677190458780876e-07,4.939935977505771929e-07,4.816166048476061339e-07,4.691362428973821778e-07,4.565518401498397043e-07,4.438624844624222485e-07,4.310669744605604434e-07,4.181637739869273292e-07,4.051510415221482351e-07,3.920269048751445311e-07,3.787894961639809105e-07,3.654369140208639544e-07,3.519671980586263213e-07,3.383783186928214172e-07,3.246681846364115726e-07,3.108346694505153650e-07,2.968756574885452220e-07,2.827891084676723011e-07,2.685731388064928683e-07,2.542261168559567703e-07,2.397467683067338590e-07,2.251342874792220900e-07,2.103884500184916645e-07,1.955097229102622949e-07,1.804993690200725854e-07,1.653595461452287889e-07,1.500934061551091595e-07,1.347052111634407894e-07,1.192005082246075927e-07,1.035864617669627010e-07,8.787259391373302130e-08,7.207263346928460693e-08,5.620977513982280189e-08,4.033492712773292918e-08,2.461655396927617752e-08,1.027271997229928349e-08,1.246702603427540667e-08,2.652111610307220372e-08,3.280458273935494332e-08,2.847434006872510005e-08,1.528308324635066724e-08,7.930146467176895179e-09,2.279168575818726309e-08,3.234104817080650360e-08,3.149100790654887635e-08,2.052419912169425545e-08,6.484021724126466918e-09,1.820905644439702273e-08,3.067694561550829301e-08,3.347007379196633087e-08,2.540890162458990361e-08,1.019003692422917474e-08,1.308290117830880510e-08,2.782449342458394014e-08,3.425647002915545978e-08,2.958356253169485776e-08,1.570077821213715318e-08,8.264213602958996125e-09,2.387022349752416383e-08,3.375119367058709141e-08,4.411197313897086216e-08,5.465272784619897922e-08,6.523029809869624409e-08,7.575499502213293199e-08,8.616000466619421869e-08,9.639026389899989360e-08,1.063977426883652546e-07,1.161391914977628123e-07,1.255749611077180024e-07,1.346683384755131864e-07,1.433851534899504148e-07,1.516935394508179637e-07,1.595637870688653737e-07,1.669682587904929416e-07,1.738813437154066417e-07,1.802794403787125108e-07,1.861409584761814408e-07,1.914463328124085622e-07,1.961780441520548802e-07,2.003206426696509430e-07,2.038607705331740085e-07,2.067871809171234432e-07,2.090907514551002670e-07,2.107644908088494146e-07,2.118035376334811942e-07,2.122051517364921617e-07,2.119686976444163894e-07,2.110956210968423106e-07,2.095894191844780811e-07,2.074556049469620772e-07,2.047016672659633810e-07,2.013370268534281650e-07,1.973729890686828475e-07,1.928226942247979986e-07,1.877010659829391109e-07,1.820247583960445078e-07,1.758121021563147281e-07,1.690830506258465741e-07,1.618591262857394717e-07,1.541633683296406991e-07,1.460202822700517296e-07,1.374557926665390109e-07,1.284972005303576097e-07,1.191731478354772688e-07,1.095135933499148590e-07,9.954980774396887939e-08,8.931440408155121843e-08,7.884143852518426170e-08,6.816666247706463493e-08,5.732813470289178089e-08,4.636780304152147774e-08,3.533619384329484350e-08,2.431007490018096034e-08,1.349611119228037623e-08,4.163209142118782228e-09,1.726299222191741554e-08,2.594101280621720985e-08,2.600345223867012440e-08,1.745483939546196959e-08,4.396450745599355180e-09,1.310242184311836529e-08,2.385879142236899047e-08,2.677878743091826380e-08,2.079566597850264705e-08,8.312490110517815869e-09,8.723324988458544917e-09,2.100523547374532949e-08,2.662525616015333426e-08,2.338942767862991548e-08,1.255013753179543213e-08,4.764905579417571374e-09,1.751148459541590341e-08,2.556993309907426596e-08,2.515320488817334659e-08,1.644715422952480691e-08,4.080394182203965892e-09,1.354371150385798301e-08,2.367128869990798944e-08,3.400077992063566367e-08,4.434314976601455681e-08,5.465037262748533835e-08,6.490399726488686873e-08,7.509516427412848659e-08,8.521915305047609897e-08,9.527348575126060740e-08,1.052571479020014594e-07,1.151702183176327511e-07,1.250136636156579621e-07,1.347892017127322121e-07,1.444991940656566651e-07,1.541465494131173863e-07,1.637346322155523276e-07,1.732671740429350759e-07,1.827481886626059325e-07,1.921818927486420487e-07,2.015726345348761039e-07,2.109248326523978955e-07,2.202429269936550834e-07,2.295313428379812775e-07,2.387944687400866643e-07,2.480366478924176636e-07,2.572621818836810842e-07,2.664753450403484571e-07,2.756804068980270650e-07,2.848816598382288107e-07,2.940834485663593795e-07,3.032901979118449285e-07,3.125064354049929440e-07,3.217368521622505740e-07,3.309865163367023090e-07,3.402609462655644113e-07,3.495660813363690100e-07,3.589081832759497310e-07,3.682936576349430992e-07,3.777287847605623888e-07,3.872193518598115749e-07,3.967701856296071151e-07,4.063846015606758612e-07,4.160638144141185896e-07,4.258063961935605034e-07,4.356079218163056062e-07,4.454610021969656021e-07,4.553559565239222410e-07,4.652824004136143594e-07,4.752320009958465809e-07,4.852025536662837134e-07,4.952033613818914250e-07,5.052616623776009415e-07,5.154295998806251936e-07,5.257910214205106148e-07,5.364672975855767736e-07,5.476213911797243436e-07,5.594595633344375767e-07,5.722302916536479995e-07,5.862200833280161568e-07,6.017457891036001459e-07,6.191427004469612052e-07,6.387471290754320826e-07,6.608713424267029177e-07,6.857676973977729084e-07,7.135776760002995865e-07,7.442605760093196325e-07,7.774965974809193780e-07,8.125615785194833196e-07,8.481785205839613422e-07,8.823685620605427428e-07
8.945726789256538797e-07,9.135006216683182567e-07,9.213023167630259218e-07,9.196310196404208862e-07,9.105560091203783080e-07,8.961930354535408580e-07,8.784605878223045660e-07,8.589493523391236468e-07,8.388788573080655532e-07,8.191119326839476598e-07,8.002011652082626074e-07,7.824482933348049896e-07,7.659644480909651442e-07,7.507247220252506524e-07,7.366143394172565757e-07,7.234659334452648086e-07,7.110885330524775779e-07,6.992892385637071487e-07,6.878885643757474481e-07,6.767303072064707932e-07,6.656867202374847853e-07,6.546597942143370361e-07,6.435795352525255657e-07,6.324002082787746217e-07,6.210955119621147524e-07,6.096535344077482849e-07,5.980721273760408536e-07,5.863550819975460578e-07,5.745092486855541089e-07,5.625425602479763355e-07,5.504628071111316080e-07,5.382769717644012805e-07,5.259909373984708455e-07,5.136094210604455635e-07,5.011360256043426352e-07,4.885733447611523237e-07,4.759230857113621548e-07,4.631861924180776329e-07,4.503629623737382154e-07,4.374531522482699512e-07,4.244560672321502414e-07,4.113706272404307339e-07,3.981955105660486898e-07,3.849295681719586082e-07,3.715718715004161023e-07,3.581216424526225446e-07,3.445781795733300174e-07,3.309407857312285742e-07,3.172087026423201413e-07,3.033810573883441487e-07,2.894568256323953506e-07,2.754348155439467396e-07,2.613136755528282213e-07,2.470919280214271577e-07,2.327680298576765080e-07,2.183404601403909028e-07,2.038078342263747177e-07,1.891690439341666063e-07,1.744234249196992974e-07,1.595709565599796944e-07,1.446125092403199148e-07,1.295501750461803602e-07,1.143877657165724028e-07,9.913167768310484463e-08,8.379263359992497502e-08,6.838975066024655066e-08,5.296179328369288530e-08,3.760631036885376380e-08,2.267627302787233219e-08,1.065858356706098241e-08,1.440177203217842165e-08,2.623154507947418327e-08,3.105668465465519150e-08,2.631821007079327525e-08,1.440167022632719147e-08,1.066434234528547203e-08,2.315479253461675383e-08,3.094917506363157099e-08,2.927065995051945733e-08,1.885933279997426860e-08,8.761821430938715790e-09,1.930672908425224148e-08,2.974450743173562574e-08,3.132230717367021193e-08,2.324760408670420520e-08,1.040018571095023527e-08,1.499348514042257096e-08,2.745528881809206069e-08,3.231828220879545040e-08,2.713064785449848375e-08,1.445532950067514007e-08,1.089755262192217455e-08,2.416864775192379606e-08,3.216457472534151079e-08,4.096137444153629763e-08,5.008999653292016817e-08,5.932469650377302327e-08,6.853514567729870940e-08,7.763392246947495982e-08,8.655584687991734195e-08,9.524891780069726533e-08,1.036699301486019238e-07,1.117821516850257132e-07,1.195539719184281504e-07,1.269580360134150325e-07,1.339706326267852607e-07,1.405712217963167200e-07,1.467420458486972967e-07,1.524677950122154162e-07,1.577353142089866690e-07,1.625333450175285240e-07,1.668523003630363033e-07,1.706840708767320242e-07,1.740218620662251093e-07,1.768600610521476030e-07,1.791941310212232395e-07,1.810205309518147932e-07,1.823366577215427662e-07,1.831408074787182990e-07,1.834321531727656278e-07,1.832107353807037791e-07,1.824774639990074254e-07,1.812341289379696712e-07,1.794834185949357200e-07,1.772289455264134180e-07,1.744752793225697722e-07,1.712279871536877844e-07,1.674936827607707566e-07,1.632800847704625227e-07,1.585960851146105360e-07,1.534518280349753152e-07,1.478587996858177085e-07,1.418299277718188237e-07,1.353796900716753712e-07,1.285242302427099925e-07,1.212814791982697695e-07,1.136712809505757594e-07,1.057155237334845761e-07,9.743828164053183595e-08,8.886598139260562785e-08,8.002762876467240756e-08,7.095517341170435564e-08,6.168419655247741978e-08,5.225538541211780637e-08,4.271809919581049327e-08,3.314033410944759365e-08,2.364300116545596724e-08,1.456418762652156359e-08,4.998688966165585654e-09,1.507766314518210844e-08,2.377201149586470052e-08,2.486165285181174448e-08,1.792815561725216534e-08,6.601684277918300660e-09,1.128564416223276793e-08,2.157528345145095237e-08,2.522822815449959957e-08,2.070228539121912113e-08,1.003250591121541195e-08,7.633529494824557194e-09,1.872610527990697283e-08,2.474417227568250142e-08,2.276559736527178570e-08,1.365210808333233892e-08,5.279599852414656635e-09,1.537335511529759746e-08,2.344605056983928415e-08,2.404396560060594195e-08,1.694996150621828613e-08,6.189336604879254507e-09,1.172824526464643758e-08,2.140406515798352148e-08,3.166990453228893833e-08,4.204601318904468332e-08,5.242590828310292814e-08,6.277333894132270699e-08,7.307304160741242035e-08,8.331809042924669213e-08,9.350562534948038748e-08,1.036351043428817110e-07,1.137074664744806296e-07,1.237246687898541382e-07,1.336893933594878202e-07,1.436048401017000925e-07,1.534745685946812495e-07,1.633023726012410208e-07,1.730921802666086397e-07,1.828479770802270629e-07,1.925737503449847478e-07,2.022734542872611191e-07,2.119509946802018355e-07,2.216102312766563409e-07,2.312549956575075223e-07,2.408891214229260614e-07,2.505164830714815305e-07,2.601410394780775805e-07,2.697668776269221318e-07,2.793982521930852226e-07,2.890396166945527060e-07,2.986956422443007282e-07,3.083712203994471652e-07,3.180714472078973515e-07,3.278015957788673614e-07,3.375670928697662104e-07,3.473734095114447382e-07,3.572258503063723039e-07,3.671292354343999572e-07,3.770874633537401285e-07,3.871029475438402187e-07,3.971759320820875252e-07,4.073037113777652225e-07,4.174798116143789431e-07,4.276932364556801934e-07,4.379279352654808562e-07,4.481627113643174979e-07,4.583718371508595202e-07,4.685266624337331620e-07,4.785984690091630064e-07,4.885627189328133915e-07,4.984046601945137372e-07,5.081260094120037734e-07,5.177521728801805012e-07,5.273392624824290235e-07,5.369800793509549232e-07,5.468083126694727942e-07,5.570004129352745471e-07,5.677748648431184605e-07,5.793887844009456776e-07,5.921317888361452088e-07,6.063168818302114626e-07,6.222676718782912108e-07,6.403006476574292284e-07,6.607005179216897459e-07,6.836858165403186304e-07,7.093611475526864823e-07,7.376518523094066161e-07,7.682171842360244422e-07,8.003406661620170864e-07,8.328036256162165885e-07,8.637635155346844580e-07
8.728905852708347426e-07,8.895130780222360153e-07,8.960901825023955144e-07,8.941716612342615290e-07,8.856510275672771944e-07,8.724411108404370476e-07,8.562652400559176958e-07,8.385479075771284719e-07,8.203799666140501564e-07,8.025325713610855225e-07,7.854980590119842318e-07,7.695418879479409452e-07,7.547554986621603743e-07,7.411045276577729603e-07,7.284699622631979972e-07,7.166817625096453993e-07,7.055454913135414382e-07,6.948628654261115508e-07,6.844471101965401944e-07,6.741337892615740399e-07,6.637875708324937489e-07,6.533053065609127723e-07,6.426158680829977537e-07,6.316773561547033085e-07,6.204724686290109043e-07,6.090028958510065180e-07,5.972835623814270518e-07,5.853373656041848388e-07,5.731908266177476315e-07,5.608708288980165534e-07,5.484024241091444492e-07,5.358075561979534064e-07,5.231044952506975251e-07,5.103077669788580786e-07,4.974283917969855436e-07,4.844742903151606251e-07,4.714507558780228541e-07,4.583609316519895543e-07,4.452062567416087635e-07,4.319868632468804529e-07,4.187019161234463426e-07,4.053498928269285594e-07,3.919289414215700576e-07,3.784375526105651776e-07,3.648747137624041991e-07,3.512398901783561661e-07,3.375329804235655379e-07,3.237542491585615288e-07,3.099042419930732007e-07,2.959836878500964154e-07,2.819933951311961187e-07,2.679341485756008189e-07,2.538066140804007051e-07,2.396112588957132776e-07,2.253482945663525875e-07,2.110176498677777251e-07,1.966189810040710579e-07,1.821517269394820017e-07,1.676152197835288848e-07,1.530088653894669441e-07,1.383324215103558690e-07,1.235864286394830578e-07,1.087729136891250875e-07,9.389664848099355254e-08,7.896768733862738645e-08,6.400728563503664145e-08,4.906443848266139204e-08,3.427511220206405408e-08,2.017556965399827752e-08,1.057142078919966914e-08,1.590650999781494690e-08,2.574815729960954646e-08,2.892734074919246011e-08,2.361462269623142191e-08,1.305589754043645954e-08,1.260621030482045099e-08,2.333435406247082661e-08,2.922620661797347613e-08,2.653258862904652461e-08,1.668322100694558302e-08,1.033246485834038230e-08,2.020438917049688800e-08,2.854788074686648711e-08,2.871009316940565328e-08,2.056350001512544829e-08,1.042131205329848247e-08,1.660818216250098196e-08,2.689718581058601155e-08,2.999169459776506395e-08,2.418052492503899441e-08,1.297742173406316173e-08,1.302571835170054341e-08,2.434302682082951321e-08,3.027956088955900650e-08,3.726703703406746066e-08,4.475866336019720634e-08,5.246136282873320936e-08,6.020433641905242690e-08,6.787727720664016452e-08,7.540242864559734869e-08,8.272140812838438782e-08,8.978859978702476452e-08,9.656760583510700595e-08,1.030291856665661176e-07,1.091499435679414009e-07,1.149114018425415033e-07,1.202992757159594980e-07,1.253028566369512277e-07,1.299144578875517721e-07,1.341289018999540912e-07,1.379430424612603941e-07,1.413553221683544299e-07,1.443653687902390912e-07,1.469736351473808236e-07,1.491810866686652639e-07,1.509889395539609968e-07,1.523984508827701710e-07,1.534107603730450884e-07,1.540267820239697719e-07,1.542471427118278313e-07,1.540721640219397854e-07,1.535018832060831618e-07,1.525361091177762605e-07,1.511745092223113883e-07,1.494167242036910142e-07,1.472625071846276903e-07,1.447118850299645437e-07,1.417653395268636895e-07,1.384240063642969769e-07,1.346898897449676920e-07,1.305660901742531679e-07,1.260570425516512457e-07,1.211687612638012095e-07,1.159090887332090146e-07,1.102879440923253968e-07,1.043175697535596915e-07,9.801277632619139568e-08,9.139119182583264457e-08,8.447353182035479619e-08,7.728392804438548854e-08,6.985039526137202402e-08,6.220560664805108553e-08,5.438835687567166526e-08,4.644662045207073206e-08,3.844460633746536878e-08,3.048104708608225629e-08,2.274444912836276682e-08,1.571464802658152746e-08,6.953125326775993291e-09,1.287274100032029990e-08,2.122426016729778396e-08,2.340864496007493729e-08,1.838010042214413658e-08,9.011544094677258349e-09,9.735401055261535848e-09,1.893444247126209094e-08,2.330376971244042829e-08,2.048445135456958139e-08,1.192058979016794225e-08,7.331248730035013541e-09,1.615607687250059121e-08,2.244839630272094694e-08,2.192279639143990004e-08,1.486265503042881459e-08,6.826893789558065435e-09,1.308172873562248393e-08,2.089581898520933485e-08,2.263723769449574910e-08,1.747253778243092062e-08,8.508802083573031868e-09,1.002114070953356201e-08,1.873459218337948084e-08,2.882825840274928178e-08,3.920419851554062956e-08,4.964976136377232601e-08,6.010036308717801604e-08,7.053134890905892318e-08,8.093252380335264036e-08,9.130003318003013381e-08,1.016331831585254682e-07,1.119329870247044898e-07,1.222014144867762192e-07,1.324409662072920408e-07,1.426544181639225894e-07,1.528446658778553303e-07,1.630146342408250757e-07,1.731672343761911347e-07,1.833053560374322192e-07,1.934318871939994978e-07,2.035497537893215719e-07,2.136619731836518629e-07,2.237717150167681277e-07,2.338823633978276015e-07,2.439975745791166398e-07,2.541213246531082350e-07,2.642579423433234285e-07,2.744121226305562621e-07,2.845889177458316459e-07,2.947937029431450778e-07,3.050321154108014717e-07,3.153099656644320871e-07,3.256331217655711720e-07,3.360073266123407545e-07,3.464378240500417190e-07,3.569289680720358334e-07,3.674837355337663368e-07,3.781030935927621541e-07,3.887852204178190133e-07,3.995245949998234589e-07,4.103109984129924532e-07,4.211285064887201103e-07,4.319546025486992260e-07,4.427595951322169085e-07,4.535065810229720905e-07,4.641522337625879290e-07,4.746487022892387575e-07,4.849468515742433629e-07,4.950009505691071209e-07,5.047747108670369791e-07,5.142483252043604110e-07,5.234258995756348780e-07,5.323424879912267900e-07,5.410698943344011428e-07,5.497205365480481713e-07,5.584489473212751695e-07,5.674508180584818728e-07,5.769597467885412240e-07,5.872419109562439256e-07,5.985887075991975490e-07,6.113070258247325225e-07,6.257063295216331508e-07,6.420812108398076353e-07,6.606875532005907820e-07,6.817099039929988527e-07,7.052171326316394933e-07,7.311031551449788857e-07,7.590100365125299385e-07,7.882333506151334189e-07,8.176163510089828208e-07,8.454531883021313722e-07
8.520003722966821096e-07,8.664628006254471532e-07,8.719033103302317906e-07,8.697652658004683846e-07,8.617738184944282186e-07,8.496527227707342465e-07,8.349460076573118242e-07,8.189264399102252990e-07,8.025675410824594446e-07,7.865567373681008178e-07,7.713312881143865312e-07,7.571237432798481100e-07,7.440083963189555052e-07,7.319438974802415584e-07,7.208097986624338845e-07,7.104364934166310864e-07,7.006290120029321208e-07,6.911855996953014015e-07,6.819120716929428754e-07,6.726327256958851525e-07,6.631982570790508186e-07,6.534908260624982623e-07,6.434262957434671208e-07,6.329537324689848830e-07,6.220524803218328530e-07,6.107273775250061923e-07,5.990028635443853353e-07,5.869167675573948905e-07,5.745144691232756259e-07,5.618439246352181186e-07,5.489518213891180324e-07,5.358809105473503848e-07,5.226684149557040699e-07,5.093453180328569387e-07,4.959363084044302606e-07,4.824601651346790426e-07,4.689304022818382290e-07,4.553560341174640762e-07,4.417423636745026914e-07,4.280917320715818545e-07,4.144041927074438411e-07,4.006780936444772233e-07,3.869107442395297081e-07,3.730994567541473252e-07,3.592418935550239675e-07,3.453361943942412201e-07,3.313810708089193866e-07,3.173758652549741051e-07,3.033205738988271124e-07,2.892158334026285520e-07,2.750628735356271294e-07,2.608634390051620858e-07,2.466196855024302879e-07,2.323340565842359849e-07,2.180091496677725734e-07,2.036475811580852930e-07,1.892518627233520106e-07,1.748243033733672179e-07,1.603669561479756452e-07,1.458816357901992683e-07,1.313700490787854297e-07,1.168341128371148881e-07,1.022766125402207048e-07,8.770255186363556102e-08,7.312209902355974467e-08,5.855783416927825140e-08,4.406607358351610618e-08,2.981901105740989211e-08,1.659594354157852337e-08,1.026188710864348642e-08,1.751759342520694730e-08,2.520079421484192873e-08,2.617651053840521619e-08,1.985491355256514947e-08,1.106079378019542442e-08,1.447182806310990721e-08,2.350479605192467364e-08,2.700938354050221578e-08,2.282605701530336115e-08,1.358490969722469974e-08,1.178415950176088163e-08,2.109841471355459799e-08,2.697832285176691697e-08,2.524904924252737273e-08,1.688861462413255046e-08,1.040696464494949124e-08,1.815972019255367245e-08,2.606884294441610944e-08,2.694758678145643192e-08,2.027964115080535384e-08,1.118387756176797690e-08,1.500056328753277472e-08,2.432164851650564115e-08,2.780690608812943903e-08,3.251115197542301600e-08,3.794777644800001205e-08,4.379471748790903847e-08,4.984786094066233386e-08,5.597397194063431928e-08,6.208119074058789125e-08,6.810245180731758881e-08,7.398630678589216012e-08,7.969175826608484436e-08,8.518526443031818417e-08,9.043893802156652439e-08,9.542941499887683135e-08,1.001371043847673884e-07,1.045456565857770942e-07,1.086415563427508019e-07,1.124137854136916368e-07,1.158535229274695380e-07,1.189538653027934809e-07,1.217095565605868657e-07,1.241167258462278497e-07,1.261726331315907173e-07,1.278754269611115650e-07,1.292239200222980304e-07,1.302173893870446268e-07,1.308554085472365284e-07,1.311377179056029712e-07,1.310641392497185109e-07,1.306345380383951265e-07,1.298488352096072733e-07,1.287070678546568465e-07,1.272094956917547152e-07,1.253567480144753575e-07,1.231500038741802724e-07,1.205911968398879272e-07,1.176832348853283499e-07,1.144302258607000044e-07,1.108376996595428624e-07,1.069128196130106126e-07,1.026645778692689524e-07,9.810397264149917892e-08,9.324416947944011862e-08,8.810065468338220289e-08,8.269139777179980506e-08,7.703705383585082583e-08,7.116126035943217230e-08,6.509112649086908338e-08,5.885809732330121756e-08,5.249955095985423761e-08,4.606187278468049423e-08,3.960666322979898675e-08,3.322403643026979301e-08,2.706309964403407402e-08,2.140576329874001754e-08,1.683724413851808597e-08,9.589816808836325142e-09,1.091188223386898053e-08,1.812961613481824148e-08,2.144134315585542884e-08,1.870988215147298180e-08,1.165212965072474738e-08,9.000381176682607641e-09,1.584453894890115512e-08,2.081663977491610995e-08,2.004630165055121729e-08,1.400311868808262479e-08,8.377451458799754465e-09,1.333249313210008525e-08,1.957610629284624613e-08,2.076939196206388058e-08,1.621953525045317312e-08,9.307493381167739809e-09,1.089314343157465995e-08,1.780257548496782144e-08,2.084682211493322315e-08,1.806259936057498947e-08,1.124348174373573710e-08,9.012376777706674407e-09,1.562328970003698659e-08,2.535958125773339406e-08,3.572138519299967279e-08,4.626930570367429866e-08,5.688539559620186774e-08,6.752752443612287958e-08,7.817825294236918015e-08,8.882994521775454949e-08,9.947936629627869598e-08,1.101254080474721992e-07,1.207680359597839987e-07,1.314077795772340543e-07,1.420454924500662288e-07,1.526822573833186155e-07,1.633193742877112196e-07,1.739583952944916557e-07,1.846011848864237964e-07,1.952499895808526495e-07,2.059075055885469709e-07,2.165769354017544470e-07,2.272620261519090349e-07,2.379670841565179141e-07,2.486969614985611948e-07,2.594570118150310155e-07,2.702530137379426200e-07,2.810910616384813871e-07,2.919774244754986977e-07,3.029183746465070487e-07,3.139199897874223230e-07,3.249879314712974030e-07,3.361272057178132060e-07,3.473417959725489746e-07,3.586338245884448832e-07,3.700027952396271349e-07,3.814447732037571727e-07,3.929514135682872937e-07,4.045088721248202556e-07,4.160966673950457970e-07,4.276866051287986719e-07,4.392419270544755045e-07,4.507168982289837891e-07,4.620570916881539504e-07,4.732006496685984694e-07,4.840807781942371427e-07,4.946296476488760142e-07,5.047837154525903773e-07,5.144902648085262485e-07,5.237146976244835248e-07,5.324478885816831956e-07,5.407127749793851606e-07,5.485693881341213656e-07,5.561177489125798139e-07,5.634984057969775562e-07,5.708907734306784518e-07,5.785096865097156642e-07,5.866006051902326905e-07,5.954336716567716731e-07,6.052964033616298397e-07,6.164843517517628430e-07,6.292886666799365579e-07,6.439792138864128629e-07,6.607816425157673536e-07,6.798465208136296922e-07,7.012083634446069666e-07,7.247322764482024046e-07,7.500465969667892808e-07,7.764623609464894818e-07,8.028864087886502531e-07,8.277467530208499388e-07
8.322427450292528101e-07,8.446937404040790690e-07,8.490720672266193763e-07,8.467173749645354796e-07,8.391978429236001240e-07,8.280641455317299279e-07,8.146976147712812389e-07,8.002336936319889792e-07,7.855394682224366299e-07,7.712259579207652095e-07,7.576797793541826825e-07,7.451031599010631601e-07,7.335551079922227034e-07,7.229894908621050453e-07,7.132878532381098525e-07,7.042862267601124215e-07,6.957961281348398168e-07,6.876205465347186459e-07,6.795660178121979702e-07,6.714518804722335580e-07,6.631175429910298738e-07,6.544281717345329432e-07,6.452787960291330019e-07,6.355965762416292450e-07,6.253409699493655729e-07,6.145017329899701141e-07,6.030949988293196430e-07,5.911579621555004523e-07,5.787428559576069440e-07,5.659109221190196427e-07,5.527269567612172561e-07,5.392548181220937330e-07,5.255540760114746031e-07,5.116778027746942762e-07,4.976713795526865182e-07,4.835721223279234088e-07,4.694095108869777391e-07,4.552058159595861796e-07,4.409769508752266202e-07,4.267334125478345986e-07,4.124812148715720822e-07,3.982227517799297814e-07,3.839577903407749952e-07,3.696849249110266903e-07,3.554020917878997583e-07,3.411068274358319021e-07,3.267965191749887618e-07,3.124686404202303379e-07,2.981209632768686251e-07,2.837517421643355116e-07,2.693598631625567438e-07,2.549449549829740089e-07,2.405074588943725248e-07,2.260486566367760078e-07,2.115706574156099328e-07,1.970763476182251271e-07,1.825693101860794120e-07,1.680537251085788363e-07,1.535342693319322538e-07,1.390160458178208819e-07,1.245045929112439122e-07,1.100060698046327126e-07,9.552781692171314336e-08,8.107975505438412765e-08,6.667786015448127826e-08,5.235359918695639880e-08,3.818453690987686118e-08,2.442875257432213710e-08,1.251520538374682826e-08,1.173437504141366407e-08,1.996390217130346133e-08,2.484908532364001004e-08,2.289298305831733148e-08,1.527951955916309659e-08,1.022196279002645194e-08,1.723134607012656414e-08,2.395453017001785028e-08,2.436475993772387759e-08,1.821659683764040788e-08,1.056454302790760368e-08,1.432748631149638712e-08,2.231704710609546156e-08,2.508386378406953479e-08,2.090533318156922937e-08,1.260004336041065208e-08,1.175839108808596782e-08,2.004430487784547303e-08,2.500121555591314203e-08,2.308795091972067790e-08,1.547346840973240797e-08,1.034019283342240854e-08,1.732180948658321816e-08,2.411908466589935151e-08,2.460103881328881091e-08,2.648643646213211318e-08,2.951034455452953254e-08,3.336466836623896227e-08,3.779230100759167029e-08,4.260608613648622922e-08,4.767468571912715784e-08,5.290411235123376341e-08,5.822362972567415281e-08,6.357651049353629019e-08,6.891433136957067949e-08,7.419356846785266999e-08,7.937364109227000013e-08,8.441586433958355800e-08,8.928297395574803867e-08,9.393901078762052258e-08,9.834942691673880852e-08,1.024813213347386222e-07,1.063037419486633719e-07,1.097880097794809411e-07,1.129080344076966760e-07,1.156405992731936664e-07,1.179656026316020793e-07,1.198662455453885384e-07,1.213291626814369930e-07,1.223444951641876712e-07,1.229059074599871008e-07,1.230105523473131859e-07,1.226589895221800888e-07,1.218550643382733233e-07,1.206057536199814434e-07,1.189209854556713747e-07,1.168134394462644760e-07,1.142983331577940315e-07,1.113931996614777318e-07,1.081176602463139516e-07,1.044931959096024644e-07,1.005429213651751673e-07,9.629136639904044016e-08,9.176427186182229211e-08,8.698841197695841099e-08,8.199146183231045666e-08,7.680194042332304158e-08,7.144927825558453812e-08,6.596408979785314183e-08,6.037878602009189166e-08,5.472876346084174192e-08,4.905460125526384751e-08,4.340608794705754232e-08,3.784970191442126603e-08,3.248280750360940950e-08,2.746085068856300769e-08,2.304691018100084486e-08,1.968033832144798117e-08,1.797132200619882467e-08,1.284645918096919510e-08,1.037095627185244333e-08,1.484473194827788905e-08,1.907095117723132441e-08,1.899504637469822979e-08,1.467595649846043611e-08,1.031343165941950323e-08,1.293602172552210968e-08,1.795581488701981003e-08,1.949948742563430531e-08,1.642228637406403815e-08,1.126995932965224577e-08,1.129344329626408638e-08,1.642987788434375204e-08,1.945111382674469786e-08,1.786753075144321516e-08,1.287064157759240659e-08,1.032773367656387987e-08,1.464341605917692893e-08,1.885933869235837391e-08,1.887561201635304487e-08,1.468917922680882366e-08,1.036261680660327876e-08,1.282040224545789997e-08,2.165978995851722245e-08,3.196379777312220788e-08,4.268712155404114643e-08,5.358247281009539011e-08,6.456716614708531753e-08,7.560661043482029845e-08,8.668402009199233445e-08,9.779036910026772962e-08,1.089204867298309452e-07,1.200713840745242155e-07,1.312415015660186708e-07,1.424303709417720515e-07,1.536384716411571461e-07,1.648671761923283000e-07,1.761187296629782067e-07,1.873962325793991635e-07,1.987036094950054073e-07,2.100455527011714813e-07,2.214274351220717723e-07,2.328551894912610044e-07,2.443351531053195701e-07,2.558738791302563725e-07,2.674779168007054540e-07,2.791535640299828681e-07,2.909065970282550532e-07,3.027419825622000791e-07,3.146635795089737328e-07,3.266738373566436411e-07,3.387735002498037269e-07,3.509613260137544981e-07,3.632335960675665201e-07,3.755827128725172269e-07,3.879960692627087652e-07,4.004549886595753489e-07,4.129336011619478478e-07,4.253977581251722038e-07,4.378041320859088043e-07,4.500996943886781562e-07,4.622218021167956172e-07,4.740991471632331152e-07,4.856538081720538923e-07,4.968045843816807293e-07,5.074716670455054051e-07,5.175825186116704781e-07,5.270786012369862524e-07,5.359223678692355410e-07,5.441037655369574861e-07,5.516454715131646693e-07,5.586062358520321339e-07,5.650820307497469055e-07,5.712051264962900428e-07,5.771415825063785435e-07,5.830878080241660665e-07,5.892667230555096750e-07,5.959236665913623676e-07,6.033216986246980720e-07,6.117355059132237516e-07,6.214428706686563514e-07,6.327125986321681708e-07,6.457878258156509184e-07,6.608635994298793674e-07,6.780574860317070480e-07,6.973717573934487343e-07,7.186456898891021342e-07,7.414972013630622766e-07,7.652553386111469647e-07,7.888904084580073538e-07,8.109586262326977342e-07
8.139488540928780408e-07,8.245336872852006714e-07,8.279043970790133614e-07,8.253050305648997130e-07,8.181615982284971847e-07,8.078692572983654484e-07,7.956635045121975651e-07,7.825563768482559276e-07,7.693185616801233884e-07,7.564908892986324391e-07,7.444123841266923580e-07,7.332557607263940294e-07,7.230643564727881582e-07,7.137868070243093682e-07,7.053073702888886296e-07,6.974708826206184277e-07,6.901020918483613400e-07,6.830197046556476222e-07,6.760459684277040528e-07,6.690129451719476045e-07,6.617667441889334751e-07,6.541708046892820528e-07,6.461088962784762944e-07,6.374879743792289677e-07,6.282405770471987881e-07,6.183262273306289649e-07,6.077313558664141677e-07,5.964675171217953301e-07,5.845680119356905994e-07,5.720833218270309537e-07,5.590759270513538038e-07,5.456151017012399967e-07,5.317721840510337726e-07,5.176166602187392768e-07,5.032132250655468140e-07,4.886198330098710244e-07,4.738866420113215601e-07,4.590556899662359086e-07,4.441611179270000607e-07,4.292297583839765075e-07,4.142819285508152888e-07,3.993322994280173334e-07,3.843910706599839651e-07,3.694658065048361551e-07,3.545619288743220450e-07,3.396828966431682154e-07,3.248304306393870049e-07,3.100047742384969524e-07,2.952049793645044346e-07,2.804292079046218297e-07,2.656750390038559430e-07,2.509397733681550548e-07,2.362207265543784517e-07,2.215155043010423491e-07,2.068222543780368847e-07,1.921398914600191206e-07,1.774682946382773289e-07,1.628084823001541841e-07,1.481627780728879428e-07,1.335349983181583106e-07,1.189307254365194118e-07,1.043578049173605750e-07,8.982738051672650996e-08,7.535625386800795250e-08,6.097280188738503326e-08,4.673399138233927771e-08,3.278600961077561862e-08,1.967159120526030732e-08,1.079610254954296282e-08,1.611829021930933596e-08,2.344449274378596324e-08,2.502968809375339138e-08,1.989465937203806376e-08,1.192963730463084672e-08,1.328536129874688974e-08,2.126840098939580035e-08,2.503935231165325914e-08,2.201878747368740482e-08,1.420064021833347925e-08,1.118466963655947506e-08,1.859877702670188155e-08,2.426282235398469351e-08,2.352327277515379649e-08,1.685282671293292068e-08,1.057634523163218475e-08,1.568198201580363827e-08,2.274944919688867098e-08,2.430198839528504514e-08,1.937806894564276774e-08,1.171030882812422468e-08,1.291229716760906192e-08,2.060151657333277855e-08,2.430714019870834315e-08,2.147423288621378841e-08,2.065734294602741242e-08,2.207041287668328998e-08,2.532458714352650442e-08,2.980049280553361703e-08,3.500804950220928603e-08,4.064067140406152718e-08,4.651610955155344066e-08,5.252253697445449996e-08,5.858619571669211151e-08,6.465355698178434357e-08,7.068146630475410890e-08,7.663157207344093633e-08,8.246713259744833223e-08,8.815122891475820728e-08,9.364587216587463658e-08,9.891172180137589903e-08,1.039082432664835808e-07,1.085941893162808421e-07,1.129283164208447980e-07,1.168702612540323483e-07,1.203815094722793047e-07,1.234263938097186106e-07,1.259730630414604390e-07,1.279943687034567460e-07,1.294686231366828100e-07,1.303801906129291950e-07,1.307198829099049908e-07,1.304851414498396656e-07,1.296799995643828208e-07,1.283148300617961224e-07,1.264058944597395594e-07,1.239747204204264314e-07,1.210473425563074518e-07,1.176534484499545411e-07,1.138254762015064859e-07,1.095977120385121006e-07,1.050054367041215348e-07,1.000841679927168256e-07,9.486904483628751523e-08,8.939439724812745967e-08,8.369354864808543167e-08,7.779890682735875137e-08,7.174242473655872569e-08,6.555656733876370716e-08,5.927603680039240060e-08,5.294075237862865518e-08,4.660110593792598015e-08,4.032767486050041130e-08,3.423018471977409709e-08,2.849610138970594086e-08,2.346759759629876335e-08,1.976034748917994110e-08,1.825161616182403018e-08,1.948590372677113539e-08,1.685340634304152021e-08,1.279244878071392879e-08,1.294015770188601254e-08,1.710213267045855881e-08,1.965534726996245758e-08,1.826996425799765217e-08,1.411481327164384432e-08,1.219476823700897868e-08,1.568575209975922198e-08,1.931733545215386789e-08,1.934522751391515345e-08,1.573724169345378513e-08,1.222182329116473344e-08,1.420414027007680857e-08,1.849922303987872544e-08,1.997087176398917126e-08,1.737006078566003219e-08,1.304950587317151589e-08,1.293912378894412298e-08,1.727854339370536277e-08,2.008788220983363210e-08,1.879092143985676218e-08,1.445732600539120726e-08,1.222146445412492211e-08,1.892272174392941735e-08,2.892926713305527675e-08,3.984560938236668266e-08,5.110962588342393308e-08,6.254825572313170458e-08,7.409314374605307045e-08,8.571266149337114423e-08,9.739089670784645020e-08,1.091198330448612506e-07,1.208960153259304439e-07,1.327189609830230010e-07,1.445903161659633289e-07,1.565133460541638703e-07,1.684925758649502010e-07,1.805334951258361030e-07,1.926422818501044730e-07,2.048255248908877118e-07,2.170899340449994649e-07,2.294420337809727266e-07,2.418878403092130340e-07,2.544325243647523782e-07,2.670800641856841280e-07,2.798328950599257328e-07,2.926915635963063916e-07,3.056543965408622467e-07,3.187171954105151271e-07,3.318729693124923613e-07,3.451117189037388216e-07,3.584202843803820889e-07,3.717822695728085550e-07,3.851776239934707746e-07,3.985806332826334337e-07,4.119586254875573850e-07,4.252710860713936190e-07,4.384689513226531018e-07,4.514942507810590198e-07,4.642802966804553824e-07,4.767526291463577494e-07,4.888309087269184628e-07,5.004318908238893225e-07,5.114735107256579307e-07,5.218799526661356642e-07,5.315873858661935747e-07,5.405498587235452521e-07,5.487447022454814629e-07,5.561767676653009363e-07,5.628809606172440360e-07,5.689228428105787942e-07,5.743974920676973775e-07,5.794272137539977561e-07,5.841589188902553481e-07,5.887619024584222283e-07,5.934263574560925211e-07,5.983623745743439793e-07,6.037986241025443812e-07,6.099795980406069556e-07,6.171602849312012613e-07,6.255973785882784719e-07,6.355364056400752903e-07,6.471943216944386562e-07,6.607370883647584837e-07,6.762515393706831721e-07,6.937106214236372937e-07,7.129311203885760520e-07,7.335236965054021464e-07,7.548371760938448196e-07,7.759036742280316912e-07,7.953996503516519117e-07
7.974354230323917501e-07,8.062882948354545439e-07,8.086787538623547033e-07,8.057686275362631141e-07,7.988595104484084068e-07,7.892097660299298652e-07,7.779259501896721748e-07,7.659101027298677039e-07,7.538458762626487831e-07,7.422094377391511214e-07,7.312944960230174151e-07,7.212439611242990017e-07,7.120832757386204884e-07,7.037523087725563509e-07,6.961339502377662865e-07,6.890783426218471151e-07,6.824221834836264015e-07,6.760028918331286599e-07,6.696677772859968861e-07,6.632787545428140504e-07,6.567135778443435260e-07,6.498649105479570425e-07,6.426386453306672606e-07,6.349526666316398678e-07,6.267367434051969012e-07,6.179336218493476050e-07,6.085008624870704470e-07,5.984126887642719317e-07,5.876611279129789302e-07,5.762559627953200139e-07,5.642233504495125848e-07,5.516032759109001425e-07,5.384462189882643087e-07,5.248094923238417219e-07,5.107536794805540269e-07,4.963395018248500536e-07,4.816253148227231023e-07,4.666653108870443647e-07,4.515084065749129581e-07,4.361977241071178552e-07,4.207705398540702276e-07,4.052585602079294177e-07,3.896888749691669282e-07,3.740860681989575182e-07,3.584723881336487627e-07,3.428674704264009185e-07,3.272881628819364925e-07,3.117484496099945961e-07,2.962594690386534089e-07,2.808296174509981344e-07,2.654647277779082204e-07,2.501683123783441411e-07,2.349418584985072135e-07,2.197851660326262258e-07,2.046967191581294406e-07,1.896740865825137189e-07,1.747143500746402631e-07,1.598145690046615171e-07,1.449723028607700148e-07,1.301862412092498274e-07,1.154570482200638199e-07,1.007886600436911382e-07,8.619059984112732293e-08,7.168278160636020224e-08,5.730716539257534728e-08,4.316173064094222734e-08,2.952733042860389540e-08,1.753952208539544974e-08,1.290834438598741429e-08,2.108922940568107458e-08,2.691685664189804405e-08,2.568422423341225245e-08,1.821791215142116151e-08,1.207156673990093092e-08,1.808687322756225792e-08,2.543880553818376175e-08,2.661723699903047698e-08,2.089276117264325831e-08,1.294665242331302522e-08,1.519100351713846062e-08,2.329524553293378083e-08,2.673504114549353977e-08,2.312473158870857179e-08,1.503057025761872409e-08,1.294319421381528061e-08,2.065020453878548343e-08,2.604495557251203885e-08,2.472291926245511391e-08,1.757889335936226479e-08,1.199159403275782503e-08,1.774187348673351391e-08,2.460342753919776085e-08,2.558044266252654303e-08,2.005096704416092438e-08,1.819237298121576210e-08,2.091742376394643706e-08,2.673513749481887152e-08,3.394920120355221107e-08,4.169064696071320491e-08,4.956333519815274637e-08,5.736954937164216626e-08,6.499835895132246181e-08,7.238146588890992273e-08,7.947426601298729105e-08,8.624681872022792574e-08,9.267899024521805892e-08,9.875746664611257490e-08,1.044736548389179897e-07,1.098220431432149405e-07,1.147988421514764144e-07,1.194008448385982079e-07,1.236245000218237870e-07,1.274652146724277383e-07,1.309169020269340021e-07,1.339717818868769038e-07,1.366204226043141580e-07,1.388519956878532085e-07,1.406546976009369714e-07,1.420162820616124981e-07,1.429246416985614247e-07,1.433683806920544713e-07,1.433373292611298126e-07,1.428229648587959680e-07,1.418187214676822551e-07,1.403201850691392078e-07,1.383251880363349969e-07,1.358338262413234467e-07,1.328484291385883749e-07,1.293735148494337975e-07,1.254157599393795915e-07,1.209840084235636916e-07,1.160893383223028491e-07,1.107451989567111874e-07,1.049676306150814303e-07,9.877558336954584367e-08,9.219136837660103224e-08,8.524131151096991755e-08,7.795675358570557991e-08,7.037569463270495416e-08,6.254571148914914602e-08,5.452954760956778040e-08,4.641670531460005382e-08,3.834962450434599738e-08,3.058823541396715766e-08,2.367831414591141371e-08,1.882807005647971428e-08,1.797448276737912443e-08,2.166592769023270628e-08,2.123415546863963913e-08,1.700932925985802442e-08,1.360016802855296281e-08,1.643018929232697471e-08,2.104003732572454160e-08,2.215337340247472570e-08,1.880816897010256229e-08,1.416269622442098386e-08,1.492608140752120284e-08,1.991082323877193919e-08,2.255745063753057021e-08,2.050407443542315283e-08,1.547252727584055786e-08,1.380826264869962623e-08,1.837659516364891904e-08,2.239153242522763831e-08,2.189554032392804585e-08,1.724998517577050428e-08,1.344299472213443830e-08,1.661196479526208364e-08,2.164820290138860449e-08,2.283491642998958744e-08,1.917645260354391088e-08,1.402761833073289712e-08,1.800977116560328274e-08,2.743719971933938536e-08,3.853192753577779050e-08,5.022977825222803091e-08,6.221885784776222299e-08,7.438541833135645167e-08,8.668196384933030543e-08,9.908798979218483100e-08,1.115957149795826420e-07,1.242040040509454911e-07,1.369154006643121916e-07,1.497344796271926924e-07,1.626668052337736198e-07,1.757181842555026889e-07,1.888940671152158588e-07,2.021990250860021214e-07,2.156362679623360237e-07,2.292071865976633063e-07,2.429109168348627615e-07,2.567439294875213204e-07,2.706996567659342855e-07,2.847681694874975344e-07,2.989359217355577755e-07,3.131855803495268962e-07,3.274959557529942166e-07,3.418420482353158246e-07,3.561952200712505569e-07,3.705234990602242532e-07,3.847920135280933216e-07,3.989635529316961546e-07,4.129985348548820657e-07,4.268524705903992231e-07,4.404750117127627589e-07,4.538099515157141499e-07,4.667957057467674422e-07,4.793664175615010621e-07,4.914537990751632554e-07,5.029897580188348382e-07,5.139097593013069835e-07,5.241567414625400093e-07,5.336852625553804203e-07,5.424654193150087127e-07,5.504860118807777178e-07,5.577564634676383342e-07,5.643071871806061272e-07,5.701884198256858985e-07,5.754679541846332180e-07,5.802285721917938387e-07,5.845661540099815663e-07,5.885892867648816130e-07,5.924207045441175207e-07,5.962001897518036294e-07,6.000879004078759319e-07,6.042667090668887330e-07,6.089421753173449175e-07,6.143391647623953693e-07,6.206946612265858147e-07,6.282467511935085388e-07,6.372199344800932021e-07,6.478068191483865441e-07,6.601459902830096995e-07,6.742955466079430608e-07,6.902016302623360132e-07,7.076614256960887705e-07,7.262808919882433636e-07,7.454294717002521550e-07,7.641980433244847915e-07,7.813735398941182263e-07
7.830091143596151273e-07,7.902437771856301858e-07,7.916455556453928837e-07,7.883125690387123681e-07,7.814424236001454909e-07,7.721764447682064610e-07,7.615093223870793098e-07,7.502464978808741731e-07,7.389942283958839953e-07,7.281703983874766538e-07,7.180272436777256552e-07,7.086798011855309037e-07,7.001359527910578880e-07,6.923254332653702967e-07,6.851262329495016839e-07,6.783875484417329505e-07,6.719488825245440514e-07,6.656551156086245732e-07,6.593674391340240464e-07,6.529700754851784710e-07,6.463728409442831448e-07,6.395099140836923008e-07,6.323356140594030372e-07,6.248184218533340738e-07,6.169347028322492207e-07,6.086634834892143415e-07,5.999832046843380670e-07,5.908707559249032623e-07,5.813024918310457105e-07,5.712565169019734721e-07,5.607153798823275134e-07,5.496684224406339684e-07,5.381132862739350089e-07,5.260563868477993066e-07,5.135124221016010676e-07,5.005031535938400996e-07,4.870557684165611910e-07,4.732011215697880179e-07,4.589720997424204910e-07,4.444022669352276555e-07,4.295248713265024401e-07,4.143722239613012268e-07,3.989760997763644330e-07,3.833700798649764334e-07,3.675893577910745840e-07,3.516698037210636882e-07,3.356470587398641548e-07,3.195556920658560446e-07,3.034284499436314398e-07,2.872956198600525598e-07,2.711845276722595909e-07,2.551191786466043652e-07,2.391200467997021172e-07,2.232040109520502109e-07,2.073844313465941570e-07,1.916713585634156359e-07,1.760718682050446943e-07,1.605905227770678124e-07,1.452299808498650989e-07,1.299918127781700652e-07,1.148776654937836606e-07,9.989110746137432859e-08,8.504095411056712038e-08,7.034818626325409660e-08,5.586281750102791591e-08,4.171362797341309762e-08,2.829657476326097359e-08,1.724383285633274844e-08,1.501894377864581200e-08,2.411859894870227222e-08,2.906858505634990955e-08,2.628610829135362767e-08,1.765912095893630762e-08,1.323870413247820643e-08,2.111926361650984347e-08,2.803286370557287280e-08,2.782888921653294327e-08,2.068801192703771703e-08,1.323865044991212252e-08,1.804612437811815273e-08,2.624990170903433784e-08,2.854163663837188461e-08,2.342794050158466197e-08,1.490019552974438634e-08,1.537467048101760078e-08,2.386918698458106246e-08,2.840592282229700572e-08,2.560224640502539256e-08,1.746694838565881595e-08,1.373185580148277469e-08,2.111186416097873442e-08,2.746306273104341435e-08,2.705818887113350642e-08,2.023314152070776555e-08,1.874578549075510590e-08,2.354579151644097825e-08,3.176385439245357733e-08,4.123110456767248200e-08,5.106118116145235241e-08,6.087250809189392338e-08,7.046492872382577761e-08,7.971321911588107618e-08,8.852931022032130089e-08,9.684758468845439800e-08,1.046187746620390121e-07,1.118073157635254722e-07,1.183901025802477075e-07,1.243557357847150361e-07,1.297038247913542470e-07,1.344441298764832513e-07,1.385954435629339379e-07,1.421841804691474511e-07,1.452426911958958406e-07,1.478073488588161414e-07,1.499164806084219112e-07,1.516082326354266581e-07,1.529184665817519322e-07,1.538787885106874628e-07,1.545148090614114764e-07,1.548447254596080872e-07,1.548783029347137241e-07,1.546163150702727293e-07,1.540504801323913031e-07,1.531639043169489855e-07,1.519320145057630400e-07,1.503239344566489503e-07,1.483042316956257483e-07,1.458349401439393024e-07,1.428777478459343449e-07,1.393962316489541110e-07,1.353580221767714223e-07,1.307367930703421471e-07,1.255139878664621896e-07,1.196802255650124995e-07,1.132363620196571054e-07,1.061942307701294281e-07,9.857715025717986051e-08,9.042038135289612475e-08,8.177189131842316449e-08,7.269413325046328328e-08,6.326836980036535896e-08,5.360519915317855304e-08,4.387111470156518262e-08,3.436084179738520761e-08,2.571254314666552491e-08,1.951005802146482996e-08,1.866795712019291807e-08,2.384794827082166506e-08,2.458642407628216472e-08,2.020375624168055424e-08,1.489497133949372626e-08,1.673119714450917034e-08,2.270579304710138312e-08,2.526777817463839140e-08,2.222596700704918954e-08,1.609311916514999954e-08,1.505128946955188685e-08,2.101653071839563307e-08,2.531805746679989406e-08,2.401061181728335101e-08,1.804332141397973754e-08,1.412033338373462859e-08,1.893048944066387658e-08,2.469269789636715788e-08,2.535140508774452671e-08,2.035090056594899375e-08,1.436269368166240929e-08,1.672006425897069926e-08,2.340936666840316055e-08,2.610368030689013890e-08,2.265221944006284894e-08,1.580411105578614519e-08,1.809352712911798135e-08,2.738450393894556813e-08,3.902236159405238585e-08,5.150405275058547373e-08,6.440410795177854025e-08,7.757579848294285044e-08,9.096111041128570667e-08,1.045359270778087811e-07,1.182906140337567640e-07,1.322218829041519786e-07,1.463288391994996430e-07,1.606107688617618048e-07,1.750657151980353626e-07,1.896894492470062817e-07,2.044746639304758881e-07,2.194103250391049354e-07,2.344811613616887550e-07,2.496672998545382755e-07,2.649440614782776330e-07,2.802819348007269731e-07,2.956467407403957974e-07,3.109999948846127786e-07,3.262994651188753253e-07,3.414999129950812096e-07,3.565539982422466554e-07,3.714133177510963847e-07,3.860295436958691244e-07,4.003556204550923396e-07,4.143469767652131546e-07,4.279627080808207124e-07,4.411657062270449715e-07,4.539194795999563947e-07,4.661877176410793191e-07,4.779352325000490956e-07,4.891293495618833893e-07,4.997416820807104479e-07,5.097501385447436631e-07,5.191409190106043499e-07,5.279101773187316429e-07,5.360649880725929328e-07,5.436232944043173911e-07,5.506126544751195446e-07,5.570678606029815967e-07,5.630278452295630259e-07,5.685326324645820484e-07,5.736213197573936120e-07,5.783320518312863333e-07,5.827046020030143929e-07,5.867855397628521589e-07,5.906352052651805224e-07,5.943350844456226255e-07,5.979939173410020091e-07,6.017510773797611745e-07,6.057763382475286692e-07,6.102658499915796507e-07,6.154346961654907964e-07,6.215066193552485584e-07,6.287013756948095029e-07,6.372198448240007460e-07,6.472266601151162907e-07,6.588298673558155369e-07,6.720570246270610865e-07,6.868272467122433028e-07,7.029190554395125422e-07,7.199347533663192487e-07,7.372638420433518206e-07,7.540514501554082828e-07,7.691836817000563940e-07
7.709857857568032988e-07,7.766836961380752154e-07,7.770426037696660110e-07,7.731203884577518595e-07,7.660336765870055105e-07,7.568276581193588629e-07,7.464027970185417050e-07,7.354820115804436816e-07,7.246051044566684986e-07,7.141403595955699811e-07,7.043059860571621070e-07,6.951962813331807147e-07,6.868090006838653569e-07,6.790715756231140712e-07,6.718646873950076648e-07,6.650423998106483808e-07,6.584486430691026129e-07,6.519302891153684595e-07,6.453473002925158847e-07,6.385804202859254272e-07,6.315366472964401066e-07,6.241524208134732680e-07,6.163942512385334158e-07,6.082565690515177780e-07,5.997568892100962087e-07,5.909288628287604475e-07,5.818142282972568204e-07,5.724548983278876190e-07,5.628863407414067123e-07,5.531330612709588685e-07,5.432064997393112252e-07,5.331051610151508881e-07,5.228164441669821003e-07,5.123194672495764016e-07,5.015882031957318174e-07,4.905943897688928746e-07,4.793098826432029031e-07,4.677083236661887151e-07,4.557661568278367353e-07,4.434631268773004908e-07,4.307824423618125729e-07,4.177107883455522252e-07,4.042391157743843519e-07,3.903658147810857445e-07,3.760975281896922003e-07,3.614489303404902317e-07,3.464422189891585870e-07,3.311063481753038897e-07,3.154760394202741850e-07,2.995906166696205291e-07,2.834927169622761323e-07,2.672269337760033416e-07,2.508384532279606417e-07,2.343717446715866162e-07,2.178693666999560863e-07,2.013709473949439381e-07,1.849123947167740318e-07,1.685253913374973902e-07,1.522372327573510673e-07,1.360710888747206043e-07,1.200468323158289289e-07,1.041827452720291593e-07,8.849886918155499256e-08,7.302406920472434762e-08,5.781317347198487859e-08,4.299744812794987377e-08,2.897751164934736490e-08,1.744050437410575412e-08,1.525527077664933014e-08,2.485187557530793395e-08,3.002193872619876322e-08,2.710475300585127468e-08,1.806585865878602118e-08,1.334492979051190470e-08,2.155217449792581589e-08,2.871555604703712717e-08,2.851430425393953863e-08,2.115279855476924088e-08,1.336676838677904039e-08,1.820886628695115952e-08,2.663604088522658988e-08,2.905329082415393416e-08,2.393374769025480827e-08,1.522867381433980672e-08,1.538095103216240496e-08,2.393060152823421015e-08,2.867070537582026777e-08,2.607499940945497884e-08,1.801364951404845583e-08,1.380962131194335577e-08,2.087922963186514947e-08,2.745194624491297504e-08,2.746783348570509451e-08,2.100780103484352549e-08,1.960486468126954794e-08,2.400761933933945763e-08,3.171927456734714378e-08,4.072800613482181838e-08,5.016551394538000480e-08,5.966162161856129135e-08,6.903581966522963568e-08,7.818763860824712869e-08,8.705507443802167273e-08,9.559669657803237080e-08,1.037827765628861945e-07,1.115901925895919244e-07,1.189990922353659138e-07,1.259905149146076644e-07,1.325446757597574904e-07,1.386398248464722904e-07,1.442516777992706716e-07,1.493534299176805460e-07,1.539163399809912596e-07,1.579108249907196861e-07,1.613079587604218009e-07,1.640812270884647578e-07,1.662083675203189554e-07,1.676731151123019994e-07,1.684666859425322240e-07,1.685888537489746407e-07,1.680485077134280680e-07,1.668636175511170288e-07,1.650605737452238861e-07,1.626729154475832733e-07,1.597395062859734978e-07,1.563022684141233134e-07,1.524036350260163710e-07,1.480839260149684890e-07,1.433788828928592810e-07,1.383176089518713688e-07,1.329211419600609293e-07,1.272018369692935145e-07,1.211636605764354838e-07,1.148034074986669768e-07,1.081127643731817799e-07,1.010810868022811771e-07,9.369875308460844174e-08,8.596103307743720641e-08,7.787261400528767061e-08,6.945337729128687261e-08,6.074704645791996355e-08,5.183686413293254264e-08,4.287938607485377755e-08,3.418785558337341998e-08,2.645318336444955167e-08,2.123359521359680126e-08,2.091547074349154708e-08,2.588466742939901114e-08,2.561759191635626125e-08,2.020955523451154098e-08,1.508471901653364854e-08,1.846289629115316735e-08,2.487827200069592046e-08,2.692042837957204331e-08,2.290826271406699553e-08,1.615855438708370662e-08,1.618941397557444164e-08,2.317472815538944823e-08,2.747224256259660397e-08,2.540410629632216260e-08,1.840769469866633876e-08,1.464604972848114889e-08,2.086351629319437523e-08,2.716937700163635287e-08,2.739876297976551109e-08,2.128612756996210781e-08,1.457831301026713824e-08,1.828518285679690422e-08,2.605449450068029985e-08,2.871357304634562056e-08,2.424438991581885525e-08,1.607970844679518758e-08,1.879527646944795273e-08,2.967296657976207640e-08,4.302554992387804215e-08,5.725780238273558138e-08,7.195183822534296710e-08,8.696663777155746162e-08,1.022440515960454898e-07,1.177547330428865310e-07,1.334789949423125121e-07,1.493985982193321912e-07,1.654926729324087196e-07,1.817355170945109587e-07,1.980954373793141635e-07,2.145342915637290177e-07,2.310075757507852749e-07,2.474649657999744749e-07,2.638512427817784578e-07,2.801075349055234174e-07,2.961728052739535850e-07,3.119855112091738316e-07,3.274853588867088959e-07,3.426150772518429750e-07,3.573221376423853889e-07,3.715603499073088924e-07,3.852912717493251384e-07,3.984853752556204829e-07,4.111229229506611846e-07,4.231945151597739054e-07,4.347012810549884090e-07,4.456546975541806383e-07,4.560750655547550009e-07,4.659870165415910474e-07,4.754183729245990120e-07,4.844000565977170192e-07,4.929657976364639447e-07,5.011514216266743918e-07,5.089935271093922302e-07,5.165274534135993117e-07,5.237845922809779583e-07,5.307893072523779444e-07,5.375559616238401530e-07,5.440867599317909214e-07,5.503712002255689862e-07,5.563878377135561289e-07,5.621087335143173520e-07,5.675064334217473481e-07,5.725627035955325047e-07,5.772777212589578076e-07,5.816781664203153995e-07,5.858228047034681629e-07,5.898046769608788032e-07,5.937497528084198717e-07,5.978125989085174594e-07,6.021700070788179746e-07,6.070134984947817136e-07,6.125412290020951517e-07,6.189492708031254253e-07,6.264217706429291706e-07,6.351192321502560799e-07,6.451641577514269419e-07,6.566234388594129593e-07,6.694871168728845669e-07,6.836434314303258817e-07,6.988505165329489549e-07,7.147059281708229587e-07,7.306167782737209458e-07,7.457761643765290743e-07,7.591564894137954989e-07
7.617308320916491563e-07,7.659258427374987575e-07,7.651303950420667529e-07,7.603902621440415450e-07,7.527666643061549820e-07,7.432308644503768177e-07,7.326075469904821447e-07,7.215520487669637865e-07,7.105498967775157488e-07,6.999301370828987064e-07,6.898864217515468498e-07,6.805016819188187202e-07,6.717735164971932343e-07,6.636383075941425044e-07,6.559926900964026233e-07,6.487114852522531651e-07,6.416616495497566124e-07,6.347122396807933804e-07,6.277408467115682186e-07,6.206373424854044832e-07,6.133060021122344928e-07,6.056670229200718506e-07,5.976581346047448640e-07,5.892364830430754385e-07,5.803804542473949433e-07,5.710907759041513628e-07,5.613902030560947254e-07,5.513213491033114036e-07,5.409426453835180803e-07,5.303228412121743243e-07,5.195347556052149250e-07,5.086490935065814848e-07,4.977290484537706227e-07,4.868261884384719668e-07,4.759778418999097809e-07,4.652059393793502771e-07,4.545170727967546491e-07,4.439034294587487518e-07,4.333442382936235564e-07,4.228074125009702725e-07,4.122511609054687194e-07,4.016254463136101119e-07,3.908736839986649985e-07,3.799359886279923490e-07,3.687519603747598073e-07,3.572632197775842804e-07,3.454158783314096427e-07,3.331628222638917049e-07,3.204657036199195255e-07,3.072965535980205026e-07,2.936389556276482329e-07,2.794887380467536227e-07,2.648541672304462924e-07,2.497556411404170436e-07,2.342249006523735023e-07,2.183037923526460810e-07,2.020426329435907790e-07,1.854982437298463815e-07,1.687317467185157717e-07,1.518062469471021826e-07,1.347845802990012910e-07,1.177274111573411887e-07,1.006922011313773782e-07,8.373419779578822207e-08,6.691256818629945022e-08,5.031244291040385890e-08,3.413283491868309237e-08,1.919969804643026607e-08,1.152967082427940927e-08,2.123836446732128034e-08,2.945230956484910616e-08,2.956992587388615022e-08,2.167919536340212289e-08,1.231292587491216823e-08,1.744248588994530465e-08,2.708946346922692485e-08,3.016198494538806776e-08,2.479307667758016155e-08,1.445964796932636981e-08,1.377100062082064711e-08,2.412567731534794102e-08,3.013828722342463049e-08,2.774537804708005263e-08,1.831243612761975307e-08,1.169167396988395868e-08,2.043882223575049277e-08,2.885957949325718924e-08,2.946984669626931050e-08,2.181450378600849250e-08,1.171017339764462073e-08,1.657448546854512475e-08,2.695258511570956766e-08,3.062089748237250862e-08,2.537549938254293315e-08,2.212131217561847453e-08,2.168246611469490317e-08,2.416680201251317838e-08,2.882273447171587829e-08,3.481044268730054672e-08,4.159264308550900434e-08,4.887539724165742458e-08,5.649394439480346443e-08,6.434389523129236499e-08,7.234666383892680326e-08,8.043275420187406111e-08,8.853390164939536054e-08,9.657970379014091051e-08,1.044966143507507735e-07,1.122082277436901872e-07,1.196362949854759639e-07,1.267021705251424806e-07,1.333282348319582651e-07,1.394391168201808441e-07,1.449626906996379511e-07,1.498309386005408806e-07,1.539808298459810871e-07,1.573553590285963886e-07,1.599048157651129420e-07,1.615882547075043323e-07,1.623750312655446467e-07,1.622462020313826772e-07,1.611955822934258734e-07,1.592303094099275899e-07,1.563708621095162979e-07,1.526505987929148798e-07,1.481149655172553122e-07,1.428205580760755133e-07,1.368341922062077900e-07,1.302320529328090103e-07,1.230988878714592563e-07,1.155271178450600888e-07,1.076156957569904277e-07,9.946857177156181642e-08,9.119272149159351261e-08,8.289585069676393081e-08,7.468432010403661498e-08,6.666168345272044232e-08,5.892855106471894558e-08,5.158503323500226576e-08,4.473788774565498214e-08,3.851565727066609482e-08,3.309551985109162099e-08,2.874018134124077803e-08,2.581709116034516802e-08,2.471973184747455511e-08,2.564293611873797472e-08,2.841992010121186763e-08,3.265410732340329392e-08,2.713179030367626396e-08,1.518364796033190436e-08,1.295719933970662369e-08,2.472605126322232640e-08,3.170797580704310940e-08,2.946099389857117249e-08,1.940731699204063800e-08,1.174643256731884543e-08,2.097460374551747795e-08,3.011687814407267287e-08,3.110374353596250539e-08,2.345103427818764301e-08,1.277177352794014351e-08,1.649408419227621661e-08,2.714237908844153319e-08,3.144440381354590958e-08,2.691010517268222912e-08,1.642748441693393001e-08,1.355968071100608418e-08,2.399423866381069068e-08,3.115763459940416473e-08,2.974149806673675119e-08,2.035391781184421895e-08,1.134863680786000876e-08,2.142910342416224287e-08,3.757987475124957075e-08,5.476932347747500619e-08,7.235948142154449234e-08,9.019413468219114066e-08,1.082015211411740958e-07,1.263239560766598824e-07,1.445001916646144841e-07,1.626610855214211148e-07,1.807297758918151114e-07,1.986236985525271705e-07,2.162574099937685445e-07,2.335457174784822661e-07,2.504068296109535510e-07,2.667653420400592486e-07,2.825549288294156494e-07,2.977206450266253215e-07,3.122207700692177985e-07,3.260281397569581277e-07,3.391309294616611482e-07,3.515328650245356215e-07,3.632528519464656610e-07,3.743240292246002456e-07,3.847922723943456941e-07,3.947141913919279429e-07,4.041546925064861063e-07,4.131841988753410327e-07,4.218756487193181191e-07,4.303014120092373395e-07,4.385302811577985425e-07,4.466242165262522054e-07,4.546344321275244351e-07,4.625998060568656206e-07,4.705458088693021071e-07,4.784834167462654981e-07,4.864081960932785437e-07,4.942998567702985182e-07,5.021226460521433635e-07,5.098269680516631529e-07,5.173525386460428339e-07,5.246332092795720128e-07,5.316033205748446223e-07,5.382051142613248157e-07,5.443964075182318241e-07,5.501575094017817813e-07,5.554963284688543740e-07,5.604508454186549948e-07,5.650885959137175468e-07,5.695034249323249733e-07,5.738103522302705463e-07,5.781397230527201927e-07,5.826317701711850262e-07,5.874322876431029867e-07,5.926894750276075534e-07,5.985513980082294133e-07,6.051631325645716326e-07,6.126625843519914082e-07,6.211741281809846186e-07,6.307994519919169577e-07,6.416052036817061471e-07,6.536072008395817523e-07,6.667511232479200408e-07,6.808898574020285862e-07,6.957581189329444089e-07,7.109458129177618910e-07,7.258730742538731993e-07,7.397724574051445724e-07,7.516878032430015244e-07
7.557263494664296995e-07,7.583848221253324086e-07,7.562526369350975785e-07,7.503958276833213302e-07,7.418483234896931399e-07,7.315309985941548677e-07,7.202118585705984825e-07,7.084939616961604797e-07,6.968209399745618906e-07,6.854928547252402593e-07,6.746874002762875428e-07,6.644831373166467261e-07,6.548825946430495578e-07,6.458338660708507607e-07,6.372498698986498314e-07,6.290248053753137512e-07,6.210475693803886680e-07,6.132120160515525202e-07,6.054240045071029522e-07,5.976052620722719555e-07,5.896942622698260349e-07,5.816445944670220456e-07,5.734216220964464170e-07,5.649984655139410861e-07,5.563523815830854472e-07,5.474623919472809885e-07,5.383085861140726931e-07,5.288730278115138042e-07,5.191417795977955902e-07,5.091073429809623860e-07,4.987708188859022451e-07,4.881432779409853169e-07,4.772461002878238100e-07,4.661103075692513887e-07,4.547751007457433839e-07,4.432859100568028045e-07,4.316922638752520878e-07,4.200457165681253035e-07,4.083979726843800489e-07,3.967992334077040923e-07,3.852966915763876596e-07,3.739330269592554746e-07,3.627446376310945136e-07,3.517590733789275412e-07,3.409922267092166233e-07,3.304458645411369273e-07,3.201057167799207236e-07,3.099403297858972957e-07,2.999008491746581289e-07,2.899218266447818590e-07,2.799230577188541575e-07,2.698123643775708699e-07,2.594891534365201772e-07,2.488485210861407526e-07,2.377856440050973532e-07,2.262001988873025918e-07,2.140005800940300507e-07,2.011077307630288550e-07,1.874584566492501683e-07,1.730081467458872706e-07,1.577328768853935347e-07,1.416309249843695145e-07,1.247237944903084290e-07,1.070569734959396419e-07,8.870101195122462533e-08,6.975473512735959254e-08,5.035801816149252153e-08,3.075960682894013056e-08,1.208176028782349767e-08,1.276756959486402634e-08,2.758963607038983816e-08,3.424758784573751034e-08,2.935925809631104539e-08,1.453827138799215955e-08,5.809716701221216633e-09,2.304394758125567795e-08,3.225109272341886305e-08,2.989654430670045905e-08,1.696320430448835648e-08,5.720546471209502097e-09,2.245320150292419827e-08,3.378436795253548126e-08,3.390801241285721793e-08,2.264408269300624983e-08,4.127062636900560644e-09,1.595530966652780636e-08,2.963095209177145084e-08,3.255820582493425664e-08,2.372296846665192405e-08,6.423241123005782714e-09,1.389642257497326828e-08,2.917243804547337613e-08,3.447397140433379346e-08,2.787190344235612606e-08,2.109298098068943840e-08,1.436609337912241899e-08,8.534101523074700933e-09,7.268419405888216355e-09,1.229667798319194882e-08,1.919621059367966474e-08,2.647007886145719688e-08,3.375267025179439909e-08,4.088722368150664458e-08,4.777652160391000794e-08,5.435080905983124766e-08,6.055944746772571724e-08,6.636869508868995684e-08,7.176110564288246942e-08,7.673510309908205783e-08,8.130420300531282210e-08,8.548183713417841148e-08,8.927445581827123414e-08,9.267900564117684648e-08,9.568517835571968853e-08,9.828106629065462398e-08,1.004596470580084071e-07,1.022233397956166714e-07,1.035847442014061395e-07,1.045631782555430293e-07,1.051781646876876963e-07,1.054420546152556255e-07,1.053542369353936119e-07,1.048988446441882185e-07,1.040467250203249793e-07,1.027610398690897633e-07,1.010046610052725266e-07,9.874696686382428999e-08,9.596796638092973348e-08,9.265876103514854800e-08,8.881876036122143456e-08,8.445122519981967988e-08,7.955921070327147011e-08,7.414371490330580631e-08,6.820499568960715181e-08,6.176030525895668587e-08,5.484366555147729797e-08,4.750477188976144884e-08,3.980709601642779161e-08,3.182533510951296222e-08,2.364250606875900465e-08,1.534764700458336095e-08,7.042308677507814588e-09,1.525817179630955294e-09,9.462694445423698840e-09,1.738777712441098001e-08,2.506274414364808454e-08,3.243297858749300244e-08,3.946100944318556930e-08,3.284440528682946285e-08,1.554138645044336709e-08,1.119647955641548508e-08,2.954780617381851473e-08,3.881904635106697277e-08,3.453574211621682747e-08,1.801463918595634625e-08,5.331225372446581314e-09,2.677618902914814249e-08,3.938621972219808491e-08,3.879887304076344546e-08,2.587493461329043738e-08,1.108871220061365566e-08,2.333270576092597648e-08,3.672349354551228546e-08,3.814136856529813772e-08,2.629532760584214183e-08,5.142536960961766631e-09,1.805433766523907894e-08,3.521903771810487895e-08,4.060343601578733396e-08,3.297782553554338333e-08,1.816856777176394492e-08,1.941190654502186945e-08,3.999228112052396596e-08,6.286859939387740766e-08,8.577174823856850489e-08,1.081886545333556356e-07,1.298738290549477988e-07,1.506671005254935765e-07,1.704544047775105826e-07,1.891564647018174787e-07,2.067247835554202825e-07,2.231397493341818023e-07,2.384091921622004923e-07,2.525667656565509693e-07,2.656698799580609213e-07,2.777970622594010302e-07,2.890446997476323059e-07,2.995231781884167205e-07,3.093524848392324207e-07,3.186574023416209029e-07,3.275624790461105106e-07,3.361870143518317205e-07,3.446403354983016398e-07,3.530176546029457729e-07,3.613967738865109168e-07,3.698358508537150469e-07,3.783723489963279173e-07,3.870231956654694531e-07,3.957860636437319487e-07,4.046416031158743127e-07,4.135563884748981594e-07,4.224863152545873393e-07,4.313800321643160264e-07,4.401815187834598579e-07,4.488323457186302295e-07,4.572739054426540665e-07,4.654497496685227834e-07,4.733081863540143815e-07,4.808051808249395363e-07,4.879074711175928601e-07,4.945956634151207218e-07,5.008669441429428347e-07,5.067369648128974087e-07,5.122404624217263436e-07,5.174303035910233095e-07,5.223748922194920143e-07,5.271542242250855346e-07,5.318552254784732840e-07,5.365672505842950498e-07,5.413786351456911686e-07,5.463749281405033611e-07,5.516389366476447135e-07,5.572521524803252940e-07,5.632967064441670149e-07,5.698568660794516464e-07,5.770192770500805972e-07,5.848715188587453181e-07,5.934988963857380956e-07,6.029795491782875400e-07,6.133778823355976802e-07,6.247360922100802442e-07,6.370633352426691054e-07,6.503220135477704489e-07,6.644108037597107917e-07,6.791444531613252453e-07,6.942310200350157441e-07,7.092482146311860903e-07,7.236219785844859192e-07,7.366127026902120869e-07,7.473178538600134011e-07
